{"iterations": 0, "type_itr": 0, "sub_iteration": 0, "sub_it_time": 0, "total_time": 0, "value_loss": 0, "action_loss": 0, "action_probs": [[0.02282851081307529, 0.9767672701074134, 9.231451156161866e-06, 0.00039498762835504683], [0.0074682628047550124, 0.9322714574369649, 0.0004788981419314021, 0.05978138161634879], [0.3214106007134385, 0.567804905255646, 0.04004351086681213, 0.07074098316410334], [0.30311833727157483, 0.5042468995178023, 0.07232306577542234, 0.12031169743520058], [0.879991367956146, 0.07914995632991743, 0.03748694902823311, 0.0033717266857035294], [0.1852995841048505, 0.03992601667522342, 0.6374291974504487, 0.13734520176947718], [0.0031057029783429636, 0.08007252648650053, 0.03423222785193078, 0.8825895426832258], [0.01152573742088289, 0.03251229215177664, 0.2501966314663596, 0.7057653389609809], [0.3620778835778762, 0.12245701982772765, 0.38519105625075983, 0.1302740403436362], [0.9164358553249053, 0.08310470124261873, 0.000421243972791226, 3.819945968466876e-05], [0.00022565451226344045, 0.06732034235678044, 0.003115098792494687, 0.9293389043384614], [0.11174575466244219, 0.20948216026392988, 0.23612486762782534, 0.44264721744580243], [0.04800961316126573, 0.005990598060640629, 0.8410538196460042, 0.10494596913208941], [0.06742900864603636, 0.577212544212062, 0.037170219168369135, 0.3181882279735324], [0.07486726530225334, 0.02682401621365019, 0.661353816645119, 0.2369549018389773], [0.003585232294943303, 0.03442935643465552, 0.09072677829776313, 0.8712586329726381]], "state_values": [1.835386970032968, 3.103864267008591, 4.924342943725328, 0.4690580435290507, 4.1875026849543, 4.838271872610305, -3.778193206840543, 4.99712306268177, 3.8365031389691793, -0.9979450757013375, -4.76486034566002, 3.8793093065234396, 0.45062268778142334, 4.188753059268395, 4.223025037747289, 4.026766518968001], "value_grad": [0.0, 0.0, 0.0, 0.0, 0.0, 0.0, 0.0, 0.0, 0.0, 0.0, 0.0, 0.0, 0.0, 0.0, 0.0, 0.0], "action_grad": [[0.0, 0.0, 0.0], [0.0, 0.0, 0.0], [0.0, 0.0, 0.0], [0.0, 0.0, 0.0], [0.0, 0.0, 0.0], [0.0, 0.0, 0.0], [0.0, 0.0, 0.0], [0.0, 0.0, 0.0], [0.0, 0.0, 0.0], [0.0, 0.0, 0.0], [0.0, 0.0, 0.0], [0.0, 0.0, 0.0], [0.0, 0.0, 0.0], [0.0, 0.0, 0.0], [0.0, 0.0, 0.0], [0.0, 0.0, 0.0]], "action_params_change": 0, "value_params_change": 0}
{"iterations": 1, "type_itr": 0, "sub_iteration": 0, "sub_it_time": 0.11321306228637695, "total_time": 0.11456584930419922, "value_loss": 11.919600486755371, "action_loss": -1.8165100812911987, "action_probs": [[0.02282851081307529, 0.9767672701074134, 9.231451156161866e-06, 0.00039498762835504683], [0.0074682628047550124, 0.9322714574369649, 0.0004788981419314021, 0.05978138161634879], [0.3214106007134385, 0.567804905255646, 0.04004351086681213, 0.07074098316410334], [0.30311833727157483, 0.5042468995178023, 0.07232306577542234, 0.12031169743520058], [0.879991367956146, 0.07914995632991743, 0.03748694902823311, 0.0033717266857035294], [0.1852995841048505, 0.03992601667522342, 0.6374291974504487, 0.13734520176947718], [0.0031057029783429636, 0.08007252648650053, 0.03423222785193078, 0.8825895426832258], [0.01152573742088289, 0.03251229215177664, 0.2501966314663596, 0.7057653389609809], [0.3620778835778762, 0.12245701982772765, 0.38519105625075983, 0.1302740403436362], [0.9164358553249053, 0.08310470124261873, 0.000421243972791226, 3.819945968466876e-05], [0.00022565451226344045, 0.06732034235678044, 0.003115098792494687, 0.9293389043384614], [0.11174575466244219, 0.20948216026392988, 0.23612486762782534, 0.44264721744580243], [0.04800961316126573, 0.005990598060640629, 0.8410538196460042, 0.10494596913208941], [0.06742900864603636, 0.577212544212062, 0.037170219168369135, 0.3181882279735324], [0.07486726530225334, 0.02682401621365019, 0.661353816645119, 0.2369549018389773], [0.003585232294943303, 0.03442935643465552, 0.09072677829776313, 0.8712586329726381]], "state_values": [2.9289931745928772, 2.0375609102174246, 4.9856360513152245, -0.777088330617327, 3.381370599315237, 4.375786842896869, -2.850504300303126, 4.799817138123543, 2.923950131718511, -2.1790519524620913, -4.9916212934639885, 4.539150243188247, -0.7953718243488338, 4.734013277703537, 3.429453471137686, 4.634883397289147], "value_grad": [-3.643199920654297, -2.890801429748535, -0.6731996536254883, 5.029199600219727, 4.395599842071533, -0.27719974517822266, -3.722400188446045, -0.5147991180419922, -3.6035995483398438, -0.8316020965576172, 3.6035995483398438, 0.3959989547729492, 2.772001266479492, -2.37600040435791, -5.306401252746582, 1.7424001693725586], "action_grad": [[0.0, 0.0, 0.0], [0.0, 0.0, 0.0], [0.0, 0.0, 0.0], [0.0, 0.0, 0.0], [0.0, 0.0, 0.0], [0.0, 0.0, 0.0], [0.0, 0.0, 0.0], [0.0, 0.0, 0.0], [0.0, 0.0, 0.0], [0.0, 0.0, 0.0], [0.0, 0.0, 0.0], [0.0, 0.0, 0.0], [0.0, 0.0, 0.0], [0.0, 0.0, 0.0], [0.0, 0.0, 0.0], [0.0, 0.0, 0.0]], "action_params_change": 0, "value_params_change": 0.49999999905774173}
{"iterations": 1, "type_itr": 0, "sub_iteration": 1, "sub_it_time": 0.11162257194519043, "total_time": 0.22774577140808105, "value_loss": 12.988801002502441, "action_loss": -1.437995195388794, "action_probs": [[0.02282851081307529, 0.9767672701074134, 9.231451156161866e-06, 0.00039498762835504683], [0.0074682628047550124, 0.9322714574369649, 0.0004788981419314021, 0.05978138161634879], [0.3214106007134385, 0.567804905255646, 0.04004351086681213, 0.07074098316410334], [0.30311833727157483, 0.5042468995178023, 0.07232306577542234, 0.12031169743520058], [0.879991367956146, 0.07914995632991743, 0.03748694902823311, 0.0033717266857035294], [0.1852995841048505, 0.03992601667522342, 0.6374291974504487, 0.13734520176947718], [0.0031057029783429636, 0.08007252648650053, 0.03423222785193078, 0.8825895426832258], [0.01152573742088289, 0.03251229215177664, 0.2501966314663596, 0.7057653389609809], [0.3620778835778762, 0.12245701982772765, 0.38519105625075983, 0.1302740403436362], [0.9164358553249053, 0.08310470124261873, 0.000421243972791226, 3.819945968466876e-05], [0.00022565451226344045, 0.06732034235678044, 0.003115098792494687, 0.9293389043384614], [0.11174575466244219, 0.20948216026392988, 0.23612486762782534, 0.44264721744580243], [0.04800961316126573, 0.005990598060640629, 0.8410538196460042, 0.10494596913208941], [0.06742900864603636, 0.577212544212062, 0.037170219168369135, 0.3181882279735324], [0.07486726530225334, 0.02682401621365019, 0.661353816645119, 0.2369549018389773], [0.003585232294943303, 0.03442935643465552, 0.09072677829776313, 0.8712586329726381]], "state_values": [3.3415115163002924, 1.1541735666763535, 4.800184091748529, -1.9616302730664956, 2.5481198217396543, 4.445827617402271, -2.1621172468822607, 4.9591310085472875, 1.906385601824367, -3.1128897345407425, -4.942702929200008, 4.872646350940082, -1.8929334950923566, 4.9071553261466905, 2.5611754430770506, 4.899488749352696], "value_grad": [1.1088008880615234, -0.3168001174926758, -4.712399482727051, 4.039200305938721, 1.1087989807128906, 0.3167991638183594, 0.1583995819091797, 3.0888004302978516, -1.8215999603271484, -3.3264007568359375, 0.9504003524780273, 2.9699997901916504, 1.2275991439819336, 0.39600181579589844, -1.781998634338379, 0.1584005355834961], "action_grad": [[0.0, 0.0, 0.0], [0.0, 0.0, 0.0], [0.0, 0.0, 0.0], [0.0, 0.0, 0.0], [0.0, 0.0, 0.0], [0.0, 0.0, 0.0], [0.0, 0.0, 0.0], [0.0, 0.0, 0.0], [0.0, 0.0, 0.0], [0.0, 0.0, 0.0], [0.0, 0.0, 0.0], [0.0, 0.0, 0.0], [0.0, 0.0, 0.0], [0.0, 0.0, 0.0], [0.0, 0.0, 0.0], [0.0, 0.0, 0.0]], "action_params_change": 0, "value_params_change": 0.49421757607134653}
{"iterations": 1, "type_itr": 0, "sub_iteration": 2, "sub_it_time": 0.11436080932617188, "total_time": 0.343780517578125, "value_loss": 11.682001113891602, "action_loss": -1.0938905477523804, "action_probs": [[0.02282851081307529, 0.9767672701074134, 9.231451156161866e-06, 0.00039498762835504683], [0.0074682628047550124, 0.9322714574369649, 0.0004788981419314021, 0.05978138161634879], [0.3214106007134385, 0.567804905255646, 0.04004351086681213, 0.07074098316410334], [0.30311833727157483, 0.5042468995178023, 0.07232306577542234, 0.12031169743520058], [0.879991367956146, 0.07914995632991743, 0.03748694902823311, 0.0033717266857035294], [0.1852995841048505, 0.03992601667522342, 0.6374291974504487, 0.13734520176947718], [0.0031057029783429636, 0.08007252648650053, 0.03423222785193078, 0.8825895426832258], [0.01152573742088289, 0.03251229215177664, 0.2501966314663596, 0.7057653389609809], [0.3620778835778762, 0.12245701982772765, 0.38519105625075983, 0.1302740403436362], [0.9164358553249053, 0.08310470124261873, 0.000421243972791226, 3.819945968466876e-05], [0.00022565451226344045, 0.06732034235678044, 0.003115098792494687, 0.9293389043384614], [0.11174575466244219, 0.20948216026392988, 0.23612486762782534, 0.44264721744580243], [0.04800961316126573, 0.005990598060640629, 0.8410538196460042, 0.10494596913208941], [0.06742900864603636, 0.577212544212062, 0.037170219168369135, 0.3181882279735324], [0.07486726530225334, 0.02682401621365019, 0.661353816645119, 0.2369549018389773], [0.003585232294943303, 0.03442935643465552, 0.09072677829776313, 0.8712586329726381]], "state_values": [3.2015893322910456, 1.5317353082360783, 4.591732470677179, -1.9904164306534395, 2.547653884621244, 4.754417223840335, -1.2149957100354323, 4.982194349204499, 1.833545704711066, -3.408139227573245, -4.785790186396473, 4.999430996321517, -2.79153889540684, 4.836870288528912, 2.2149703686502407, 4.999784743664682], "value_grad": [3.0888004302978516, 5.821200370788574, 1.0296010971069336, -7.325999736785889, -4.553999423980713, 1.7027997970581055, -4.712399959564209, -1.4256000518798828, 3.999601364135742, 1.7820005416870117, -0.43560028076171875, 1.3464012145996094, 0.5939998626708984, 3.1283998489379883, 2.8115997314453125, 2.8908004760742188], "action_grad": [[0.0, 0.0, 0.0], [0.0, 0.0, 0.0], [0.0, 0.0, 0.0], [0.0, 0.0, 0.0], [0.0, 0.0, 0.0], [0.0, 0.0, 0.0], [0.0, 0.0, 0.0], [0.0, 0.0, 0.0], [0.0, 0.0, 0.0], [0.0, 0.0, 0.0], [0.0, 0.0, 0.0], [0.0, 0.0, 0.0], [0.0, 0.0, 0.0], [0.0, 0.0, 0.0], [0.0, 0.0, 0.0], [0.0, 0.0, 0.0]], "action_params_change": 0, "value_params_change": 0.4221947429479404}
{"iterations": 1, "type_itr": 0, "sub_iteration": 3, "sub_it_time": 0.1140134334564209, "total_time": 0.459749698638916, "value_loss": 12.196800231933594, "action_loss": -1.2605096101760864, "action_probs": [[0.02282851081307529, 0.9767672701074134, 9.231451156161866e-06, 0.00039498762835504683], [0.0074682628047550124, 0.9322714574369649, 0.0004788981419314021, 0.05978138161634879], [0.3214106007134385, 0.567804905255646, 0.04004351086681213, 0.07074098316410334], [0.30311833727157483, 0.5042468995178023, 0.07232306577542234, 0.12031169743520058], [0.879991367956146, 0.07914995632991743, 0.03748694902823311, 0.0033717266857035294], [0.1852995841048505, 0.03992601667522342, 0.6374291974504487, 0.13734520176947718], [0.0031057029783429636, 0.08007252648650053, 0.03423222785193078, 0.8825895426832258], [0.01152573742088289, 0.03251229215177664, 0.2501966314663596, 0.7057653389609809], [0.3620778835778762, 0.12245701982772765, 0.38519105625075983, 0.1302740403436362], [0.9164358553249053, 0.08310470124261873, 0.000421243972791226, 3.819945968466876e-05], [0.00022565451226344045, 0.06732034235678044, 0.003115098792494687, 0.9293389043384614], [0.11174575466244219, 0.20948216026392988, 0.23612486762782534, 0.44264721744580243], [0.04800961316126573, 0.005990598060640629, 0.8410538196460042, 0.10494596913208941], [0.06742900864603636, 0.577212544212062, 0.037170219168369135, 0.3181882279735324], [0.07486726530225334, 0.02682401621365019, 0.661353816645119, 0.2369549018389773], [0.003585232294943303, 0.03442935643465552, 0.09072677829776313, 0.8712586329726381]], "state_values": [3.1068370312961244, 1.9812134230151097, 4.27870858080604, -2.0220316138909173, 2.3078908665225626, 4.57842642525329, -0.903035408592543, 4.995442151771152, 1.4684613485557771, -3.165687124327531, -4.797529326551477, 4.893263639696273, -3.1644939119551903, 4.655859229779014, 1.981222962435548, 4.874043210912823], "value_grad": [-0.19800090789794922, 1.5444002151489258, -1.386000633239746, 0.11880016326904297, 2.613600254058838, -5.544000625610352, 3.722400665283203, 3.366000175476074, -2.8908004760742188, 4.237199783325195, -3.2868003845214844, 1.861201286315918, -1.3859996795654297, 2.2572011947631836, 0.5544013977050781, 5.187600135803223], "action_grad": [[0.0, 0.0, 0.0], [0.0, 0.0, 0.0], [0.0, 0.0, 0.0], [0.0, 0.0, 0.0], [0.0, 0.0, 0.0], [0.0, 0.0, 0.0], [0.0, 0.0, 0.0], [0.0, 0.0, 0.0], [0.0, 0.0, 0.0], [0.0, 0.0, 0.0], [0.0, 0.0, 0.0], [0.0, 0.0, 0.0], [0.0, 0.0, 0.0], [0.0, 0.0, 0.0], [0.0, 0.0, 0.0], [0.0, 0.0, 0.0]], "action_params_change": 0, "value_params_change": 0.44416508779307007}
{"iterations": 1, "type_itr": 0, "sub_iteration": 4, "sub_it_time": 0.11275935173034668, "total_time": 0.5741462707519531, "value_loss": 7.7220001220703125, "action_loss": -1.2912979125976562, "action_probs": [[0.02282851081307529, 0.9767672701074134, 9.231451156161866e-06, 0.00039498762835504683], [0.0074682628047550124, 0.9322714574369649, 0.0004788981419314021, 0.05978138161634879], [0.3214106007134385, 0.567804905255646, 0.04004351086681213, 0.07074098316410334], [0.30311833727157483, 0.5042468995178023, 0.07232306577542234, 0.12031169743520058], [0.879991367956146, 0.07914995632991743, 0.03748694902823311, 0.0033717266857035294], [0.1852995841048505, 0.03992601667522342, 0.6374291974504487, 0.13734520176947718], [0.0031057029783429636, 0.08007252648650053, 0.03423222785193078, 0.8825895426832258], [0.01152573742088289, 0.03251229215177664, 0.2501966314663596, 0.7057653389609809], [0.3620778835778762, 0.12245701982772765, 0.38519105625075983, 0.1302740403436362], [0.9164358553249053, 0.08310470124261873, 0.000421243972791226, 3.819945968466876e-05], [0.00022565451226344045, 0.06732034235678044, 0.003115098792494687, 0.9293389043384614], [0.11174575466244219, 0.20948216026392988, 0.23612486762782534, 0.44264721744580243], [0.04800961316126573, 0.005990598060640629, 0.8410538196460042, 0.10494596913208941], [0.06742900864603636, 0.577212544212062, 0.037170219168369135, 0.3181882279735324], [0.07486726530225334, 0.02682401621365019, 0.661353816645119, 0.2369549018389773], [0.003585232294943303, 0.03442935643465552, 0.09072677829776313, 0.8712586329726381]], "state_values": [3.082165946591175, 2.197155261538957, 3.771446556586988, -1.9779739837008978, 2.027272598612225, 4.289327958556123, -0.27578875448722534, 4.994713431850657, 0.9757487942980431, -2.9965464659451357, -4.883765899588297, 4.828071316976376, -3.4642895787330765, 4.442343948468907, 1.7436852942835208, 4.661966281696941], "value_grad": [-0.5147991180419922, -1.5840015411376953, -3.445199966430664, -1.1088008880615234, 0.8316001892089844, -2.1780004501342773, -5.504399299621582, -3.6431994438171387, -1.9007997512817383, -0.47519969940185547, -2.6135997772216797, -3.167999267578125, 0.039600372314453125, 0.15839862823486328, -0.3564004898071289, -1.504800796508789], "action_grad": [[0.0, 0.0, 0.0], [0.0, 0.0, 0.0], [0.0, 0.0, 0.0], [0.0, 0.0, 0.0], [0.0, 0.0, 0.0], [0.0, 0.0, 0.0], [0.0, 0.0, 0.0], [0.0, 0.0, 0.0], [0.0, 0.0, 0.0], [0.0, 0.0, 0.0], [0.0, 0.0, 0.0], [0.0, 0.0, 0.0], [0.0, 0.0, 0.0], [0.0, 0.0, 0.0], [0.0, 0.0, 0.0], [0.0, 0.0, 0.0]], "action_params_change": 0, "value_params_change": 0.3448234150364764}
{"iterations": 1, "type_itr": 0, "sub_iteration": 5, "sub_it_time": 0.1132054328918457, "total_time": 0.6888651847839355, "value_loss": 9.702000617980957, "action_loss": -1.0884572267532349, "action_probs": [[0.02282851081307529, 0.9767672701074134, 9.231451156161866e-06, 0.00039498762835504683], [0.0074682628047550124, 0.9322714574369649, 0.0004788981419314021, 0.05978138161634879], [0.3214106007134385, 0.567804905255646, 0.04004351086681213, 0.07074098316410334], [0.30311833727157483, 0.5042468995178023, 0.07232306577542234, 0.12031169743520058], [0.879991367956146, 0.07914995632991743, 0.03748694902823311, 0.0033717266857035294], [0.1852995841048505, 0.03992601667522342, 0.6374291974504487, 0.13734520176947718], [0.0031057029783429636, 0.08007252648650053, 0.03423222785193078, 0.8825895426832258], [0.01152573742088289, 0.03251229215177664, 0.2501966314663596, 0.7057653389609809], [0.3620778835778762, 0.12245701982772765, 0.38519105625075983, 0.1302740403436362], [0.9164358553249053, 0.08310470124261873, 0.000421243972791226, 3.819945968466876e-05], [0.00022565451226344045, 0.06732034235678044, 0.003115098792494687, 0.9293389043384614], [0.11174575466244219, 0.20948216026392988, 0.23612486762782534, 0.44264721744580243], [0.04800961316126573, 0.005990598060640629, 0.8410538196460042, 0.10494596913208941], [0.06742900864603636, 0.577212544212062, 0.037170219168369135, 0.3181882279735324], [0.07486726530225334, 0.02682401621365019, 0.661353816645119, 0.2369549018389773], [0.003585232294943303, 0.03442935643465552, 0.09072677829776313, 0.8712586329726381]], "state_values": [2.843363577875021, 2.5138770183379715, 3.545609544781179, -2.024079339527997, 2.1851843851516852, 4.05855538313112, 0.5414440379119688, 4.954706558604309, 0.6348894386789857, -3.196637404043741, -4.880345368591099, 4.788256273005053, -3.7720323380716065, 4.081237295250512, 1.3891379897658704, 4.355720405395398], "value_grad": [2.257200241088867, 1.7423992156982422, 3.405599594116211, 1.386000633239746, -5.187599182128906, 1.1088008880615234, -6.138000011444092, 5.3460001945495605, 0.9107999801635742, -4.474800109863281, 2.732400417327881, -0.7128009796142578, 0.5543994903564453, 2.3364009857177734, -1.5840015411376953, 0.9900007247924805], "action_grad": [[0.0, 0.0, 0.0], [0.0, 0.0, 0.0], [0.0, 0.0, 0.0], [0.0, 0.0, 0.0], [0.0, 0.0, 0.0], [0.0, 0.0, 0.0], [0.0, 0.0, 0.0], [0.0, 0.0, 0.0], [0.0, 0.0, 0.0], [0.0, 0.0, 0.0], [0.0, 0.0, 0.0], [0.0, 0.0, 0.0], [0.0, 0.0, 0.0], [0.0, 0.0, 0.0], [0.0, 0.0, 0.0], [0.0, 0.0, 0.0]], "action_params_change": 0, "value_params_change": 0.32737466158327155}
{"iterations": 1, "type_itr": 0, "sub_iteration": 6, "sub_it_time": 0.11239194869995117, "total_time": 0.802832841873169, "value_loss": 6.375600814819336, "action_loss": -0.9218382239341736, "action_probs": [[0.02282851081307529, 0.9767672701074134, 9.231451156161866e-06, 0.00039498762835504683], [0.0074682628047550124, 0.9322714574369649, 0.0004788981419314021, 0.05978138161634879], [0.3214106007134385, 0.567804905255646, 0.04004351086681213, 0.07074098316410334], [0.30311833727157483, 0.5042468995178023, 0.07232306577542234, 0.12031169743520058], [0.879991367956146, 0.07914995632991743, 0.03748694902823311, 0.0033717266857035294], [0.1852995841048505, 0.03992601667522342, 0.6374291974504487, 0.13734520176947718], [0.0031057029783429636, 0.08007252648650053, 0.03423222785193078, 0.8825895426832258], [0.01152573742088289, 0.03251229215177664, 0.2501966314663596, 0.7057653389609809], [0.3620778835778762, 0.12245701982772765, 0.38519105625075983, 0.1302740403436362], [0.9164358553249053, 0.08310470124261873, 0.000421243972791226, 3.819945968466876e-05], [0.00022565451226344045, 0.06732034235678044, 0.003115098792494687, 0.9293389043384614], [0.11174575466244219, 0.20948216026392988, 0.23612486762782534, 0.44264721744580243], [0.04800961316126573, 0.005990598060640629, 0.8410538196460042, 0.10494596913208941], [0.06742900864603636, 0.577212544212062, 0.037170219168369135, 0.3181882279735324], [0.07486726530225334, 0.02682401621365019, 0.661353816645119, 0.2369549018389773], [0.003585232294943303, 0.03442935643465552, 0.09072677829776313, 0.8712586329726381]], "state_values": [2.912823671553116, 2.7071455480453754, 3.3950828027761584, -1.8005862697603214, 2.1183962322591907, 3.982567904571458, 0.7659095685310501, 4.89767740281303, 0.20663528055955532, -3.307398187811848, -4.89343943453267, 4.698922739743754, -3.5692232129422754, 3.514363795445627, 0.8347785793955791, 3.998875613800944], "value_grad": [-3.0491995811462402, -0.9504003524780273, 0.8711996078491211, -4.910400390625, 3.167999744415283, 2.2968006134033203, 7.52400016784668, -0.593998908996582, -1.465200424194336, 0.8712000846862793, -0.7524003982543945, 1.3068008422851562, -4.950000286102295, 5.3460001945495605, -3.1284008026123047, 0.27720022201538086], "action_grad": [[0.0, 0.0, 0.0], [0.0, 0.0, 0.0], [0.0, 0.0, 0.0], [0.0, 0.0, 0.0], [0.0, 0.0, 0.0], [0.0, 0.0, 0.0], [0.0, 0.0, 0.0], [0.0, 0.0, 0.0], [0.0, 0.0, 0.0], [0.0, 0.0, 0.0], [0.0, 0.0, 0.0], [0.0, 0.0, 0.0], [0.0, 0.0, 0.0], [0.0, 0.0, 0.0], [0.0, 0.0, 0.0], [0.0, 0.0, 0.0]], "action_params_change": 0, "value_params_change": 0.3509142418379039}
{"iterations": 1, "type_itr": 0, "sub_iteration": 7, "sub_it_time": 0.11292338371276855, "total_time": 0.9174749851226807, "value_loss": 6.256800174713135, "action_loss": -0.9055385589599609, "action_probs": [[0.02282851081307529, 0.9767672701074134, 9.231451156161866e-06, 0.00039498762835504683], [0.0074682628047550124, 0.9322714574369649, 0.0004788981419314021, 0.05978138161634879], [0.3214106007134385, 0.567804905255646, 0.04004351086681213, 0.07074098316410334], [0.30311833727157483, 0.5042468995178023, 0.07232306577542234, 0.12031169743520058], [0.879991367956146, 0.07914995632991743, 0.03748694902823311, 0.0033717266857035294], [0.1852995841048505, 0.03992601667522342, 0.6374291974504487, 0.13734520176947718], [0.0031057029783429636, 0.08007252648650053, 0.03423222785193078, 0.8825895426832258], [0.01152573742088289, 0.03251229215177664, 0.2501966314663596, 0.7057653389609809], [0.3620778835778762, 0.12245701982772765, 0.38519105625075983, 0.1302740403436362], [0.9164358553249053, 0.08310470124261873, 0.000421243972791226, 3.819945968466876e-05], [0.00022565451226344045, 0.06732034235678044, 0.003115098792494687, 0.9293389043384614], [0.11174575466244219, 0.20948216026392988, 0.23612486762782534, 0.44264721744580243], [0.04800961316126573, 0.005990598060640629, 0.8410538196460042, 0.10494596913208941], [0.06742900864603636, 0.577212544212062, 0.037170219168369135, 0.3181882279735324], [0.07486726530225334, 0.02682401621365019, 0.661353816645119, 0.2369549018389773], [0.003585232294943303, 0.03442935643465552, 0.09072677829776313, 0.8712586329726381]], "state_values": [3.176175425269929, 2.9850606174260594, 3.31050800398137, -1.4094617065123303, 1.9664584988842635, 3.9020318278644623, 1.0734518702799019, 4.908212234322583, 0.31136611562421135, -3.3182250560599265, -4.872292078084864, 4.730100736139624, -3.2759739072160254, 2.768776401465619, 0.23432422178635764, 3.9550568495729674], "value_grad": [-2.9304003715515137, 1.7027997970581055, 0.7919998168945312, -4.039200305938721, 1.544400691986084, -0.1979990005493164, -2.534400463104248, -4.712398529052734, 5.7024006843566895, 1.346400260925293, 1.584000587463379, -2.9699997901916504, -1.465200424194336, 3.4452004432678223, -1.3067998886108398, -5.029201030731201], "action_grad": [[0.0, 0.0, 0.0], [0.0, 0.0, 0.0], [0.0, 0.0, 0.0], [0.0, 0.0, 0.0], [0.0, 0.0, 0.0], [0.0, 0.0, 0.0], [0.0, 0.0, 0.0], [0.0, 0.0, 0.0], [0.0, 0.0, 0.0], [0.0, 0.0, 0.0], [0.0, 0.0, 0.0], [0.0, 0.0, 0.0], [0.0, 0.0, 0.0], [0.0, 0.0, 0.0], [0.0, 0.0, 0.0], [0.0, 0.0, 0.0]], "action_params_change": 0, "value_params_change": 0.3851215035057658}
{"iterations": 1, "type_itr": 0, "sub_iteration": 8, "sub_it_time": 0.11213445663452148, "total_time": 1.0311775207519531, "value_loss": 11.444400787353516, "action_loss": -0.8964831233024597, "action_probs": [[0.02282851081307529, 0.9767672701074134, 9.231451156161866e-06, 0.00039498762835504683], [0.0074682628047550124, 0.9322714574369649, 0.0004788981419314021, 0.05978138161634879], [0.3214106007134385, 0.567804905255646, 0.04004351086681213, 0.07074098316410334], [0.30311833727157483, 0.5042468995178023, 0.07232306577542234, 0.12031169743520058], [0.879991367956146, 0.07914995632991743, 0.03748694902823311, 0.0033717266857035294], [0.1852995841048505, 0.03992601667522342, 0.6374291974504487, 0.13734520176947718], [0.0031057029783429636, 0.08007252648650053, 0.03423222785193078, 0.8825895426832258], [0.01152573742088289, 0.03251229215177664, 0.2501966314663596, 0.7057653389609809], [0.3620778835778762, 0.12245701982772765, 0.38519105625075983, 0.1302740403436362], [0.9164358553249053, 0.08310470124261873, 0.000421243972791226, 3.819945968466876e-05], [0.00022565451226344045, 0.06732034235678044, 0.003115098792494687, 0.9293389043384614], [0.11174575466244219, 0.20948216026392988, 0.23612486762782534, 0.44264721744580243], [0.04800961316126573, 0.005990598060640629, 0.8410538196460042, 0.10494596913208941], [0.06742900864603636, 0.577212544212062, 0.037170219168369135, 0.3181882279735324], [0.07486726530225334, 0.02682401621365019, 0.661353816645119, 0.2369549018389773], [0.003585232294943303, 0.03442935643465552, 0.09072677829776313, 0.8712586329726381]], "state_values": [3.5520844636911013, 3.104694754992903, 3.247006817395473, -0.8507518657742122, 1.7869193760459792, 3.8190097215261267, 1.2684533458701142, 4.947897576411804, 0.4069306192327867, -3.1952650437080603, -4.781335966744013, 4.647708321940531, -2.997790414759896, 2.2360311708646767, -0.11245175592652254, 3.8463397118706006], "value_grad": [-2.8908004760742188, -1.7424001693725586, 0.19800090789794922, -4.910399436950684, 0.7128000259399414, -0.1584005355834961, 1.6632003784179688, -3.0888004302978516, 0.03960132598876953, 2.217599391937256, 3.2472004890441895, 3.4847989082336426, 0.0, -2.7323997020721436, 2.098799228668213, 1.5047993659973145], "action_grad": [[0.0, 0.0, 0.0], [0.0, 0.0, 0.0], [0.0, 0.0, 0.0], [0.0, 0.0, 0.0], [0.0, 0.0, 0.0], [0.0, 0.0, 0.0], [0.0, 0.0, 0.0], [0.0, 0.0, 0.0], [0.0, 0.0, 0.0], [0.0, 0.0, 0.0], [0.0, 0.0, 0.0], [0.0, 0.0, 0.0], [0.0, 0.0, 0.0], [0.0, 0.0, 0.0], [0.0, 0.0, 0.0], [0.0, 0.0, 0.0]], "action_params_change": 0, "value_params_change": 0.2464560129170943}
{"iterations": 1, "type_itr": 0, "sub_iteration": 9, "sub_it_time": 0.11153078079223633, "total_time": 1.1444575786590576, "value_loss": 6.296401023864746, "action_loss": -0.9960923194885254, "action_probs": [[0.02282851081307529, 0.9767672701074134, 9.231451156161866e-06, 0.00039498762835504683], [0.0074682628047550124, 0.9322714574369649, 0.0004788981419314021, 0.05978138161634879], [0.3214106007134385, 0.567804905255646, 0.04004351086681213, 0.07074098316410334], [0.30311833727157483, 0.5042468995178023, 0.07232306577542234, 0.12031169743520058], [0.879991367956146, 0.07914995632991743, 0.03748694902823311, 0.0033717266857035294], [0.1852995841048505, 0.03992601667522342, 0.6374291974504487, 0.13734520176947718], [0.0031057029783429636, 0.08007252648650053, 0.03423222785193078, 0.8825895426832258], [0.01152573742088289, 0.03251229215177664, 0.2501966314663596, 0.7057653389609809], [0.3620778835778762, 0.12245701982772765, 0.38519105625075983, 0.1302740403436362], [0.9164358553249053, 0.08310470124261873, 0.000421243972791226, 3.819945968466876e-05], [0.00022565451226344045, 0.06732034235678044, 0.003115098792494687, 0.9293389043384614], [0.11174575466244219, 0.20948216026392988, 0.23612486762782534, 0.44264721744580243], [0.04800961316126573, 0.005990598060640629, 0.8410538196460042, 0.10494596913208941], [0.06742900864603636, 0.577212544212062, 0.037170219168369135, 0.3181882279735324], [0.07486726530225334, 0.02682401621365019, 0.661353816645119, 0.2369549018389773], [0.003585232294943303, 0.03442935643465552, 0.09072677829776313, 0.8712586329726381]], "state_values": [3.8335307496506785, 3.0647208075691807, 2.9643418905814523, -0.44536000582083973, 1.989590332543911, 3.7946681789718575, 1.462692124254517, 4.958224596774806, 0.2098906377755393, -3.186335978696746, -4.658417680435034, 4.682235203956641, -2.498728932636008, 2.048162945135829, -0.3605278888686407, 3.7339235164456137], "value_grad": [0.43560028076171875, -2.336400032043457, -3.9600002765655518, 2.0592002868652344, -6.8904008865356445, 0.8711996078491211, -0.514801025390625, 2.1780004501342773, -4.514400005340576, -1.7028002738952637, 0.7523994445800781, -3.6431994438171387, -4.039200305938721, -4.474800109863281, 0.7523994445800781, 0.23759937286376953], "action_grad": [[0.0, 0.0, 0.0], [0.0, 0.0, 0.0], [0.0, 0.0, 0.0], [0.0, 0.0, 0.0], [0.0, 0.0, 0.0], [0.0, 0.0, 0.0], [0.0, 0.0, 0.0], [0.0, 0.0, 0.0], [0.0, 0.0, 0.0], [0.0, 0.0, 0.0], [0.0, 0.0, 0.0], [0.0, 0.0, 0.0], [0.0, 0.0, 0.0], [0.0, 0.0, 0.0], [0.0, 0.0, 0.0], [0.0, 0.0, 0.0]], "action_params_change": 0, "value_params_change": 0.23928713361199083}
{"iterations": 1, "type_itr": 0, "sub_iteration": 10, "sub_it_time": 0.11181998252868652, "total_time": 1.257826805114746, "value_loss": 6.375600814819336, "action_loss": -0.9779816269874573, "action_probs": [[0.02282851081307529, 0.9767672701074134, 9.231451156161866e-06, 0.00039498762835504683], [0.0074682628047550124, 0.9322714574369649, 0.0004788981419314021, 0.05978138161634879], [0.3214106007134385, 0.567804905255646, 0.04004351086681213, 0.07074098316410334], [0.30311833727157483, 0.5042468995178023, 0.07232306577542234, 0.12031169743520058], [0.879991367956146, 0.07914995632991743, 0.03748694902823311, 0.0033717266857035294], [0.1852995841048505, 0.03992601667522342, 0.6374291974504487, 0.13734520176947718], [0.0031057029783429636, 0.08007252648650053, 0.03423222785193078, 0.8825895426832258], [0.01152573742088289, 0.03251229215177664, 0.2501966314663596, 0.7057653389609809], [0.3620778835778762, 0.12245701982772765, 0.38519105625075983, 0.1302740403436362], [0.9164358553249053, 0.08310470124261873, 0.000421243972791226, 3.819945968466876e-05], [0.00022565451226344045, 0.06732034235678044, 0.003115098792494687, 0.9293389043384614], [0.11174575466244219, 0.20948216026392988, 0.23612486762782534, 0.44264721744580243], [0.04800961316126573, 0.005990598060640629, 0.8410538196460042, 0.10494596913208941], [0.06742900864603636, 0.577212544212062, 0.037170219168369135, 0.3181882279735324], [0.07486726530225334, 0.02682401621365019, 0.661353816645119, 0.2369549018389773], [0.003585232294943303, 0.03442935643465552, 0.09072677829776313, 0.8712586329726381]], "state_values": [4.006275985124722, 2.9973643589626313, 2.735522225955863, -0.09060898908726012, 2.0909615928743666, 3.8341229937762735, 1.5147475145810982, 4.979679349692684, -0.21623109397890627, -3.2999427096580614, -4.380612091702375, 4.788126024090879, -2.120722895756341, 1.8012338788780848, -0.8472344930689146, 3.723223054502655], "value_grad": [1.1483993530273438, -0.5148000717163086, 0.5939998626708984, 0.23759984970092773, 1.6236004829406738, 1.069200038909912, 2.8116002082824707, -2.217599630355835, -4.949999809265137, -2.177999496459961, 6.771599769592285, -3.6035995483398438, 1.2671995162963867, 1.346400260925293, -4.316400527954102, -1.9007997512817383], "action_grad": [[0.0, 0.0, 0.0], [0.0, 0.0, 0.0], [0.0, 0.0, 0.0], [0.0, 0.0, 0.0], [0.0, 0.0, 0.0], [0.0, 0.0, 0.0], [0.0, 0.0, 0.0], [0.0, 0.0, 0.0], [0.0, 0.0, 0.0], [0.0, 0.0, 0.0], [0.0, 0.0, 0.0], [0.0, 0.0, 0.0], [0.0, 0.0, 0.0], [0.0, 0.0, 0.0], [0.0, 0.0, 0.0], [0.0, 0.0, 0.0]], "action_params_change": 0, "value_params_change": 0.2625217372722446}
{"iterations": 1, "type_itr": 0, "sub_iteration": 11, "sub_it_time": 0.11274933815002441, "total_time": 1.3720977306365967, "value_loss": 9.781200408935547, "action_loss": -0.8675059080123901, "action_probs": [[0.02282851081307529, 0.9767672701074134, 9.231451156161866e-06, 0.00039498762835504683], [0.0074682628047550124, 0.9322714574369649, 0.0004788981419314021, 0.05978138161634879], [0.3214106007134385, 0.567804905255646, 0.04004351086681213, 0.07074098316410334], [0.30311833727157483, 0.5042468995178023, 0.07232306577542234, 0.12031169743520058], [0.879991367956146, 0.07914995632991743, 0.03748694902823311, 0.0033717266857035294], [0.1852995841048505, 0.03992601667522342, 0.6374291974504487, 0.13734520176947718], [0.0031057029783429636, 0.08007252648650053, 0.03423222785193078, 0.8825895426832258], [0.01152573742088289, 0.03251229215177664, 0.2501966314663596, 0.7057653389609809], [0.3620778835778762, 0.12245701982772765, 0.38519105625075983, 0.1302740403436362], [0.9164358553249053, 0.08310470124261873, 0.000421243972791226, 3.819945968466876e-05], [0.00022565451226344045, 0.06732034235678044, 0.003115098792494687, 0.9293389043384614], [0.11174575466244219, 0.20948216026392988, 0.23612486762782534, 0.44264721744580243], [0.04800961316126573, 0.005990598060640629, 0.8410538196460042, 0.10494596913208941], [0.06742900864603636, 0.577212544212062, 0.037170219168369135, 0.3181882279735324], [0.07486726530225334, 0.02682401621365019, 0.661353816645119, 0.2369549018389773], [0.003585232294943303, 0.03442935643465552, 0.09072677829776313, 0.8712586329726381]], "state_values": [4.062757571029257, 3.269516894827156, 2.4634271716714737, 0.19510975393949384, 2.0986328524710016, 3.9081736842397117, 1.6588796919734825, 4.984675897613926, -0.5191062674774799, -3.4492066198975975, -4.074764206756325, 4.8574985088444675, -1.6559613508421578, 1.5910691243038324, -1.4204784105002963, 3.748885674258258], "value_grad": [1.9008002281188965, 7.207200050354004, -0.9504003524780273, 0.7128005027770996, 1.7819995880126953, 0.7128000259399414, -2.415600299835205, 1.9799995422363281, 1.425600528717041, -0.95039963722229, -0.23760080337524414, 0.47519969940185547, -1.6236000061035156, -0.27720069885253906, -2.494800329208374, -0.7523999214172363], "action_grad": [[0.0, 0.0, 0.0], [0.0, 0.0, 0.0], [0.0, 0.0, 0.0], [0.0, 0.0, 0.0], [0.0, 0.0, 0.0], [0.0, 0.0, 0.0], [0.0, 0.0, 0.0], [0.0, 0.0, 0.0], [0.0, 0.0, 0.0], [0.0, 0.0, 0.0], [0.0, 0.0, 0.0], [0.0, 0.0, 0.0], [0.0, 0.0, 0.0], [0.0, 0.0, 0.0], [0.0, 0.0, 0.0], [0.0, 0.0, 0.0]], "action_params_change": 0, "value_params_change": 0.235589380728503}
{"iterations": 1, "type_itr": 0, "sub_iteration": 12, "sub_it_time": 0.11357808113098145, "total_time": 1.4872398376464844, "value_loss": 5.860800266265869, "action_loss": -1.0305027961730957, "action_probs": [[0.02282851081307529, 0.9767672701074134, 9.231451156161866e-06, 0.00039498762835504683], [0.0074682628047550124, 0.9322714574369649, 0.0004788981419314021, 0.05978138161634879], [0.3214106007134385, 0.567804905255646, 0.04004351086681213, 0.07074098316410334], [0.30311833727157483, 0.5042468995178023, 0.07232306577542234, 0.12031169743520058], [0.879991367956146, 0.07914995632991743, 0.03748694902823311, 0.0033717266857035294], [0.1852995841048505, 0.03992601667522342, 0.6374291974504487, 0.13734520176947718], [0.0031057029783429636, 0.08007252648650053, 0.03423222785193078, 0.8825895426832258], [0.01152573742088289, 0.03251229215177664, 0.2501966314663596, 0.7057653389609809], [0.3620778835778762, 0.12245701982772765, 0.38519105625075983, 0.1302740403436362], [0.9164358553249053, 0.08310470124261873, 0.000421243972791226, 3.819945968466876e-05], [0.00022565451226344045, 0.06732034235678044, 0.003115098792494687, 0.9293389043384614], [0.11174575466244219, 0.20948216026392988, 0.23612486762782534, 0.44264721744580243], [0.04800961316126573, 0.005990598060640629, 0.8410538196460042, 0.10494596913208941], [0.06742900864603636, 0.577212544212062, 0.037170219168369135, 0.3181882279735324], [0.07486726530225334, 0.02682401621365019, 0.661353816645119, 0.2369549018389773], [0.003585232294943303, 0.03442935643465552, 0.09072677829776313, 0.8712586329726381]], "state_values": [4.148262474776429, 3.666725730273214, 2.1087287311647174, 0.5267310874948666, 2.2337330148192778, 4.068108033962081, 1.8267822453053197, 4.965692143599411, -1.005522216646452, -3.3520096417155276, -3.920887413480234, 4.958710722593058, -1.0586122770718547, 1.37097005064586, -1.6212515892427943, 3.9716252323836656], "value_grad": [-0.8316006660461426, 5.385599613189697, -1.6236000061035156, -1.6631994247436523, -2.8907995223999023, 1.9403998851776123, -0.9900007247924805, 4.6332011222839355, -4.910400390625, 4.593600273132324, -3.9995994567871094, -6.494401454925537, -2.574000835418701, 0.47519874572753906, 4.474800109863281, -5.3856000900268555], "action_grad": [[0.0, 0.0, 0.0], [0.0, 0.0, 0.0], [0.0, 0.0, 0.0], [0.0, 0.0, 0.0], [0.0, 0.0, 0.0], [0.0, 0.0, 0.0], [0.0, 0.0, 0.0], [0.0, 0.0, 0.0], [0.0, 0.0, 0.0], [0.0, 0.0, 0.0], [0.0, 0.0, 0.0], [0.0, 0.0, 0.0], [0.0, 0.0, 0.0], [0.0, 0.0, 0.0], [0.0, 0.0, 0.0], [0.0, 0.0, 0.0]], "action_params_change": 0, "value_params_change": 0.24845968825540554}
{"iterations": 1, "type_itr": 0, "sub_iteration": 13, "sub_it_time": 0.11185050010681152, "total_time": 1.600684404373169, "value_loss": 8.632801055908203, "action_loss": -1.0957015752792358, "action_probs": [[0.02282851081307529, 0.9767672701074134, 9.231451156161866e-06, 0.00039498762835504683], [0.0074682628047550124, 0.9322714574369649, 0.0004788981419314021, 0.05978138161634879], [0.3214106007134385, 0.567804905255646, 0.04004351086681213, 0.07074098316410334], [0.30311833727157483, 0.5042468995178023, 0.07232306577542234, 0.12031169743520058], [0.879991367956146, 0.07914995632991743, 0.03748694902823311, 0.0033717266857035294], [0.1852995841048505, 0.03992601667522342, 0.6374291974504487, 0.13734520176947718], [0.0031057029783429636, 0.08007252648650053, 0.03423222785193078, 0.8825895426832258], [0.01152573742088289, 0.03251229215177664, 0.2501966314663596, 0.7057653389609809], [0.3620778835778762, 0.12245701982772765, 0.38519105625075983, 0.1302740403436362], [0.9164358553249053, 0.08310470124261873, 0.000421243972791226, 3.819945968466876e-05], [0.00022565451226344045, 0.06732034235678044, 0.003115098792494687, 0.9293389043384614], [0.11174575466244219, 0.20948216026392988, 0.23612486762782534, 0.44264721744580243], [0.04800961316126573, 0.005990598060640629, 0.8410538196460042, 0.10494596913208941], [0.06742900864603636, 0.577212544212062, 0.037170219168369135, 0.3181882279735324], [0.07486726530225334, 0.02682401621365019, 0.661353816645119, 0.2369549018389773], [0.003585232294943303, 0.03442935643465552, 0.09072677829776313, 0.8712586329726381]], "state_values": [4.187265769644514, 4.057057391816607, 1.7686652392740105, 0.9296584294545016, 2.3453989361674354, 4.230994678470164, 1.8734015171240261, 4.959416313660214, -1.4423075951769284, -3.187212944724808, -3.72152253869812, 4.999952078466643, -0.5915916973618115, 1.1839471226429021, -1.4326361480027998, 4.0711470875654525], "value_grad": [0.8316001892089844, 2.613600254058838, -0.11880064010620117, -2.4552001953125, 0.19800090789794922, 0.6336007118225098, 2.5739998817443848, -2.336400270462036, -0.11880064010620117, 1.5840001106262207, 1.4255998134613037, -3.563999891281128, 1.1088004112243652, -0.23759961128234863, 7.286401748657227, 2.415599822998047], "action_grad": [[0.0, 0.0, 0.0], [0.0, 0.0, 0.0], [0.0, 0.0, 0.0], [0.0, 0.0, 0.0], [0.0, 0.0, 0.0], [0.0, 0.0, 0.0], [0.0, 0.0, 0.0], [0.0, 0.0, 0.0], [0.0, 0.0, 0.0], [0.0, 0.0, 0.0], [0.0, 0.0, 0.0], [0.0, 0.0, 0.0], [0.0, 0.0, 0.0], [0.0, 0.0, 0.0], [0.0, 0.0, 0.0], [0.0, 0.0, 0.0]], "action_params_change": 0, "value_params_change": 0.2659605378607921}
