{"iterations": 0, "type_itr": 0, "sub_iteration": 0, "sub_it_time": 0, "total_time": 0, "value_loss": 0, "action_loss": 0, "action_probs": [[0.05386306988277083, 0.06683389898160413, 0.39240389431328776, 0.48689913682233715], [0.35142032486327623, 0.013508359573669545, 0.6115632383649424, 0.023508077198111786], [0.10707296653332186, 0.5648507269870386, 0.0522798998202105, 0.27579640665942884], [0.06574766770567415, 0.9331003021863181, 7.583065192234826e-05, 0.0010761994560853775], [0.08603241559280919, 0.4616795523003102, 0.07104360362172363, 0.38124442848515716], [0.22472429040890218, 0.30257262741776325, 0.2014573973869181, 0.27124568478641664], [0.4834484573780964, 0.20122737795925458, 0.22264986306269072, 0.09267430159995839], [0.40130253768113366, 0.06808781029291794, 0.45364162427960203, 0.07696802774634635], [0.01948505193460054, 0.04153982301805749, 0.2998118241297369, 0.6391633009176051], [0.040162134968829, 0.013315660402667982, 0.7108436738875871, 0.23567853074091585], [0.0406684518816391, 0.0692888361400602, 0.32918835900672566, 0.5608543529715749], [0.04633724061802548, 0.11278212867241125, 0.2448733192569778, 0.5960073114525856], [0.05074141152738955, 0.04820440235543177, 0.4620787830437639, 0.438975403073415], [0.20260758133018944, 0.7564954180482988, 0.008639366559121607, 0.03225763406239011], [0.7635510355389594, 0.22020576534114983, 0.012607294300138358, 0.003635904819752458], [0.32506439730766873, 0.597576050055278, 0.02725529368003343, 0.05010425895701967]], "state_values": [3.6019820094249333, -1.3585005710193665, 3.126030152531312, -4.2898230173692795, 3.343226100823609, -4.883538401192841, 2.9996497324883507, 4.848602165117619, 3.4549640887399926, 1.5776002298366956, 4.600290120373096, 2.174542807854923, -2.132628212534387, 1.1622890211874715, 4.9202463959603975, 4.624258776821992], "value_grad": [0.0, 0.0, 0.0, 0.0, 0.0, 0.0, 0.0, 0.0, 0.0, 0.0, 0.0, 0.0, 0.0, 0.0, 0.0, 0.0], "action_grad": [[0.0, 0.0, 0.0], [0.0, 0.0, 0.0], [0.0, 0.0, 0.0], [0.0, 0.0, 0.0], [0.0, 0.0, 0.0], [0.0, 0.0, 0.0], [0.0, 0.0, 0.0], [0.0, 0.0, 0.0], [0.0, 0.0, 0.0], [0.0, 0.0, 0.0], [0.0, 0.0, 0.0], [0.0, 0.0, 0.0], [0.0, 0.0, 0.0], [0.0, 0.0, 0.0], [0.0, 0.0, 0.0], [0.0, 0.0, 0.0]], "action_params_change": 0, "value_params_change": 0}
{"iterations": 1, "type_itr": 0, "sub_iteration": 0, "sub_it_time": 0.09897375106811523, "total_time": 0.10032963752746582, "value_loss": 7.964976121164127, "action_loss": -1.3476507279989907, "action_probs": [[0.05386306988277083, 0.06683389898160413, 0.39240389431328776, 0.48689913682233715], [0.35142032486327623, 0.013508359573669545, 0.6115632383649424, 0.023508077198111786], [0.10707296653332186, 0.5648507269870386, 0.0522798998202105, 0.27579640665942884], [0.06574766770567415, 0.9331003021863181, 7.583065192234826e-05, 0.0010761994560853775], [0.08603241559280919, 0.4616795523003102, 0.07104360362172363, 0.38124442848515716], [0.22472429040890218, 0.30257262741776325, 0.2014573973869181, 0.27124568478641664], [0.4834484573780964, 0.20122737795925458, 0.22264986306269072, 0.09267430159995839], [0.40130253768113366, 0.06808781029291794, 0.45364162427960203, 0.07696802774634635], [0.01948505193460054, 0.04153982301805749, 0.2998118241297369, 0.6391633009176051], [0.040162134968829, 0.013315660402667982, 0.7108436738875871, 0.23567853074091585], [0.0406684518816391, 0.0692888361400602, 0.32918835900672566, 0.5608543529715749], [0.04633724061802548, 0.11278212867241125, 0.2448733192569778, 0.5960073114525856], [0.05074141152738955, 0.04820440235543177, 0.4620787830437639, 0.438975403073415], [0.20260758133018944, 0.7564954180482988, 0.008639366559121607, 0.03225763406239011], [0.7635510355389594, 0.22020576534114983, 0.012607294300138358, 0.003635904819752458], [0.32506439730766873, 0.597576050055278, 0.02725529368003343, 0.05010425895701967]], "state_values": [2.6320545672579643, -0.1257825831670442, 2.0634052961040497, -3.5209948673151703, 2.3194681732216136, -4.4662884371567, 1.916717105252893, 4.395768829253498, 2.453363498891567, 0.3547251211582502, 3.97263601992592, 0.9930367114293717, -0.9474759221095151, 2.3292896498768467, 4.54722693586649, 4.0100287962840575], "value_grad": [-0.1480390915794798, 0.25938418005004493, 1.1304669897720707, -0.37632351823794785, -0.8513108266429805, 0.6026284985518693, 0.2689222312720192, -0.07016861550344888, -0.7667468234833645, -0.08871055457175814, 0.35328985365700216, -0.1160349100955056, 0.6804746695795991, -0.11911949640122543, 0.08589853855111862, -0.20742092258364764], "action_grad": [[0.0, 0.0, 0.0], [0.0, 0.0, 0.0], [0.0, 0.0, 0.0], [0.0, 0.0, 0.0], [0.0, 0.0, 0.0], [0.0, 0.0, 0.0], [0.0, 0.0, 0.0], [0.0, 0.0, 0.0], [0.0, 0.0, 0.0], [0.0, 0.0, 0.0], [0.0, 0.0, 0.0], [0.0, 0.0, 0.0], [0.0, 0.0, 0.0], [0.0, 0.0, 0.0], [0.0, 0.0, 0.0], [0.0, 0.0, 0.0]], "action_params_change": 0, "value_params_change": 0.4999999955770491}
{"iterations": 1, "type_itr": 0, "sub_iteration": 1, "sub_it_time": 0.10000944137573242, "total_time": 0.20766782760620117, "value_loss": 5.4794792808881505, "action_loss": -1.0435476828117498, "action_probs": [[0.05386306988277083, 0.06683389898160413, 0.39240389431328776, 0.48689913682233715], [0.35142032486327623, 0.013508359573669545, 0.6115632383649424, 0.023508077198111786], [0.10707296653332186, 0.5648507269870386, 0.0522798998202105, 0.27579640665942884], [0.06574766770567415, 0.9331003021863181, 7.583065192234826e-05, 0.0010761994560853775], [0.08603241559280919, 0.4616795523003102, 0.07104360362172363, 0.38124442848515716], [0.22472429040890218, 0.30257262741776325, 0.2014573973869181, 0.27124568478641664], [0.4834484573780964, 0.20122737795925458, 0.22264986306269072, 0.09267430159995839], [0.40130253768113366, 0.06808781029291794, 0.45364162427960203, 0.07696802774634635], [0.01948505193460054, 0.04153982301805749, 0.2998118241297369, 0.6391633009176051], [0.040162134968829, 0.013315660402667982, 0.7108436738875871, 0.23567853074091585], [0.0406684518816391, 0.0692888361400602, 0.32918835900672566, 0.5608543529715749], [0.04633724061802548, 0.11278212867241125, 0.2448733192569778, 0.5960073114525856], [0.05074141152738955, 0.04820440235543177, 0.4620787830437639, 0.438975403073415], [0.20260758133018944, 0.7564954180482988, 0.008639366559121607, 0.03225763406239011], [0.7635510355389594, 0.22020576534114983, 0.012607294300138358, 0.003635904819752458], [0.32506439730766873, 0.597576050055278, 0.02725529368003343, 0.05010425895701967]], "state_values": [1.5036881722217121, -0.036930286449547586, 0.8973921108170262, -2.5349144222783946, 1.1537983793006779, -3.791267381025389, 0.9485490501816999, 3.6886831350692244, 1.3075506537543988, -0.6720878985833467, 3.1157276587085403, -0.16442174449575164, 0.27584918408483, 1.7446720542866385, 3.9311427014638434, 3.1601242815914414], "value_grad": [-0.13261134940114427, -0.2020442318968252, 0.8232186991392396, -0.48777360296542494, -0.8041096701211243, 1.0871485696026992, 0.057159957341268, -0.12413144083707284, -0.6576758220655714, -0.020967443073742764, 0.5951216703144171, -0.05767341686307681, 0.5148705380459564, 0.384564003872339, 0.19836787676779633, -0.3326725831620365], "action_grad": [[0.0, 0.0, 0.0], [0.0, 0.0, 0.0], [0.0, 0.0, 0.0], [0.0, 0.0, 0.0], [0.0, 0.0, 0.0], [0.0, 0.0, 0.0], [0.0, 0.0, 0.0], [0.0, 0.0, 0.0], [0.0, 0.0, 0.0], [0.0, 0.0, 0.0], [0.0, 0.0, 0.0], [0.0, 0.0, 0.0], [0.0, 0.0, 0.0], [0.0, 0.0, 0.0], [0.0, 0.0, 0.0], [0.0, 0.0, 0.0]], "action_params_change": 0, "value_params_change": 0.4992269026758436}
{"iterations": 1, "type_itr": 0, "sub_iteration": 2, "sub_it_time": 0.11106491088867188, "total_time": 0.33007049560546875, "value_loss": 3.268765640509894, "action_loss": -0.6425620046276658, "action_probs": [[0.05386306988277083, 0.06683389898160413, 0.39240389431328776, 0.48689913682233715], [0.35142032486327623, 0.013508359573669545, 0.6115632383649424, 0.023508077198111786], [0.10707296653332186, 0.5648507269870386, 0.0522798998202105, 0.27579640665942884], [0.06574766770567415, 0.9331003021863181, 7.583065192234826e-05, 0.0010761994560853775], [0.08603241559280919, 0.4616795523003102, 0.07104360362172363, 0.38124442848515716], [0.22472429040890218, 0.30257262741776325, 0.2014573973869181, 0.27124568478641664], [0.4834484573780964, 0.20122737795925458, 0.22264986306269072, 0.09267430159995839], [0.40130253768113366, 0.06808781029291794, 0.45364162427960203, 0.07696802774634635], [0.01948505193460054, 0.04153982301805749, 0.2998118241297369, 0.6391633009176051], [0.040162134968829, 0.013315660402667982, 0.7108436738875871, 0.23567853074091585], [0.0406684518816391, 0.0692888361400602, 0.32918835900672566, 0.5608543529715749], [0.04633724061802548, 0.11278212867241125, 0.2448733192569778, 0.5960073114525856], [0.05074141152738955, 0.04820440235543177, 0.4620787830437639, 0.438975403073415], [0.20260758133018944, 0.7564954180482988, 0.008639366559121607, 0.03225763406239011], [0.7635510355389594, 0.22020576534114983, 0.012607294300138358, 0.003635904819752458], [0.32506439730766873, 0.597576050055278, 0.02725529368003343, 0.05010425895701967]], "state_values": [0.3284933499137458, -0.5199852218757472, -0.23208914132938555, -1.3881436833099623, -0.05815071877099728, -2.880674703320987, 0.5425743947406225, 2.755196624040793, 0.1456559305843614, -1.078017332023801, 2.0690278122640007, -0.9952093292602401, 1.3392481377550325, 0.9291551387849294, 3.0997574363852327, 2.1158114292592938], "value_grad": [-0.08498102117861928, -0.2964857587791725, 0.4137547264830088, -0.5417989184026739, -0.5995514467821392, 1.1885366504332726, -0.11593951422879867, -0.14756432656030238, -0.37402823749424385, 0.03946535327894107, 0.7456864643461372, 0.00973808446704183, 0.15803370436217623, 0.2573692367118281, 0.3087514210455633, -0.4058534136436842], "action_grad": [[0.0, 0.0, 0.0], [0.0, 0.0, 0.0], [0.0, 0.0, 0.0], [0.0, 0.0, 0.0], [0.0, 0.0, 0.0], [0.0, 0.0, 0.0], [0.0, 0.0, 0.0], [0.0, 0.0, 0.0], [0.0, 0.0, 0.0], [0.0, 0.0, 0.0], [0.0, 0.0, 0.0], [0.0, 0.0, 0.0], [0.0, 0.0, 0.0], [0.0, 0.0, 0.0], [0.0, 0.0, 0.0], [0.0, 0.0, 0.0]], "action_params_change": 0, "value_params_change": 0.5007118607277725}
{"iterations": 1, "type_itr": 0, "sub_iteration": 3, "sub_it_time": 0.10239744186401367, "total_time": 0.4341297149658203, "value_loss": 1.7103811974455427, "action_loss": -0.2856047980004371, "action_probs": [[0.05386306988277083, 0.06683389898160413, 0.39240389431328776, 0.48689913682233715], [0.35142032486327623, 0.013508359573669545, 0.6115632383649424, 0.023508077198111786], [0.10707296653332186, 0.5648507269870386, 0.0522798998202105, 0.27579640665942884], [0.06574766770567415, 0.9331003021863181, 7.583065192234826e-05, 0.0010761994560853775], [0.08603241559280919, 0.4616795523003102, 0.07104360362172363, 0.38124442848515716], [0.22472429040890218, 0.30257262741776325, 0.2014573973869181, 0.27124568478641664], [0.4834484573780964, 0.20122737795925458, 0.22264986306269072, 0.09267430159995839], [0.40130253768113366, 0.06808781029291794, 0.45364162427960203, 0.07696802774634635], [0.01948505193460054, 0.04153982301805749, 0.2998118241297369, 0.6391633009176051], [0.040162134968829, 0.013315660402667982, 0.7108436738875871, 0.23567853074091585], [0.0406684518816391, 0.0692888361400602, 0.32918835900672566, 0.5608543529715749], [0.04633724061802548, 0.11278212867241125, 0.2448733192569778, 0.5960073114525856], [0.05074141152738955, 0.04820440235543177, 0.4620787830437639, 0.438975403073415], [0.20260758133018944, 0.7564954180482988, 0.008639366559121607, 0.03225763406239011], [0.7635510355389594, 0.22020576534114983, 0.012607294300138358, 0.003635904819752458], [0.32506439730766873, 0.597576050055278, 0.02725529368003343, 0.05010425895701967]], "state_values": [-0.7118027467232114, -1.152317837463695, -1.1336410615054824, -0.1507591207428962, -1.180012981058094, -1.7927912920486035, 0.27501960846342305, 1.6452647108099752, -0.8024625572280109, -0.9794764826569652, 0.887081989043046, -1.3172628181855395, 2.009846360114195, 0.2604232229417976, 2.085066869737823, 0.9335676567583783], "value_grad": [-0.01942390336812605, -0.18080253124674406, -0.03528038212591866, -0.5385747504490659, -0.28648760042185595, 0.9631413923627643, -0.027398447859846797, -0.13624399971737566, 0.018616523163350607, 0.06237905231685548, 0.6673568370904408, 0.057794398962325966, -0.18587144900372765, -0.013134486600486328, 0.3955287188452943, -0.378393249372067], "action_grad": [[0.0, 0.0, 0.0], [0.0, 0.0, 0.0], [0.0, 0.0, 0.0], [0.0, 0.0, 0.0], [0.0, 0.0, 0.0], [0.0, 0.0, 0.0], [0.0, 0.0, 0.0], [0.0, 0.0, 0.0], [0.0, 0.0, 0.0], [0.0, 0.0, 0.0], [0.0, 0.0, 0.0], [0.0, 0.0, 0.0], [0.0, 0.0, 0.0], [0.0, 0.0, 0.0], [0.0, 0.0, 0.0], [0.0, 0.0, 0.0]], "action_params_change": 0, "value_params_change": 0.5023370703186925}
{"iterations": 1, "type_itr": 0, "sub_iteration": 4, "sub_it_time": 0.1030421257019043, "total_time": 0.5479025840759277, "value_loss": 1.0234594898663891, "action_loss": -0.006949866516091078, "action_probs": [[0.05386306988277083, 0.06683389898160413, 0.39240389431328776, 0.48689913682233715], [0.35142032486327623, 0.013508359573669545, 0.6115632383649424, 0.023508077198111786], [0.10707296653332186, 0.5648507269870386, 0.0522798998202105, 0.27579640665942884], [0.06574766770567415, 0.9331003021863181, 7.583065192234826e-05, 0.0010761994560853775], [0.08603241559280919, 0.4616795523003102, 0.07104360362172363, 0.38124442848515716], [0.22472429040890218, 0.30257262741776325, 0.2014573973869181, 0.27124568478641664], [0.4834484573780964, 0.20122737795925458, 0.22264986306269072, 0.09267430159995839], [0.40130253768113366, 0.06808781029291794, 0.45364162427960203, 0.07696802774634635], [0.01948505193460054, 0.04153982301805749, 0.2998118241297369, 0.6391633009176051], [0.040162134968829, 0.013315660402667982, 0.7108436738875871, 0.23567853074091585], [0.0406684518816391, 0.0692888361400602, 0.32918835900672566, 0.5608543529715749], [0.04633724061802548, 0.11278212867241125, 0.2448733192569778, 0.5960073114525856], [0.05074141152738955, 0.04820440235543177, 0.4620787830437639, 0.438975403073415], [0.20260758133018944, 0.7564954180482988, 0.008639366559121607, 0.03225763406239011], [0.7635510355389594, 0.22020576534114983, 0.012607294300138358, 0.003635904819752458], [0.32506439730766873, 0.597576050055278, 0.02725529368003343, 0.05010425895701967]], "state_values": [-1.4305536071545157, -1.6389335083338692, -1.671663756245808, 1.0942919438923602, -2.0556185203679624, -0.6558582008636594, -0.18481894629911996, 0.454082547926797, -1.3405186553719288, -0.6097494585476143, -0.3065698687891768, -1.2474281579975153, 2.2501548692029147, 0.0576335319024214, 0.9317629889646926, -0.2746229665668827], "value_grad": [0.04175061375371003, 0.02438473791646545, -0.4024205681331503, -0.4870664654917971, 0.058493160661971855, 0.4754979281786015, 0.11717170380590658, -0.092066213322886, 0.3535600039713347, 0.056917540401367095, 0.355929890207491, 0.07530113049720333, -0.40325772968586004, -0.2398682959665812, 0.43253413058571466, -0.22488970842205758], "action_grad": [[0.0, 0.0, 0.0], [0.0, 0.0, 0.0], [0.0, 0.0, 0.0], [0.0, 0.0, 0.0], [0.0, 0.0, 0.0], [0.0, 0.0, 0.0], [0.0, 0.0, 0.0], [0.0, 0.0, 0.0], [0.0, 0.0, 0.0], [0.0, 0.0, 0.0], [0.0, 0.0, 0.0], [0.0, 0.0, 0.0], [0.0, 0.0, 0.0], [0.0, 0.0, 0.0], [0.0, 0.0, 0.0], [0.0, 0.0, 0.0]], "action_params_change": 0, "value_params_change": 0.5016014719958828}
{"iterations": 1, "type_itr": 0, "sub_iteration": 5, "sub_it_time": 0.10353922843933105, "total_time": 0.6665375232696533, "value_loss": 1.0642905100583104, "action_loss": 0.18437033618422052, "action_probs": [[0.05386306988277083, 0.06683389898160413, 0.39240389431328776, 0.48689913682233715], [0.35142032486327623, 0.013508359573669545, 0.6115632383649424, 0.023508077198111786], [0.10707296653332186, 0.5648507269870386, 0.0522798998202105, 0.27579640665942884], [0.06574766770567415, 0.9331003021863181, 7.583065192234826e-05, 0.0010761994560853775], [0.08603241559280919, 0.4616795523003102, 0.07104360362172363, 0.38124442848515716], [0.22472429040890218, 0.30257262741776325, 0.2014573973869181, 0.27124568478641664], [0.4834484573780964, 0.20122737795925458, 0.22264986306269072, 0.09267430159995839], [0.40130253768113366, 0.06808781029291794, 0.45364162427960203, 0.07696802774634635], [0.01948505193460054, 0.04153982301805749, 0.2998118241297369, 0.6391633009176051], [0.040162134968829, 0.013315660402667982, 0.7108436738875871, 0.23567853074091585], [0.0406684518816391, 0.0692888361400602, 0.32918835900672566, 0.5608543529715749], [0.04633724061802548, 0.11278212867241125, 0.2448733192569778, 0.5960073114525856], [0.05074141152738955, 0.04820440235543177, 0.4620787830437639, 0.438975403073415], [0.20260758133018944, 0.7564954180482988, 0.008639366559121607, 0.03225763406239011], [0.7635510355389594, 0.22020576534114983, 0.012607294300138358, 0.003635904819752458], [0.32506439730766873, 0.597576050055278, 0.02725529368003343, 0.05010425895701967]], "state_values": [-1.7810043507349318, -1.7514126451776904, -1.8530782410826527, 2.258253056311318, -2.593173503232846, 0.3088760642716652, -0.8069071550446811, -0.6572301123867573, -1.487274029759621, -0.12664803592038212, -1.2958897013137254, -0.932712185896236, 2.173874627025866, 0.17364666164386494, -0.293648736187555, -1.303624537679751], "value_grad": [0.08122841468152586, 0.2233836263143032, -0.632215824264608, -0.4034835674873598, 0.351982008820533, -0.13766834292605568, 0.14112800997935637, -0.026796968373847374, 0.5306310078013049, 0.03586303463189289, -0.05429287443807462, 0.07158300292181297, -0.4828992424480656, -0.24773905449186429, 0.38406889270303535, 0.002260148194641376], "action_grad": [[0.0, 0.0, 0.0], [0.0, 0.0, 0.0], [0.0, 0.0, 0.0], [0.0, 0.0, 0.0], [0.0, 0.0, 0.0], [0.0, 0.0, 0.0], [0.0, 0.0, 0.0], [0.0, 0.0, 0.0], [0.0, 0.0, 0.0], [0.0, 0.0, 0.0], [0.0, 0.0, 0.0], [0.0, 0.0, 0.0], [0.0, 0.0, 0.0], [0.0, 0.0, 0.0], [0.0, 0.0, 0.0], [0.0, 0.0, 0.0]], "action_params_change": 0, "value_params_change": 0.4959403802181952}
{"iterations": 1, "type_itr": 0, "sub_iteration": 6, "sub_it_time": 0.10483837127685547, "total_time": 0.7741577625274658, "value_loss": 1.520518015493658, "action_loss": 0.2819518211615951, "action_probs": [[0.05386306988277083, 0.06683389898160413, 0.39240389431328776, 0.48689913682233715], [0.35142032486327623, 0.013508359573669545, 0.6115632383649424, 0.023508077198111786], [0.10707296653332186, 0.5648507269870386, 0.0522798998202105, 0.27579640665942884], [0.06574766770567415, 0.9331003021863181, 7.583065192234826e-05, 0.0010761994560853775], [0.08603241559280919, 0.4616795523003102, 0.07104360362172363, 0.38124442848515716], [0.22472429040890218, 0.30257262741776325, 0.2014573973869181, 0.27124568478641664], [0.4834484573780964, 0.20122737795925458, 0.22264986306269072, 0.09267430159995839], [0.40130253768113366, 0.06808781029291794, 0.45364162427960203, 0.07696802774634635], [0.01948505193460054, 0.04153982301805749, 0.2998118241297369, 0.6391633009176051], [0.040162134968829, 0.013315660402667982, 0.7108436738875871, 0.23567853074091585], [0.0406684518816391, 0.0692888361400602, 0.32918835900672566, 0.5608543529715749], [0.04633724061802548, 0.11278212867241125, 0.2448733192569778, 0.5960073114525856], [0.05074141152738955, 0.04820440235543177, 0.4620787830437639, 0.438975403073415], [0.20260758133018944, 0.7564954180482988, 0.008639366559121607, 0.03225763406239011], [0.7635510355389594, 0.22020576534114983, 0.012607294300138358, 0.003635904819752458], [0.32506439730766873, 0.597576050055278, 0.02725529368003343, 0.05010425895701967]], "state_values": [-1.830479949435794, -1.5154416995683544, -1.7449493171898574, 3.2602739010084454, -2.8143306004225894, 0.9155191338752153, -1.3969398954710857, -1.5061911915177788, -1.3483106613038742, 0.33079390150752935, -1.9161723252487883, -0.48150680613846336, 1.8795839097742302, 0.3762319989472856, -1.477443927124463, -1.9692793111927325], "value_grad": [0.09861691528539596, 0.33303566497616854, -0.7686679681288582, -0.3073915107032408, 0.5451461625724403, -0.6479910820731483, 0.03427273286467458, 0.03860841843683582, 0.5789301908337725, 0.00750254011888285, -0.3837566245274473, 0.05430076781907256, -0.47555792555195153, -0.09694321322441635, 0.22271095712417455, 0.20191459562064384], "action_grad": [[0.0, 0.0, 0.0], [0.0, 0.0, 0.0], [0.0, 0.0, 0.0], [0.0, 0.0, 0.0], [0.0, 0.0, 0.0], [0.0, 0.0, 0.0], [0.0, 0.0, 0.0], [0.0, 0.0, 0.0], [0.0, 0.0, 0.0], [0.0, 0.0, 0.0], [0.0, 0.0, 0.0], [0.0, 0.0, 0.0], [0.0, 0.0, 0.0], [0.0, 0.0, 0.0], [0.0, 0.0, 0.0], [0.0, 0.0, 0.0]], "action_params_change": 0, "value_params_change": 0.4833538696013009}
{"iterations": 1, "type_itr": 0, "sub_iteration": 7, "sub_it_time": 0.09968686103820801, "total_time": 0.8813750743865967, "value_loss": 2.0064389805212874, "action_loss": 0.2966566164582545, "action_probs": [[0.05386306988277083, 0.06683389898160413, 0.39240389431328776, 0.48689913682233715], [0.35142032486327623, 0.013508359573669545, 0.6115632383649424, 0.023508077198111786], [0.10707296653332186, 0.5648507269870386, 0.0522798998202105, 0.27579640665942884], [0.06574766770567415, 0.9331003021863181, 7.583065192234826e-05, 0.0010761994560853775], [0.08603241559280919, 0.4616795523003102, 0.07104360362172363, 0.38124442848515716], [0.22472429040890218, 0.30257262741776325, 0.2014573973869181, 0.27124568478641664], [0.4834484573780964, 0.20122737795925458, 0.22264986306269072, 0.09267430159995839], [0.40130253768113366, 0.06808781029291794, 0.45364162427960203, 0.07696802774634635], [0.01948505193460054, 0.04153982301805749, 0.2998118241297369, 0.6391633009176051], [0.040162134968829, 0.013315660402667982, 0.7108436738875871, 0.23567853074091585], [0.0406684518816391, 0.0692888361400602, 0.32918835900672566, 0.5608543529715749], [0.04633724061802548, 0.11278212867241125, 0.2448733192569778, 0.5960073114525856], [0.05074141152738955, 0.04820440235543177, 0.4620787830437639, 0.438975403073415], [0.20260758133018944, 0.7564954180482988, 0.008639366559121607, 0.03225763406239011], [0.7635510355389594, 0.22020576534114983, 0.012607294300138358, 0.003635904819752458], [0.32506439730766873, 0.597576050055278, 0.02725529368003343, 0.05010425895701967]], "state_values": [-1.6572241773155159, -1.0412357469813471, -1.4073800266644079, 4.043343554122403, -2.7851736202160726, 1.1588427244774586, -1.6764289427974886, -2.013858322548302, -1.0140389756167234, 0.639795916526168, -2.1870835474559693, 0.009579384077794144, 1.434483326122802, 0.440385960787552, -2.4357056359951272, -2.270747822876774], "value_grad": [0.10094075883842102, 0.34142124669774754, -0.8481648256985428, -0.2161972404900654, 0.6505588551543, -0.9208378190414772, -0.12591302976040852, 0.08510837703355456, 0.5364059423505778, -0.019559339703453915, -0.5472217005812485, 0.02840066128833163, -0.4128628426601426, 0.10909268199368727, -0.02460161107205039, 0.31188807042389755], "action_grad": [[0.0, 0.0, 0.0], [0.0, 0.0, 0.0], [0.0, 0.0, 0.0], [0.0, 0.0, 0.0], [0.0, 0.0, 0.0], [0.0, 0.0, 0.0], [0.0, 0.0, 0.0], [0.0, 0.0, 0.0], [0.0, 0.0, 0.0], [0.0, 0.0, 0.0], [0.0, 0.0, 0.0], [0.0, 0.0, 0.0], [0.0, 0.0, 0.0], [0.0, 0.0, 0.0], [0.0, 0.0, 0.0], [0.0, 0.0, 0.0]], "action_params_change": 0, "value_params_change": 0.46318807175753807}
{"iterations": 1, "type_itr": 0, "sub_iteration": 8, "sub_it_time": 0.1011345386505127, "total_time": 0.9983806610107422, "value_loss": 2.2473183053242765, "action_loss": 0.24777455745591448, "action_probs": [[0.05386306988277083, 0.06683389898160413, 0.39240389431328776, 0.48689913682233715], [0.35142032486327623, 0.013508359573669545, 0.6115632383649424, 0.023508077198111786], [0.10707296653332186, 0.5648507269870386, 0.0522798998202105, 0.27579640665942884], [0.06574766770567415, 0.9331003021863181, 7.583065192234826e-05, 0.0010761994560853775], [0.08603241559280919, 0.4616795523003102, 0.07104360362172363, 0.38124442848515716], [0.22472429040890218, 0.30257262741776325, 0.2014573973869181, 0.27124568478641664], [0.4834484573780964, 0.20122737795925458, 0.22264986306269072, 0.09267430159995839], [0.40130253768113366, 0.06808781029291794, 0.45364162427960203, 0.07696802774634635], [0.01948505193460054, 0.04153982301805749, 0.2998118241297369, 0.6391633009176051], [0.040162134968829, 0.013315660402667982, 0.7108436738875871, 0.23567853074091585], [0.0406684518816391, 0.0692888361400602, 0.32918835900672566, 0.5608543529715749], [0.04633724061802548, 0.11278212867241125, 0.2448733192569778, 0.5960073114525856], [0.05074141152738955, 0.04820440235543177, 0.4620787830437639, 0.438975403073415], [0.20260758133018944, 0.7564954180482988, 0.008639366559121607, 0.03225763406239011], [0.7635510355389594, 0.22020576534114983, 0.012607294300138358, 0.003635904819752458], [0.32506439730766873, 0.597576050055278, 0.02725529368003343, 0.05010425895701967]], "state_values": [-1.3219595979493237, -0.42744269024594955, -0.8858545784778213, 4.584163599233597, -2.556799369082477, 1.1272917686465767, -1.5978895601645902, -2.2190317169424367, -0.5599751750082379, 0.7422109861474795, -2.1948230589521724, 0.44374619740400184, 0.8949731107436157, 0.24985708794660327, -3.0309591603560144, -2.292887379912043], "value_grad": [0.09265326003444097, 0.2635428218382212, -0.8830283299264294, -0.14044963789578802, 0.7001484021618429, -0.971041175012253, -0.21839408778282632, 0.10922997648754151, 0.4167987923309209, -0.03760155400787557, -0.5958434853951098, -0.0005676570299710804, -0.3146388469831223, 0.26304587391186063, -0.24755197810197505, 0.35339921194865376], "action_grad": [[0.0, 0.0, 0.0], [0.0, 0.0, 0.0], [0.0, 0.0, 0.0], [0.0, 0.0, 0.0], [0.0, 0.0, 0.0], [0.0, 0.0, 0.0], [0.0, 0.0, 0.0], [0.0, 0.0, 0.0], [0.0, 0.0, 0.0], [0.0, 0.0, 0.0], [0.0, 0.0, 0.0], [0.0, 0.0, 0.0], [0.0, 0.0, 0.0], [0.0, 0.0, 0.0], [0.0, 0.0, 0.0], [0.0, 0.0, 0.0]], "action_params_change": 0, "value_params_change": 0.4363773086686309}
{"iterations": 1, "type_itr": 0, "sub_iteration": 9, "sub_it_time": 0.10271477699279785, "total_time": 1.1033639907836914, "value_loss": 2.1427971763698546, "action_loss": 0.15915977223493322, "action_probs": [[0.05386306988277083, 0.06683389898160413, 0.39240389431328776, 0.48689913682233715], [0.35142032486327623, 0.013508359573669545, 0.6115632383649424, 0.023508077198111786], [0.10707296653332186, 0.5648507269870386, 0.0522798998202105, 0.27579640665942884], [0.06574766770567415, 0.9331003021863181, 7.583065192234826e-05, 0.0010761994560853775], [0.08603241559280919, 0.4616795523003102, 0.07104360362172363, 0.38124442848515716], [0.22472429040890218, 0.30257262741776325, 0.2014573973869181, 0.27124568478641664], [0.4834484573780964, 0.20122737795925458, 0.22264986306269072, 0.09267430159995839], [0.40130253768113366, 0.06808781029291794, 0.45364162427960203, 0.07696802774634635], [0.01948505193460054, 0.04153982301805749, 0.2998118241297369, 0.6391633009176051], [0.040162134968829, 0.013315660402667982, 0.7108436738875871, 0.23567853074091585], [0.0406684518816391, 0.0692888361400602, 0.32918835900672566, 0.5608543529715749], [0.04633724061802548, 0.11278212867241125, 0.2448733192569778, 0.5960073114525856], [0.05074141152738955, 0.04820440235543177, 0.4620787830437639, 0.438975403073415], [0.20260758133018944, 0.7564954180482988, 0.008639366559121607, 0.03225763406239011], [0.7635510355389594, 0.22020576534114983, 0.012607294300138358, 0.003635904819752458], [0.32506439730766873, 0.597576050055278, 0.02725529368003343, 0.05010425895701967]], "state_values": [-0.8767743857924947, 0.21657734864741224, -0.22266019948391558, 4.89189074247734, -2.1615604305382297, 0.9075434417666888, -1.2699189870657925, -2.1892265098702812, -0.06398294697257081, 0.6533162879454159, -2.00766666216735, 0.7413042543216742, 0.31811675323945976, -0.15754755628639747, -3.291865223156586, -2.1056090692825777], "value_grad": [0.0755494862049697, 0.12379871048666535, -0.8636998084594822, -0.08253123300757048, 0.706963237785837, -0.8646715755553804, -0.2219668644817374, 0.1178366071842536, 0.23398291062239718, -0.04349489100570336, -0.5835140786878408, -0.026191885291495964, -0.19817135546404296, 0.3029181554910849, -0.38000116899279535, 0.3589499449371276], "action_grad": [[0.0, 0.0, 0.0], [0.0, 0.0, 0.0], [0.0, 0.0, 0.0], [0.0, 0.0, 0.0], [0.0, 0.0, 0.0], [0.0, 0.0, 0.0], [0.0, 0.0, 0.0], [0.0, 0.0, 0.0], [0.0, 0.0, 0.0], [0.0, 0.0, 0.0], [0.0, 0.0, 0.0], [0.0, 0.0, 0.0], [0.0, 0.0, 0.0], [0.0, 0.0, 0.0], [0.0, 0.0, 0.0], [0.0, 0.0, 0.0]], "action_params_change": 0, "value_params_change": 0.4047888828678142}
{"iterations": 1, "type_itr": 0, "sub_iteration": 10, "sub_it_time": 0.10148978233337402, "total_time": 1.2144191265106201, "value_loss": 1.792857650372235, "action_loss": 0.054459014639615555, "action_probs": [[0.05386306988277083, 0.06683389898160413, 0.39240389431328776, 0.48689913682233715], [0.35142032486327623, 0.013508359573669545, 0.6115632383649424, 0.023508077198111786], [0.10707296653332186, 0.5648507269870386, 0.0522798998202105, 0.27579640665942884], [0.06574766770567415, 0.9331003021863181, 7.583065192234826e-05, 0.0010761994560853775], [0.08603241559280919, 0.4616795523003102, 0.07104360362172363, 0.38124442848515716], [0.22472429040890218, 0.30257262741776325, 0.2014573973869181, 0.27124568478641664], [0.4834484573780964, 0.20122737795925458, 0.22264986306269072, 0.09267430159995839], [0.40130253768113366, 0.06808781029291794, 0.45364162427960203, 0.07696802774634635], [0.01948505193460054, 0.04153982301805749, 0.2998118241297369, 0.6391633009176051], [0.040162134968829, 0.013315660402667982, 0.7108436738875871, 0.23567853074091585], [0.0406684518816391, 0.0692888361400602, 0.32918835900672566, 0.5608543529715749], [0.04633724061802548, 0.11278212867241125, 0.2448733192569778, 0.5960073114525856], [0.05074141152738955, 0.04820440235543177, 0.4620787830437639, 0.438975403073415], [0.20260758133018944, 0.7564954180482988, 0.008639366559121607, 0.03225763406239011], [0.7635510355389594, 0.22020576534114983, 0.012607294300138358, 0.003635904819752458], [0.32506439730766873, 0.597576050055278, 0.02725529368003343, 0.05010425895701967]], "state_values": [-0.375910115584324, 0.7607841652954629, 0.5334775181877938, 4.998651424246121, -1.6270037224825484, 0.5717056777788723, -0.7937351879331354, -1.977334730413226, 0.3881570120669245, 0.42541249407799886, -1.6755829000470492, 0.8653925197752836, -0.23798494603476203, -0.6904450200759465, -3.299642267779954, -1.7587184383417154], "value_grad": [0.05115111905952907, -0.03806931100338895, -0.7737500569147382, -0.03897995424958789, 0.6647694704469485, -0.6548896083022773, -0.16791757814485253, 0.11663366787608065, 0.018024446960213325, -0.038382510251083746, -0.5208373520646954, -0.043442949929774155, -0.07867534083078143, 0.23842756107518026, -0.45329913820262013, 0.3334177177907567], "action_grad": [[0.0, 0.0, 0.0], [0.0, 0.0, 0.0], [0.0, 0.0, 0.0], [0.0, 0.0, 0.0], [0.0, 0.0, 0.0], [0.0, 0.0, 0.0], [0.0, 0.0, 0.0], [0.0, 0.0, 0.0], [0.0, 0.0, 0.0], [0.0, 0.0, 0.0], [0.0, 0.0, 0.0], [0.0, 0.0, 0.0], [0.0, 0.0, 0.0], [0.0, 0.0, 0.0], [0.0, 0.0, 0.0], [0.0, 0.0, 0.0]], "action_params_change": 0, "value_params_change": 0.3702031359704878}
{"iterations": 1, "type_itr": 0, "sub_iteration": 11, "sub_it_time": 0.09882473945617676, "total_time": 1.3262393474578857, "value_loss": 1.3855539088271656, "action_loss": -0.04990698147489313, "action_probs": [[0.05386306988277083, 0.06683389898160413, 0.39240389431328776, 0.48689913682233715], [0.35142032486327623, 0.013508359573669545, 0.6115632383649424, 0.023508077198111786], [0.10707296653332186, 0.5648507269870386, 0.0522798998202105, 0.27579640665942884], [0.06574766770567415, 0.9331003021863181, 7.583065192234826e-05, 0.0010761994560853775], [0.08603241559280919, 0.4616795523003102, 0.07104360362172363, 0.38124442848515716], [0.22472429040890218, 0.30257262741776325, 0.2014573973869181, 0.27124568478641664], [0.4834484573780964, 0.20122737795925458, 0.22264986306269072, 0.09267430159995839], [0.40130253768113366, 0.06808781029291794, 0.45364162427960203, 0.07696802774634635], [0.01948505193460054, 0.04153982301805749, 0.2998118241297369, 0.6391633009176051], [0.040162134968829, 0.013315660402667982, 0.7108436738875871, 0.23567853074091585], [0.0406684518816391, 0.0692888361400602, 0.32918835900672566, 0.5608543529715749], [0.04633724061802548, 0.11278212867241125, 0.2448733192569778, 0.5960073114525856], [0.05074141152738955, 0.04820440235543177, 0.4620787830437639, 0.438975403073415], [0.20260758133018944, 0.7564954180482988, 0.008639366559121607, 0.03225763406239011], [0.7635510355389594, 0.22020576534114983, 0.012607294300138358, 0.003635904819752458], [0.32506439730766873, 0.597576050055278, 0.02725529368003343, 0.05010425895701967]], "state_values": [0.12067575943349748, 1.102901554517341, 1.3235895281448182, 4.9485238607950075, -0.9884221631097029, 0.18690827624957343, -0.26951557855315, -1.6225834180562215, 0.7173372288856832, 0.12484751657636607, -1.245494976826076, 0.8226179405007231, -0.7229038734324811, -1.2377649629550176, -3.1041502581620737, -1.2987416505282299], "value_grad": [0.022212752247892542, -0.17215361813408814, -0.6080363182328057, -0.004230094744853474, 0.5617518548112546, -0.3833152068820913, -0.08234140701035808, 0.10762154654753742, -0.1884125157524743, -0.025117812782114113, -0.4055269429503543, -0.05050775294482035, 0.02783397818531297, 0.10426254207019281, -0.5069412590424167, 0.27101388444089713], "action_grad": [[0.0, 0.0, 0.0], [0.0, 0.0, 0.0], [0.0, 0.0, 0.0], [0.0, 0.0, 0.0], [0.0, 0.0, 0.0], [0.0, 0.0, 0.0], [0.0, 0.0, 0.0], [0.0, 0.0, 0.0], [0.0, 0.0, 0.0], [0.0, 0.0, 0.0], [0.0, 0.0, 0.0], [0.0, 0.0, 0.0], [0.0, 0.0, 0.0], [0.0, 0.0, 0.0], [0.0, 0.0, 0.0], [0.0, 0.0, 0.0]], "action_params_change": 0, "value_params_change": 0.33368660655259835}
{"iterations": 1, "type_itr": 0, "sub_iteration": 12, "sub_it_time": 0.10363531112670898, "total_time": 1.4325370788574219, "value_loss": 1.069338999881564, "action_loss": -0.1460886465039475, "action_probs": [[0.05386306988277083, 0.06683389898160413, 0.39240389431328776, 0.48689913682233715], [0.35142032486327623, 0.013508359573669545, 0.6115632383649424, 0.023508077198111786], [0.10707296653332186, 0.5648507269870386, 0.0522798998202105, 0.27579640665942884], [0.06574766770567415, 0.9331003021863181, 7.583065192234826e-05, 0.0010761994560853775], [0.08603241559280919, 0.4616795523003102, 0.07104360362172363, 0.38124442848515716], [0.22472429040890218, 0.30257262741776325, 0.2014573973869181, 0.27124568478641664], [0.4834484573780964, 0.20122737795925458, 0.22264986306269072, 0.09267430159995839], [0.40130253768113366, 0.06808781029291794, 0.45364162427960203, 0.07696802774634635], [0.01948505193460054, 0.04153982301805749, 0.2998118241297369, 0.6391633009176051], [0.040162134968829, 0.013315660402667982, 0.7108436738875871, 0.23567853074091585], [0.0406684518816391, 0.0692888361400602, 0.32918835900672566, 0.5608543529715749], [0.04633724061802548, 0.11278212867241125, 0.2448733192569778, 0.5960073114525856], [0.05074141152738955, 0.04820440235543177, 0.4620787830437639, 0.438975403073415], [0.20260758133018944, 0.7564954180482988, 0.008639366559121607, 0.03225763406239011], [0.7635510355389594, 0.22020576534114983, 0.012607294300138358, 0.003635904819752458], [0.32506439730766873, 0.597576050055278, 0.02725529368003343, 0.05010425895701967]], "state_values": [0.5532356709806479, 1.2203049044950582, 2.0816931216394567, 4.789210034095322, -0.29652235847595826, -0.18133441319157317, 0.20211523638526985, -1.1613672429645567, 0.8762213078920292, -0.17497827287637324, -0.7718272786222623, 0.6449744994593387, -1.103885654779078, -1.6757367161971073, -2.725754988925023, -0.7821519780477127], "value_grad": [-0.007148958000418482, -0.24476970064425263, -0.38316609983492667, 0.026494124497223215, 0.39457653459609543, -0.09410692892324968, 0.003179100342586727, 0.09094782024875792, -0.3464075595684568, -0.007395945648871027, -0.24451630359556864, -0.048082678171436743, 0.10941830158566068, -0.056103363923134975, -0.5517929210090861, 0.1724391447690239], "action_grad": [[0.0, 0.0, 0.0], [0.0, 0.0, 0.0], [0.0, 0.0, 0.0], [0.0, 0.0, 0.0], [0.0, 0.0, 0.0], [0.0, 0.0, 0.0], [0.0, 0.0, 0.0], [0.0, 0.0, 0.0], [0.0, 0.0, 0.0], [0.0, 0.0, 0.0], [0.0, 0.0, 0.0], [0.0, 0.0, 0.0], [0.0, 0.0, 0.0], [0.0, 0.0, 0.0], [0.0, 0.0, 0.0], [0.0, 0.0, 0.0]], "action_params_change": 0, "value_params_change": 0.32300644316869453}
{"iterations": 1, "type_itr": 0, "sub_iteration": 13, "sub_it_time": 0.09900093078613281, "total_time": 1.540156364440918, "value_loss": 0.9051673868349981, "action_loss": -0.23325842938115385, "action_probs": [[0.05386306988277083, 0.06683389898160413, 0.39240389431328776, 0.48689913682233715], [0.35142032486327623, 0.013508359573669545, 0.6115632383649424, 0.023508077198111786], [0.10707296653332186, 0.5648507269870386, 0.0522798998202105, 0.27579640665942884], [0.06574766770567415, 0.9331003021863181, 7.583065192234826e-05, 0.0010761994560853775], [0.08603241559280919, 0.4616795523003102, 0.07104360362172363, 0.38124442848515716], [0.22472429040890218, 0.30257262741776325, 0.2014573973869181, 0.27124568478641664], [0.4834484573780964, 0.20122737795925458, 0.22264986306269072, 0.09267430159995839], [0.40130253768113366, 0.06808781029291794, 0.45364162427960203, 0.07696802774634635], [0.01948505193460054, 0.04153982301805749, 0.2998118241297369, 0.6391633009176051], [0.040162134968829, 0.013315660402667982, 0.7108436738875871, 0.23567853074091585], [0.0406684518816391, 0.0692888361400602, 0.32918835900672566, 0.5608543529715749], [0.04633724061802548, 0.11278212867241125, 0.2448733192569778, 0.5960073114525856], [0.05074141152738955, 0.04820440235543177, 0.4620787830437639, 0.438975403073415], [0.20260758133018944, 0.7564954180482988, 0.008639366559121607, 0.03225763406239011], [0.7635510355389594, 0.22020576534114983, 0.012607294300138358, 0.003635904819752458], [0.32506439730766873, 0.597576050055278, 0.02725529368003343, 0.05010425895701967]], "state_values": [0.8748246249462974, 1.1488224964111071, 2.74694077199067, 4.566875952073768, 0.3820833579299341, -0.47578471007694173, 0.5623844145993363, -0.63563144058584, 0.8579468922247719, -0.40450342754492696, -0.3170672607160553, 0.37674245298907594, -1.367996685221283, -1.9098173371383746, -2.1759805453193097, -0.2790094461654488], "value_grad": [-0.03258250798076512, -0.2533016772979565, -0.13877190334529477, 0.055894431374256204, 0.1785078632351016, 0.16916491823304813, 0.054097337575968574, 0.0669384465722751, -0.4350472956014849, 0.010362564686492215, -0.06184329394698973, -0.03790077709193107, 0.16373884590356425, -0.19780452582306896, -0.5753810445413885, 0.05129861822453319], "action_grad": [[0.0, 0.0, 0.0], [0.0, 0.0, 0.0], [0.0, 0.0, 0.0], [0.0, 0.0, 0.0], [0.0, 0.0, 0.0], [0.0, 0.0, 0.0], [0.0, 0.0, 0.0], [0.0, 0.0, 0.0], [0.0, 0.0, 0.0], [0.0, 0.0, 0.0], [0.0, 0.0, 0.0], [0.0, 0.0, 0.0], [0.0, 0.0, 0.0], [0.0, 0.0, 0.0], [0.0, 0.0, 0.0], [0.0, 0.0, 0.0]], "action_params_change": 0, "value_params_change": 0.3044344153022256}
