{"iterations": 0, "type_itr": 0, "sub_iteration": 0, "sub_it_time": 0, "total_time": 0, "value_loss": 0, "action_loss": 0, "action_probs": [[0.1494008694341762, 0.09282042665682078, 0.4673940691002528, 0.29038463480875026], [0.3220567367932092, 0.2901066936405791, 0.2040392708774792, 0.18379729868873257], [0.01040818718242887, 0.01592476470237177, 0.3848451527379037, 0.5888218953772956], [0.0169303548494816, 0.7184517516512586, 0.00609217275870757, 0.2585257207405522], [0.3108944401860683, 0.031995011950193455, 0.5957955680633579, 0.06131497980038067], [0.00013820374233491534, 0.13157103463890282, 0.0009111056609650943, 0.867379655957797], [0.5327394623413823, 0.3529736220794769, 0.0687413915738834, 0.04554552400525722], [0.0009428429278038828, 0.0897903656784647, 0.009448533529467616, 0.8998182578642641], [0.05994400486699866, 0.010849550666426315, 0.7867998041608762, 0.1424066403056987], [0.21654212702807654, 0.001333694413151863, 0.7773365218080834, 0.004787656750688153], [0.055221588480776504, 0.002248057215202412, 0.9056611142403279, 0.03686924006369322], [0.02838389072768128, 0.36187355051904385, 0.04434730598443131, 0.5653952527688437], [0.16971231728666658, 0.004119754428071457, 0.8065880605007417, 0.019579867784520352], [0.1578336966295485, 0.09573351820117387, 0.46461939429908694, 0.2818133908701905], [0.10409146336459327, 0.23197304672636906, 0.20564509089523886, 0.45829039901379875], [0.7129070563356369, 0.24518898768447514, 0.03118019961870637, 0.010723756361181511]], "state_values": [2.30917305199004, 3.9179938672666377, -3.7483629282027424, 3.1720752956578315, 4.812759903285842, 3.1943240788609666, 4.6763462321411655, 0.2917242912725118, 1.7381992849115313, -3.1321488382648006, 2.5122710345645167, -1.5717820901173436, 3.0693747602728965, 0.5084658389677608, -4.515965766939303, -3.3716238279811757], "value_grad": [0.0, 0.0, 0.0, 0.0, 0.0, 0.0, 0.0, 0.0, 0.0, 0.0, 0.0, 0.0, 0.0, 0.0, 0.0, 0.0], "action_grad": [[0.0, 0.0, 0.0], [0.0, 0.0, 0.0], [0.0, 0.0, 0.0], [0.0, 0.0, 0.0], [0.0, 0.0, 0.0], [0.0, 0.0, 0.0], [0.0, 0.0, 0.0], [0.0, 0.0, 0.0], [0.0, 0.0, 0.0], [0.0, 0.0, 0.0], [0.0, 0.0, 0.0], [0.0, 0.0, 0.0], [0.0, 0.0, 0.0], [0.0, 0.0, 0.0], [0.0, 0.0, 0.0], [0.0, 0.0, 0.0]], "action_params_change": 0, "value_params_change": 0}
{"iterations": 1, "type_itr": 0, "sub_iteration": 0, "sub_it_time": 2.370957851409912, "total_time": 2.3726131916046143, "value_loss": 9.527325630187988, "action_loss": -0.5686220526695251, "action_probs": [[0.1494008694341762, 0.09282042665682078, 0.4673940691002528, 0.29038463480875026], [0.3220567367932092, 0.2901066936405791, 0.2040392708774792, 0.18379729868873257], [0.01040818718242887, 0.01592476470237177, 0.3848451527379037, 0.5888218953772956], [0.0169303548494816, 0.7184517516512586, 0.00609217275870757, 0.2585257207405522], [0.3108944401860683, 0.031995011950193455, 0.5957955680633579, 0.06131497980038067], [0.00013820374233491534, 0.13157103463890282, 0.0009111056609650943, 0.867379655957797], [0.5327394623413823, 0.3529736220794769, 0.0687413915738834, 0.04554552400525722], [0.0009428429278038828, 0.0897903656784647, 0.009448533529467616, 0.8998182578642641], [0.05994400486699866, 0.010849550666426315, 0.7867998041608762, 0.1424066403056987], [0.21654212702807654, 0.001333694413151863, 0.7773365218080834, 0.004787656750688153], [0.055221588480776504, 0.002248057215202412, 0.9056611142403279, 0.03686924006369322], [0.02838389072768128, 0.36187355051904385, 0.04434730598443131, 0.5653952527688437], [0.16971231728666658, 0.004119754428071457, 0.8065880605007417, 0.019579867784520352], [0.1578336966295485, 0.09573351820117387, 0.46461939429908694, 0.2818133908701905], [0.10409146336459327, 0.23197304672636906, 0.20564509089523886, 0.45829039901379875], [0.7129070563356369, 0.24518898768447514, 0.03118019961870637, 0.010723756361181511]], "state_values": [1.1401923040454292, 3.0276730884351393, -2.8131647024648663, 4.029670267022281, 4.327790315175407, 2.1433574478080484, 4.093142820959931, 1.5175676816719432, 2.8440274098345624, -2.0705484375003205, 1.3646385759621593, -0.3486101378728777, 1.997447879122936, -0.7379479555716253, -3.8446039506396055, -2.353349639631986], "value_grad": [-0.02859210968017578, 0.6316194534301758, -1.8799314498901367, 0.4462137222290039, 0.12881946563720703, 0.5563802719116211, -0.8739328384399414, 0.09468364715576172, 0.2566871643066406, -0.15265750885009766, -1.4511032104492188, 0.19807910919189453, -0.3242053985595703, 0.41191959381103516, 0.6729612350463867, 0.3878822326660156], "action_grad": [[0.0, 0.0, 0.0], [0.0, 0.0, 0.0], [0.0, 0.0, 0.0], [0.0, 0.0, 0.0], [0.0, 0.0, 0.0], [0.0, 0.0, 0.0], [0.0, 0.0, 0.0], [0.0, 0.0, 0.0], [0.0, 0.0, 0.0], [0.0, 0.0, 0.0], [0.0, 0.0, 0.0], [0.0, 0.0, 0.0], [0.0, 0.0, 0.0], [0.0, 0.0, 0.0], [0.0, 0.0, 0.0], [0.0, 0.0, 0.0]], "action_params_change": 0, "value_params_change": 0.4999999973403284}
{"iterations": 1, "type_itr": 0, "sub_iteration": 1, "sub_it_time": 2.3975167274475098, "total_time": 4.772421360015869, "value_loss": 6.02189302444458, "action_loss": -0.7202997207641602, "action_probs": [[0.1494008694341762, 0.09282042665682078, 0.4673940691002528, 0.29038463480875026], [0.3220567367932092, 0.2901066936405791, 0.2040392708774792, 0.18379729868873257], [0.01040818718242887, 0.01592476470237177, 0.3848451527379037, 0.5888218953772956], [0.0169303548494816, 0.7184517516512586, 0.00609217275870757, 0.2585257207405522], [0.3108944401860683, 0.031995011950193455, 0.5957955680633579, 0.06131497980038067], [0.00013820374233491534, 0.13157103463890282, 0.0009111056609650943, 0.867379655957797], [0.5327394623413823, 0.3529736220794769, 0.0687413915738834, 0.04554552400525722], [0.0009428429278038828, 0.0897903656784647, 0.009448533529467616, 0.8998182578642641], [0.05994400486699866, 0.010849550666426315, 0.7867998041608762, 0.1424066403056987], [0.21654212702807654, 0.001333694413151863, 0.7773365218080834, 0.004787656750688153], [0.055221588480776504, 0.002248057215202412, 0.9056611142403279, 0.03686924006369322], [0.02838389072768128, 0.36187355051904385, 0.04434730598443131, 0.5653952527688437], [0.16971231728666658, 0.004119754428071457, 0.8065880605007417, 0.019579867784520352], [0.1578336966295485, 0.09573351820117387, 0.46461939429908694, 0.2818133908701905], [0.10409146336459327, 0.23197304672636906, 0.20564509089523886, 0.45829039901379875], [0.7129070563356369, 0.24518898768447514, 0.03118019961870637, 0.010723756361181511]], "state_values": [-0.018235761865153858, 1.9546643354779887, -1.7019293839259473, 4.565015916500746, 3.6681770317336366, 1.3214364052371106, 3.2541605630575243, 1.276739530330189, 2.684622349146273, -0.9517822731767159, 0.1726451145231135, 0.6319513478898633, 0.8665042909553647, -1.270818143766542, -2.933628817934573, -1.213854802261304], "value_grad": [-0.0744476318359375, 0.8808627128601074, -1.9719610214233398, 0.1316699981689453, 0.4881100654602051, 0.024551868438720703, -0.9734869003295898, -0.12818527221679688, -0.31450319290161133, -0.08157634735107422, -0.9446988105773926, 0.033898353576660156, -0.1800212860107422, -0.11983013153076172, 0.6897926330566406, 0.28119945526123047], "action_grad": [[0.0, 0.0, 0.0], [0.0, 0.0, 0.0], [0.0, 0.0, 0.0], [0.0, 0.0, 0.0], [0.0, 0.0, 0.0], [0.0, 0.0, 0.0], [0.0, 0.0, 0.0], [0.0, 0.0, 0.0], [0.0, 0.0, 0.0], [0.0, 0.0, 0.0], [0.0, 0.0, 0.0], [0.0, 0.0, 0.0], [0.0, 0.0, 0.0], [0.0, 0.0, 0.0], [0.0, 0.0, 0.0], [0.0, 0.0, 0.0]], "action_params_change": 0, "value_params_change": 0.5006781855740776}
{"iterations": 1, "type_itr": 0, "sub_iteration": 2, "sub_it_time": 2.3492274284362793, "total_time": 7.12334418296814, "value_loss": 3.5009965896606445, "action_loss": -0.6998761892318726, "action_probs": [[0.1494008694341762, 0.09282042665682078, 0.4673940691002528, 0.29038463480875026], [0.3220567367932092, 0.2901066936405791, 0.2040392708774792, 0.18379729868873257], [0.01040818718242887, 0.01592476470237177, 0.3848451527379037, 0.5888218953772956], [0.0169303548494816, 0.7184517516512586, 0.00609217275870757, 0.2585257207405522], [0.3108944401860683, 0.031995011950193455, 0.5957955680633579, 0.06131497980038067], [0.00013820374233491534, 0.13157103463890282, 0.0009111056609650943, 0.867379655957797], [0.5327394623413823, 0.3529736220794769, 0.0687413915738834, 0.04554552400525722], [0.0009428429278038828, 0.0897903656784647, 0.009448533529467616, 0.8998182578642641], [0.05994400486699866, 0.010849550666426315, 0.7867998041608762, 0.1424066403056987], [0.21654212702807654, 0.001333694413151863, 0.7773365218080834, 0.004787656750688153], [0.055221588480776504, 0.002248057215202412, 0.9056611142403279, 0.03686924006369322], [0.02838389072768128, 0.36187355051904385, 0.04434730598443131, 0.5653952527688437], [0.16971231728666658, 0.004119754428071457, 0.8065880605007417, 0.019579867784520352], [0.1578336966295485, 0.09573351820117387, 0.46461939429908694, 0.2818133908701905], [0.10409146336459327, 0.23197304672636906, 0.20564509089523886, 0.45829039901379875], [0.7129070563356369, 0.24518898768447514, 0.03118019961870637, 0.010723756361181511]], "state_values": [-1.0875766182380966, 0.7605080631368422, -0.49679134760909227, 4.863953547095753, 2.7817649552217305, 1.1644834112847, 2.217179284132118, 1.2122411897779735, 2.089215483278254, 0.24905212991502287, -0.887907521642517, 1.1119644775299427, 0.21718704904811215, -1.3944164819728564, -1.8555226354880705, -0.007521625200920322], "value_grad": [-0.021185636520385742, 0.7444398403167725, -1.6110467910766602, 0.0683896541595459, 0.5685765743255615, -0.34040164947509766, -0.8474798202514648, 0.02522587776184082, -0.422809362411499, -0.12881922721862793, -0.322145938873291, -0.06252837181091309, 0.10858297348022461, -0.15273737907409668, 0.541292667388916, 0.2758932113647461], "action_grad": [[0.0, 0.0, 0.0], [0.0, 0.0, 0.0], [0.0, 0.0, 0.0], [0.0, 0.0, 0.0], [0.0, 0.0, 0.0], [0.0, 0.0, 0.0], [0.0, 0.0, 0.0], [0.0, 0.0, 0.0], [0.0, 0.0, 0.0], [0.0, 0.0, 0.0], [0.0, 0.0, 0.0], [0.0, 0.0, 0.0], [0.0, 0.0, 0.0], [0.0, 0.0, 0.0], [0.0, 0.0, 0.0], [0.0, 0.0, 0.0]], "action_params_change": 0, "value_params_change": 0.4985030466851712}
{"iterations": 1, "type_itr": 0, "sub_iteration": 3, "sub_it_time": 2.405440092086792, "total_time": 9.530619621276855, "value_loss": 1.7377667427062988, "action_loss": -0.6957233548164368, "action_probs": [[0.1494008694341762, 0.09282042665682078, 0.4673940691002528, 0.29038463480875026], [0.3220567367932092, 0.2901066936405791, 0.2040392708774792, 0.18379729868873257], [0.01040818718242887, 0.01592476470237177, 0.3848451527379037, 0.5888218953772956], [0.0169303548494816, 0.7184517516512586, 0.00609217275870757, 0.2585257207405522], [0.3108944401860683, 0.031995011950193455, 0.5957955680633579, 0.06131497980038067], [0.00013820374233491534, 0.13157103463890282, 0.0009111056609650943, 0.867379655957797], [0.5327394623413823, 0.3529736220794769, 0.0687413915738834, 0.04554552400525722], [0.0009428429278038828, 0.0897903656784647, 0.009448533529467616, 0.8998182578642641], [0.05994400486699866, 0.010849550666426315, 0.7867998041608762, 0.1424066403056987], [0.21654212702807654, 0.001333694413151863, 0.7773365218080834, 0.004787656750688153], [0.055221588480776504, 0.002248057215202412, 0.9056611142403279, 0.03686924006369322], [0.02838389072768128, 0.36187355051904385, 0.04434730598443131, 0.5653952527688437], [0.16971231728666658, 0.004119754428071457, 0.8065880605007417, 0.019579867784520352], [0.1578336966295485, 0.09573351820117387, 0.46461939429908694, 0.2818133908701905], [0.10409146336459327, 0.23197304672636906, 0.20564509089523886, 0.45829039901379875], [0.7129070563356369, 0.24518898768447514, 0.03118019961870637, 0.010723756361181511]], "state_values": [-1.4554332236864964, -0.3743417801699333, 0.6938981237874496, 4.990066385152216, 1.722889785111418, 1.3193665350812775, 1.0473051393102308, 1.0986366240930416, 1.3492258436840434, 1.256839156356073, -1.494650580448572, 1.1570095190870375, 0.07660036893028428, -1.0719175644499763, -0.7120316162372575, 1.0565632527752695], "value_grad": [0.04977726936340332, 0.2518562078475952, -1.0654380321502686, 0.06343913078308105, 0.7537862062454224, -0.27486371994018555, -0.8234425783157349, -0.013899683952331543, -0.23910486698150635, -0.01005852222442627, 0.5315111875534058, -0.10074222087860107, 0.20025694370269775, -0.32076001167297363, 0.3609142303466797, 0.06118214130401611], "action_grad": [[0.0, 0.0, 0.0], [0.0, 0.0, 0.0], [0.0, 0.0, 0.0], [0.0, 0.0, 0.0], [0.0, 0.0, 0.0], [0.0, 0.0, 0.0], [0.0, 0.0, 0.0], [0.0, 0.0, 0.0], [0.0, 0.0, 0.0], [0.0, 0.0, 0.0], [0.0, 0.0, 0.0], [0.0, 0.0, 0.0], [0.0, 0.0, 0.0], [0.0, 0.0, 0.0], [0.0, 0.0, 0.0], [0.0, 0.0, 0.0]], "action_params_change": 0, "value_params_change": 0.4968093577334325}
{"iterations": 1, "type_itr": 0, "sub_iteration": 4, "sub_it_time": 2.3551652431488037, "total_time": 11.88791537284851, "value_loss": 1.0498356819152832, "action_loss": -0.7274245619773865, "action_probs": [[0.1494008694341762, 0.09282042665682078, 0.4673940691002528, 0.29038463480875026], [0.3220567367932092, 0.2901066936405791, 0.2040392708774792, 0.18379729868873257], [0.01040818718242887, 0.01592476470237177, 0.3848451527379037, 0.5888218953772956], [0.0169303548494816, 0.7184517516512586, 0.00609217275870757, 0.2585257207405522], [0.3108944401860683, 0.031995011950193455, 0.5957955680633579, 0.06131497980038067], [0.00013820374233491534, 0.13157103463890282, 0.0009111056609650943, 0.867379655957797], [0.5327394623413823, 0.3529736220794769, 0.0687413915738834, 0.04554552400525722], [0.0009428429278038828, 0.0897903656784647, 0.009448533529467616, 0.8998182578642641], [0.05994400486699866, 0.010849550666426315, 0.7867998041608762, 0.1424066403056987], [0.21654212702807654, 0.001333694413151863, 0.7773365218080834, 0.004787656750688153], [0.055221588480776504, 0.002248057215202412, 0.9056611142403279, 0.03686924006369322], [0.02838389072768128, 0.36187355051904385, 0.04434730598443131, 0.5653952527688437], [0.16971231728666658, 0.004119754428071457, 0.8065880605007417, 0.019579867784520352], [0.1578336966295485, 0.09573351820117387, 0.46461939429908694, 0.2818133908701905], [0.10409146336459327, 0.23197304672636906, 0.20564509089523886, 0.45829039901379875], [0.7129070563356369, 0.24518898768447514, 0.03118019961870637, 0.010723756361181511]], "state_values": [-1.0006749086999165, -1.2244512893950945, 1.7149946338713709, 4.9836326892686795, 0.5618515474283372, 1.398927139126862, -0.04640046579457978, 1.0418087877592463, 0.48008921603959026, 1.9616040897448226, -1.6479057541648021, 1.206250520545492, 0.3369484008989646, -0.49130662833655137, 0.29476913671809357, 1.807119657483709], "value_grad": [0.19518828392028809, -0.18014049530029297, -0.23478829860687256, -0.0012276172637939453, 0.46993327140808105, 0.05417287349700928, -0.14291632175445557, 0.009583353996276855, -0.2785463333129883, 0.034333229064941406, 0.935352087020874, 0.0039598941802978516, 0.2716163396835327, -0.3271752595901489, 0.011167287826538086, -0.09072375297546387], "action_grad": [[0.0, 0.0, 0.0], [0.0, 0.0, 0.0], [0.0, 0.0, 0.0], [0.0, 0.0, 0.0], [0.0, 0.0, 0.0], [0.0, 0.0, 0.0], [0.0, 0.0, 0.0], [0.0, 0.0, 0.0], [0.0, 0.0, 0.0], [0.0, 0.0, 0.0], [0.0, 0.0, 0.0], [0.0, 0.0, 0.0], [0.0, 0.0, 0.0], [0.0, 0.0, 0.0], [0.0, 0.0, 0.0], [0.0, 0.0, 0.0]], "action_params_change": 0, "value_params_change": 0.47836204714950226}
{"iterations": 1, "type_itr": 0, "sub_iteration": 5, "sub_it_time": 2.4007437229156494, "total_time": 14.29043984413147, "value_loss": 1.252389669418335, "action_loss": -0.7980510592460632, "action_probs": [[0.1494008694341762, 0.09282042665682078, 0.4673940691002528, 0.29038463480875026], [0.3220567367932092, 0.2901066936405791, 0.2040392708774792, 0.18379729868873257], [0.01040818718242887, 0.01592476470237177, 0.3848451527379037, 0.5888218953772956], [0.0169303548494816, 0.7184517516512586, 0.00609217275870757, 0.2585257207405522], [0.3108944401860683, 0.031995011950193455, 0.5957955680633579, 0.06131497980038067], [0.00013820374233491534, 0.13157103463890282, 0.0009111056609650943, 0.867379655957797], [0.5327394623413823, 0.3529736220794769, 0.0687413915738834, 0.04554552400525722], [0.0009428429278038828, 0.0897903656784647, 0.009448533529467616, 0.8998182578642641], [0.05994400486699866, 0.010849550666426315, 0.7867998041608762, 0.1424066403056987], [0.21654212702807654, 0.001333694413151863, 0.7773365218080834, 0.004787656750688153], [0.055221588480776504, 0.002248057215202412, 0.9056611142403279, 0.03686924006369322], [0.02838389072768128, 0.36187355051904385, 0.04434730598443131, 0.5653952527688437], [0.16971231728666658, 0.004119754428071457, 0.8065880605007417, 0.019579867784520352], [0.1578336966295485, 0.09573351820117387, 0.46461939429908694, 0.2818133908701905], [0.10409146336459327, 0.23197304672636906, 0.20564509089523886, 0.45829039901379875], [0.7129070563356369, 0.24518898768447514, 0.03118019961870637, 0.010723756361181511]], "state_values": [-0.513278556693416, -1.636023045580884, 2.4934765025823893, 4.896389442893256, -0.4673675956252462, 1.0711554946287571, -0.9126721204317887, 1.1939192792008408, -0.20481584123586993, 2.466217748259237, -1.503573184211258, 1.208027749842832, 0.49839009649182187, 0.2948699244617915, 1.2399749413526988, 2.294428075883873], "value_grad": [0.03128385543823242, -0.571349024772644, 0.2387484312057495, -0.003960013389587402, 0.0006732940673828125, 0.5390352010726929, 0.19633686542510986, 0.05318272113800049, 0.07729935646057129, 0.025185585021972656, 0.969764232635498, -0.01492917537689209, -0.04854941368103027, -0.4420943260192871, 0.17625951766967773, -0.11262249946594238], "action_grad": [[0.0, 0.0, 0.0], [0.0, 0.0, 0.0], [0.0, 0.0, 0.0], [0.0, 0.0, 0.0], [0.0, 0.0, 0.0], [0.0, 0.0, 0.0], [0.0, 0.0, 0.0], [0.0, 0.0, 0.0], [0.0, 0.0, 0.0], [0.0, 0.0, 0.0], [0.0, 0.0, 0.0], [0.0, 0.0, 0.0], [0.0, 0.0, 0.0], [0.0, 0.0, 0.0], [0.0, 0.0, 0.0], [0.0, 0.0, 0.0]], "action_params_change": 0, "value_params_change": 0.4124366462969231}
{"iterations": 1, "type_itr": 0, "sub_iteration": 6, "sub_it_time": 2.3444268703460693, "total_time": 16.636579751968384, "value_loss": 1.9324404001235962, "action_loss": -0.8782998919487, "action_probs": [[0.1494008694341762, 0.09282042665682078, 0.4673940691002528, 0.29038463480875026], [0.3220567367932092, 0.2901066936405791, 0.2040392708774792, 0.18379729868873257], [0.01040818718242887, 0.01592476470237177, 0.3848451527379037, 0.5888218953772956], [0.0169303548494816, 0.7184517516512586, 0.00609217275870757, 0.2585257207405522], [0.3108944401860683, 0.031995011950193455, 0.5957955680633579, 0.06131497980038067], [0.00013820374233491534, 0.13157103463890282, 0.0009111056609650943, 0.867379655957797], [0.5327394623413823, 0.3529736220794769, 0.0687413915738834, 0.04554552400525722], [0.0009428429278038828, 0.0897903656784647, 0.009448533529467616, 0.8998182578642641], [0.05994400486699866, 0.010849550666426315, 0.7867998041608762, 0.1424066403056987], [0.21654212702807654, 0.001333694413151863, 0.7773365218080834, 0.004787656750688153], [0.055221588480776504, 0.002248057215202412, 0.9056611142403279, 0.03686924006369322], [0.02838389072768128, 0.36187355051904385, 0.04434730598443131, 0.5653952527688437], [0.16971231728666658, 0.004119754428071457, 0.8065880605007417, 0.019579867784520352], [0.1578336966295485, 0.09573351820117387, 0.46461939429908694, 0.2818133908701905], [0.10409146336459327, 0.23197304672636906, 0.20564509089523886, 0.45829039901379875], [0.7129070563356369, 0.24518898768447514, 0.03118019961870637, 0.010723756361181511]], "state_values": [0.11114565405072947, -1.6209426080091855, 2.9614151823510175, 4.74163658578773, -1.314628630798528, 0.6708639099545404, -1.3983675136868348, 1.035379071449073, -0.661283650829379, 2.8432487339429873, -1.1403698631554353, 1.2296836749949476, 0.5222149640557648, 1.1200362207691859, 1.9414945039915381, 2.4889641957759587], "value_grad": [0.08220958709716797, -0.9111566543579102, 0.9086613655090332, 0.0451045036315918, -0.06783485412597656, 0.16620135307312012, 0.6442921161651611, -0.08565449714660645, 0.1435103416442871, 0.01580023765563965, 1.0024346113204956, 0.0076427459716796875, -0.09515905380249023, -0.22274994850158691, -0.1642608642578125, -0.20932555198669434], "action_grad": [[0.0, 0.0, 0.0], [0.0, 0.0, 0.0], [0.0, 0.0, 0.0], [0.0, 0.0, 0.0], [0.0, 0.0, 0.0], [0.0, 0.0, 0.0], [0.0, 0.0, 0.0], [0.0, 0.0, 0.0], [0.0, 0.0, 0.0], [0.0, 0.0, 0.0], [0.0, 0.0, 0.0], [0.0, 0.0, 0.0], [0.0, 0.0, 0.0], [0.0, 0.0, 0.0], [0.0, 0.0, 0.0], [0.0, 0.0, 0.0]], "action_params_change": 0, "value_params_change": 0.3448863987497255}
{"iterations": 1, "type_itr": 0, "sub_iteration": 7, "sub_it_time": 2.386247396469116, "total_time": 19.024797677993774, "value_loss": 2.4109668731689453, "action_loss": -0.9438156485557556, "action_probs": [[0.1494008694341762, 0.09282042665682078, 0.4673940691002528, 0.29038463480875026], [0.3220567367932092, 0.2901066936405791, 0.2040392708774792, 0.18379729868873257], [0.01040818718242887, 0.01592476470237177, 0.3848451527379037, 0.5888218953772956], [0.0169303548494816, 0.7184517516512586, 0.00609217275870757, 0.2585257207405522], [0.3108944401860683, 0.031995011950193455, 0.5957955680633579, 0.06131497980038067], [0.00013820374233491534, 0.13157103463890282, 0.0009111056609650943, 0.867379655957797], [0.5327394623413823, 0.3529736220794769, 0.0687413915738834, 0.04554552400525722], [0.0009428429278038828, 0.0897903656784647, 0.009448533529467616, 0.8998182578642641], [0.05994400486699866, 0.010849550666426315, 0.7867998041608762, 0.1424066403056987], [0.21654212702807654, 0.001333694413151863, 0.7773365218080834, 0.004787656750688153], [0.055221588480776504, 0.002248057215202412, 0.9056611142403279, 0.03686924006369322], [0.02838389072768128, 0.36187355051904385, 0.04434730598443131, 0.5653952527688437], [0.16971231728666658, 0.004119754428071457, 0.8065880605007417, 0.019579867784520352], [0.1578336966295485, 0.09573351820117387, 0.46461939429908694, 0.2818133908701905], [0.10409146336459327, 0.23197304672636906, 0.20564509089523886, 0.45829039901379875], [0.7129070563356369, 0.24518898768447514, 0.03118019961870637, 0.010723756361181511]], "state_values": [0.6675128560659704, -1.3574931273678026, 3.2167854382066414, 4.567745121108396, -1.786668180052812, 0.17416955808726547, -1.4829664700331906, 0.5983153174804614, -0.7951486225714193, 2.999764906079594, -0.6238697357267629, 1.2158394800511707, 0.34139340911745014, 1.9749308583812384, 2.3758189520389004, 2.417228071285734], "value_grad": [0.00269317626953125, -0.8087899684906006, 0.8814165592193604, -0.0330657958984375, -0.43401598930358887, 0.22742247581481934, 1.0344314575195312, -0.11511707305908203, 0.2945845127105713, 0.06771612167358398, 0.9105226993560791, -0.012790679931640625, -0.17970490455627441, -0.288327693939209, -0.2985050678253174, -0.28151655197143555], "action_grad": [[0.0, 0.0, 0.0], [0.0, 0.0, 0.0], [0.0, 0.0, 0.0], [0.0, 0.0, 0.0], [0.0, 0.0, 0.0], [0.0, 0.0, 0.0], [0.0, 0.0, 0.0], [0.0, 0.0, 0.0], [0.0, 0.0, 0.0], [0.0, 0.0, 0.0], [0.0, 0.0, 0.0], [0.0, 0.0, 0.0], [0.0, 0.0, 0.0], [0.0, 0.0, 0.0], [0.0, 0.0, 0.0], [0.0, 0.0, 0.0]], "action_params_change": 0, "value_params_change": 0.3602570482509413}
{"iterations": 1, "type_itr": 0, "sub_iteration": 8, "sub_it_time": 2.3826003074645996, "total_time": 21.409428358078003, "value_loss": 2.5781185626983643, "action_loss": -0.9792982339859009, "action_probs": [[0.1494008694341762, 0.09282042665682078, 0.4673940691002528, 0.29038463480875026], [0.3220567367932092, 0.2901066936405791, 0.2040392708774792, 0.18379729868873257], [0.01040818718242887, 0.01592476470237177, 0.3848451527379037, 0.5888218953772956], [0.0169303548494816, 0.7184517516512586, 0.00609217275870757, 0.2585257207405522], [0.3108944401860683, 0.031995011950193455, 0.5957955680633579, 0.06131497980038067], [0.00013820374233491534, 0.13157103463890282, 0.0009111056609650943, 0.867379655957797], [0.5327394623413823, 0.3529736220794769, 0.0687413915738834, 0.04554552400525722], [0.0009428429278038828, 0.0897903656784647, 0.009448533529467616, 0.8998182578642641], [0.05994400486699866, 0.010849550666426315, 0.7867998041608762, 0.1424066403056987], [0.21654212702807654, 0.001333694413151863, 0.7773365218080834, 0.004787656750688153], [0.055221588480776504, 0.002248057215202412, 0.9056611142403279, 0.03686924006369322], [0.02838389072768128, 0.36187355051904385, 0.04434730598443131, 0.5653952527688437], [0.16971231728666658, 0.004119754428071457, 0.8065880605007417, 0.019579867784520352], [0.1578336966295485, 0.09573351820117387, 0.46461939429908694, 0.2818133908701905], [0.10409146336459327, 0.23197304672636906, 0.20564509089523886, 0.45829039901379875], [0.7129070563356369, 0.24518898768447514, 0.03118019961870637, 0.010723756361181511]], "state_values": [1.1940031194392164, -0.9076569782232068, 3.3289501882404786, 4.468058560192119, -1.8993850477968892, -0.31193493160868685, -1.2923993557964057, 0.09066219416719812, -0.7696604072967013, 2.686936657464712, -0.010851766472827581, 1.2700653300571276, 0.09590247510176819, 2.5797699451368037, 2.61638782434615, 2.1093178659059024], "value_grad": [0.01599884033203125, -0.796910285949707, 0.7984943389892578, -0.14248037338256836, -0.6229474544525146, 0.06862711906433105, 1.0541918277740479, -0.04605460166931152, 0.18418002128601074, 0.30000948905944824, 0.7477273941040039, 0.026373624801635742, -0.07876420021057129, 0.15305352210998535, -0.2848033905029297, -0.34705448150634766], "action_grad": [[0.0, 0.0, 0.0], [0.0, 0.0, 0.0], [0.0, 0.0, 0.0], [0.0, 0.0, 0.0], [0.0, 0.0, 0.0], [0.0, 0.0, 0.0], [0.0, 0.0, 0.0], [0.0, 0.0, 0.0], [0.0, 0.0, 0.0], [0.0, 0.0, 0.0], [0.0, 0.0, 0.0], [0.0, 0.0, 0.0], [0.0, 0.0, 0.0], [0.0, 0.0, 0.0], [0.0, 0.0, 0.0], [0.0, 0.0, 0.0]], "action_params_change": 0, "value_params_change": 0.27213629764340386}
{"iterations": 1, "type_itr": 0, "sub_iteration": 9, "sub_it_time": 2.3518402576446533, "total_time": 23.763054132461548, "value_loss": 2.2658329010009766, "action_loss": -0.9860172867774963, "action_probs": [[0.1494008694341762, 0.09282042665682078, 0.4673940691002528, 0.29038463480875026], [0.3220567367932092, 0.2901066936405791, 0.2040392708774792, 0.18379729868873257], [0.01040818718242887, 0.01592476470237177, 0.3848451527379037, 0.5888218953772956], [0.0169303548494816, 0.7184517516512586, 0.00609217275870757, 0.2585257207405522], [0.3108944401860683, 0.031995011950193455, 0.5957955680633579, 0.06131497980038067], [0.00013820374233491534, 0.13157103463890282, 0.0009111056609650943, 0.867379655957797], [0.5327394623413823, 0.3529736220794769, 0.0687413915738834, 0.04554552400525722], [0.0009428429278038828, 0.0897903656784647, 0.009448533529467616, 0.8998182578642641], [0.05994400486699866, 0.010849550666426315, 0.7867998041608762, 0.1424066403056987], [0.21654212702807654, 0.001333694413151863, 0.7773365218080834, 0.004787656750688153], [0.055221588480776504, 0.002248057215202412, 0.9056611142403279, 0.03686924006369322], [0.02838389072768128, 0.36187355051904385, 0.04434730598443131, 0.5653952527688437], [0.16971231728666658, 0.004119754428071457, 0.8065880605007417, 0.019579867784520352], [0.1578336966295485, 0.09573351820117387, 0.46461939429908694, 0.2818133908701905], [0.10409146336459327, 0.23197304672636906, 0.20564509089523886, 0.45829039901379875], [0.7129070563356369, 0.24518898768447514, 0.03118019961870637, 0.010723756361181511]], "state_values": [1.4388763412561447, -0.3280215588516958, 3.331817257034168, 4.338034388869632, -1.7899827500826968, -0.7673903222256497, -0.9021457856803351, -0.3228660350742533, -0.6302541290770827, 2.133377334623997, 0.6456451559421578, 1.0644565119597889, -0.23295931467032663, 2.81347661555846, 2.6614827684080042, 1.6903248221192655], "value_grad": [-0.08133840560913086, -0.6964848041534424, 0.7771894931793213, 0.05627179145812988, -0.5390748977661133, 0.03801584243774414, 1.0197393894195557, 0.014889717102050781, 0.15697455406188965, 0.27846717834472656, 0.5592706203460693, -0.10992980003356934, -0.1064448356628418, 0.43013525009155273, -0.3975048065185547, -0.20033621788024902], "action_grad": [[0.0, 0.0, 0.0], [0.0, 0.0, 0.0], [0.0, 0.0, 0.0], [0.0, 0.0, 0.0], [0.0, 0.0, 0.0], [0.0, 0.0, 0.0], [0.0, 0.0, 0.0], [0.0, 0.0, 0.0], [0.0, 0.0, 0.0], [0.0, 0.0, 0.0], [0.0, 0.0, 0.0], [0.0, 0.0, 0.0], [0.0, 0.0, 0.0], [0.0, 0.0, 0.0], [0.0, 0.0, 0.0], [0.0, 0.0, 0.0]], "action_params_change": 0, "value_params_change": 0.2633219241046705}
{"iterations": 1, "type_itr": 0, "sub_iteration": 10, "sub_it_time": 2.366687297821045, "total_time": 26.13143801689148, "value_loss": 1.8879696130752563, "action_loss": -0.9207533597946167, "action_probs": [[0.1494008694341762, 0.09282042665682078, 0.4673940691002528, 0.29038463480875026], [0.3220567367932092, 0.2901066936405791, 0.2040392708774792, 0.18379729868873257], [0.01040818718242887, 0.01592476470237177, 0.3848451527379037, 0.5888218953772956], [0.0169303548494816, 0.7184517516512586, 0.00609217275870757, 0.2585257207405522], [0.3108944401860683, 0.031995011950193455, 0.5957955680633579, 0.06131497980038067], [0.00013820374233491534, 0.13157103463890282, 0.0009111056609650943, 0.867379655957797], [0.5327394623413823, 0.3529736220794769, 0.0687413915738834, 0.04554552400525722], [0.0009428429278038828, 0.0897903656784647, 0.009448533529467616, 0.8998182578642641], [0.05994400486699866, 0.010849550666426315, 0.7867998041608762, 0.1424066403056987], [0.21654212702807654, 0.001333694413151863, 0.7773365218080834, 0.004787656750688153], [0.055221588480776504, 0.002248057215202412, 0.9056611142403279, 0.03686924006369322], [0.02838389072768128, 0.36187355051904385, 0.04434730598443131, 0.5653952527688437], [0.16971231728666658, 0.004119754428071457, 0.8065880605007417, 0.019579867784520352], [0.1578336966295485, 0.09573351820117387, 0.46461939429908694, 0.2818133908701905], [0.10409146336459327, 0.23197304672636906, 0.20564509089523886, 0.45829039901379875], [0.7129070563356369, 0.24518898768447514, 0.03118019961870637, 0.010723756361181511]], "state_values": [1.3788389413313327, 0.3199820837706744, 3.2423163800186057, 4.254806769269473, -1.435936346219833, -0.8610047151359597, -0.4061329385616047, -0.985054616421238, -0.46727163052431886, 1.5145823893635644, 1.2636973983325832, 0.6443380979044183, -0.6463932279643261, 2.7271297950281834, 2.568684367582806, 1.1506149615299754], "value_grad": [-0.1224827766418457, -0.5145623683929443, 0.7745760679244995, -0.06795346736907959, -0.7859014272689819, -0.4723094701766968, 0.6867433786392212, -0.18584299087524414, 0.050846099853515625, 0.0850210189819336, 0.19364380836486816, -0.12089872360229492, -0.12232422828674316, 0.5989499092102051, -0.3492722511291504, -0.2363722324371338], "action_grad": [[0.0, 0.0, 0.0], [0.0, 0.0, 0.0], [0.0, 0.0, 0.0], [0.0, 0.0, 0.0], [0.0, 0.0, 0.0], [0.0, 0.0, 0.0], [0.0, 0.0, 0.0], [0.0, 0.0, 0.0], [0.0, 0.0, 0.0], [0.0, 0.0, 0.0], [0.0, 0.0, 0.0], [0.0, 0.0, 0.0], [0.0, 0.0, 0.0], [0.0, 0.0, 0.0], [0.0, 0.0, 0.0], [0.0, 0.0, 0.0]], "action_params_change": 0, "value_params_change": 0.26737997027139615}
{"iterations": 1, "type_itr": 0, "sub_iteration": 11, "sub_it_time": 2.36018967628479, "total_time": 28.49593424797058, "value_loss": 1.47145676612854, "action_loss": -0.7981434464454651, "action_probs": [[0.1494008694341762, 0.09282042665682078, 0.4673940691002528, 0.29038463480875026], [0.3220567367932092, 0.2901066936405791, 0.2040392708774792, 0.18379729868873257], [0.01040818718242887, 0.01592476470237177, 0.3848451527379037, 0.5888218953772956], [0.0169303548494816, 0.7184517516512586, 0.00609217275870757, 0.2585257207405522], [0.3108944401860683, 0.031995011950193455, 0.5957955680633579, 0.06131497980038067], [0.00013820374233491534, 0.13157103463890282, 0.0009111056609650943, 0.867379655957797], [0.5327394623413823, 0.3529736220794769, 0.0687413915738834, 0.04554552400525722], [0.0009428429278038828, 0.0897903656784647, 0.009448533529467616, 0.8998182578642641], [0.05994400486699866, 0.010849550666426315, 0.7867998041608762, 0.1424066403056987], [0.21654212702807654, 0.001333694413151863, 0.7773365218080834, 0.004787656750688153], [0.055221588480776504, 0.002248057215202412, 0.9056611142403279, 0.03686924006369322], [0.02838389072768128, 0.36187355051904385, 0.04434730598443131, 0.5653952527688437], [0.16971231728666658, 0.004119754428071457, 0.8065880605007417, 0.019579867784520352], [0.1578336966295485, 0.09573351820117387, 0.46461939429908694, 0.2818133908701905], [0.10409146336459327, 0.23197304672636906, 0.20564509089523886, 0.45829039901379875], [0.7129070563356369, 0.24518898768447514, 0.03118019961870637, 0.010723756361181511]], "state_values": [1.1980527546778075, 0.9516494299806249, 3.0936512360729433, 4.244822283125547, -0.9366503894350221, -0.8175059137685687, 0.1521369189980137, -1.6098786992954612, -0.4003721528042251, 0.765719002521222, 1.7825008984805744, 0.08401096868500207, -0.9298546979786426, 2.4272879235438896, 2.3733175469811805, 0.6250603736783577], "value_grad": [-0.06233024597167969, -0.21197891235351562, 0.5547564029693604, -0.10632574558258057, -0.5813277959823608, -0.22698724269866943, 0.534600019454956, -0.023720502853393555, -0.10660326480865479, 0.17657625675201416, -0.0987626314163208, -0.10101974010467529, 0.08046746253967285, 0.5643393993377686, -0.2985048294067383, -0.038570284843444824], "action_grad": [[0.0, 0.0, 0.0], [0.0, 0.0, 0.0], [0.0, 0.0, 0.0], [0.0, 0.0, 0.0], [0.0, 0.0, 0.0], [0.0, 0.0, 0.0], [0.0, 0.0, 0.0], [0.0, 0.0, 0.0], [0.0, 0.0, 0.0], [0.0, 0.0, 0.0], [0.0, 0.0, 0.0], [0.0, 0.0, 0.0], [0.0, 0.0, 0.0], [0.0, 0.0, 0.0], [0.0, 0.0, 0.0], [0.0, 0.0, 0.0]], "action_params_change": 0, "value_params_change": 0.30800521495134614}
{"iterations": 1, "type_itr": 0, "sub_iteration": 12, "sub_it_time": 2.4071238040924072, "total_time": 30.90530228614807, "value_loss": 1.1820995807647705, "action_loss": -0.6566784381866455, "action_probs": [[0.1494008694341762, 0.09282042665682078, 0.4673940691002528, 0.29038463480875026], [0.3220567367932092, 0.2901066936405791, 0.2040392708774792, 0.18379729868873257], [0.01040818718242887, 0.01592476470237177, 0.3848451527379037, 0.5888218953772956], [0.0169303548494816, 0.7184517516512586, 0.00609217275870757, 0.2585257207405522], [0.3108944401860683, 0.031995011950193455, 0.5957955680633579, 0.06131497980038067], [0.00013820374233491534, 0.13157103463890282, 0.0009111056609650943, 0.867379655957797], [0.5327394623413823, 0.3529736220794769, 0.0687413915738834, 0.04554552400525722], [0.0009428429278038828, 0.0897903656784647, 0.009448533529467616, 0.8998182578642641], [0.05994400486699866, 0.010849550666426315, 0.7867998041608762, 0.1424066403056987], [0.21654212702807654, 0.001333694413151863, 0.7773365218080834, 0.004787656750688153], [0.055221588480776504, 0.002248057215202412, 0.9056611142403279, 0.03686924006369322], [0.02838389072768128, 0.36187355051904385, 0.04434730598443131, 0.5653952527688437], [0.16971231728666658, 0.004119754428071457, 0.8065880605007417, 0.019579867784520352], [0.1578336966295485, 0.09573351820117387, 0.46461939429908694, 0.2818133908701905], [0.10409146336459327, 0.23197304672636906, 0.20564509089523886, 0.45829039901379875], [0.7129070563356369, 0.24518898768447514, 0.03118019961870637, 0.010723756361181511]], "state_values": [0.7999895109993305, 1.5445265974670912, 2.9026052898291077, 4.331549466457489, -0.3728684493055492, -0.5917388179410673, 0.680174082676543, -1.9328631230153477, -0.39134377606558324, -0.015389540305266097, 2.167262754540966, -0.4830148223258836, -0.9474795614279152, 1.935903118781792, 2.0537607856132962, 0.10213635603045167], "value_grad": [-0.13139283657073975, -0.14711415767669678, 0.42894721031188965, -0.16604280471801758, -0.34269845485687256, -0.35651886463165283, 0.12260162830352783, 0.1058506965637207, -0.06930017471313477, 0.08506059646606445, -0.32428455352783203, -0.03231358528137207, 0.23276877403259277, 0.616809606552124, -0.3862583637237549, -0.05999398231506348], "action_grad": [[0.0, 0.0, 0.0], [0.0, 0.0, 0.0], [0.0, 0.0, 0.0], [0.0, 0.0, 0.0], [0.0, 0.0, 0.0], [0.0, 0.0, 0.0], [0.0, 0.0, 0.0], [0.0, 0.0, 0.0], [0.0, 0.0, 0.0], [0.0, 0.0, 0.0], [0.0, 0.0, 0.0], [0.0, 0.0, 0.0], [0.0, 0.0, 0.0], [0.0, 0.0, 0.0], [0.0, 0.0, 0.0], [0.0, 0.0, 0.0]], "action_params_change": 0, "value_params_change": 0.3136534698791129}
{"iterations": 1, "type_itr": 0, "sub_iteration": 13, "sub_it_time": 2.393709421157837, "total_time": 33.30076360702515, "value_loss": 1.0020780563354492, "action_loss": -0.5167328715324402, "action_probs": [[0.1494008694341762, 0.09282042665682078, 0.4673940691002528, 0.29038463480875026], [0.3220567367932092, 0.2901066936405791, 0.2040392708774792, 0.18379729868873257], [0.01040818718242887, 0.01592476470237177, 0.3848451527379037, 0.5888218953772956], [0.0169303548494816, 0.7184517516512586, 0.00609217275870757, 0.2585257207405522], [0.3108944401860683, 0.031995011950193455, 0.5957955680633579, 0.06131497980038067], [0.00013820374233491534, 0.13157103463890282, 0.0009111056609650943, 0.867379655957797], [0.5327394623413823, 0.3529736220794769, 0.0687413915738834, 0.04554552400525722], [0.0009428429278038828, 0.0897903656784647, 0.009448533529467616, 0.8998182578642641], [0.05994400486699866, 0.010849550666426315, 0.7867998041608762, 0.1424066403056987], [0.21654212702807654, 0.001333694413151863, 0.7773365218080834, 0.004787656750688153], [0.055221588480776504, 0.002248057215202412, 0.9056611142403279, 0.03686924006369322], [0.02838389072768128, 0.36187355051904385, 0.04434730598443131, 0.5653952527688437], [0.16971231728666658, 0.004119754428071457, 0.8065880605007417, 0.019579867784520352], [0.1578336966295485, 0.09573351820117387, 0.46461939429908694, 0.2818133908701905], [0.10409146336459327, 0.23197304672636906, 0.20564509089523886, 0.45829039901379875], [0.7129070563356369, 0.24518898768447514, 0.03118019961870637, 0.010723756361181511]], "state_values": [0.2939040668435372, 2.022274589485926, 2.6958759340880065, 4.443579809122348, 0.2325329159058018, -0.20396511390413122, 1.1733781774179732, -1.9806962308648624, -0.42248094438654255, -0.7132429107158901, 2.4082509257902562, -0.9183350614978745, -0.7593765024411632, 1.2934644154946773, 1.6947345323204888, -0.2900411220170789], "value_grad": [-0.0825265645980835, 0.15119266510009766, 0.21970081329345703, -0.07480442523956299, -0.3001677989959717, -0.3821796178817749, 0.10699939727783203, 0.1322638988494873, -0.05318272113800049, -0.006850838661193848, -0.4838722348213196, 0.03536272048950195, 0.22849202156066895, 0.5511131286621094, -0.16164708137512207, 0.10593020915985107], "action_grad": [[0.0, 0.0, 0.0], [0.0, 0.0, 0.0], [0.0, 0.0, 0.0], [0.0, 0.0, 0.0], [0.0, 0.0, 0.0], [0.0, 0.0, 0.0], [0.0, 0.0, 0.0], [0.0, 0.0, 0.0], [0.0, 0.0, 0.0], [0.0, 0.0, 0.0], [0.0, 0.0, 0.0], [0.0, 0.0, 0.0], [0.0, 0.0, 0.0], [0.0, 0.0, 0.0], [0.0, 0.0, 0.0], [0.0, 0.0, 0.0]], "action_params_change": 0, "value_params_change": 0.2801178743296373}
