{"iterations": 0, "type_itr": 0, "sub_iteration": 0, "sub_it_time": 0, "total_time": 0, "value_loss": 0, "action_loss": 0, "action_probs": [[0.9597367118285886, 0.0006259414587167563, 0.03961151203603789, 2.5834676656864475e-05], [0.027252299009729603, 0.025953150560692844, 0.4849564921904765, 0.4618380582391012], [0.05516680760179348, 0.0010662133768620473, 0.9258725646690517, 0.01789441435229289], [0.13080341034574633, 0.20233814826825086, 0.26183271373898537, 0.40502572764701744], [0.3340044692672453, 0.6025761549476953, 0.02261669140134541, 0.040802684383714025], [0.00014605008125775093, 0.0008977991951132637, 0.13976886346401973, 0.8591872872596095], [0.8780497256547389, 0.1215180175498397, 0.00037970709160284663, 5.254970381863848e-05], [9.650817546646406e-06, 1.1183902848245745e-05, 0.46319875149018985, 0.5367804137894152], [0.01675285350649424, 0.06423408614171422, 0.19010585209795733, 0.7289072082538343], [0.35078416782079136, 0.0010890361515410267, 0.6461208646191705, 0.0020059314084970407], [0.18063625881233447, 0.08746566478149317, 0.4931233934533353, 0.2387746829528371], [0.0063554511149134804, 0.0005709491029634284, 0.9112136923068282, 0.08185990747529487], [0.2898782998320653, 0.0005538679125185644, 0.7082146527605496, 0.001353179494866609], [0.027810112137800467, 0.01895200074652547, 0.5669045066518492, 0.38633338046382476], [0.7896995505943244, 0.1998020956970887, 0.008378505722273165, 0.0021198479863137197], [0.04496481113293853, 0.010636879806810233, 0.7637302190535248, 0.18066809000672643]], "state_values": [-1.5389710906368994, 4.832568510354755, 4.849439725706797, -2.6904497589039744, 4.478095628369008, 2.9644868336017027, 0.537088013414844, 1.8462630640111157, -3.0979345262361746, 4.4816615133194615, 0.7793953846362632, -3.3610532614880735, 4.550838387592844, -4.688401489851169, 4.770570263455955, 4.9997436274302665], "value_grad": [0.0, 0.0, 0.0, 0.0, 0.0, 0.0, 0.0, 0.0, 0.0, 0.0, 0.0, 0.0, 0.0, 0.0, 0.0, 0.0], "action_grad": [[0.0, 0.0, 0.0], [0.0, 0.0, 0.0], [0.0, 0.0, 0.0], [0.0, 0.0, 0.0], [0.0, 0.0, 0.0], [0.0, 0.0, 0.0], [0.0, 0.0, 0.0], [0.0, 0.0, 0.0], [0.0, 0.0, 0.0], [0.0, 0.0, 0.0], [0.0, 0.0, 0.0], [0.0, 0.0, 0.0], [0.0, 0.0, 0.0], [0.0, 0.0, 0.0], [0.0, 0.0, 0.0], [0.0, 0.0, 0.0]], "action_params_change": 0, "value_params_change": 0}
{"iterations": 1, "type_itr": 0, "sub_iteration": 0, "sub_it_time": 0.13062262535095215, "total_time": 0.1319713592529297, "value_loss": 10.589040756225586, "action_loss": -1.2206659317016602, "action_probs": [[0.9597367118285886, 0.0006259414587167563, 0.03961151203603789, 2.5834676656864475e-05], [0.027252299009729603, 0.025953150560692844, 0.4849564921904765, 0.4618380582391012], [0.05516680760179348, 0.0010662133768620473, 0.9258725646690517, 0.01789441435229289], [0.13080341034574633, 0.20233814826825086, 0.26183271373898537, 0.40502572764701744], [0.3340044692672453, 0.6025761549476953, 0.02261669140134541, 0.040802684383714025], [0.00014605008125775093, 0.0008977991951132637, 0.13976886346401973, 0.8591872872596095], [0.8780497256547389, 0.1215180175498397, 0.00037970709160284663, 5.254970381863848e-05], [9.650817546646406e-06, 1.1183902848245745e-05, 0.46319875149018985, 0.5367804137894152], [0.01675285350649424, 0.06423408614171422, 0.19010585209795733, 0.7289072082538343], [0.35078416782079136, 0.0010890361515410267, 0.6461208646191705, 0.0020059314084970407], [0.18063625881233447, 0.08746566478149317, 0.4931233934533353, 0.2387746829528371], [0.0063554511149134804, 0.0005709491029634284, 0.9112136923068282, 0.08185990747529487], [0.2898782998320653, 0.0005538679125185644, 0.7082146527605496, 0.001353179494866609], [0.027810112137800467, 0.01895200074652547, 0.5669045066518492, 0.38633338046382476], [0.7896995505943244, 0.1998020956970887, 0.008378505722273165, 0.0021198479863137197], [0.04496481113293853, 0.010636879806810233, 0.7637302190535248, 0.18066809000672643]], "state_values": [-2.6680943211353143, 4.364897824600902, 4.397404266379938, -1.5641417817858092, 3.788629194900054, 3.868472983830131, 1.7502535817990492, 0.6392688627503245, -2.0306556956993904, 3.793864117460978, -0.4667326336689339, -4.172406137782559, 3.896940737623453, -4.112787121968263, 4.251847325907204, 4.856840436172081], "value_grad": [-0.48708057403564453, 0.4237203598022461, -0.732600212097168, 0.7563610076904297, -0.5425205230712891, 2.486880302429199, 0.21780014038085938, -0.13068103790283203, -1.8018007278442383, 0.19403934478759766, 0.08712196350097656, 0.3841209411621094, 1.1602811813354492, -0.9583206176757812, 1.833479881286621, 0.11880111694335938], "action_grad": [[0.0, 0.0, 0.0], [0.0, 0.0, 0.0], [0.0, 0.0, 0.0], [0.0, 0.0, 0.0], [0.0, 0.0, 0.0], [0.0, 0.0, 0.0], [0.0, 0.0, 0.0], [0.0, 0.0, 0.0], [0.0, 0.0, 0.0], [0.0, 0.0, 0.0], [0.0, 0.0, 0.0], [0.0, 0.0, 0.0], [0.0, 0.0, 0.0], [0.0, 0.0, 0.0], [0.0, 0.0, 0.0], [0.0, 0.0, 0.0]], "action_params_change": 0, "value_params_change": 0.4999999979894487}
{"iterations": 1, "type_itr": 0, "sub_iteration": 1, "sub_it_time": 0.12749171257019043, "total_time": 0.2611675262451172, "value_loss": 10.462320327758789, "action_loss": -0.9269092082977295, "action_probs": [[0.9597367118285886, 0.0006259414587167563, 0.03961151203603789, 2.5834676656864475e-05], [0.027252299009729603, 0.025953150560692844, 0.4849564921904765, 0.4618380582391012], [0.05516680760179348, 0.0010662133768620473, 0.9258725646690517, 0.01789441435229289], [0.13080341034574633, 0.20233814826825086, 0.26183271373898537, 0.40502572764701744], [0.3340044692672453, 0.6025761549476953, 0.02261669140134541, 0.040802684383714025], [0.00014605008125775093, 0.0008977991951132637, 0.13976886346401973, 0.8591872872596095], [0.8780497256547389, 0.1215180175498397, 0.00037970709160284663, 5.254970381863848e-05], [9.650817546646406e-06, 1.1183902848245745e-05, 0.46319875149018985, 0.5367804137894152], [0.01675285350649424, 0.06423408614171422, 0.19010585209795733, 0.7289072082538343], [0.35078416782079136, 0.0010890361515410267, 0.6461208646191705, 0.0020059314084970407], [0.18063625881233447, 0.08746566478149317, 0.4931233934533353, 0.2387746829528371], [0.0063554511149134804, 0.0005709491029634284, 0.9112136923068282, 0.08185990747529487], [0.2898782998320653, 0.0005538679125185644, 0.7082146527605496, 0.001353179494866609], [0.027810112137800467, 0.01895200074652547, 0.5669045066518492, 0.38633338046382476], [0.7896995505943244, 0.1998020956970887, 0.008378505722273165, 0.0021198479863137197], [0.04496481113293853, 0.010636879806810233, 0.7637302190535248, 0.18066809000672643]], "state_values": [-2.9530790306220367, 3.637297339594374, 3.6783914338234736, -0.41650808992535665, 2.872192687272737, 4.283691755352695, 2.8559520032955295, -0.46803926757413034, -0.8394391487489499, 4.105235811444622, 0.34368972099526973, -3.853014478895689, 3.2783765387015333, -3.295257933085564, 3.47255336560947, 4.967802588016063], "value_grad": [0.23759937286376953, 0.6731996536254883, -0.6217203140258789, 1.9008007049560547, -0.8038797378540039, -0.2969989776611328, 0.23760128021240234, -0.5068798065185547, -2.356201171875, -0.43559932708740234, -0.6533985137939453, -0.9226799011230469, 0.07128047943115234, -1.548360824584961, 1.6473608016967773, -0.3722400665283203], "action_grad": [[0.0, 0.0, 0.0], [0.0, 0.0, 0.0], [0.0, 0.0, 0.0], [0.0, 0.0, 0.0], [0.0, 0.0, 0.0], [0.0, 0.0, 0.0], [0.0, 0.0, 0.0], [0.0, 0.0, 0.0], [0.0, 0.0, 0.0], [0.0, 0.0, 0.0], [0.0, 0.0, 0.0], [0.0, 0.0, 0.0], [0.0, 0.0, 0.0], [0.0, 0.0, 0.0], [0.0, 0.0, 0.0], [0.0, 0.0, 0.0]], "action_params_change": 0, "value_params_change": 0.5006602835727536}
{"iterations": 1, "type_itr": 0, "sub_iteration": 2, "sub_it_time": 0.12851190567016602, "total_time": 0.39130187034606934, "value_loss": 6.482520580291748, "action_loss": -0.9692884683609009, "action_probs": [[0.9597367118285886, 0.0006259414587167563, 0.03961151203603789, 2.5834676656864475e-05], [0.027252299009729603, 0.025953150560692844, 0.4849564921904765, 0.4618380582391012], [0.05516680760179348, 0.0010662133768620473, 0.9258725646690517, 0.01789441435229289], [0.13080341034574633, 0.20233814826825086, 0.26183271373898537, 0.40502572764701744], [0.3340044692672453, 0.6025761549476953, 0.02261669140134541, 0.040802684383714025], [0.00014605008125775093, 0.0008977991951132637, 0.13976886346401973, 0.8591872872596095], [0.8780497256547389, 0.1215180175498397, 0.00037970709160284663, 5.254970381863848e-05], [9.650817546646406e-06, 1.1183902848245745e-05, 0.46319875149018985, 0.5367804137894152], [0.01675285350649424, 0.06423408614171422, 0.19010585209795733, 0.7289072082538343], [0.35078416782079136, 0.0010890361515410267, 0.6461208646191705, 0.0020059314084970407], [0.18063625881233447, 0.08746566478149317, 0.4931233934533353, 0.2387746829528371], [0.0063554511149134804, 0.0005709491029634284, 0.9112136923068282, 0.08185990747529487], [0.2898782998320653, 0.0005538679125185644, 0.7082146527605496, 0.001353179494866609], [0.027810112137800467, 0.01895200074652547, 0.5669045066518492, 0.38633338046382476], [0.7896995505943244, 0.1998020956970887, 0.008378505722273165, 0.0021198479863137197], [0.04496481113293853, 0.010636879806810233, 0.7637302190535248, 0.18066809000672643]], "state_values": [-3.246230318864151, 2.8378975958169477, 2.9952686615812856, 0.7882690251554553, 1.8935292900156642, 4.426249128400876, 2.3411243085853766, -1.464501850506791, -0.14966838727966644, 4.545340382074194, 1.2834948185498076, -3.2633536160786694, 2.618747387738895, -2.277070048529292, 2.474737531077463, 4.986585377555706], "value_grad": [-0.0752406120300293, 2.4314403533935547, 0.04355955123901367, 1.7423996925354004, -2.193840503692627, -0.7920002937316895, -1.690920352935791, -0.12275981903076172, 0.8909997940063477, -0.8513994216918945, -2.011679172515869, -0.9028801918029785, 0.20592021942138672, -1.9443602561950684, 2.1700801849365234, -0.7405200004577637], "action_grad": [[0.0, 0.0, 0.0], [0.0, 0.0, 0.0], [0.0, 0.0, 0.0], [0.0, 0.0, 0.0], [0.0, 0.0, 0.0], [0.0, 0.0, 0.0], [0.0, 0.0, 0.0], [0.0, 0.0, 0.0], [0.0, 0.0, 0.0], [0.0, 0.0, 0.0], [0.0, 0.0, 0.0], [0.0, 0.0, 0.0], [0.0, 0.0, 0.0], [0.0, 0.0, 0.0], [0.0, 0.0, 0.0], [0.0, 0.0, 0.0]], "action_params_change": 0, "value_params_change": 0.49993029930524524}
{"iterations": 1, "type_itr": 0, "sub_iteration": 3, "sub_it_time": 0.12785744667053223, "total_time": 0.520850419998169, "value_loss": 5.13215970993042, "action_loss": -0.9600518941879272, "action_probs": [[0.9597367118285886, 0.0006259414587167563, 0.03961151203603789, 2.5834676656864475e-05], [0.027252299009729603, 0.025953150560692844, 0.4849564921904765, 0.4618380582391012], [0.05516680760179348, 0.0010662133768620473, 0.9258725646690517, 0.01789441435229289], [0.13080341034574633, 0.20233814826825086, 0.26183271373898537, 0.40502572764701744], [0.3340044692672453, 0.6025761549476953, 0.02261669140134541, 0.040802684383714025], [0.00014605008125775093, 0.0008977991951132637, 0.13976886346401973, 0.8591872872596095], [0.8780497256547389, 0.1215180175498397, 0.00037970709160284663, 5.254970381863848e-05], [9.650817546646406e-06, 1.1183902848245745e-05, 0.46319875149018985, 0.5367804137894152], [0.01675285350649424, 0.06423408614171422, 0.19010585209795733, 0.7289072082538343], [0.35078416782079136, 0.0010890361515410267, 0.6461208646191705, 0.0020059314084970407], [0.18063625881233447, 0.08746566478149317, 0.4931233934533353, 0.2387746829528371], [0.0063554511149134804, 0.0005709491029634284, 0.9112136923068282, 0.08185990747529487], [0.2898782998320653, 0.0005538679125185644, 0.7082146527605496, 0.001353179494866609], [0.027810112137800467, 0.01895200074652547, 0.5669045066518492, 0.38633338046382476], [0.7896995505943244, 0.1998020956970887, 0.008378505722273165, 0.0021198479863137197], [0.04496481113293853, 0.010636879806810233, 0.7637302190535248, 0.18066809000672643]], "state_values": [-3.0366142478244336, 1.9080016304965626, 2.1233764522918506, 1.5616777781836855, 1.1414378076954212, 4.566053559245581, 1.5599500396290378, -1.6823975659786792, 0.3706830195731778, 4.4612964350890385, 1.6871544231720512, -2.479855402106203, 1.7328277973701123, -1.1103589915034238, 1.3990653722609736, 4.8018441713525375], "value_grad": [0.5068802833557129, 0.9266395568847656, -0.5623197555541992, -0.6335997581481934, 0.3801603317260742, 0.3049201965332031, -1.500840187072754, 0.40391969680786133, 0.1979994773864746, 1.4414405822753906, 0.9306001663208008, -0.7722001075744629, 1.1167197227478027, -1.916640043258667, 0.8316001892089844, -1.0335602760314941], "action_grad": [[0.0, 0.0, 0.0], [0.0, 0.0, 0.0], [0.0, 0.0, 0.0], [0.0, 0.0, 0.0], [0.0, 0.0, 0.0], [0.0, 0.0, 0.0], [0.0, 0.0, 0.0], [0.0, 0.0, 0.0], [0.0, 0.0, 0.0], [0.0, 0.0, 0.0], [0.0, 0.0, 0.0], [0.0, 0.0, 0.0], [0.0, 0.0, 0.0], [0.0, 0.0, 0.0], [0.0, 0.0, 0.0], [0.0, 0.0, 0.0]], "action_params_change": 0, "value_params_change": 0.49779675732834683}
{"iterations": 1, "type_itr": 0, "sub_iteration": 4, "sub_it_time": 0.12664008140563965, "total_time": 0.6490495204925537, "value_loss": 4.066920757293701, "action_loss": -0.8595372438430786, "action_probs": [[0.9597367118285886, 0.0006259414587167563, 0.03961151203603789, 2.5834676656864475e-05], [0.027252299009729603, 0.025953150560692844, 0.4849564921904765, 0.4618380582391012], [0.05516680760179348, 0.0010662133768620473, 0.9258725646690517, 0.01789441435229289], [0.13080341034574633, 0.20233814826825086, 0.26183271373898537, 0.40502572764701744], [0.3340044692672453, 0.6025761549476953, 0.02261669140134541, 0.040802684383714025], [0.00014605008125775093, 0.0008977991951132637, 0.13976886346401973, 0.8591872872596095], [0.8780497256547389, 0.1215180175498397, 0.00037970709160284663, 5.254970381863848e-05], [9.650817546646406e-06, 1.1183902848245745e-05, 0.46319875149018985, 0.5367804137894152], [0.01675285350649424, 0.06423408614171422, 0.19010585209795733, 0.7289072082538343], [0.35078416782079136, 0.0010890361515410267, 0.6461208646191705, 0.0020059314084970407], [0.18063625881233447, 0.08746566478149317, 0.4931233934533353, 0.2387746829528371], [0.0063554511149134804, 0.0005709491029634284, 0.9112136923068282, 0.08185990747529487], [0.2898782998320653, 0.0005538679125185644, 0.7082146527605496, 0.001353179494866609], [0.027810112137800467, 0.01895200074652547, 0.5669045066518492, 0.38633338046382476], [0.7896995505943244, 0.1998020956970887, 0.008378505722273165, 0.0021198479863137197], [0.04496481113293853, 0.010636879806810233, 0.7637302190535248, 0.18066809000672643]], "state_values": [-2.492360668977058, 1.2832692403066137, 1.1212740001490231, 2.4057454345070526, 0.6553874123530048, 4.608683033990529, 0.6207469601289712, -2.2932107412195863, 0.7304720827248061, 4.357538116057847, 1.89710621080107, -1.6868872215902906, 0.6923121968360326, -0.08033624608199584, 0.25755076230892693, 4.515743477224932], "value_grad": [0.799919843673706, -0.8236799240112305, -0.48708009719848633, 1.5562794208526611, 0.5702400207519531, -0.6217200756072998, -1.3305599689483643, -0.9305996894836426, 0.34451985359191895, 0.14652037620544434, 0.43559980392456055, -0.15047883987426758, 1.1602797508239746, 0.059400081634521484, 1.1959197521209717, 0.14256024360656738], "action_grad": [[0.0, 0.0, 0.0], [0.0, 0.0, 0.0], [0.0, 0.0, 0.0], [0.0, 0.0, 0.0], [0.0, 0.0, 0.0], [0.0, 0.0, 0.0], [0.0, 0.0, 0.0], [0.0, 0.0, 0.0], [0.0, 0.0, 0.0], [0.0, 0.0, 0.0], [0.0, 0.0, 0.0], [0.0, 0.0, 0.0], [0.0, 0.0, 0.0], [0.0, 0.0, 0.0], [0.0, 0.0, 0.0], [0.0, 0.0, 0.0]], "action_params_change": 0, "value_params_change": 0.4641328846190702}
{"iterations": 1, "type_itr": 0, "sub_iteration": 5, "sub_it_time": 0.12964344024658203, "total_time": 0.7803034782409668, "value_loss": 3.3897602558135986, "action_loss": -0.7345728278160095, "action_probs": [[0.9597367118285886, 0.0006259414587167563, 0.03961151203603789, 2.5834676656864475e-05], [0.027252299009729603, 0.025953150560692844, 0.4849564921904765, 0.4618380582391012], [0.05516680760179348, 0.0010662133768620473, 0.9258725646690517, 0.01789441435229289], [0.13080341034574633, 0.20233814826825086, 0.26183271373898537, 0.40502572764701744], [0.3340044692672453, 0.6025761549476953, 0.02261669140134541, 0.040802684383714025], [0.00014605008125775093, 0.0008977991951132637, 0.13976886346401973, 0.8591872872596095], [0.8780497256547389, 0.1215180175498397, 0.00037970709160284663, 5.254970381863848e-05], [9.650817546646406e-06, 1.1183902848245745e-05, 0.46319875149018985, 0.5367804137894152], [0.01675285350649424, 0.06423408614171422, 0.19010585209795733, 0.7289072082538343], [0.35078416782079136, 0.0010890361515410267, 0.6461208646191705, 0.0020059314084970407], [0.18063625881233447, 0.08746566478149317, 0.4931233934533353, 0.2387746829528371], [0.0063554511149134804, 0.0005709491029634284, 0.9112136923068282, 0.08185990747529487], [0.2898782998320653, 0.0005538679125185644, 0.7082146527605496, 0.001353179494866609], [0.027810112137800467, 0.01895200074652547, 0.5669045066518492, 0.38633338046382476], [0.7896995505943244, 0.1998020956970887, 0.008378505722273165, 0.0021198479863137197], [0.04496481113293853, 0.010636879806810233, 0.7637302190535248, 0.18066809000672643]], "state_values": [-1.7366376249278979, 0.8614191392660606, 0.13037580149912256, 3.0133698298358254, 0.3552715069185986, 4.606811964367266, 0.028274135273968225, -2.5748695055835973, 0.8192780322776712, 4.367747486343864, 2.267723201495042, -0.8627485760056136, 0.053200160752183326, 0.8301297107106475, -0.7025608594408527, 4.0300843638425246], "value_grad": [2.193840265274048, -0.5583600997924805, -0.17820000648498535, -0.32075977325439453, 0.4553999900817871, -0.40391993522644043, 0.839519739151001, 0.4078795909881592, 1.0375196933746338, -0.5662803649902344, -0.8672401905059814, -0.26927995681762695, -0.7405197620391846, -0.09504008293151855, -0.1979997158050537, -1.5444002151489258], "action_grad": [[0.0, 0.0, 0.0], [0.0, 0.0, 0.0], [0.0, 0.0, 0.0], [0.0, 0.0, 0.0], [0.0, 0.0, 0.0], [0.0, 0.0, 0.0], [0.0, 0.0, 0.0], [0.0, 0.0, 0.0], [0.0, 0.0, 0.0], [0.0, 0.0, 0.0], [0.0, 0.0, 0.0], [0.0, 0.0, 0.0], [0.0, 0.0, 0.0], [0.0, 0.0, 0.0], [0.0, 0.0, 0.0], [0.0, 0.0, 0.0]], "action_params_change": 0, "value_params_change": 0.40020035390501585}
{"iterations": 1, "type_itr": 0, "sub_iteration": 6, "sub_it_time": 0.126206636428833, "total_time": 0.9080634117126465, "value_loss": 3.488759994506836, "action_loss": -0.7554002404212952, "action_probs": [[0.9597367118285886, 0.0006259414587167563, 0.03961151203603789, 2.5834676656864475e-05], [0.027252299009729603, 0.025953150560692844, 0.4849564921904765, 0.4618380582391012], [0.05516680760179348, 0.0010662133768620473, 0.9258725646690517, 0.01789441435229289], [0.13080341034574633, 0.20233814826825086, 0.26183271373898537, 0.40502572764701744], [0.3340044692672453, 0.6025761549476953, 0.02261669140134541, 0.040802684383714025], [0.00014605008125775093, 0.0008977991951132637, 0.13976886346401973, 0.8591872872596095], [0.8780497256547389, 0.1215180175498397, 0.00037970709160284663, 5.254970381863848e-05], [9.650817546646406e-06, 1.1183902848245745e-05, 0.46319875149018985, 0.5367804137894152], [0.01675285350649424, 0.06423408614171422, 0.19010585209795733, 0.7289072082538343], [0.35078416782079136, 0.0010890361515410267, 0.6461208646191705, 0.0020059314084970407], [0.18063625881233447, 0.08746566478149317, 0.4931233934533353, 0.2387746829528371], [0.0063554511149134804, 0.0005709491029634284, 0.9112136923068282, 0.08185990747529487], [0.2898782998320653, 0.0005538679125185644, 0.7082146527605496, 0.001353179494866609], [0.027810112137800467, 0.01895200074652547, 0.5669045066518492, 0.38633338046382476], [0.7896995505943244, 0.1998020956970887, 0.008378505722273165, 0.0021198479863137197], [0.04496481113293853, 0.010636879806810233, 0.7637302190535248, 0.18066809000672643]], "state_values": [-1.1181246816012635, 0.6381980448592891, -0.9321253701550487, 3.378436312316264, 0.1574613538656641, 4.536668261811811, -0.36775358549347914, -2.539894079821521, 0.7143152211528941, 4.351968341366362, 2.8129131058601557, -0.18675643433290592, -0.33668159571785644, 1.5219163096628676, -1.4075169221548864, 3.331821329413722], "value_grad": [-0.304919958114624, -0.6652801036834717, -0.6454801559448242, -0.728640079498291, 0.2573997974395752, -0.7603199481964111, 0.5068795680999756, 0.6296401023864746, 0.9820799827575684, 0.14652037620544434, -1.528559923171997, 0.15444016456604004, -0.5306398868560791, 0.4158005714416504, -0.613800048828125, -1.7701196670532227], "action_grad": [[0.0, 0.0, 0.0], [0.0, 0.0, 0.0], [0.0, 0.0, 0.0], [0.0, 0.0, 0.0], [0.0, 0.0, 0.0], [0.0, 0.0, 0.0], [0.0, 0.0, 0.0], [0.0, 0.0, 0.0], [0.0, 0.0, 0.0], [0.0, 0.0, 0.0], [0.0, 0.0, 0.0], [0.0, 0.0, 0.0], [0.0, 0.0, 0.0], [0.0, 0.0, 0.0], [0.0, 0.0, 0.0], [0.0, 0.0, 0.0]], "action_params_change": 0, "value_params_change": 0.42720056364595393}
{"iterations": 1, "type_itr": 0, "sub_iteration": 7, "sub_it_time": 0.12668228149414062, "total_time": 1.0363414287567139, "value_loss": 2.5858800411224365, "action_loss": -0.7414548993110657, "action_probs": [[0.9597367118285886, 0.0006259414587167563, 0.03961151203603789, 2.5834676656864475e-05], [0.027252299009729603, 0.025953150560692844, 0.4849564921904765, 0.4618380582391012], [0.05516680760179348, 0.0010662133768620473, 0.9258725646690517, 0.01789441435229289], [0.13080341034574633, 0.20233814826825086, 0.26183271373898537, 0.40502572764701744], [0.3340044692672453, 0.6025761549476953, 0.02261669140134541, 0.040802684383714025], [0.00014605008125775093, 0.0008977991951132637, 0.13976886346401973, 0.8591872872596095], [0.8780497256547389, 0.1215180175498397, 0.00037970709160284663, 5.254970381863848e-05], [9.650817546646406e-06, 1.1183902848245745e-05, 0.46319875149018985, 0.5367804137894152], [0.01675285350649424, 0.06423408614171422, 0.19010585209795733, 0.7289072082538343], [0.35078416782079136, 0.0010890361515410267, 0.6461208646191705, 0.0020059314084970407], [0.18063625881233447, 0.08746566478149317, 0.4931233934533353, 0.2387746829528371], [0.0063554511149134804, 0.0005709491029634284, 0.9112136923068282, 0.08185990747529487], [0.2898782998320653, 0.0005538679125185644, 0.7082146527605496, 0.001353179494866609], [0.027810112137800467, 0.01895200074652547, 0.5669045066518492, 0.38633338046382476], [0.7896995505943244, 0.1998020956970887, 0.008378505722273165, 0.0021198479863137197], [0.04496481113293853, 0.010636879806810233, 0.7637302190535248, 0.18066809000672643]], "state_values": [-0.4313241355273132, 0.5955228965966977, -1.3194855842900464, 3.795762698477842, 0.017829289644885414, 4.279766993355623, -0.7489508470066409, -2.80813296922177, 0.8740599246627639, 4.26359214626614, 3.0993553445179, 0.02788189651901755, -0.44125477930421125, 1.932081606333592, -1.5280316454729863, 2.4582032762620343], "value_grad": [0.5781600475311279, -0.7405200004577637, 1.0058395862579346, 1.144439935684204, 0.14256048202514648, -2.8630800247192383, -0.1584000587463379, -0.9266402721405029, -1.492919683456421, 0.4474802017211914, 0.8870398998260498, 0.9028801918029785, -0.8197202682495117, 0.926640510559082, -2.803679943084717, -1.0177197456359863], "action_grad": [[0.0, 0.0, 0.0], [0.0, 0.0, 0.0], [0.0, 0.0, 0.0], [0.0, 0.0, 0.0], [0.0, 0.0, 0.0], [0.0, 0.0, 0.0], [0.0, 0.0, 0.0], [0.0, 0.0, 0.0], [0.0, 0.0, 0.0], [0.0, 0.0, 0.0], [0.0, 0.0, 0.0], [0.0, 0.0, 0.0], [0.0, 0.0, 0.0], [0.0, 0.0, 0.0], [0.0, 0.0, 0.0], [0.0, 0.0, 0.0]], "action_params_change": 0, "value_params_change": 0.4306983628953889}
{"iterations": 1, "type_itr": 0, "sub_iteration": 8, "sub_it_time": 0.12664079666137695, "total_time": 1.16451096534729, "value_loss": 3.2313599586486816, "action_loss": -0.6967213153839111, "action_probs": [[0.9597367118285886, 0.0006259414587167563, 0.03961151203603789, 2.5834676656864475e-05], [0.027252299009729603, 0.025953150560692844, 0.4849564921904765, 0.4618380582391012], [0.05516680760179348, 0.0010662133768620473, 0.9258725646690517, 0.01789441435229289], [0.13080341034574633, 0.20233814826825086, 0.26183271373898537, 0.40502572764701744], [0.3340044692672453, 0.6025761549476953, 0.02261669140134541, 0.040802684383714025], [0.00014605008125775093, 0.0008977991951132637, 0.13976886346401973, 0.8591872872596095], [0.8780497256547389, 0.1215180175498397, 0.00037970709160284663, 5.254970381863848e-05], [9.650817546646406e-06, 1.1183902848245745e-05, 0.46319875149018985, 0.5367804137894152], [0.01675285350649424, 0.06423408614171422, 0.19010585209795733, 0.7289072082538343], [0.35078416782079136, 0.0010890361515410267, 0.6461208646191705, 0.0020059314084970407], [0.18063625881233447, 0.08746566478149317, 0.4931233934533353, 0.2387746829528371], [0.0063554511149134804, 0.0005709491029634284, 0.9112136923068282, 0.08185990747529487], [0.2898782998320653, 0.0005538679125185644, 0.7082146527605496, 0.001353179494866609], [0.027810112137800467, 0.01895200074652547, 0.5669045066518492, 0.38633338046382476], [0.7896995505943244, 0.1998020956970887, 0.008378505722273165, 0.0021198479863137197], [0.04496481113293853, 0.010636879806810233, 0.7637302190535248, 0.18066809000672643]], "state_values": [0.15450089414291227, 0.651253379499846, -1.0681587159515367, 4.126865790147107, 0.12621768831168714, 4.059339727285498, -1.1923707769657128, -3.296762506688834, 0.9434606904727841, 4.127783580149456, 3.282984158782192, 0.3017614548998347, -0.5868468645305489, 2.1989609409418187, -1.4271527018124017, 1.4443018677604273], "value_grad": [-0.12672042846679688, -0.4752004146575928, 2.154240369796753, 0.06335973739624023, 1.001880407333374, 0.5425200462341309, -0.5543999671936035, -1.4850001335144043, 0.44351983070373535, 0.304919958114624, 0.37619996070861816, -0.2573995590209961, 0.20591974258422852, 0.5148003101348877, -1.686960220336914, -1.0177197456359863], "action_grad": [[0.0, 0.0, 0.0], [0.0, 0.0, 0.0], [0.0, 0.0, 0.0], [0.0, 0.0, 0.0], [0.0, 0.0, 0.0], [0.0, 0.0, 0.0], [0.0, 0.0, 0.0], [0.0, 0.0, 0.0], [0.0, 0.0, 0.0], [0.0, 0.0, 0.0], [0.0, 0.0, 0.0], [0.0, 0.0, 0.0], [0.0, 0.0, 0.0], [0.0, 0.0, 0.0], [0.0, 0.0, 0.0], [0.0, 0.0, 0.0]], "action_params_change": 0, "value_params_change": 0.44187316394899234}
{"iterations": 1, "type_itr": 0, "sub_iteration": 9, "sub_it_time": 0.12819576263427734, "total_time": 1.2942924499511719, "value_loss": 3.021480083465576, "action_loss": -0.7314940094947815, "action_probs": [[0.9597367118285886, 0.0006259414587167563, 0.03961151203603789, 2.5834676656864475e-05], [0.027252299009729603, 0.025953150560692844, 0.4849564921904765, 0.4618380582391012], [0.05516680760179348, 0.0010662133768620473, 0.9258725646690517, 0.01789441435229289], [0.13080341034574633, 0.20233814826825086, 0.26183271373898537, 0.40502572764701744], [0.3340044692672453, 0.6025761549476953, 0.02261669140134541, 0.040802684383714025], [0.00014605008125775093, 0.0008977991951132637, 0.13976886346401973, 0.8591872872596095], [0.8780497256547389, 0.1215180175498397, 0.00037970709160284663, 5.254970381863848e-05], [9.650817546646406e-06, 1.1183902848245745e-05, 0.46319875149018985, 0.5367804137894152], [0.01675285350649424, 0.06423408614171422, 0.19010585209795733, 0.7289072082538343], [0.35078416782079136, 0.0010890361515410267, 0.6461208646191705, 0.0020059314084970407], [0.18063625881233447, 0.08746566478149317, 0.4931233934533353, 0.2387746829528371], [0.0063554511149134804, 0.0005709491029634284, 0.9112136923068282, 0.08185990747529487], [0.2898782998320653, 0.0005538679125185644, 0.7082146527605496, 0.001353179494866609], [0.027810112137800467, 0.01895200074652547, 0.5669045066518492, 0.38633338046382476], [0.7896995505943244, 0.1998020956970887, 0.008378505722273165, 0.0021198479863137197], [0.04496481113293853, 0.010636879806810233, 0.7637302190535248, 0.18066809000672643]], "state_values": [0.6558295350511134, 1.0178604275485792, -0.9348265605762777, 4.392365930658235, 0.4679585334699188, 3.7383490131245782, -1.6274958869937792, -3.3896379564066383, 1.0874169725968859, 3.91460934586043, 3.2856313299254176, -0.0317632152591782, -0.4378503537027212, 2.4599722163192657, -1.1032407098568313, 0.36498391902726113], "value_grad": [-0.0831596851348877, -2.0077202320098877, -0.4237203598022461, 0.13463973999023438, 1.267200231552124, -1.199880599975586, -0.24551987648010254, 1.4731202125549316, -0.5306398868560791, 0.4633204936981201, 1.0652401447296143, 2.419559955596924, -1.152360439300537, -0.19403958320617676, -2.2057201862335205, -0.7326006889343262], "action_grad": [[0.0, 0.0, 0.0], [0.0, 0.0, 0.0], [0.0, 0.0, 0.0], [0.0, 0.0, 0.0], [0.0, 0.0, 0.0], [0.0, 0.0, 0.0], [0.0, 0.0, 0.0], [0.0, 0.0, 0.0], [0.0, 0.0, 0.0], [0.0, 0.0, 0.0], [0.0, 0.0, 0.0], [0.0, 0.0, 0.0], [0.0, 0.0, 0.0], [0.0, 0.0, 0.0], [0.0, 0.0, 0.0], [0.0, 0.0, 0.0]], "action_params_change": 0, "value_params_change": 0.43994897162054825}
{"iterations": 1, "type_itr": 0, "sub_iteration": 10, "sub_it_time": 0.12798547744750977, "total_time": 1.4239082336425781, "value_loss": 3.9322800636291504, "action_loss": -0.7240685820579529, "action_probs": [[0.9597367118285886, 0.0006259414587167563, 0.03961151203603789, 2.5834676656864475e-05], [0.027252299009729603, 0.025953150560692844, 0.4849564921904765, 0.4618380582391012], [0.05516680760179348, 0.0010662133768620473, 0.9258725646690517, 0.01789441435229289], [0.13080341034574633, 0.20233814826825086, 0.26183271373898537, 0.40502572764701744], [0.3340044692672453, 0.6025761549476953, 0.02261669140134541, 0.040802684383714025], [0.00014605008125775093, 0.0008977991951132637, 0.13976886346401973, 0.8591872872596095], [0.8780497256547389, 0.1215180175498397, 0.00037970709160284663, 5.254970381863848e-05], [9.650817546646406e-06, 1.1183902848245745e-05, 0.46319875149018985, 0.5367804137894152], [0.01675285350649424, 0.06423408614171422, 0.19010585209795733, 0.7289072082538343], [0.35078416782079136, 0.0010890361515410267, 0.6461208646191705, 0.0020059314084970407], [0.18063625881233447, 0.08746566478149317, 0.4931233934533353, 0.2387746829528371], [0.0063554511149134804, 0.0005709491029634284, 0.9112136923068282, 0.08185990747529487], [0.2898782998320653, 0.0005538679125185644, 0.7082146527605496, 0.001353179494866609], [0.027810112137800467, 0.01895200074652547, 0.5669045066518492, 0.38633338046382476], [0.7896995505943244, 0.1998020956970887, 0.008378505722273165, 0.0021198479863137197], [0.04496481113293853, 0.010636879806810233, 0.7637302190535248, 0.18066809000672643]], "state_values": [1.164130247402525, 1.1929836612109712, -0.725624779560329, 4.595264436054478, 0.9530327700042968, 3.3338013300006115, -1.7538632387928597, -3.5128147783554042, 1.3827405423516104, 3.7335140019189246, 3.1460666713234047, -0.631529943660959, -0.1305857899208931, 2.5692324819394363, -0.6018738118424813, -0.46004507381931464], "value_grad": [0.29303979873657227, 0.9068400859832764, 0.42768001556396484, 0.05148029327392578, 1.065239667892456, -0.879119873046875, 1.2434403896331787, -0.26135993003845215, -1.1800801753997803, -0.13068008422851562, 1.0533597469329834, 2.2888803482055664, -0.8157601356506348, 0.7761597633361816, -2.2374000549316406, 0.7207200527191162], "action_grad": [[0.0, 0.0, 0.0], [0.0, 0.0, 0.0], [0.0, 0.0, 0.0], [0.0, 0.0, 0.0], [0.0, 0.0, 0.0], [0.0, 0.0, 0.0], [0.0, 0.0, 0.0], [0.0, 0.0, 0.0], [0.0, 0.0, 0.0], [0.0, 0.0, 0.0], [0.0, 0.0, 0.0], [0.0, 0.0, 0.0], [0.0, 0.0, 0.0], [0.0, 0.0, 0.0], [0.0, 0.0, 0.0], [0.0, 0.0, 0.0]], "action_params_change": 0, "value_params_change": 0.3304021973104523}
{"iterations": 1, "type_itr": 0, "sub_iteration": 11, "sub_it_time": 0.12702083587646484, "total_time": 1.5524415969848633, "value_loss": 3.2907602787017822, "action_loss": -0.7023356556892395, "action_probs": [[0.9597367118285886, 0.0006259414587167563, 0.03961151203603789, 2.5834676656864475e-05], [0.027252299009729603, 0.025953150560692844, 0.4849564921904765, 0.4618380582391012], [0.05516680760179348, 0.0010662133768620473, 0.9258725646690517, 0.01789441435229289], [0.13080341034574633, 0.20233814826825086, 0.26183271373898537, 0.40502572764701744], [0.3340044692672453, 0.6025761549476953, 0.02261669140134541, 0.040802684383714025], [0.00014605008125775093, 0.0008977991951132637, 0.13976886346401973, 0.8591872872596095], [0.8780497256547389, 0.1215180175498397, 0.00037970709160284663, 5.254970381863848e-05], [9.650817546646406e-06, 1.1183902848245745e-05, 0.46319875149018985, 0.5367804137894152], [0.01675285350649424, 0.06423408614171422, 0.19010585209795733, 0.7289072082538343], [0.35078416782079136, 0.0010890361515410267, 0.6461208646191705, 0.0020059314084970407], [0.18063625881233447, 0.08746566478149317, 0.4931233934533353, 0.2387746829528371], [0.0063554511149134804, 0.0005709491029634284, 0.9112136923068282, 0.08185990747529487], [0.2898782998320653, 0.0005538679125185644, 0.7082146527605496, 0.001353179494866609], [0.027810112137800467, 0.01895200074652547, 0.5669045066518492, 0.38633338046382476], [0.7896995505943244, 0.1998020956970887, 0.008378505722273165, 0.0021198479863137197], [0.04496481113293853, 0.010636879806810233, 0.7637302190535248, 0.18066809000672643]], "state_values": [1.2271858449138193, 1.4521080826757857, -0.5088190063994549, 4.731905936799132, 1.4703339579471564, 3.039844850466082, -1.6482237868126601, -3.5940287204152894, 1.8136219644775275, 3.5716488458024505, 2.8763549251131457, -1.1396883951417354, 0.32565904638496634, 2.686940735594994, -0.11941432740318926, -1.0195753005805985], "value_grad": [-1.6434001922607422, -0.704879879951477, 0.13068008422851562, -0.20988011360168457, 0.5306398868560791, 0.9028799533843994, 1.2592799663543701, 0.1663200855255127, -1.3662002086639404, -0.05148005485534668, 1.0850400924682617, -0.15048003196716309, -0.9345595836639404, -0.14652013778686523, -0.2574002742767334, 0.8434803485870361], "action_grad": [[0.0, 0.0, 0.0], [0.0, 0.0, 0.0], [0.0, 0.0, 0.0], [0.0, 0.0, 0.0], [0.0, 0.0, 0.0], [0.0, 0.0, 0.0], [0.0, 0.0, 0.0], [0.0, 0.0, 0.0], [0.0, 0.0, 0.0], [0.0, 0.0, 0.0], [0.0, 0.0, 0.0], [0.0, 0.0, 0.0], [0.0, 0.0, 0.0], [0.0, 0.0, 0.0], [0.0, 0.0, 0.0], [0.0, 0.0, 0.0]], "action_params_change": 0, "value_params_change": 0.2264320450391213}
{"iterations": 1, "type_itr": 0, "sub_iteration": 12, "sub_it_time": 0.14424777030944824, "total_time": 1.698317289352417, "value_loss": 0.9702000617980957, "action_loss": -0.7412737607955933, "action_probs": [[0.9597367118285886, 0.0006259414587167563, 0.03961151203603789, 2.5834676656864475e-05], [0.027252299009729603, 0.025953150560692844, 0.4849564921904765, 0.4618380582391012], [0.05516680760179348, 0.0010662133768620473, 0.9258725646690517, 0.01789441435229289], [0.13080341034574633, 0.20233814826825086, 0.26183271373898537, 0.40502572764701744], [0.3340044692672453, 0.6025761549476953, 0.02261669140134541, 0.040802684383714025], [0.00014605008125775093, 0.0008977991951132637, 0.13976886346401973, 0.8591872872596095], [0.8780497256547389, 0.1215180175498397, 0.00037970709160284663, 5.254970381863848e-05], [9.650817546646406e-06, 1.1183902848245745e-05, 0.46319875149018985, 0.5367804137894152], [0.01675285350649424, 0.06423408614171422, 0.19010585209795733, 0.7289072082538343], [0.35078416782079136, 0.0010890361515410267, 0.6461208646191705, 0.0020059314084970407], [0.18063625881233447, 0.08746566478149317, 0.4931233934533353, 0.2387746829528371], [0.0063554511149134804, 0.0005709491029634284, 0.9112136923068282, 0.08185990747529487], [0.2898782998320653, 0.0005538679125185644, 0.7082146527605496, 0.001353179494866609], [0.027810112137800467, 0.01895200074652547, 0.5669045066518492, 0.38633338046382476], [0.7896995505943244, 0.1998020956970887, 0.008378505722273165, 0.0021198479863137197], [0.04496481113293853, 0.010636879806810233, 0.7637302190535248, 0.18066809000672643]], "state_values": [1.40204597913146, 1.6657175571755585, -0.36982271057073335, 4.8560842865400575, 1.8740256574508047, 2.5521690225427767, -1.250767488008241, -3.6866088625212656, 2.1659627460183195, 3.383976742197987, 2.4964059309548485, -1.3887555149708477, 0.7768345539678414, 2.6934832491071803, 0.47855270955953727, -1.2228793836123801], "value_grad": [0.6375601291656494, 0.11088013648986816, -0.26531982421875, 0.6058800220489502, -0.2732400894165039, -2.383920192718506, 2.2176003456115723, -0.13859999179840088, 0.17819952964782715, 0.1583998203277588, 0.9662398099899292, -1.2315601110458374, -0.20988011360168457, 0.6890400648117065, -1.853279948234558, 1.5483598709106445], "action_grad": [[0.0, 0.0, 0.0], [0.0, 0.0, 0.0], [0.0, 0.0, 0.0], [0.0, 0.0, 0.0], [0.0, 0.0, 0.0], [0.0, 0.0, 0.0], [0.0, 0.0, 0.0], [0.0, 0.0, 0.0], [0.0, 0.0, 0.0], [0.0, 0.0, 0.0], [0.0, 0.0, 0.0], [0.0, 0.0, 0.0], [0.0, 0.0, 0.0], [0.0, 0.0, 0.0], [0.0, 0.0, 0.0], [0.0, 0.0, 0.0]], "action_params_change": 0, "value_params_change": 0.23948482054130515}
{"iterations": 1, "type_itr": 0, "sub_iteration": 13, "sub_it_time": 0.12695837020874023, "total_time": 1.8268558979034424, "value_loss": 1.5602401494979858, "action_loss": -0.8202368021011353, "action_probs": [[0.9597367118285886, 0.0006259414587167563, 0.03961151203603789, 2.5834676656864475e-05], [0.027252299009729603, 0.025953150560692844, 0.4849564921904765, 0.4618380582391012], [0.05516680760179348, 0.0010662133768620473, 0.9258725646690517, 0.01789441435229289], [0.13080341034574633, 0.20233814826825086, 0.26183271373898537, 0.40502572764701744], [0.3340044692672453, 0.6025761549476953, 0.02261669140134541, 0.040802684383714025], [0.00014605008125775093, 0.0008977991951132637, 0.13976886346401973, 0.8591872872596095], [0.8780497256547389, 0.1215180175498397, 0.00037970709160284663, 5.254970381863848e-05], [9.650817546646406e-06, 1.1183902848245745e-05, 0.46319875149018985, 0.5367804137894152], [0.01675285350649424, 0.06423408614171422, 0.19010585209795733, 0.7289072082538343], [0.35078416782079136, 0.0010890361515410267, 0.6461208646191705, 0.0020059314084970407], [0.18063625881233447, 0.08746566478149317, 0.4931233934533353, 0.2387746829528371], [0.0063554511149134804, 0.0005709491029634284, 0.9112136923068282, 0.08185990747529487], [0.2898782998320653, 0.0005538679125185644, 0.7082146527605496, 0.001353179494866609], [0.027810112137800467, 0.01895200074652547, 0.5669045066518492, 0.38633338046382476], [0.7896995505943244, 0.1998020956970887, 0.008378505722273165, 0.0021198479863137197], [0.04496481113293853, 0.010636879806810233, 0.7637302190535248, 0.18066809000672643]], "state_values": [1.3955272977781152, 1.8586930168825835, -0.1872570480365401, 4.898714759676828, 2.0092405376197493, 2.052991658338075, -0.8060645069393539, -3.8261791460793035, 2.4497443848740774, 2.9826957563151932, 2.2777065494270476, -1.6664010282236483, 1.1278975326382545, 2.5863725850070516, 1.1093759924271722, -1.5160693361700253], "value_grad": [-0.8751602172851562, -0.01979994773864746, 0.26927995681762695, -1.132559895515442, -1.2355200052261353, -0.26135993003845215, 0.55836021900177, -0.40788018703460693, 0.1861199140548706, 1.2394797801971436, -0.9266400337219238, 0.3999598026275635, 0.2455202341079712, 0.8157600164413452, -1.096920132637024, -0.7444800138473511], "action_grad": [[0.0, 0.0, 0.0], [0.0, 0.0, 0.0], [0.0, 0.0, 0.0], [0.0, 0.0, 0.0], [0.0, 0.0, 0.0], [0.0, 0.0, 0.0], [0.0, 0.0, 0.0], [0.0, 0.0, 0.0], [0.0, 0.0, 0.0], [0.0, 0.0, 0.0], [0.0, 0.0, 0.0], [0.0, 0.0, 0.0], [0.0, 0.0, 0.0], [0.0, 0.0, 0.0], [0.0, 0.0, 0.0], [0.0, 0.0, 0.0]], "action_params_change": 0, "value_params_change": 0.25575981945228854}
