{"iterations": 0, "type_itr": 0, "sub_iteration": 0, "sub_it_time": 0, "total_time": 0, "value_loss": 0, "action_loss": 0, "action_probs": [[0.5629019049853993, 0.30493224458316975, 0.08572652852950413, 0.04643932190192691], [0.1265273521334316, 0.01575247716591263, 0.7627578877808588, 0.09496228291979712], [0.050335018115389575, 0.9070492056270426, 0.002240548587212939, 0.04037522767035484], [0.11919383072055403, 0.08402915049904894, 0.46732364877529614, 0.32945337000510083], [0.26968757790796294, 0.6889382423439491, 0.011639684732525118, 0.02973449501556289], [9.106686365095979e-05, 0.00520567105483789, 0.017101942315277986, 0.9776013197662333], [0.23502601890075336, 0.017990433437829623, 0.6938701723486793, 0.05311337531273764], [0.09207210847426324, 0.566068310791063, 0.047825253515815035, 0.29403432721885864], [0.02167225127078712, 0.03061879877259445, 0.39278206266644383, 0.5549268872901746], [0.0005617088856886875, 0.505277703600655, 0.0005487401458087388, 0.49361184736784763], [0.09197551198009253, 0.01581363667916193, 0.7613155022280969, 0.13089534911264875], [0.23107946530552856, 0.1730903305382116, 0.3406591150679249, 0.25517108908833475], [0.6229974069087423, 0.03439724384831232, 0.3246790096719213, 0.01792633957102417], [0.022977976624252442, 0.9715301686183607, 0.0001268885638018015, 0.005364966193585221], [0.005469650935958535, 0.4377847428758994, 0.006870104771641202, 0.549875501416501], [0.2664434325535182, 0.7182366502617378, 0.004145398482589862, 0.011174518702154133]], "state_values": [4.996645076590898, 4.552978166423613, 3.603865229187568, 3.0168166013400555, 3.494466643919113, 4.73735810251457, 4.692778244907609, -0.9994954120767063, 1.0862845530157637, 4.9774110732422, 0.3642797219315671, 4.708713559805712, 4.318785476057604, 1.1483692814138757, -3.7807556784290455, 4.945488991801037], "value_grad": [0.0, 0.0, 0.0, 0.0, 0.0, 0.0, 0.0, 0.0, 0.0, 0.0, 0.0, 0.0, 0.0, 0.0, 0.0, 0.0], "action_grad": [[0.0, 0.0, 0.0], [0.0, 0.0, 0.0], [0.0, 0.0, 0.0], [0.0, 0.0, 0.0], [0.0, 0.0, 0.0], [0.0, 0.0, 0.0], [0.0, 0.0, 0.0], [0.0, 0.0, 0.0], [0.0, 0.0, 0.0], [0.0, 0.0, 0.0], [0.0, 0.0, 0.0], [0.0, 0.0, 0.0], [0.0, 0.0, 0.0], [0.0, 0.0, 0.0], [0.0, 0.0, 0.0], [0.0, 0.0, 0.0]], "action_params_change": 0, "value_params_change": 0}
{"iterations": 1, "type_itr": 0, "sub_iteration": 0, "sub_it_time": 2.3984622955322266, "total_time": 2.4001293182373047, "value_loss": 5.975164890289307, "action_loss": -2.569894790649414, "action_probs": [[0.5629019049853993, 0.30493224458316975, 0.08572652852950413, 0.04643932190192691], [0.1265273521334316, 0.01575247716591263, 0.7627578877808588, 0.09496228291979712], [0.050335018115389575, 0.9070492056270426, 0.002240548587212939, 0.04037522767035484], [0.11919383072055403, 0.08402915049904894, 0.46732364877529614, 0.32945337000510083], [0.26968757790796294, 0.6889382423439491, 0.011639684732525118, 0.02973449501556289], [9.106686365095979e-05, 0.00520567105483789, 0.017101942315277986, 0.9776013197662333], [0.23502601890075336, 0.017990433437829623, 0.6938701723486793, 0.05311337531273764], [0.09207210847426324, 0.566068310791063, 0.047825253515815035, 0.29403432721885864], [0.02167225127078712, 0.03061879877259445, 0.39278206266644383, 0.5549268872901746], [0.0005617088856886875, 0.505277703600655, 0.0005487401458087388, 0.49361184736784763], [0.09197551198009253, 0.01581363667916193, 0.7613155022280969, 0.13089534911264875], [0.23107946530552856, 0.1730903305382116, 0.3406591150679249, 0.25517108908833475], [0.6229974069087423, 0.03439724384831232, 0.3246790096719213, 0.01792633957102417], [0.022977976624252442, 0.9715301686183607, 0.0001268885638018015, 0.005364966193585221], [0.005469650935958535, 0.4377847428758994, 0.006870104771641202, 0.549875501416501], [0.2664434325535182, 0.7182366502617378, 0.004145398482589862, 0.011174518702154133]], "state_values": [4.796003519637984, 3.9001788099686525, 4.349296025515842, 3.9095128015441456, 2.5010850451447557, 4.194436921136717, 4.119961060945339, -2.18047561233681, 2.2599874892608405, 4.705222658874311, 1.5866875077862082, 4.146279085425177, 3.5611802404182793, 2.3166205285073214, -2.853719078780695, 4.609582059666807], "value_grad": [0.06050920486450195, -0.15954828262329102, -0.03583812713623047, 0.21772146224975586, -0.007088184356689453, -0.20568227767944336, -0.372952938079834, -0.03694629669189453, -0.722224235534668, -0.09904003143310547, 0.4869217872619629, 0.19328784942626953, 0.4804673194885254, -0.13210582733154297, 1.4530425071716309, 0.12901639938354492], "action_grad": [[0.0, 0.0, 0.0], [0.0, 0.0, 0.0], [0.0, 0.0, 0.0], [0.0, 0.0, 0.0], [0.0, 0.0, 0.0], [0.0, 0.0, 0.0], [0.0, 0.0, 0.0], [0.0, 0.0, 0.0], [0.0, 0.0, 0.0], [0.0, 0.0, 0.0], [0.0, 0.0, 0.0], [0.0, 0.0, 0.0], [0.0, 0.0, 0.0], [0.0, 0.0, 0.0], [0.0, 0.0, 0.0], [0.0, 0.0, 0.0]], "action_params_change": 0, "value_params_change": 0.49999999655894456}
{"iterations": 1, "type_itr": 0, "sub_iteration": 1, "sub_it_time": 2.3537700176239014, "total_time": 4.755759954452515, "value_loss": 4.1344780921936035, "action_loss": -2.5107975006103516, "action_probs": [[0.5629019049853993, 0.30493224458316975, 0.08572652852950413, 0.04643932190192691], [0.1265273521334316, 0.01575247716591263, 0.7627578877808588, 0.09496228291979712], [0.050335018115389575, 0.9070492056270426, 0.002240548587212939, 0.04037522767035484], [0.11919383072055403, 0.08402915049904894, 0.46732364877529614, 0.32945337000510083], [0.26968757790796294, 0.6889382423439491, 0.011639684732525118, 0.02973449501556289], [9.106686365095979e-05, 0.00520567105483789, 0.017101942315277986, 0.9776013197662333], [0.23502601890075336, 0.017990433437829623, 0.6938701723486793, 0.05311337531273764], [0.09207210847426324, 0.566068310791063, 0.047825253515815035, 0.29403432721885864], [0.02167225127078712, 0.03061879877259445, 0.39278206266644383, 0.5549268872901746], [0.0005617088856886875, 0.505277703600655, 0.0005487401458087388, 0.49361184736784763], [0.09197551198009253, 0.01581363667916193, 0.7613155022280969, 0.13089534911264875], [0.23107946530552856, 0.1730903305382116, 0.3406591150679249, 0.25517108908833475], [0.6229974069087423, 0.03439724384831232, 0.3246790096719213, 0.01792633957102417], [0.022977976624252442, 0.9715301686183607, 0.0001268885638018015, 0.005364966193585221], [0.005469650935958535, 0.4377847428758994, 0.006870104771641202, 0.549875501416501], [0.2664434325535182, 0.7182366502617378, 0.004145398482589862, 0.011174518702154133]], "state_values": [4.881372531127381, 3.0451701332986185, 3.9344976297209064, 4.466374666289291, 3.238069162342556, 3.3922616077346395, 3.290094300239772, -1.4210906164437866, 3.1658888945319568, 4.732895409742509, 2.2476332848027725, 3.32694816606727, 2.610015935071588, 1.7308589267876506, -1.7477021644120614, 4.066158900177825], "value_grad": [-0.09622764587402344, -0.09725761413574219, 0.1771707534790039, 0.05314350128173828, 0.22211647033691406, -0.2674980163574219, -0.43864917755126953, 0.2861490249633789, -0.23356103897094727, 0.10193061828613281, -0.06042909622192383, 0.24639129638671875, 0.33073902130126953, 0.42708587646484375, 1.5862181186676025, 0.4768235683441162], "action_grad": [[0.0, 0.0, 0.0], [0.0, 0.0, 0.0], [0.0, 0.0, 0.0], [0.0, 0.0, 0.0], [0.0, 0.0, 0.0], [0.0, 0.0, 0.0], [0.0, 0.0, 0.0], [0.0, 0.0, 0.0], [0.0, 0.0, 0.0], [0.0, 0.0, 0.0], [0.0, 0.0, 0.0], [0.0, 0.0, 0.0], [0.0, 0.0, 0.0], [0.0, 0.0, 0.0], [0.0, 0.0, 0.0], [0.0, 0.0, 0.0]], "action_params_change": 0, "value_params_change": 0.5006617308235639}
{"iterations": 1, "type_itr": 0, "sub_iteration": 2, "sub_it_time": 2.364992618560791, "total_time": 7.122634649276733, "value_loss": 2.5117886066436768, "action_loss": -2.4839682579040527, "action_probs": [[0.5629019049853993, 0.30493224458316975, 0.08572652852950413, 0.04643932190192691], [0.1265273521334316, 0.01575247716591263, 0.7627578877808588, 0.09496228291979712], [0.050335018115389575, 0.9070492056270426, 0.002240548587212939, 0.04037522767035484], [0.11919383072055403, 0.08402915049904894, 0.46732364877529614, 0.32945337000510083], [0.26968757790796294, 0.6889382423439491, 0.011639684732525118, 0.02973449501556289], [9.106686365095979e-05, 0.00520567105483789, 0.017101942315277986, 0.9776013197662333], [0.23502601890075336, 0.017990433437829623, 0.6938701723486793, 0.05311337531273764], [0.09207210847426324, 0.566068310791063, 0.047825253515815035, 0.29403432721885864], [0.02167225127078712, 0.03061879877259445, 0.39278206266644383, 0.5549268872901746], [0.0005617088856886875, 0.505277703600655, 0.0005487401458087388, 0.49361184736784763], [0.09197551198009253, 0.01581363667916193, 0.7613155022280969, 0.13089534911264875], [0.23107946530552856, 0.1730903305382116, 0.3406591150679249, 0.25517108908833475], [0.6229974069087423, 0.03439724384831232, 0.3246790096719213, 0.01792633957102417], [0.022977976624252442, 0.9715301686183607, 0.0001268885638018015, 0.005364966193585221], [0.005469650935958535, 0.4377847428758994, 0.006870104771641202, 0.549875501416501], [0.2664434325535182, 0.7182366502617378, 0.004145398482589862, 0.011174518702154133]], "state_values": [4.947862315611924, 2.327365646096864, 3.655662561284589, 4.77948403310617, 3.7459853089359862, 2.6260058619527724, 2.258713577202386, -0.6654505663466637, 3.574259867937291, 4.626069996447059, 2.5841894119574427, 2.312100892100908, 1.6532826475878077, 0.9632673721086896, -0.5383613475905106, 3.2841088508755174], "value_grad": [-0.015325069427490234, 0.016474008560180664, -0.031877756118774414, 0.011840343475341797, 0.003920316696166992, 0.00047516822814941406, -0.3814270496368408, 0.05718278884887695, 0.24294614791870117, -0.07223033905029297, -0.09915828704833984, 0.183150053024292, 0.09852480888366699, 0.22073054313659668, 1.3885738849639893, 0.3476090431213379], "action_grad": [[0.0, 0.0, 0.0], [0.0, 0.0, 0.0], [0.0, 0.0, 0.0], [0.0, 0.0, 0.0], [0.0, 0.0, 0.0], [0.0, 0.0, 0.0], [0.0, 0.0, 0.0], [0.0, 0.0, 0.0], [0.0, 0.0, 0.0], [0.0, 0.0, 0.0], [0.0, 0.0, 0.0], [0.0, 0.0, 0.0], [0.0, 0.0, 0.0], [0.0, 0.0, 0.0], [0.0, 0.0, 0.0], [0.0, 0.0, 0.0]], "action_params_change": 0, "value_params_change": 0.4989339361960159}
{"iterations": 1, "type_itr": 0, "sub_iteration": 3, "sub_it_time": 2.361924171447754, "total_time": 9.486549615859985, "value_loss": 1.4887621402740479, "action_loss": -2.368354558944702, "action_probs": [[0.5629019049853993, 0.30493224458316975, 0.08572652852950413, 0.04643932190192691], [0.1265273521334316, 0.01575247716591263, 0.7627578877808588, 0.09496228291979712], [0.050335018115389575, 0.9070492056270426, 0.002240548587212939, 0.04037522767035484], [0.11919383072055403, 0.08402915049904894, 0.46732364877529614, 0.32945337000510083], [0.26968757790796294, 0.6889382423439491, 0.011639684732525118, 0.02973449501556289], [9.106686365095979e-05, 0.00520567105483789, 0.017101942315277986, 0.9776013197662333], [0.23502601890075336, 0.017990433437829623, 0.6938701723486793, 0.05311337531273764], [0.09207210847426324, 0.566068310791063, 0.047825253515815035, 0.29403432721885864], [0.02167225127078712, 0.03061879877259445, 0.39278206266644383, 0.5549268872901746], [0.0005617088856886875, 0.505277703600655, 0.0005487401458087388, 0.49361184736784763], [0.09197551198009253, 0.01581363667916193, 0.7613155022280969, 0.13089534911264875], [0.23107946530552856, 0.1730903305382116, 0.3406591150679249, 0.25517108908833475], [0.6229974069087423, 0.03439724384831232, 0.3246790096719213, 0.01792633957102417], [0.022977976624252442, 0.9715301686183607, 0.0001268885638018015, 0.005364966193585221], [0.005469650935958535, 0.4377847428758994, 0.006870104771641202, 0.549875501416501], [0.2664434325535182, 0.7182366502617378, 0.004145398482589862, 0.011174518702154133]], "state_values": [4.892423303359485, 2.0596755774996622, 3.1138857019660526, 4.96510607531859, 3.6860941034989896, 2.2745468866625576, 1.3606206805897283, 0.10267756803129681, 3.656654286106387, 4.448307400299876, 2.4654629356214666, 1.2365688359840792, 1.078979943005374, 0.8905400801597613, 0.6694585448613731, 2.2983418025344364], "value_grad": [0.11982965469360352, 0.09424793720245361, 0.1561429500579834, 0.08383321762084961, -0.21649324893951416, 0.15919208526611328, 0.05084633827209473, 0.06209278106689453, 0.3539842367172241, -0.04165923595428467, -0.33022403717041016, 0.08672404289245605, -0.19510924816131592, -0.3841993808746338, 0.9606564044952393, 0.3797246217727661], "action_grad": [[0.0, 0.0, 0.0], [0.0, 0.0, 0.0], [0.0, 0.0, 0.0], [0.0, 0.0, 0.0], [0.0, 0.0, 0.0], [0.0, 0.0, 0.0], [0.0, 0.0, 0.0], [0.0, 0.0, 0.0], [0.0, 0.0, 0.0], [0.0, 0.0, 0.0], [0.0, 0.0, 0.0], [0.0, 0.0, 0.0], [0.0, 0.0, 0.0], [0.0, 0.0, 0.0], [0.0, 0.0, 0.0], [0.0, 0.0, 0.0]], "action_params_change": 0, "value_params_change": 0.4843528517201685}
{"iterations": 1, "type_itr": 0, "sub_iteration": 4, "sub_it_time": 2.3506920337677, "total_time": 11.839049339294434, "value_loss": 1.1426975727081299, "action_loss": -2.2456395626068115, "action_probs": [[0.5629019049853993, 0.30493224458316975, 0.08572652852950413, 0.04643932190192691], [0.1265273521334316, 0.01575247716591263, 0.7627578877808588, 0.09496228291979712], [0.050335018115389575, 0.9070492056270426, 0.002240548587212939, 0.04037522767035484], [0.11919383072055403, 0.08402915049904894, 0.46732364877529614, 0.32945337000510083], [0.26968757790796294, 0.6889382423439491, 0.011639684732525118, 0.02973449501556289], [9.106686365095979e-05, 0.00520567105483789, 0.017101942315277986, 0.9776013197662333], [0.23502601890075336, 0.017990433437829623, 0.6938701723486793, 0.05311337531273764], [0.09207210847426324, 0.566068310791063, 0.047825253515815035, 0.29403432721885864], [0.02167225127078712, 0.03061879877259445, 0.39278206266644383, 0.5549268872901746], [0.0005617088856886875, 0.505277703600655, 0.0005487401458087388, 0.49361184736784763], [0.09197551198009253, 0.01581363667916193, 0.7613155022280969, 0.13089534911264875], [0.23107946530552856, 0.1730903305382116, 0.3406591150679249, 0.25517108908833475], [0.6229974069087423, 0.03439724384831232, 0.3246790096719213, 0.01792633957102417], [0.022977976624252442, 0.9715301686183607, 0.0001268885638018015, 0.005364966193585221], [0.005469650935958535, 0.4377847428758994, 0.006870104771641202, 0.549875501416501], [0.2664434325535182, 0.7182366502617378, 0.004145398482589862, 0.011174518702154133]], "state_values": [4.726961620780761, 2.30920221195666, 2.927275296711949, 4.986422814871632, 3.508542578099129, 2.394391489109421, 1.0301816987615664, 0.8132286648760237, 3.556829765070522, 4.047919599697268, 2.143994901713256, 0.2624266056919486, 0.7987122339896807, 1.1905427701422926, 1.7495923488105745, 1.1684116585495041], "value_grad": [0.1228787899017334, 0.19348561763763428, -0.1268782615661621, 0.0960695743560791, -0.08628857135772705, 0.2787841558456421, 0.4230070114135742, 0.029343605041503906, 0.32523488998413086, -0.24175798892974854, -0.24092626571655273, 0.006375551223754883, -0.18857502937316895, -0.3907332420349121, 0.42387843132019043, 0.3594095706939697], "action_grad": [[0.0, 0.0, 0.0], [0.0, 0.0, 0.0], [0.0, 0.0, 0.0], [0.0, 0.0, 0.0], [0.0, 0.0, 0.0], [0.0, 0.0, 0.0], [0.0, 0.0, 0.0], [0.0, 0.0, 0.0], [0.0, 0.0, 0.0], [0.0, 0.0, 0.0], [0.0, 0.0, 0.0], [0.0, 0.0, 0.0], [0.0, 0.0, 0.0], [0.0, 0.0, 0.0], [0.0, 0.0, 0.0], [0.0, 0.0, 0.0]], "action_params_change": 0, "value_params_change": 0.48351715028771025}
{"iterations": 1, "type_itr": 0, "sub_iteration": 5, "sub_it_time": 2.371586799621582, "total_time": 14.212368488311768, "value_loss": 0.8091071844100952, "action_loss": -2.148371934890747, "action_probs": [[0.5629019049853993, 0.30493224458316975, 0.08572652852950413, 0.04643932190192691], [0.1265273521334316, 0.01575247716591263, 0.7627578877808588, 0.09496228291979712], [0.050335018115389575, 0.9070492056270426, 0.002240548587212939, 0.04037522767035484], [0.11919383072055403, 0.08402915049904894, 0.46732364877529614, 0.32945337000510083], [0.26968757790796294, 0.6889382423439491, 0.011639684732525118, 0.02973449501556289], [9.106686365095979e-05, 0.00520567105483789, 0.017101942315277986, 0.9776013197662333], [0.23502601890075336, 0.017990433437829623, 0.6938701723486793, 0.05311337531273764], [0.09207210847426324, 0.566068310791063, 0.047825253515815035, 0.29403432721885864], [0.02167225127078712, 0.03061879877259445, 0.39278206266644383, 0.5549268872901746], [0.0005617088856886875, 0.505277703600655, 0.0005487401458087388, 0.49361184736784763], [0.09197551198009253, 0.01581363667916193, 0.7613155022280969, 0.13089534911264875], [0.23107946530552856, 0.1730903305382116, 0.3406591150679249, 0.25517108908833475], [0.6229974069087423, 0.03439724384831232, 0.3246790096719213, 0.01792633957102417], [0.022977976624252442, 0.9715301686183607, 0.0001268885638018015, 0.005364966193585221], [0.005469650935958535, 0.4377847428758994, 0.006870104771641202, 0.549875501416501], [0.2664434325535182, 0.7182366502617378, 0.004145398482589862, 0.011174518702154133]], "state_values": [4.404153133821862, 2.756606048589472, 2.958772699296613, 4.880543328649764, 3.219551486651479, 2.430900137922924, 1.040648821640045, 1.0386134789051478, 3.333746078023026, 3.562977785704699, 1.7523935556147918, -0.1940466286214533, 0.8600520653835804, 1.6507655684714346, 2.5851815880249185, 0.020291618443787116], "value_grad": [0.13578832149505615, 0.15305399894714355, -0.10145533084869385, -0.03674876689910889, -0.09171366691589355, -0.05334115028381348, 0.378853440284729, -0.16374599933624268, 0.2811996340751648, -0.04478764533996582, -0.11883950233459473, -0.1921391487121582, -0.3135133981704712, -0.2832193374633789, -0.13218486309051514, 0.17816054821014404], "action_grad": [[0.0, 0.0, 0.0], [0.0, 0.0, 0.0], [0.0, 0.0, 0.0], [0.0, 0.0, 0.0], [0.0, 0.0, 0.0], [0.0, 0.0, 0.0], [0.0, 0.0, 0.0], [0.0, 0.0, 0.0], [0.0, 0.0, 0.0], [0.0, 0.0, 0.0], [0.0, 0.0, 0.0], [0.0, 0.0, 0.0], [0.0, 0.0, 0.0], [0.0, 0.0, 0.0], [0.0, 0.0, 0.0], [0.0, 0.0, 0.0]], "action_params_change": 0, "value_params_change": 0.46360964532754156}
{"iterations": 1, "type_itr": 0, "sub_iteration": 6, "sub_it_time": 2.349278688430786, "total_time": 16.563511610031128, "value_loss": 0.9866340160369873, "action_loss": -2.049818515777588, "action_probs": [[0.5629019049853993, 0.30493224458316975, 0.08572652852950413, 0.04643932190192691], [0.1265273521334316, 0.01575247716591263, 0.7627578877808588, 0.09496228291979712], [0.050335018115389575, 0.9070492056270426, 0.002240548587212939, 0.04037522767035484], [0.11919383072055403, 0.08402915049904894, 0.46732364877529614, 0.32945337000510083], [0.26968757790796294, 0.6889382423439491, 0.011639684732525118, 0.02973449501556289], [9.106686365095979e-05, 0.00520567105483789, 0.017101942315277986, 0.9776013197662333], [0.23502601890075336, 0.017990433437829623, 0.6938701723486793, 0.05311337531273764], [0.09207210847426324, 0.566068310791063, 0.047825253515815035, 0.29403432721885864], [0.02167225127078712, 0.03061879877259445, 0.39278206266644383, 0.5549268872901746], [0.0005617088856886875, 0.505277703600655, 0.0005487401458087388, 0.49361184736784763], [0.09197551198009253, 0.01581363667916193, 0.7613155022280969, 0.13089534911264875], [0.23107946530552856, 0.1730903305382116, 0.3406591150679249, 0.25517108908833475], [0.6229974069087423, 0.03439724384831232, 0.3246790096719213, 0.01792633957102417], [0.022977976624252442, 0.9715301686183607, 0.0001268885638018015, 0.005364966193585221], [0.005469650935958535, 0.4377847428758994, 0.006870104771641202, 0.549875501416501], [0.2664434325535182, 0.7182366502617378, 0.004145398482589862, 0.011174518702154133]], "state_values": [3.9548685524969516, 2.9634008351873242, 3.151564675575073, 4.6684663352136155, 2.7781255091920127, 2.571224656529118, 1.2381475437525349, 1.2072896164487115, 3.0333313720520576, 2.908838816606685, 1.4624073718282447, -0.47072815819943475, 1.0891364158063817, 2.1227923997207787, 3.1496797404613104, -0.7716521755000827], "value_grad": [0.05579644441604614, -0.09721791744232178, -0.10288083553314209, 0.04641115665435791, -0.1339666247367859, 0.09535694122314453, 0.28777337074279785, -0.014651894569396973, 0.19756436347961426, -0.13701611757278442, 0.0659339427947998, -0.07725954055786133, -0.21581995487213135, -0.1207801103591919, -0.48387235403060913, -0.2377185821533203], "action_grad": [[0.0, 0.0, 0.0], [0.0, 0.0, 0.0], [0.0, 0.0, 0.0], [0.0, 0.0, 0.0], [0.0, 0.0, 0.0], [0.0, 0.0, 0.0], [0.0, 0.0, 0.0], [0.0, 0.0, 0.0], [0.0, 0.0, 0.0], [0.0, 0.0, 0.0], [0.0, 0.0, 0.0], [0.0, 0.0, 0.0], [0.0, 0.0, 0.0], [0.0, 0.0, 0.0], [0.0, 0.0, 0.0], [0.0, 0.0, 0.0]], "action_params_change": 0, "value_params_change": 0.3445809591634734}
{"iterations": 1, "type_itr": 0, "sub_iteration": 7, "sub_it_time": 2.3665597438812256, "total_time": 18.93182897567749, "value_loss": 1.1420243978500366, "action_loss": -1.936834692955017, "action_probs": [[0.5629019049853993, 0.30493224458316975, 0.08572652852950413, 0.04643932190192691], [0.1265273521334316, 0.01575247716591263, 0.7627578877808588, 0.09496228291979712], [0.050335018115389575, 0.9070492056270426, 0.002240548587212939, 0.04037522767035484], [0.11919383072055403, 0.08402915049904894, 0.46732364877529614, 0.32945337000510083], [0.26968757790796294, 0.6889382423439491, 0.011639684732525118, 0.02973449501556289], [9.106686365095979e-05, 0.00520567105483789, 0.017101942315277986, 0.9776013197662333], [0.23502601890075336, 0.017990433437829623, 0.6938701723486793, 0.05311337531273764], [0.09207210847426324, 0.566068310791063, 0.047825253515815035, 0.29403432721885864], [0.02167225127078712, 0.03061879877259445, 0.39278206266644383, 0.5549268872901746], [0.0005617088856886875, 0.505277703600655, 0.0005487401458087388, 0.49361184736784763], [0.09197551198009253, 0.01581363667916193, 0.7613155022280969, 0.13089534911264875], [0.23107946530552856, 0.1730903305382116, 0.3406591150679249, 0.25517108908833475], [0.6229974069087423, 0.03439724384831232, 0.3246790096719213, 0.01792633957102417], [0.022977976624252442, 0.9715301686183607, 0.0001268885638018015, 0.005364966193585221], [0.005469650935958535, 0.4377847428758994, 0.006870104771641202, 0.549875501416501], [0.2664434325535182, 0.7182366502617378, 0.004145398482589862, 0.011174518702154133]], "state_values": [3.3035303909737705, 3.1490422432722047, 3.4815275240629955, 4.504044315774609, 2.362504912022666, 2.458855372962413, 1.582708273642749, 1.1844626555083677, 2.5786368334121264, 2.0847364077886996, 1.4455504823744578, -0.49111160756984057, 1.5008131613457518, 2.633682703132756, 3.464739017095543, -1.107504108563609], "value_grad": [0.18267476558685303, 0.006731986999511719, -0.13178884983062744, -0.08973348140716553, 0.001188039779663086, -0.22033441066741943, 0.3004845380783081, -0.09800994396209717, 0.39770281314849854, -0.15855848789215088, 0.26678526401519775, -0.15297460556030273, -0.3097116947174072, -0.19142639636993408, -0.7794467210769653, -0.43472886085510254], "action_grad": [[0.0, 0.0, 0.0], [0.0, 0.0, 0.0], [0.0, 0.0, 0.0], [0.0, 0.0, 0.0], [0.0, 0.0, 0.0], [0.0, 0.0, 0.0], [0.0, 0.0, 0.0], [0.0, 0.0, 0.0], [0.0, 0.0, 0.0], [0.0, 0.0, 0.0], [0.0, 0.0, 0.0], [0.0, 0.0, 0.0], [0.0, 0.0, 0.0], [0.0, 0.0, 0.0], [0.0, 0.0, 0.0], [0.0, 0.0, 0.0]], "action_params_change": 0, "value_params_change": 0.38163257421204433}
{"iterations": 1, "type_itr": 0, "sub_iteration": 8, "sub_it_time": 2.3992207050323486, "total_time": 21.333202838897705, "value_loss": 1.2428855895996094, "action_loss": -1.817922830581665, "action_probs": [[0.5629019049853993, 0.30493224458316975, 0.08572652852950413, 0.04643932190192691], [0.1265273521334316, 0.01575247716591263, 0.7627578877808588, 0.09496228291979712], [0.050335018115389575, 0.9070492056270426, 0.002240548587212939, 0.04037522767035484], [0.11919383072055403, 0.08402915049904894, 0.46732364877529614, 0.32945337000510083], [0.26968757790796294, 0.6889382423439491, 0.011639684732525118, 0.02973449501556289], [9.106686365095979e-05, 0.00520567105483789, 0.017101942315277986, 0.9776013197662333], [0.23502601890075336, 0.017990433437829623, 0.6938701723486793, 0.05311337531273764], [0.09207210847426324, 0.566068310791063, 0.047825253515815035, 0.29403432721885864], [0.02167225127078712, 0.03061879877259445, 0.39278206266644383, 0.5549268872901746], [0.0005617088856886875, 0.505277703600655, 0.0005487401458087388, 0.49361184736784763], [0.09197551198009253, 0.01581363667916193, 0.7613155022280969, 0.13089534911264875], [0.23107946530552856, 0.1730903305382116, 0.3406591150679249, 0.25517108908833475], [0.6229974069087423, 0.03439724384831232, 0.3246790096719213, 0.01792633957102417], [0.022977976624252442, 0.9715301686183607, 0.0001268885638018015, 0.005364966193585221], [0.005469650935958535, 0.4377847428758994, 0.006870104771641202, 0.549875501416501], [0.2664434325535182, 0.7182366502617378, 0.004145398482589862, 0.011174518702154133]], "state_values": [2.4602875999352394, 2.9964482833067723, 3.8555159496974776, 4.338038541900078, 2.138456596766352, 2.2693149009876725, 1.9168539961956128, 1.1364313066614524, 2.0366159634061556, 1.195368833198261, 1.5361428400856856, -0.5699347486290551, 1.9486557963306914, 2.8786605965440977, 3.5955851665461998, -1.0662307035282739], "value_grad": [0.2861100435256958, -0.24757921695709229, -0.10098004341125488, -0.0054253339767456055, 0.10010886192321777, -0.08834755420684814, 0.06225121021270752, -0.01667153835296631, 0.24258947372436523, -0.06644880771636963, 0.13036322593688965, 0.04550051689147949, -0.14105522632598877, 0.2776355743408203, -0.8599535226821899, -0.5507172346115112], "action_grad": [[0.0, 0.0, 0.0], [0.0, 0.0, 0.0], [0.0, 0.0, 0.0], [0.0, 0.0, 0.0], [0.0, 0.0, 0.0], [0.0, 0.0, 0.0], [0.0, 0.0, 0.0], [0.0, 0.0, 0.0], [0.0, 0.0, 0.0], [0.0, 0.0, 0.0], [0.0, 0.0, 0.0], [0.0, 0.0, 0.0], [0.0, 0.0, 0.0], [0.0, 0.0, 0.0], [0.0, 0.0, 0.0], [0.0, 0.0, 0.0]], "action_params_change": 0, "value_params_change": 0.41461477086609744}
{"iterations": 1, "type_itr": 0, "sub_iteration": 9, "sub_it_time": 2.3520054817199707, "total_time": 23.68706703186035, "value_loss": 1.1569535732269287, "action_loss": -1.6582077741622925, "action_probs": [[0.5629019049853993, 0.30493224458316975, 0.08572652852950413, 0.04643932190192691], [0.1265273521334316, 0.01575247716591263, 0.7627578877808588, 0.09496228291979712], [0.050335018115389575, 0.9070492056270426, 0.002240548587212939, 0.04037522767035484], [0.11919383072055403, 0.08402915049904894, 0.46732364877529614, 0.32945337000510083], [0.26968757790796294, 0.6889382423439491, 0.011639684732525118, 0.02973449501556289], [9.106686365095979e-05, 0.00520567105483789, 0.017101942315277986, 0.9776013197662333], [0.23502601890075336, 0.017990433437829623, 0.6938701723486793, 0.05311337531273764], [0.09207210847426324, 0.566068310791063, 0.047825253515815035, 0.29403432721885864], [0.02167225127078712, 0.03061879877259445, 0.39278206266644383, 0.5549268872901746], [0.0005617088856886875, 0.505277703600655, 0.0005487401458087388, 0.49361184736784763], [0.09197551198009253, 0.01581363667916193, 0.7613155022280969, 0.13089534911264875], [0.23107946530552856, 0.1730903305382116, 0.3406591150679249, 0.25517108908833475], [0.6229974069087423, 0.03439724384831232, 0.3246790096719213, 0.01792633957102417], [0.022977976624252442, 0.9715301686183607, 0.0001268885638018015, 0.005364966193585221], [0.005469650935958535, 0.4377847428758994, 0.006870104771641202, 0.549875501416501], [0.2664434325535182, 0.7182366502617378, 0.004145398482589862, 0.011174518702154133]], "state_values": [1.48383686005016, 2.810808372741483, 4.0945160720318805, 4.186496609920725, 1.773023545648334, 1.7427665304597797, 2.2250327083692034, 0.9483162173542125, 1.4737137329097707, 0.1761255869312507, 1.7031031827622825, -0.6892663251404082, 2.3328578898526384, 2.8556573175230655, 3.608463959095906, -0.786202227160392], "value_grad": [0.13551127910614014, -0.03896641731262207, 0.053697824478149414, -0.012632489204406738, -0.11891889572143555, -0.5776057243347168, 0.03330373764038086, -0.09100079536437988, 0.10569226741790771, -0.20786046981811523, 0.11190962791442871, 0.03746163845062256, 0.0009504556655883789, 0.42043328285217285, -0.7303034067153931, -0.500900387763977], "action_grad": [[0.0, 0.0, 0.0], [0.0, 0.0, 0.0], [0.0, 0.0, 0.0], [0.0, 0.0, 0.0], [0.0, 0.0, 0.0], [0.0, 0.0, 0.0], [0.0, 0.0, 0.0], [0.0, 0.0, 0.0], [0.0, 0.0, 0.0], [0.0, 0.0, 0.0], [0.0, 0.0, 0.0], [0.0, 0.0, 0.0], [0.0, 0.0, 0.0], [0.0, 0.0, 0.0], [0.0, 0.0, 0.0], [0.0, 0.0, 0.0]], "action_params_change": 0, "value_params_change": 0.42629175826178933}
{"iterations": 1, "type_itr": 0, "sub_iteration": 10, "sub_it_time": 2.357390880584717, "total_time": 26.0462806224823, "value_loss": 1.1676852703094482, "action_loss": -1.4279183149337769, "action_probs": [[0.5629019049853993, 0.30493224458316975, 0.08572652852950413, 0.04643932190192691], [0.1265273521334316, 0.01575247716591263, 0.7627578877808588, 0.09496228291979712], [0.050335018115389575, 0.9070492056270426, 0.002240548587212939, 0.04037522767035484], [0.11919383072055403, 0.08402915049904894, 0.46732364877529614, 0.32945337000510083], [0.26968757790796294, 0.6889382423439491, 0.011639684732525118, 0.02973449501556289], [9.106686365095979e-05, 0.00520567105483789, 0.017101942315277986, 0.9776013197662333], [0.23502601890075336, 0.017990433437829623, 0.6938701723486793, 0.05311337531273764], [0.09207210847426324, 0.566068310791063, 0.047825253515815035, 0.29403432721885864], [0.02167225127078712, 0.03061879877259445, 0.39278206266644383, 0.5549268872901746], [0.0005617088856886875, 0.505277703600655, 0.0005487401458087388, 0.49361184736784763], [0.09197551198009253, 0.01581363667916193, 0.7613155022280969, 0.13089534911264875], [0.23107946530552856, 0.1730903305382116, 0.3406591150679249, 0.25517108908833475], [0.6229974069087423, 0.03439724384831232, 0.3246790096719213, 0.01792633957102417], [0.022977976624252442, 0.9715301686183607, 0.0001268885638018015, 0.005364966193585221], [0.005469650935958535, 0.4377847428758994, 0.006870104771641202, 0.549875501416501], [0.2664434325535182, 0.7182366502617378, 0.004145398482589862, 0.011174518702154133]], "state_values": [0.3949779756477647, 2.3422471105150207, 4.078209335961337, 4.134701696002299, 1.31081119819943, 1.1092916861033975, 2.4387499733188402, 0.5949692779188265, 0.8787264610490787, -0.7873175110921861, 1.689742211566283, -0.6173666016765899, 2.587082346817333, 2.6562009516491463, 3.529839447564628, -0.34630406809224196], "value_grad": [0.17891299724578857, -0.3597261905670166, 0.22698712348937988, -0.07555687427520752, -0.09341645240783691, -0.2247300148010254, -0.09931659698486328, -0.12553191184997559, 0.14307498931884766, -0.031996846199035645, -0.20948398113250732, -0.13875818252563477, 0.11781013011932373, 0.36927008628845215, -0.680565595626831, -0.4310065507888794], "action_grad": [[0.0, 0.0, 0.0], [0.0, 0.0, 0.0], [0.0, 0.0, 0.0], [0.0, 0.0, 0.0], [0.0, 0.0, 0.0], [0.0, 0.0, 0.0], [0.0, 0.0, 0.0], [0.0, 0.0, 0.0], [0.0, 0.0, 0.0], [0.0, 0.0, 0.0], [0.0, 0.0, 0.0], [0.0, 0.0, 0.0], [0.0, 0.0, 0.0], [0.0, 0.0, 0.0], [0.0, 0.0, 0.0], [0.0, 0.0, 0.0]], "action_params_change": 0, "value_params_change": 0.4444555005420767}
{"iterations": 1, "type_itr": 0, "sub_iteration": 11, "sub_it_time": 2.3872299194335938, "total_time": 28.435261964797974, "value_loss": 1.4682096242904663, "action_loss": -1.1628003120422363, "action_probs": [[0.5629019049853993, 0.30493224458316975, 0.08572652852950413, 0.04643932190192691], [0.1265273521334316, 0.01575247716591263, 0.7627578877808588, 0.09496228291979712], [0.050335018115389575, 0.9070492056270426, 0.002240548587212939, 0.04037522767035484], [0.11919383072055403, 0.08402915049904894, 0.46732364877529614, 0.32945337000510083], [0.26968757790796294, 0.6889382423439491, 0.011639684732525118, 0.02973449501556289], [9.106686365095979e-05, 0.00520567105483789, 0.017101942315277986, 0.9776013197662333], [0.23502601890075336, 0.017990433437829623, 0.6938701723486793, 0.05311337531273764], [0.09207210847426324, 0.566068310791063, 0.047825253515815035, 0.29403432721885864], [0.02167225127078712, 0.03061879877259445, 0.39278206266644383, 0.5549268872901746], [0.0005617088856886875, 0.505277703600655, 0.0005487401458087388, 0.49361184736784763], [0.09197551198009253, 0.01581363667916193, 0.7613155022280969, 0.13089534911264875], [0.23107946530552856, 0.1730903305382116, 0.3406591150679249, 0.25517108908833475], [0.6229974069087423, 0.03439724384831232, 0.3246790096719213, 0.01792633957102417], [0.022977976624252442, 0.9715301686183607, 0.0001268885638018015, 0.005364966193585221], [0.005469650935958535, 0.4377847428758994, 0.006870104771641202, 0.549875501416501], [0.2664434325535182, 0.7182366502617378, 0.004145398482589862, 0.011174518702154133]], "state_values": [-0.6194664200932953, 1.657740401896733, 3.9466236819381435, 4.271950951610124, 0.5842953597082188, 0.45807767166271735, 2.6056474987229077, 0.1704892586318818, 0.32988212365097047, -1.524028321529379, 1.4964721633221427, -0.5901734670586991, 2.605586003612668, 2.3168160616417635, 3.3589943914557825, 0.21552678254638075], "value_grad": [0.01417684555053711, -0.38570404052734375, 0.14505469799041748, -0.18477368354797363, -0.45904314517974854, -0.09420835971832275, -0.03920388221740723, -0.07199275493621826, 0.004355788230895996, 0.07080459594726562, -0.25526154041290283, 0.02985835075378418, 0.3309769630432129, 0.33739209175109863, -0.7484400272369385, -0.4090677499771118], "action_grad": [[0.0, 0.0, 0.0], [0.0, 0.0, 0.0], [0.0, 0.0, 0.0], [0.0, 0.0, 0.0], [0.0, 0.0, 0.0], [0.0, 0.0, 0.0], [0.0, 0.0, 0.0], [0.0, 0.0, 0.0], [0.0, 0.0, 0.0], [0.0, 0.0, 0.0], [0.0, 0.0, 0.0], [0.0, 0.0, 0.0], [0.0, 0.0, 0.0], [0.0, 0.0, 0.0], [0.0, 0.0, 0.0], [0.0, 0.0, 0.0]], "action_params_change": 0, "value_params_change": 0.40658086114727077}
{"iterations": 1, "type_itr": 0, "sub_iteration": 12, "sub_it_time": 2.3902204036712646, "total_time": 30.827260732650757, "value_loss": 1.6245505809783936, "action_loss": -0.8880923986434937, "action_probs": [[0.5629019049853993, 0.30493224458316975, 0.08572652852950413, 0.04643932190192691], [0.1265273521334316, 0.01575247716591263, 0.7627578877808588, 0.09496228291979712], [0.050335018115389575, 0.9070492056270426, 0.002240548587212939, 0.04037522767035484], [0.11919383072055403, 0.08402915049904894, 0.46732364877529614, 0.32945337000510083], [0.26968757790796294, 0.6889382423439491, 0.011639684732525118, 0.02973449501556289], [9.106686365095979e-05, 0.00520567105483789, 0.017101942315277986, 0.9776013197662333], [0.23502601890075336, 0.017990433437829623, 0.6938701723486793, 0.05311337531273764], [0.09207210847426324, 0.566068310791063, 0.047825253515815035, 0.29403432721885864], [0.02167225127078712, 0.03061879877259445, 0.39278206266644383, 0.5549268872901746], [0.0005617088856886875, 0.505277703600655, 0.0005487401458087388, 0.49361184736784763], [0.09197551198009253, 0.01581363667916193, 0.7613155022280969, 0.13089534911264875], [0.23107946530552856, 0.1730903305382116, 0.3406591150679249, 0.25517108908833475], [0.6229974069087423, 0.03439724384831232, 0.3246790096719213, 0.01792633957102417], [0.022977976624252442, 0.9715301686183607, 0.0001268885638018015, 0.005364966193585221], [0.005469650935958535, 0.4377847428758994, 0.006870104771641202, 0.549875501416501], [0.2664434325535182, 0.7182366502617378, 0.004145398482589862, 0.011174518702154133]], "state_values": [-1.2918551347800844, 0.8048760075081294, 3.601133939708722, 4.440682800126293, -0.28630932119023356, -0.1158798281784665, 2.537139189345663, -0.20313706379350852, -0.10567182633819516, -1.9967061068327372, 1.271954881943197, -0.4731154047739536, 2.4053396311915844, 1.8154877829314455, 3.1219421085174135, 0.8232891974934504], "value_grad": [-0.15523183345794678, -0.3711707592010498, 0.34717321395874023, -0.06989383697509766, -0.32325494289398193, 0.02720510959625244, -0.43005573749542236, 0.006652712821960449, -0.11135518550872803, 0.11424601078033447, -0.06731986999511719, -0.07472503185272217, 0.4066920280456543, 0.4328676462173462, -0.5621616840362549, -0.25890493392944336], "action_grad": [[0.0, 0.0, 0.0], [0.0, 0.0, 0.0], [0.0, 0.0, 0.0], [0.0, 0.0, 0.0], [0.0, 0.0, 0.0], [0.0, 0.0, 0.0], [0.0, 0.0, 0.0], [0.0, 0.0, 0.0], [0.0, 0.0, 0.0], [0.0, 0.0, 0.0], [0.0, 0.0, 0.0], [0.0, 0.0, 0.0], [0.0, 0.0, 0.0], [0.0, 0.0, 0.0], [0.0, 0.0, 0.0], [0.0, 0.0, 0.0]], "action_params_change": 0, "value_params_change": 0.35253066766105645}
{"iterations": 1, "type_itr": 0, "sub_iteration": 13, "sub_it_time": 2.3385117053985596, "total_time": 33.16760993003845, "value_loss": 1.7591111660003662, "action_loss": -0.6390222311019897, "action_probs": [[0.5629019049853993, 0.30493224458316975, 0.08572652852950413, 0.04643932190192691], [0.1265273521334316, 0.01575247716591263, 0.7627578877808588, 0.09496228291979712], [0.050335018115389575, 0.9070492056270426, 0.002240548587212939, 0.04037522767035484], [0.11919383072055403, 0.08402915049904894, 0.46732364877529614, 0.32945337000510083], [0.26968757790796294, 0.6889382423439491, 0.011639684732525118, 0.02973449501556289], [9.106686365095979e-05, 0.00520567105483789, 0.017101942315277986, 0.9776013197662333], [0.23502601890075336, 0.017990433437829623, 0.6938701723486793, 0.05311337531273764], [0.09207210847426324, 0.566068310791063, 0.047825253515815035, 0.29403432721885864], [0.02167225127078712, 0.03061879877259445, 0.39278206266644383, 0.5549268872901746], [0.0005617088856886875, 0.505277703600655, 0.0005487401458087388, 0.49361184736784763], [0.09197551198009253, 0.01581363667916193, 0.7613155022280969, 0.13089534911264875], [0.23107946530552856, 0.1730903305382116, 0.3406591150679249, 0.25517108908833475], [0.6229974069087423, 0.03439724384831232, 0.3246790096719213, 0.01792633957102417], [0.022977976624252442, 0.9715301686183607, 0.0001268885638018015, 0.005364966193585221], [0.005469650935958535, 0.4377847428758994, 0.006870104771641202, 0.549875501416501], [0.2664434325535182, 0.7182366502617378, 0.004145398482589862, 0.011174518702154133]], "state_values": [-1.740258400966634, -0.1089504257424638, 3.1404452553587365, 4.5635520682483195, -1.2296375913827011, -0.6582156368691184, 2.3051735881321798, -0.5340207010588136, -0.3341699775956606, -2.3763986715674457, 0.9415272283763545, -0.48184187705660475, 2.0416612859817387, 1.1773634013075298, 2.789254155891412, 1.35497931321428], "value_grad": [-0.11369180679321289, -0.18869411945343018, 0.16164720058441162, 0.016156911849975586, -0.2757347822189331, -0.03480839729309082, -0.3722400665283203, 0.003761887550354004, -0.289040207862854, 0.024552106857299805, -0.18105089664459229, 0.09195113182067871, 0.3644784688949585, 0.40835511684417725, -0.7843176126480103, 0.01651322841644287], "action_grad": [[0.0, 0.0, 0.0], [0.0, 0.0, 0.0], [0.0, 0.0, 0.0], [0.0, 0.0, 0.0], [0.0, 0.0, 0.0], [0.0, 0.0, 0.0], [0.0, 0.0, 0.0], [0.0, 0.0, 0.0], [0.0, 0.0, 0.0], [0.0, 0.0, 0.0], [0.0, 0.0, 0.0], [0.0, 0.0, 0.0], [0.0, 0.0, 0.0], [0.0, 0.0, 0.0], [0.0, 0.0, 0.0], [0.0, 0.0, 0.0]], "action_params_change": 0, "value_params_change": 0.3823665595374566}
