{"iterations": 0, "type_itr": 0, "sub_iteration": 0, "sub_it_time": 0, "total_time": 0, "value_loss": 0, "action_loss": 0, "action_probs": [[0.40740919783578566, 0.011802998229790626, 0.5644356140743517, 0.016352189860071895], [0.010051411162576454, 0.004511909443314023, 0.6801353556185465, 0.30530132377556296], [0.019301474784716638, 0.00570301832198958, 0.7526187838003282, 0.22237672309296544], [0.003304981558348505, 0.13567746248802437, 0.020474867623507618, 0.8405426883301194], [0.1772953404001934, 0.7498253436227807, 0.013936872897940699, 0.05894244307908504], [0.0082853360816653, 0.946141160466486, 0.00039562165749078385, 0.04517788179435808], [0.09489891803902681, 0.7569403178805516, 0.016505809563807088, 0.13165495451661433], [0.28130464492938156, 0.07482992490215984, 0.5085783621104689, 0.1352870680579896], [0.3393733422800896, 0.2156861149518993, 0.27204465602319383, 0.17289588674481732], [0.9552802822281934, 0.0012936562899402335, 0.043367332725707385, 5.872875615906492e-05], [0.0016168208716833665, 0.009017217005002607, 0.15042522472118391, 0.83894073740213], [0.34943179615901715, 0.020486015349117613, 0.5951882931911084, 0.03489389530075687], [0.2822213585464615, 0.2623291502490073, 0.23604343780957826, 0.21940605339495287], [0.13959190993690038, 0.005040316029735374, 0.8255588993239756, 0.02980887470938864], [0.09460701850374101, 0.00021546475036012927, 0.9031206854862218, 0.0020568312596772405], [0.0028755026945288093, 0.00025872943056486016, 0.9145749539920105, 0.08229081388289597]], "state_values": [4.3823158927956865, -0.6031277066981352, -0.765996595852686, 4.6122793999036125, -4.469086936733848, -4.885302016107247, -3.2231993440071065, -3.884231370987624, 3.154271209981242, 4.964968100769569, 3.670272370584306, 4.158146709943077, 4.867815074097905, -4.01999171311503, 2.2778039349088455, -0.036292779066611575], "value_grad": [0.0, 0.0, 0.0, 0.0, 0.0, 0.0, 0.0, 0.0, 0.0, 0.0, 0.0, 0.0, 0.0, 0.0, 0.0, 0.0], "action_grad": [[0.0, 0.0, 0.0], [0.0, 0.0, 0.0], [0.0, 0.0, 0.0], [0.0, 0.0, 0.0], [0.0, 0.0, 0.0], [0.0, 0.0, 0.0], [0.0, 0.0, 0.0], [0.0, 0.0, 0.0], [0.0, 0.0, 0.0], [0.0, 0.0, 0.0], [0.0, 0.0, 0.0], [0.0, 0.0, 0.0], [0.0, 0.0, 0.0], [0.0, 0.0, 0.0], [0.0, 0.0, 0.0], [0.0, 0.0, 0.0]], "action_params_change": 0, "value_params_change": 0}
{"iterations": 1, "type_itr": 0, "sub_iteration": 0, "sub_it_time": 0.14049506187438965, "total_time": 0.14206242561340332, "value_loss": 8.422920227050781, "action_loss": -0.997722327709198, "action_probs": [[0.40740919783578566, 0.011802998229790626, 0.5644356140743517, 0.016352189860071895], [0.010051411162576454, 0.004511909443314023, 0.6801353556185465, 0.30530132377556296], [0.019301474784716638, 0.00570301832198958, 0.7526187838003282, 0.22237672309296544], [0.003304981558348505, 0.13567746248802437, 0.020474867623507618, 0.8405426883301194], [0.1772953404001934, 0.7498253436227807, 0.013936872897940699, 0.05894244307908504], [0.0082853360816653, 0.946141160466486, 0.00039562165749078385, 0.04517788179435808], [0.09489891803902681, 0.7569403178805516, 0.016505809563807088, 0.13165495451661433], [0.28130464492938156, 0.07482992490215984, 0.5085783621104689, 0.1352870680579896], [0.3393733422800896, 0.2156861149518993, 0.27204465602319383, 0.17289588674481732], [0.9552802822281934, 0.0012936562899402335, 0.043367332725707385, 5.872875615906492e-05], [0.0016168208716833665, 0.009017217005002607, 0.15042522472118391, 0.83894073740213], [0.34943179615901715, 0.020486015349117613, 0.5951882931911084, 0.03489389530075687], [0.2822213585464615, 0.2623291502490073, 0.23604343780957826, 0.21940605339495287], [0.13959190993690038, 0.005040316029735374, 0.8255588993239756, 0.02980887470938864], [0.09460701850374101, 0.00021546475036012927, 0.9031206854862218, 0.0020568312596772405], [0.0028755026945288093, 0.00025872943056486016, 0.9145749539920105, 0.08229081388289597]], "state_values": [4.8416668567132275, 0.6436092456287523, 0.4802335260458057, 4.946511251821177, -4.884872022538243, -4.469991154520756, -2.177313095731438, -4.542419375356692, 2.0964072192675594, 4.956795404044417, 4.396220989209851, 4.7158355650410355, 4.999044820573177, -3.1594489268438624, 3.3081933226910727, 1.2018226573062296], "value_grad": [-1.7384405136108398, 2.6848793029785156, -0.732600212097168, -1.2790794372558594, 0.30095958709716797, 0.760319709777832, -0.9939603805541992, 0.6613187789916992, -1.310760498046875, -0.12276077270507812, 1.2830400466918945, 0.7682404518127441, 0.5900411605834961, -2.506680488586426, 0.6732006072998047, 0.45143985748291016], "action_grad": [[0.0, 0.0, 0.0], [0.0, 0.0, 0.0], [0.0, 0.0, 0.0], [0.0, 0.0, 0.0], [0.0, 0.0, 0.0], [0.0, 0.0, 0.0], [0.0, 0.0, 0.0], [0.0, 0.0, 0.0], [0.0, 0.0, 0.0], [0.0, 0.0, 0.0], [0.0, 0.0, 0.0], [0.0, 0.0, 0.0], [0.0, 0.0, 0.0], [0.0, 0.0, 0.0], [0.0, 0.0, 0.0], [0.0, 0.0, 0.0]], "action_params_change": 0, "value_params_change": 0.499999998137719}
{"iterations": 1, "type_itr": 0, "sub_iteration": 1, "sub_it_time": 0.12750864028930664, "total_time": 0.2713589668273926, "value_loss": 9.967320442199707, "action_loss": -1.2463831901550293, "action_probs": [[0.40740919783578566, 0.011802998229790626, 0.5644356140743517, 0.016352189860071895], [0.010051411162576454, 0.004511909443314023, 0.6801353556185465, 0.30530132377556296], [0.019301474784716638, 0.00570301832198958, 0.7526187838003282, 0.22237672309296544], [0.003304981558348505, 0.13567746248802437, 0.020474867623507618, 0.8405426883301194], [0.1772953404001934, 0.7498253436227807, 0.013936872897940699, 0.05894244307908504], [0.0082853360816653, 0.946141160466486, 0.00039562165749078385, 0.04517788179435808], [0.09489891803902681, 0.7569403178805516, 0.016505809563807088, 0.13165495451661433], [0.28130464492938156, 0.07482992490215984, 0.5085783621104689, 0.1352870680579896], [0.3393733422800896, 0.2156861149518993, 0.27204465602319383, 0.17289588674481732], [0.9552802822281934, 0.0012936562899402335, 0.043367332725707385, 5.872875615906492e-05], [0.0016168208716833665, 0.009017217005002607, 0.15042522472118391, 0.83894073740213], [0.34943179615901715, 0.020486015349117613, 0.5951882931911084, 0.03489389530075687], [0.2822213585464615, 0.2623291502490073, 0.23604343780957826, 0.21940605339495287], [0.13959190993690038, 0.005040316029735374, 0.8255588993239756, 0.02980887470938864], [0.09460701850374101, 0.00021546475036012927, 0.9031206854862218, 0.0020568312596772405], [0.0028755026945288093, 0.00025872943056486016, 0.9145749539920105, 0.08229081388289597]], "state_values": [4.981482233540977, 1.4613257953095438, 1.665814634447651, 4.931297568012543, -4.774616657620861, -4.209359834351849, -1.1188521646924308, -4.834326599235212, 2.334912473234246, 4.999387714259416, 4.410263753693031, 4.807901539821987, 4.81951531877238, -2.1508666168731496, 3.1084335318715683, 2.251263138708458], "value_grad": [0.011879920959472656, 0.0, -1.346400260925293, 1.346400260925293, -0.5702400207519531, -0.2336406707763672, -0.3999595642089844, 0.01980113983154297, 1.821599006652832, 0.578160285949707, -1.1008787155151367, -0.4078798294067383, 0.732600212097168, -1.500840187072754, -0.9266390800476074, 1.6117196083068848], "action_grad": [[0.0, 0.0, 0.0], [0.0, 0.0, 0.0], [0.0, 0.0, 0.0], [0.0, 0.0, 0.0], [0.0, 0.0, 0.0], [0.0, 0.0, 0.0], [0.0, 0.0, 0.0], [0.0, 0.0, 0.0], [0.0, 0.0, 0.0], [0.0, 0.0, 0.0], [0.0, 0.0, 0.0], [0.0, 0.0, 0.0], [0.0, 0.0, 0.0], [0.0, 0.0, 0.0], [0.0, 0.0, 0.0], [0.0, 0.0, 0.0]], "action_params_change": 0, "value_params_change": 0.4999141616147248}
{"iterations": 1, "type_itr": 0, "sub_iteration": 2, "sub_it_time": 0.12836670875549316, "total_time": 0.4012608528137207, "value_loss": 8.692200660705566, "action_loss": -1.4048525094985962, "action_probs": [[0.40740919783578566, 0.011802998229790626, 0.5644356140743517, 0.016352189860071895], [0.010051411162576454, 0.004511909443314023, 0.6801353556185465, 0.30530132377556296], [0.019301474784716638, 0.00570301832198958, 0.7526187838003282, 0.22237672309296544], [0.003304981558348505, 0.13567746248802437, 0.020474867623507618, 0.8405426883301194], [0.1772953404001934, 0.7498253436227807, 0.013936872897940699, 0.05894244307908504], [0.0082853360816653, 0.946141160466486, 0.00039562165749078385, 0.04517788179435808], [0.09489891803902681, 0.7569403178805516, 0.016505809563807088, 0.13165495451661433], [0.28130464492938156, 0.07482992490215984, 0.5085783621104689, 0.1352870680579896], [0.3393733422800896, 0.2156861149518993, 0.27204465602319383, 0.17289588674481732], [0.9552802822281934, 0.0012936562899402335, 0.043367332725707385, 5.872875615906492e-05], [0.0016168208716833665, 0.009017217005002607, 0.15042522472118391, 0.83894073740213], [0.34943179615901715, 0.020486015349117613, 0.5951882931911084, 0.03489389530075687], [0.2822213585464615, 0.2623291502490073, 0.23604343780957826, 0.21940605339495287], [0.13959190993690038, 0.005040316029735374, 0.8255588993239756, 0.02980887470938864], [0.09460701850374101, 0.00021546475036012927, 0.9031206854862218, 0.0020568312596772405], [0.0028755026945288093, 0.00025872943056486016, 0.9145749539920105, 0.08229081388289597]], "state_values": [4.99743337402849, 2.1939054566650094, 2.5148175809659907, 4.9865744714909885, -4.4476175216354985, -3.8613433568622826, -0.7213629244325674, -4.945736954905633, 2.6600151492663855, 4.888835746054767, 4.632577861737442, 4.7544374775317415, 4.59902900706655, -1.0137442849248257, 2.515302825349084, 3.2308318642658476], "value_grad": [0.7563591003417969, 0.5227193832397461, 0.007920265197753906, -1.5958800315856934, -1.5602397918701172, 0.20195960998535156, 0.5543994903564453, -0.0910797119140625, 0.5029201507568359, 0.7167601585388184, 1.386000633239746, -0.4831204414367676, -0.30887937545776367, -1.7265605926513672, -1.2117586135864258, 1.4097609519958496], "action_grad": [[0.0, 0.0, 0.0], [0.0, 0.0, 0.0], [0.0, 0.0, 0.0], [0.0, 0.0, 0.0], [0.0, 0.0, 0.0], [0.0, 0.0, 0.0], [0.0, 0.0, 0.0], [0.0, 0.0, 0.0], [0.0, 0.0, 0.0], [0.0, 0.0, 0.0], [0.0, 0.0, 0.0], [0.0, 0.0, 0.0], [0.0, 0.0, 0.0], [0.0, 0.0, 0.0], [0.0, 0.0, 0.0], [0.0, 0.0, 0.0]], "action_params_change": 0, "value_params_change": 0.4810409902608419}
{"iterations": 1, "type_itr": 0, "sub_iteration": 3, "sub_it_time": 0.12556767463684082, "total_time": 0.5283842086791992, "value_loss": 7.076519966125488, "action_loss": -1.6078740358352661, "action_probs": [[0.40740919783578566, 0.011802998229790626, 0.5644356140743517, 0.016352189860071895], [0.010051411162576454, 0.004511909443314023, 0.6801353556185465, 0.30530132377556296], [0.019301474784716638, 0.00570301832198958, 0.7526187838003282, 0.22237672309296544], [0.003304981558348505, 0.13567746248802437, 0.020474867623507618, 0.8405426883301194], [0.1772953404001934, 0.7498253436227807, 0.013936872897940699, 0.05894244307908504], [0.0082853360816653, 0.946141160466486, 0.00039562165749078385, 0.04517788179435808], [0.09489891803902681, 0.7569403178805516, 0.016505809563807088, 0.13165495451661433], [0.28130464492938156, 0.07482992490215984, 0.5085783621104689, 0.1352870680579896], [0.3393733422800896, 0.2156861149518993, 0.27204465602319383, 0.17289588674481732], [0.9552802822281934, 0.0012936562899402335, 0.043367332725707385, 5.872875615906492e-05], [0.0016168208716833665, 0.009017217005002607, 0.15042522472118391, 0.83894073740213], [0.34943179615901715, 0.020486015349117613, 0.5951882931911084, 0.03489389530075687], [0.2822213585464615, 0.2623291502490073, 0.23604343780957826, 0.21940605339495287], [0.13959190993690038, 0.005040316029735374, 0.8255588993239756, 0.02980887470938864], [0.09460701850374101, 0.00021546475036012927, 0.9031206854862218, 0.0020568312596772405], [0.0028755026945288093, 0.00025872943056486016, 0.9145749539920105, 0.08229081388289597]], "state_values": [4.999662309467213, 2.8239431914601205, 2.7074910474658824, 4.9999266797719635, -4.117658121970116, -3.458356145749431, -0.2282271784611134, -4.998626828700891, 2.565424941919316, 4.61393456077485, 4.568401598518657, 4.8490606846631135, 4.177145238425047, -0.09819812677897317, 2.0689180079420932, 3.834022869826001], "value_grad": [0.007919788360595703, 0.33660078048706055, 1.041480541229248, -0.047519683837890625, 0.14652061462402344, 0.13067960739135742, -0.2970004081726074, 1.239480972290039, -1.382040023803711, 0.1742405891418457, -1.9522795677185059, 0.8078393936157227, 2.015639305114746, 0.27719974517822266, 0.1900792121887207, -0.3009605407714844], "action_grad": [[0.0, 0.0, 0.0], [0.0, 0.0, 0.0], [0.0, 0.0, 0.0], [0.0, 0.0, 0.0], [0.0, 0.0, 0.0], [0.0, 0.0, 0.0], [0.0, 0.0, 0.0], [0.0, 0.0, 0.0], [0.0, 0.0, 0.0], [0.0, 0.0, 0.0], [0.0, 0.0, 0.0], [0.0, 0.0, 0.0], [0.0, 0.0, 0.0], [0.0, 0.0, 0.0], [0.0, 0.0, 0.0], [0.0, 0.0, 0.0]], "action_params_change": 0, "value_params_change": 0.3690467611202153}
{"iterations": 1, "type_itr": 0, "sub_iteration": 4, "sub_it_time": 0.12685823440551758, "total_time": 0.6568152904510498, "value_loss": 5.650920391082764, "action_loss": -1.666009783744812, "action_probs": [[0.40740919783578566, 0.011802998229790626, 0.5644356140743517, 0.016352189860071895], [0.010051411162576454, 0.004511909443314023, 0.6801353556185465, 0.30530132377556296], [0.019301474784716638, 0.00570301832198958, 0.7526187838003282, 0.22237672309296544], [0.003304981558348505, 0.13567746248802437, 0.020474867623507618, 0.8405426883301194], [0.1772953404001934, 0.7498253436227807, 0.013936872897940699, 0.05894244307908504], [0.0082853360816653, 0.946141160466486, 0.00039562165749078385, 0.04517788179435808], [0.09489891803902681, 0.7569403178805516, 0.016505809563807088, 0.13165495451661433], [0.28130464492938156, 0.07482992490215984, 0.5085783621104689, 0.1352870680579896], [0.3393733422800896, 0.2156861149518993, 0.27204465602319383, 0.17289588674481732], [0.9552802822281934, 0.0012936562899402335, 0.043367332725707385, 5.872875615906492e-05], [0.0016168208716833665, 0.009017217005002607, 0.15042522472118391, 0.83894073740213], [0.34943179615901715, 0.020486015349117613, 0.5951882931911084, 0.03489389530075687], [0.2822213585464615, 0.2623291502490073, 0.23604343780957826, 0.21940605339495287], [0.13959190993690038, 0.005040316029735374, 0.8255588993239756, 0.02980887470938864], [0.09460701850374101, 0.00021546475036012927, 0.9031206854862218, 0.0020568312596772405], [0.0028755026945288093, 0.00025872943056486016, 0.9145749539920105, 0.08229081388289597]], "state_values": [4.9999963273372465, 3.198657924730205, 2.854048394166169, 4.999628523663306, -3.744202488373842, -2.883074258535317, -0.03215153995852068, -4.897468536288329, 2.2475310388965104, 4.148507331816039, 4.520254801572814, 4.95683905725524, 3.6972700045652886, 0.8542047920261706, 2.1817450784898407, 4.281411145617267], "value_grad": [0.6652798652648926, -0.5544004440307617, 0.03959941864013672, 1.568160057067871, -0.16236019134521484, 0.3959994316101074, 0.3880805969238281, 0.4554004669189453, -1.1919598579406738, 1.5958800315856934, 0.0989990234375, 0.6771602630615234, 0.09504032135009766, -1.1444401741027832, 1.4493598937988281, 0.1584000587463379], "action_grad": [[0.0, 0.0, 0.0], [0.0, 0.0, 0.0], [0.0, 0.0, 0.0], [0.0, 0.0, 0.0], [0.0, 0.0, 0.0], [0.0, 0.0, 0.0], [0.0, 0.0, 0.0], [0.0, 0.0, 0.0], [0.0, 0.0, 0.0], [0.0, 0.0, 0.0], [0.0, 0.0, 0.0], [0.0, 0.0, 0.0], [0.0, 0.0, 0.0], [0.0, 0.0, 0.0], [0.0, 0.0, 0.0], [0.0, 0.0, 0.0]], "action_params_change": 0, "value_params_change": 0.3933583916316644}
{"iterations": 1, "type_itr": 0, "sub_iteration": 5, "sub_it_time": 0.1259467601776123, "total_time": 0.7843749523162842, "value_loss": 4.4233198165893555, "action_loss": -1.7254130840301514, "action_probs": [[0.40740919783578566, 0.011802998229790626, 0.5644356140743517, 0.016352189860071895], [0.010051411162576454, 0.004511909443314023, 0.6801353556185465, 0.30530132377556296], [0.019301474784716638, 0.00570301832198958, 0.7526187838003282, 0.22237672309296544], [0.003304981558348505, 0.13567746248802437, 0.020474867623507618, 0.8405426883301194], [0.1772953404001934, 0.7498253436227807, 0.013936872897940699, 0.05894244307908504], [0.0082853360816653, 0.946141160466486, 0.00039562165749078385, 0.04517788179435808], [0.09489891803902681, 0.7569403178805516, 0.016505809563807088, 0.13165495451661433], [0.28130464492938156, 0.07482992490215984, 0.5085783621104689, 0.1352870680579896], [0.3393733422800896, 0.2156861149518993, 0.27204465602319383, 0.17289588674481732], [0.9552802822281934, 0.0012936562899402335, 0.043367332725707385, 5.872875615906492e-05], [0.0016168208716833665, 0.009017217005002607, 0.15042522472118391, 0.83894073740213], [0.34943179615901715, 0.020486015349117613, 0.5951882931911084, 0.03489389530075687], [0.2822213585464615, 0.2623291502490073, 0.23604343780957826, 0.21940605339495287], [0.13959190993690038, 0.005040316029735374, 0.8255588993239756, 0.02980887470938864], [0.09460701850374101, 0.00021546475036012927, 0.9031206854862218, 0.0020568312596772405], [0.0028755026945288093, 0.00025872943056486016, 0.9145749539920105, 0.08229081388289597]], "state_values": [4.988169461470695, 3.253777839393963, 2.772269671896257, 4.994620663337658, -3.2020755794285254, -2.0983688016816564, 0.24604911306906907, -4.830829136853762, 1.8321770119917669, 3.46372762720662, 4.460290646206595, 4.999951426162901, 3.100235289645602, 1.8022955931933318, 2.323057223317041, 4.529922386534981], "value_grad": [1.0850396156311035, -1.3939204216003418, 0.7325997352600098, 0.4316401481628418, -0.8316001892089844, 0.7048807144165039, -0.22571992874145508, -0.9662399291992188, -0.6969594955444336, 1.2078003883361816, -0.1663198471069336, 0.49499988555908203, 0.582120418548584, -1.1602797508239746, 0.1742401123046875, -0.42768001556396484], "action_grad": [[0.0, 0.0, 0.0], [0.0, 0.0, 0.0], [0.0, 0.0, 0.0], [0.0, 0.0, 0.0], [0.0, 0.0, 0.0], [0.0, 0.0, 0.0], [0.0, 0.0, 0.0], [0.0, 0.0, 0.0], [0.0, 0.0, 0.0], [0.0, 0.0, 0.0], [0.0, 0.0, 0.0], [0.0, 0.0, 0.0], [0.0, 0.0, 0.0], [0.0, 0.0, 0.0], [0.0, 0.0, 0.0], [0.0, 0.0, 0.0]], "action_params_change": 0, "value_params_change": 0.42656711610187714}
{"iterations": 1, "type_itr": 0, "sub_iteration": 6, "sub_it_time": 0.12606525421142578, "total_time": 0.9120240211486816, "value_loss": 3.17195987701416, "action_loss": -1.7757610082626343, "action_probs": [[0.40740919783578566, 0.011802998229790626, 0.5644356140743517, 0.016352189860071895], [0.010051411162576454, 0.004511909443314023, 0.6801353556185465, 0.30530132377556296], [0.019301474784716638, 0.00570301832198958, 0.7526187838003282, 0.22237672309296544], [0.003304981558348505, 0.13567746248802437, 0.020474867623507618, 0.8405426883301194], [0.1772953404001934, 0.7498253436227807, 0.013936872897940699, 0.05894244307908504], [0.0082853360816653, 0.946141160466486, 0.00039562165749078385, 0.04517788179435808], [0.09489891803902681, 0.7569403178805516, 0.016505809563807088, 0.13165495451661433], [0.28130464492938156, 0.07482992490215984, 0.5085783621104689, 0.1352870680579896], [0.3393733422800896, 0.2156861149518993, 0.27204465602319383, 0.17289588674481732], [0.9552802822281934, 0.0012936562899402335, 0.043367332725707385, 5.872875615906492e-05], [0.0016168208716833665, 0.009017217005002607, 0.15042522472118391, 0.83894073740213], [0.34943179615901715, 0.020486015349117613, 0.5951882931911084, 0.03489389530075687], [0.2822213585464615, 0.2623291502490073, 0.23604343780957826, 0.21940605339495287], [0.13959190993690038, 0.005040316029735374, 0.8255588993239756, 0.02980887470938864], [0.09460701850374101, 0.00021546475036012927, 0.9031206854862218, 0.0020568312596772405], [0.0028755026945288093, 0.00025872943056486016, 0.9145749539920105, 0.08229081388289597]], "state_values": [4.90560636457033, 3.35449806127675, 2.583809957955235, 4.96718775596426, -2.4516223869976708, -1.1426797710519003, 0.5165227394133736, -4.627937157086098, 1.2482489495429416, 2.573416801327977, 4.292288799168097, 4.933615897900207, 2.3102997392178164, 2.648669618781969, 2.508956428766178, 4.740590938784522], "value_grad": [1.762200117111206, 0.3564000129699707, 0.4474802017211914, 0.9741601943969727, -1.5879604816436768, 0.8197197914123535, -0.05939984321594238, 1.908719539642334, -1.2870001792907715, 1.7423999309539795, -1.188000202178955, 0.6494393348693848, 1.484999418258667, -0.5860800743103027, 0.2653203010559082, 0.41183948516845703], "action_grad": [[0.0, 0.0, 0.0], [0.0, 0.0, 0.0], [0.0, 0.0, 0.0], [0.0, 0.0, 0.0], [0.0, 0.0, 0.0], [0.0, 0.0, 0.0], [0.0, 0.0, 0.0], [0.0, 0.0, 0.0], [0.0, 0.0, 0.0], [0.0, 0.0, 0.0], [0.0, 0.0, 0.0], [0.0, 0.0, 0.0], [0.0, 0.0, 0.0], [0.0, 0.0, 0.0], [0.0, 0.0, 0.0], [0.0, 0.0, 0.0]], "action_params_change": 0, "value_params_change": 0.44930161641520217}
{"iterations": 1, "type_itr": 0, "sub_iteration": 7, "sub_it_time": 0.12775707244873047, "total_time": 1.04148530960083, "value_loss": 2.7799201011657715, "action_loss": -1.7402639389038086, "action_probs": [[0.40740919783578566, 0.011802998229790626, 0.5644356140743517, 0.016352189860071895], [0.010051411162576454, 0.004511909443314023, 0.6801353556185465, 0.30530132377556296], [0.019301474784716638, 0.00570301832198958, 0.7526187838003282, 0.22237672309296544], [0.003304981558348505, 0.13567746248802437, 0.020474867623507618, 0.8405426883301194], [0.1772953404001934, 0.7498253436227807, 0.013936872897940699, 0.05894244307908504], [0.0082853360816653, 0.946141160466486, 0.00039562165749078385, 0.04517788179435808], [0.09489891803902681, 0.7569403178805516, 0.016505809563807088, 0.13165495451661433], [0.28130464492938156, 0.07482992490215984, 0.5085783621104689, 0.1352870680579896], [0.3393733422800896, 0.2156861149518993, 0.27204465602319383, 0.17289588674481732], [0.9552802822281934, 0.0012936562899402335, 0.043367332725707385, 5.872875615906492e-05], [0.0016168208716833665, 0.009017217005002607, 0.15042522472118391, 0.83894073740213], [0.34943179615901715, 0.020486015349117613, 0.5951882931911084, 0.03489389530075687], [0.2822213585464615, 0.2623291502490073, 0.23604343780957826, 0.21940605339495287], [0.13959190993690038, 0.005040316029735374, 0.8255588993239756, 0.02980887470938864], [0.09460701850374101, 0.00021546475036012927, 0.9031206854862218, 0.0020568312596772405], [0.0028755026945288093, 0.00025872943056486016, 0.9145749539920105, 0.08229081388289597]], "state_values": [4.816021266355948, 3.6379681069016194, 2.3564856739100937, 4.966383652977512, -1.5245737249875446, -0.0826952766175851, 0.2863799094539928, -4.537297699223111, 0.9288473306356765, 1.5728286822862825, 4.209409976839394, 4.883355300302048, 1.6804544820728158, 3.2016788824604943, 2.5604335646135277, 4.875489552504754], "value_grad": [-0.7207198143005371, 1.6869597434997559, 0.21779966354370117, -1.4612401723861694, -1.6315202713012695, 1.4058001041412354, 1.1642398834228516, -1.2909595966339111, 1.0454399585723877, 0.6415196657180786, 0.7405200004577637, -1.0335605144500732, -0.5702402591705322, 0.835559606552124, -0.4554004669189453, -0.003960132598876953], "action_grad": [[0.0, 0.0, 0.0], [0.0, 0.0, 0.0], [0.0, 0.0, 0.0], [0.0, 0.0, 0.0], [0.0, 0.0, 0.0], [0.0, 0.0, 0.0], [0.0, 0.0, 0.0], [0.0, 0.0, 0.0], [0.0, 0.0, 0.0], [0.0, 0.0, 0.0], [0.0, 0.0, 0.0], [0.0, 0.0, 0.0], [0.0, 0.0, 0.0], [0.0, 0.0, 0.0], [0.0, 0.0, 0.0], [0.0, 0.0, 0.0]], "action_params_change": 0, "value_params_change": 0.44127833165101515}
{"iterations": 1, "type_itr": 0, "sub_iteration": 8, "sub_it_time": 0.12696409225463867, "total_time": 1.1700725555419922, "value_loss": 3.3303604125976562, "action_loss": -1.7011445760726929, "action_probs": [[0.40740919783578566, 0.011802998229790626, 0.5644356140743517, 0.016352189860071895], [0.010051411162576454, 0.004511909443314023, 0.6801353556185465, 0.30530132377556296], [0.019301474784716638, 0.00570301832198958, 0.7526187838003282, 0.22237672309296544], [0.003304981558348505, 0.13567746248802437, 0.020474867623507618, 0.8405426883301194], [0.1772953404001934, 0.7498253436227807, 0.013936872897940699, 0.05894244307908504], [0.0082853360816653, 0.946141160466486, 0.00039562165749078385, 0.04517788179435808], [0.09489891803902681, 0.7569403178805516, 0.016505809563807088, 0.13165495451661433], [0.28130464492938156, 0.07482992490215984, 0.5085783621104689, 0.1352870680579896], [0.3393733422800896, 0.2156861149518993, 0.27204465602319383, 0.17289588674481732], [0.9552802822281934, 0.0012936562899402335, 0.043367332725707385, 5.872875615906492e-05], [0.0016168208716833665, 0.009017217005002607, 0.15042522472118391, 0.83894073740213], [0.34943179615901715, 0.020486015349117613, 0.5951882931911084, 0.03489389530075687], [0.2822213585464615, 0.2623291502490073, 0.23604343780957826, 0.21940605339495287], [0.13959190993690038, 0.005040316029735374, 0.8255588993239756, 0.02980887470938864], [0.09460701850374101, 0.00021546475036012927, 0.9031206854862218, 0.0020568312596772405], [0.0028755026945288093, 0.00025872943056486016, 0.9145749539920105, 0.08229081388289597]], "state_values": [4.6783357564787575, 3.6712294018311113, 2.3656163262226895, 4.952994696419308, -0.49526959834449036, 0.6624904583003611, 0.3502973230934562, -4.416672005384818, 0.7908592476513724, 0.4540505958331645, 4.201302826586107, 4.868807832262605, 0.8813949016961897, 3.6268379752120588, 2.8807213301001666, 4.97111746996189], "value_grad": [0.5108399391174316, -1.7424004077911377, -0.8157603740692139, 0.5662803649902344, -1.0652403831481934, -0.5662801265716553, -0.7920002937316895, 0.34056007862091064, 0.8236801624298096, 2.344320297241211, 0.6613199710845947, -0.538560152053833, 1.5206396579742432, 0.14652013778686523, 1.5127201080322266, 0.5821199417114258], "action_grad": [[0.0, 0.0, 0.0], [0.0, 0.0, 0.0], [0.0, 0.0, 0.0], [0.0, 0.0, 0.0], [0.0, 0.0, 0.0], [0.0, 0.0, 0.0], [0.0, 0.0, 0.0], [0.0, 0.0, 0.0], [0.0, 0.0, 0.0], [0.0, 0.0, 0.0], [0.0, 0.0, 0.0], [0.0, 0.0, 0.0], [0.0, 0.0, 0.0], [0.0, 0.0, 0.0], [0.0, 0.0, 0.0], [0.0, 0.0, 0.0]], "action_params_change": 0, "value_params_change": 0.4581274730935716}
{"iterations": 1, "type_itr": 0, "sub_iteration": 9, "sub_it_time": 0.1277003288269043, "total_time": 1.2992916107177734, "value_loss": 1.3266000747680664, "action_loss": -1.6676397323608398, "action_probs": [[0.40740919783578566, 0.011802998229790626, 0.5644356140743517, 0.016352189860071895], [0.010051411162576454, 0.004511909443314023, 0.6801353556185465, 0.30530132377556296], [0.019301474784716638, 0.00570301832198958, 0.7526187838003282, 0.22237672309296544], [0.003304981558348505, 0.13567746248802437, 0.020474867623507618, 0.8405426883301194], [0.1772953404001934, 0.7498253436227807, 0.013936872897940699, 0.05894244307908504], [0.0082853360816653, 0.946141160466486, 0.00039562165749078385, 0.04517788179435808], [0.09489891803902681, 0.7569403178805516, 0.016505809563807088, 0.13165495451661433], [0.28130464492938156, 0.07482992490215984, 0.5085783621104689, 0.1352870680579896], [0.3393733422800896, 0.2156861149518993, 0.27204465602319383, 0.17289588674481732], [0.9552802822281934, 0.0012936562899402335, 0.043367332725707385, 5.872875615906492e-05], [0.0016168208716833665, 0.009017217005002607, 0.15042522472118391, 0.83894073740213], [0.34943179615901715, 0.020486015349117613, 0.5951882931911084, 0.03489389530075687], [0.2822213585464615, 0.2623291502490073, 0.23604343780957826, 0.21940605339495287], [0.13959190993690038, 0.005040316029735374, 0.8255588993239756, 0.02980887470938864], [0.09460701850374101, 0.00021546475036012927, 0.9031206854862218, 0.0020568312596772405], [0.0028755026945288093, 0.00025872943056486016, 0.9145749539920105, 0.08229081388289597]], "state_values": [4.549912710814219, 3.731947609007571, 2.4325025599300503, 4.9517112825695575, 0.516588742470846, 1.5381947604736237, 0.30736101613370265, -4.4058510622145635, 0.6016417871392673, -0.5215283877577634, 4.15843778875259, 4.886618645476126, 0.1990626508639928, 3.8014102237132996, 2.9713558238944775, 4.998828574172512], "value_grad": [-0.29303979873657227, 0.3088798522949219, -0.2455199956893921, -0.48708009719848633, -0.4316401481628418, 2.1225602626800537, 0.32076001167297363, -1.0494000911712646, -0.39203977584838867, -0.26136016845703125, -0.3564000129699707, -0.47519993782043457, -0.26135945320129395, 1.5443998575210571, -1.0018798112869263, 0.5702401399612427], "action_grad": [[0.0, 0.0, 0.0], [0.0, 0.0, 0.0], [0.0, 0.0, 0.0], [0.0, 0.0, 0.0], [0.0, 0.0, 0.0], [0.0, 0.0, 0.0], [0.0, 0.0, 0.0], [0.0, 0.0, 0.0], [0.0, 0.0, 0.0], [0.0, 0.0, 0.0], [0.0, 0.0, 0.0], [0.0, 0.0, 0.0], [0.0, 0.0, 0.0], [0.0, 0.0, 0.0], [0.0, 0.0, 0.0], [0.0, 0.0, 0.0]], "action_params_change": 0, "value_params_change": 0.4054381378034835}
{"iterations": 1, "type_itr": 0, "sub_iteration": 10, "sub_it_time": 0.12777328491210938, "total_time": 1.428619146347046, "value_loss": 2.6967601776123047, "action_loss": -1.6402925252914429, "action_probs": [[0.40740919783578566, 0.011802998229790626, 0.5644356140743517, 0.016352189860071895], [0.010051411162576454, 0.004511909443314023, 0.6801353556185465, 0.30530132377556296], [0.019301474784716638, 0.00570301832198958, 0.7526187838003282, 0.22237672309296544], [0.003304981558348505, 0.13567746248802437, 0.020474867623507618, 0.8405426883301194], [0.1772953404001934, 0.7498253436227807, 0.013936872897940699, 0.05894244307908504], [0.0082853360816653, 0.946141160466486, 0.00039562165749078385, 0.04517788179435808], [0.09489891803902681, 0.7569403178805516, 0.016505809563807088, 0.13165495451661433], [0.28130464492938156, 0.07482992490215984, 0.5085783621104689, 0.1352870680579896], [0.3393733422800896, 0.2156861149518993, 0.27204465602319383, 0.17289588674481732], [0.9552802822281934, 0.0012936562899402335, 0.043367332725707385, 5.872875615906492e-05], [0.0016168208716833665, 0.009017217005002607, 0.15042522472118391, 0.83894073740213], [0.34943179615901715, 0.020486015349117613, 0.5951882931911084, 0.03489389530075687], [0.2822213585464615, 0.2623291502490073, 0.23604343780957826, 0.21940605339495287], [0.13959190993690038, 0.005040316029735374, 0.8255588993239756, 0.02980887470938864], [0.09460701850374101, 0.00021546475036012927, 0.9031206854862218, 0.0020568312596772405], [0.0028755026945288093, 0.00025872943056486016, 0.9145749539920105, 0.08229081388289597]], "state_values": [4.543811472341242, 3.8509196867063964, 2.3368667920273736, 4.957101089741025, 1.2414603892811567, 1.9984804580116982, 0.09004607023433464, -4.377292885575061, 0.421957178297209, -1.3209000012565235, 4.321193263768939, 4.944171204617778, -0.4160032647119945, 3.9420623950649056, 3.0884923672812734, 4.9589223249190395], "value_grad": [-1.421640157699585, 0.6890404224395752, 0.6692399978637695, -0.2811601161956787, 0.7840800285339355, -1.3147199153900146, 0.6137998104095459, 0.20196008682250977, -0.05544018745422363, -0.3564002513885498, 2.5145998001098633, -0.9622796773910522, 0.0, 0.07919979095458984, 0.22968029975891113, -0.1782001256942749], "action_grad": [[0.0, 0.0, 0.0], [0.0, 0.0, 0.0], [0.0, 0.0, 0.0], [0.0, 0.0, 0.0], [0.0, 0.0, 0.0], [0.0, 0.0, 0.0], [0.0, 0.0, 0.0], [0.0, 0.0, 0.0], [0.0, 0.0, 0.0], [0.0, 0.0, 0.0], [0.0, 0.0, 0.0], [0.0, 0.0, 0.0], [0.0, 0.0, 0.0], [0.0, 0.0, 0.0], [0.0, 0.0, 0.0], [0.0, 0.0, 0.0]], "action_params_change": 0, "value_params_change": 0.32571574737910325}
{"iterations": 1, "type_itr": 0, "sub_iteration": 11, "sub_it_time": 0.1365201473236084, "total_time": 1.5667502880096436, "value_loss": 4.173840045928955, "action_loss": -1.5792591571807861, "action_probs": [[0.40740919783578566, 0.011802998229790626, 0.5644356140743517, 0.016352189860071895], [0.010051411162576454, 0.004511909443314023, 0.6801353556185465, 0.30530132377556296], [0.019301474784716638, 0.00570301832198958, 0.7526187838003282, 0.22237672309296544], [0.003304981558348505, 0.13567746248802437, 0.020474867623507618, 0.8405426883301194], [0.1772953404001934, 0.7498253436227807, 0.013936872897940699, 0.05894244307908504], [0.0082853360816653, 0.946141160466486, 0.00039562165749078385, 0.04517788179435808], [0.09489891803902681, 0.7569403178805516, 0.016505809563807088, 0.13165495451661433], [0.28130464492938156, 0.07482992490215984, 0.5085783621104689, 0.1352870680579896], [0.3393733422800896, 0.2156861149518993, 0.27204465602319383, 0.17289588674481732], [0.9552802822281934, 0.0012936562899402335, 0.043367332725707385, 5.872875615906492e-05], [0.0016168208716833665, 0.009017217005002607, 0.15042522472118391, 0.83894073740213], [0.34943179615901715, 0.020486015349117613, 0.5951882931911084, 0.03489389530075687], [0.2822213585464615, 0.2623291502490073, 0.23604343780957826, 0.21940605339495287], [0.13959190993690038, 0.005040316029735374, 0.8255588993239756, 0.02980887470938864], [0.09460701850374101, 0.00021546475036012927, 0.9031206854862218, 0.0020568312596772405], [0.0028755026945288093, 0.00025872943056486016, 0.9145749539920105, 0.08229081388289597]], "state_values": [4.50089241539704, 3.9356490793652554, 2.2637403512969603, 4.963909283058365, 1.6509569918897629, 2.409965985903153, -0.32929134319192704, -4.303964986567097, 0.054669982749836706, -2.113139840023215, 4.463092493289272, 4.970426657792757, -0.3921860048762061, 3.8655679473997004, 3.189642575217683, 4.8083618210670505], "value_grad": [0.4910402297973633, -0.19404006004333496, -0.059400081634521484, -0.10691976547241211, 1.1365199089050293, 0.08712005615234375, 0.8910000324249268, 0.49499964714050293, -1.3662004470825195, 0.8276400566101074, 0.14651989936828613, 0.3088803291320801, -3.1204802989959717, 2.372040033340454, -0.011880159378051758, 1.88100004196167], "action_grad": [[0.0, 0.0, 0.0], [0.0, 0.0, 0.0], [0.0, 0.0, 0.0], [0.0, 0.0, 0.0], [0.0, 0.0, 0.0], [0.0, 0.0, 0.0], [0.0, 0.0, 0.0], [0.0, 0.0, 0.0], [0.0, 0.0, 0.0], [0.0, 0.0, 0.0], [0.0, 0.0, 0.0], [0.0, 0.0, 0.0], [0.0, 0.0, 0.0], [0.0, 0.0, 0.0], [0.0, 0.0, 0.0], [0.0, 0.0, 0.0]], "action_params_change": 0, "value_params_change": 0.33797880828061855}
{"iterations": 1, "type_itr": 0, "sub_iteration": 12, "sub_it_time": 0.13504981994628906, "total_time": 1.7033581733703613, "value_loss": 3.2788801193237305, "action_loss": -1.6018975973129272, "action_probs": [[0.40740919783578566, 0.011802998229790626, 0.5644356140743517, 0.016352189860071895], [0.010051411162576454, 0.004511909443314023, 0.6801353556185465, 0.30530132377556296], [0.019301474784716638, 0.00570301832198958, 0.7526187838003282, 0.22237672309296544], [0.003304981558348505, 0.13567746248802437, 0.020474867623507618, 0.8405426883301194], [0.1772953404001934, 0.7498253436227807, 0.013936872897940699, 0.05894244307908504], [0.0082853360816653, 0.946141160466486, 0.00039562165749078385, 0.04517788179435808], [0.09489891803902681, 0.7569403178805516, 0.016505809563807088, 0.13165495451661433], [0.28130464492938156, 0.07482992490215984, 0.5085783621104689, 0.1352870680579896], [0.3393733422800896, 0.2156861149518993, 0.27204465602319383, 0.17289588674481732], [0.9552802822281934, 0.0012936562899402335, 0.043367332725707385, 5.872875615906492e-05], [0.0016168208716833665, 0.009017217005002607, 0.15042522472118391, 0.83894073740213], [0.34943179615901715, 0.020486015349117613, 0.5951882931911084, 0.03489389530075687], [0.2822213585464615, 0.2623291502490073, 0.23604343780957826, 0.21940605339495287], [0.13959190993690038, 0.005040316029735374, 0.8255588993239756, 0.02980887470938864], [0.09460701850374101, 0.00021546475036012927, 0.9031206854862218, 0.0020568312596772405], [0.0028755026945288093, 0.00025872943056486016, 0.9145749539920105, 0.08229081388289597]], "state_values": [4.48002610622056, 4.029789985011496, 2.284591465134401, 4.963329917479249, 2.2030583457500033, 2.4806937974912984, -0.5986007321396958, -4.268003276907683, -0.4057110520410738, -2.860906231851572, 4.64245883908858, 4.929296648976826, -0.30933358570401437, 3.688281727755161, 3.2271994200324228, 4.612712262383248], "value_grad": [-0.24155974388122559, 0.22967958450317383, -0.37620019912719727, 0.3128395080566406, -1.5523197650909424, -1.7305200099945068, -0.38412022590637207, -0.32867980003356934, -0.8949599266052246, 0.7563600540161133, 1.306800127029419, 2.324519634246826, -0.45936012268066406, 1.3662002086639404, -0.32868003845214844, -0.3920400142669678], "action_grad": [[0.0, 0.0, 0.0], [0.0, 0.0, 0.0], [0.0, 0.0, 0.0], [0.0, 0.0, 0.0], [0.0, 0.0, 0.0], [0.0, 0.0, 0.0], [0.0, 0.0, 0.0], [0.0, 0.0, 0.0], [0.0, 0.0, 0.0], [0.0, 0.0, 0.0], [0.0, 0.0, 0.0], [0.0, 0.0, 0.0], [0.0, 0.0, 0.0], [0.0, 0.0, 0.0], [0.0, 0.0, 0.0], [0.0, 0.0, 0.0]], "action_params_change": 0, "value_params_change": 0.345640033234349}
{"iterations": 1, "type_itr": 0, "sub_iteration": 13, "sub_it_time": 0.13556647300720215, "total_time": 1.8407890796661377, "value_loss": 4.52232027053833, "action_loss": -1.461176872253418, "action_probs": [[0.40740919783578566, 0.011802998229790626, 0.5644356140743517, 0.016352189860071895], [0.010051411162576454, 0.004511909443314023, 0.6801353556185465, 0.30530132377556296], [0.019301474784716638, 0.00570301832198958, 0.7526187838003282, 0.22237672309296544], [0.003304981558348505, 0.13567746248802437, 0.020474867623507618, 0.8405426883301194], [0.1772953404001934, 0.7498253436227807, 0.013936872897940699, 0.05894244307908504], [0.0082853360816653, 0.946141160466486, 0.00039562165749078385, 0.04517788179435808], [0.09489891803902681, 0.7569403178805516, 0.016505809563807088, 0.13165495451661433], [0.28130464492938156, 0.07482992490215984, 0.5085783621104689, 0.1352870680579896], [0.3393733422800896, 0.2156861149518993, 0.27204465602319383, 0.17289588674481732], [0.9552802822281934, 0.0012936562899402335, 0.043367332725707385, 5.872875615906492e-05], [0.0016168208716833665, 0.009017217005002607, 0.15042522472118391, 0.83894073740213], [0.34943179615901715, 0.020486015349117613, 0.5951882931911084, 0.03489389530075687], [0.2822213585464615, 0.2623291502490073, 0.23604343780957826, 0.21940605339495287], [0.13959190993690038, 0.005040316029735374, 0.8255588993239756, 0.02980887470938864], [0.09460701850374101, 0.00021546475036012927, 0.9031206854862218, 0.0020568312596772405], [0.0028755026945288093, 0.00025872943056486016, 0.9145749539920105, 0.08229081388289597]], "state_values": [4.427778650205936, 4.167584461807402, 2.5822683967742086, 4.962303482453677, 2.801564792564173, 2.6413463812643956, -0.3921952928297701, -4.085199356367946, -0.7685063593961913, -3.530093574800256, 4.802737025142201, 4.833458964893496, -0.14160591999020167, 3.465501453752185, 3.076774412558445, 4.535555033831125], "value_grad": [0.4078798294067383, 0.6929998397827148, -1.4810397624969482, 0.023760080337524414, -1.1404802799224854, 0.7128002643585205, -1.9364402294158936, 1.6275603771209717, 0.32076025009155273, 0.6850795745849609, 0.7722005844116211, 1.1365201473236084, -0.7048802375793457, 0.6375598907470703, -1.2355196475982666, -1.6315200328826904], "action_grad": [[0.0, 0.0, 0.0], [0.0, 0.0, 0.0], [0.0, 0.0, 0.0], [0.0, 0.0, 0.0], [0.0, 0.0, 0.0], [0.0, 0.0, 0.0], [0.0, 0.0, 0.0], [0.0, 0.0, 0.0], [0.0, 0.0, 0.0], [0.0, 0.0, 0.0], [0.0, 0.0, 0.0], [0.0, 0.0, 0.0], [0.0, 0.0, 0.0], [0.0, 0.0, 0.0], [0.0, 0.0, 0.0], [0.0, 0.0, 0.0]], "action_params_change": 0, "value_params_change": 0.3493950950562308}
