{"iterations": 0, "type_itr": 0, "sub_iteration": 0, "sub_it_time": 0, "total_time": 0, "value_loss": 0, "action_loss": 0, "action_probs": [[0.1677375200755319, 0.01576504147251466, 0.7463506466534818, 0.07014679179847154], [0.0001556745000559683, 6.891328320594524e-05, 0.6930009068373233, 0.30677450537941464], [0.6201896026984318, 0.004844147204299041, 0.3720601802852025, 0.0029060698120667123], [0.07308331208394583, 0.06012915543972067, 0.47553885101022453, 0.3912486814661091], [0.2323805534426582, 0.09704467345991695, 0.47303158401754575, 0.19754318907987917], [0.1697857568171743, 0.017067986795648905, 0.7388701445009432, 0.07427611188623363], [0.052922311212188496, 0.09644653957454033, 0.3013838974346986, 0.5492472517785725], [0.06434185066809989, 0.03919740734793218, 0.5570828330797513, 0.3393779089042167], [0.0028136709655602063, 0.003818460374538372, 0.42143470731194005, 0.5719331613479615], [0.22907550643363594, 0.7223626211859951, 0.011692127092625739, 0.036869745287743116], [0.07786486381119775, 0.6470008226094218, 0.0295548489299223, 0.24557946464945823], [0.011558140488134402, 0.3534551550636202, 0.020106844401424493, 0.6148798600468212], [0.8533566853047653, 0.14321999087063436, 0.0029313512362111565, 0.0004919725883894006], [0.0651903241071135, 0.275007402510178, 0.12643448407524666, 0.5333677893074616], [0.0013421568643684767, 0.0015565389535729956, 0.46167878381564337, 0.5354225203664152], [0.42264917791988044, 0.11009443454566385, 0.37069525274134263, 0.09656113479311319]], "state_values": [4.645749452272494, 1.4067039676729955, 4.574045688339348, 3.6532844821579897, -3.327263980773516, 4.857261346044236, 2.705297758341803, 4.54164795765035, 3.640849296475196, -4.996895310116647, -3.819614640420209, 1.2137417851443961, -0.7764213651110488, 2.559425491336673, -2.5945186013321746, 4.429994360769009], "value_grad": [0.0, 0.0, 0.0, 0.0, 0.0, 0.0, 0.0, 0.0, 0.0, 0.0, 0.0, 0.0, 0.0, 0.0, 0.0, 0.0], "action_grad": [[0.0, 0.0, 0.0], [0.0, 0.0, 0.0], [0.0, 0.0, 0.0], [0.0, 0.0, 0.0], [0.0, 0.0, 0.0], [0.0, 0.0, 0.0], [0.0, 0.0, 0.0], [0.0, 0.0, 0.0], [0.0, 0.0, 0.0], [0.0, 0.0, 0.0], [0.0, 0.0, 0.0], [0.0, 0.0, 0.0], [0.0, 0.0, 0.0], [0.0, 0.0, 0.0], [0.0, 0.0, 0.0], [0.0, 0.0, 0.0]], "action_params_change": 0, "value_params_change": 0}
{"iterations": 1, "type_itr": 0, "sub_iteration": 0, "sub_it_time": 0.10175728797912598, "total_time": 0.1031653881072998, "value_loss": 7.920000076293945, "action_loss": -0.9055385589599609, "action_probs": [[0.1677375200755319, 0.01576504147251466, 0.7463506466534818, 0.07014679179847154], [0.0001556745000559683, 6.891328320594524e-05, 0.6930009068373233, 0.30677450537941464], [0.6201896026984318, 0.004844147204299041, 0.3720601802852025, 0.0029060698120667123], [0.07308331208394583, 0.06012915543972067, 0.47553885101022453, 0.3912486814661091], [0.2323805534426582, 0.09704467345991695, 0.47303158401754575, 0.19754318907987917], [0.1697857568171743, 0.017067986795648905, 0.7388701445009432, 0.07427611188623363], [0.052922311212188496, 0.09644653957454033, 0.3013838974346986, 0.5492472517785725], [0.06434185066809989, 0.03919740734793218, 0.5570828330797513, 0.3393779089042167], [0.0028136709655602063, 0.003818460374538372, 0.42143470731194005, 0.5719331613479615], [0.22907550643363594, 0.7223626211859951, 0.011692127092625739, 0.036869745287743116], [0.07786486381119775, 0.6470008226094218, 0.0295548489299223, 0.24557946464945823], [0.011558140488134402, 0.3534551550636202, 0.020106844401424493, 0.6148798600468212], [0.8533566853047653, 0.14321999087063436, 0.0029313512362111565, 0.0004919725883894006], [0.0651903241071135, 0.275007402510178, 0.12643448407524666, 0.5333677893074616], [0.0013421568643684767, 0.0015565389535729956, 0.46167878381564337, 0.5354225203664152], [0.42264917791988044, 0.11009443454566385, 0.37069525274134263, 0.09656113479311319]], "state_values": [4.043994134147478, 2.5500269397559427, 3.9322341860503225, 3.6532844821579897, -4.1471883770531495, 4.412796350579414, 3.661510806753998, 4.917848995953578, 4.375513412639364, -4.797967803935231, -4.499130214071438, 2.376029150256539, -1.9742988364524334, 3.542525862186061, -3.5713062613536284, 3.7186860803840482], "value_grad": [11.880000114440918, 23.76000213623047, -31.68000030517578, 0.0, -43.560001373291016, -3.9600000381469727, -51.480003356933594, 63.36000442504883, -27.720003128051758, 47.52000427246094, -35.63999938964844, -11.880002975463867, -23.760000228881836, 47.52000427246094, -11.880000114440918, 11.880000114440918], "action_grad": [[0.0, 0.0, 0.0], [0.0, 0.0, 0.0], [0.0, 0.0, 0.0], [0.0, 0.0, 0.0], [0.0, 0.0, 0.0], [0.0, 0.0, 0.0], [0.0, 0.0, 0.0], [0.0, 0.0, 0.0], [0.0, 0.0, 0.0], [0.0, 0.0, 0.0], [0.0, 0.0, 0.0], [0.0, 0.0, 0.0], [0.0, 0.0, 0.0], [0.0, 0.0, 0.0], [0.0, 0.0, 0.0], [0.0, 0.0, 0.0]], "action_params_change": 0, "value_params_change": 0.49999999992108585}
{"iterations": 1, "type_itr": 0, "sub_iteration": 1, "sub_it_time": 0.0999901294708252, "total_time": 0.21014022827148438, "value_loss": 27.720001220703125, "action_loss": 0.5433230996131897, "action_probs": [[0.1677375200755319, 0.01576504147251466, 0.7463506466534818, 0.07014679179847154], [0.0001556745000559683, 6.891328320594524e-05, 0.6930009068373233, 0.30677450537941464], [0.6201896026984318, 0.004844147204299041, 0.3720601802852025, 0.0029060698120667123], [0.07308331208394583, 0.06012915543972067, 0.47553885101022453, 0.3912486814661091], [0.2323805534426582, 0.09704467345991695, 0.47303158401754575, 0.19754318907987917], [0.1697857568171743, 0.017067986795648905, 0.7388701445009432, 0.07427611188623363], [0.052922311212188496, 0.09644653957454033, 0.3013838974346986, 0.5492472517785725], [0.06434185066809989, 0.03919740734793218, 0.5570828330797513, 0.3393779089042167], [0.0028136709655602063, 0.003818460374538372, 0.42143470731194005, 0.5719331613479615], [0.22907550643363594, 0.7223626211859951, 0.011692127092625739, 0.036869745287743116], [0.07786486381119775, 0.6470008226094218, 0.0295548489299223, 0.24557946464945823], [0.011558140488134402, 0.3534551550636202, 0.020106844401424493, 0.6148798600468212], [0.8533566853047653, 0.14321999087063436, 0.0029313512362111565, 0.0004919725883894006], [0.0651903241071135, 0.275007402510178, 0.12643448407524666, 0.5333677893074616], [0.0013421568643684767, 0.0015565389535729956, 0.46167878381564337, 0.5354225203664152], [0.42264917791988044, 0.11009443454566385, 0.37069525274134263, 0.09656113479311319]], "state_values": [3.730056188528444, 3.5038866594207025, 3.1127235565903693, 4.221661470598357, -4.259212026248358, 3.6939650577339362, 3.5266396551557357, 4.994588099618336, 4.390084868056741, -4.4324924895943605, -4.502495628529395, 3.2747708994441465, -2.9608261347754157, 3.426755490357647, -4.104777928745976, 2.8738993419616197], "value_grad": [-3.9600000381469727, 47.52000427246094, -15.840001106262207, -35.63999938964844, 27.720001220703125, -3.9599990844726562, 63.36000442504883, 27.720001220703125, 23.760000228881836, 7.920000076293945, 31.680002212524414, -51.480003356933594, -75.24000549316406, -55.44000244140625, 0.0, 39.60000228881836], "action_grad": [[0.0, 0.0, 0.0], [0.0, 0.0, 0.0], [0.0, 0.0, 0.0], [0.0, 0.0, 0.0], [0.0, 0.0, 0.0], [0.0, 0.0, 0.0], [0.0, 0.0, 0.0], [0.0, 0.0, 0.0], [0.0, 0.0, 0.0], [0.0, 0.0, 0.0], [0.0, 0.0, 0.0], [0.0, 0.0, 0.0], [0.0, 0.0, 0.0], [0.0, 0.0, 0.0], [0.0, 0.0, 0.0], [0.0, 0.0, 0.0]], "action_params_change": 0, "value_params_change": 0.4999999955987102}
{"iterations": 1, "type_itr": 0, "sub_iteration": 2, "sub_it_time": 0.09806156158447266, "total_time": 0.3158714771270752, "value_loss": 31.68000030517578, "action_loss": -1.4488615989685059, "action_probs": [[0.1677375200755319, 0.01576504147251466, 0.7463506466534818, 0.07014679179847154], [0.0001556745000559683, 6.891328320594524e-05, 0.6930009068373233, 0.30677450537941464], [0.6201896026984318, 0.004844147204299041, 0.3720601802852025, 0.0029060698120667123], [0.07308331208394583, 0.06012915543972067, 0.47553885101022453, 0.3912486814661091], [0.2323805534426582, 0.09704467345991695, 0.47303158401754575, 0.19754318907987917], [0.1697857568171743, 0.017067986795648905, 0.7388701445009432, 0.07427611188623363], [0.052922311212188496, 0.09644653957454033, 0.3013838974346986, 0.5492472517785725], [0.06434185066809989, 0.03919740734793218, 0.5570828330797513, 0.3393779089042167], [0.0028136709655602063, 0.003818460374538372, 0.42143470731194005, 0.5719331613479615], [0.22907550643363594, 0.7223626211859951, 0.011692127092625739, 0.036869745287743116], [0.07786486381119775, 0.6470008226094218, 0.0295548489299223, 0.24557946464945823], [0.011558140488134402, 0.3534551550636202, 0.020106844401424493, 0.6148798600468212], [0.8533566853047653, 0.14321999087063436, 0.0029313512362111565, 0.0004919725883894006], [0.0651903241071135, 0.275007402510178, 0.12643448407524666, 0.5333677893074616], [0.0013421568643684767, 0.0015565389535729956, 0.46167878381564337, 0.5354225203664152], [0.42264917791988044, 0.11009443454566385, 0.37069525274134263, 0.09656113479311319]], "state_values": [4.083879298159658, 4.256590757179199, 2.140180991768336, 4.663099879448602, -4.309924120454674, 2.779021721017614, 3.2569841574407667, 4.819378926482481, 4.622938026623038, -4.113899794137164, -4.6292962643830124, 4.041912473291303, -3.3969400439011146, 3.124622292803218, -3.9564553045834696, 2.6390900097331933], "value_grad": [-27.720003128051758, 31.680002212524414, -15.84000015258789, -15.840002059936523, 3.9600000381469727, -7.920001029968262, 23.76000213623047, 27.720001220703125, -31.68000030517578, -7.920000076293945, -19.799999237060547, -31.680002212524414, 27.720001220703125, -27.720001220703125, 15.840002059936523, -27.719999313354492], "action_grad": [[0.0, 0.0, 0.0], [0.0, 0.0, 0.0], [0.0, 0.0, 0.0], [0.0, 0.0, 0.0], [0.0, 0.0, 0.0], [0.0, 0.0, 0.0], [0.0, 0.0, 0.0], [0.0, 0.0, 0.0], [0.0, 0.0, 0.0], [0.0, 0.0, 0.0], [0.0, 0.0, 0.0], [0.0, 0.0, 0.0], [0.0, 0.0, 0.0], [0.0, 0.0, 0.0], [0.0, 0.0, 0.0], [0.0, 0.0, 0.0]], "action_params_change": 0, "value_params_change": 0.4840121519729539}
{"iterations": 1, "type_itr": 0, "sub_iteration": 3, "sub_it_time": 0.09984564781188965, "total_time": 0.42247629165649414, "value_loss": 31.68000030517578, "action_loss": -2.354400157928467, "action_probs": [[0.1677375200755319, 0.01576504147251466, 0.7463506466534818, 0.07014679179847154], [0.0001556745000559683, 6.891328320594524e-05, 0.6930009068373233, 0.30677450537941464], [0.6201896026984318, 0.004844147204299041, 0.3720601802852025, 0.0029060698120667123], [0.07308331208394583, 0.06012915543972067, 0.47553885101022453, 0.3912486814661091], [0.2323805534426582, 0.09704467345991695, 0.47303158401754575, 0.19754318907987917], [0.1697857568171743, 0.017067986795648905, 0.7388701445009432, 0.07427611188623363], [0.052922311212188496, 0.09644653957454033, 0.3013838974346986, 0.5492472517785725], [0.06434185066809989, 0.03919740734793218, 0.5570828330797513, 0.3393779089042167], [0.0028136709655602063, 0.003818460374538372, 0.42143470731194005, 0.5719331613479615], [0.22907550643363594, 0.7223626211859951, 0.011692127092625739, 0.036869745287743116], [0.07786486381119775, 0.6470008226094218, 0.0295548489299223, 0.24557946464945823], [0.011558140488134402, 0.3534551550636202, 0.020106844401424493, 0.6148798600468212], [0.8533566853047653, 0.14321999087063436, 0.0029313512362111565, 0.0004919725883894006], [0.0651903241071135, 0.275007402510178, 0.12643448407524666, 0.5333677893074616], [0.0013421568643684767, 0.0015565389535729956, 0.46167878381564337, 0.5354225203664152], [0.42264917791988044, 0.11009443454566385, 0.37069525274134263, 0.09656113479311319]], "state_values": [4.28502061371223, 4.612387765550456, 1.4158004619955402, 4.940860848556057, -4.26669147425603, 3.1568859814716883, 2.852603430725814, 4.416668211796284, 4.754996880714459, -3.5604527972188897, -4.769113594130191, 4.4729354775522, -3.649811387643736, 2.862131584940511, -3.5968509603185086, 2.5917663985232835], "value_grad": [3.960000991821289, -15.84000015258789, 7.920000076293945, -27.720001220703125, 11.880001068115234, 39.60000228881836, 27.720001220703125, 23.760000228881836, 3.9600000381469727, 47.52000427246094, -11.879997253417969, 7.920000076293945, 11.880000114440918, 0.0, 11.880001068115234, -11.880000114440918], "action_grad": [[0.0, 0.0, 0.0], [0.0, 0.0, 0.0], [0.0, 0.0, 0.0], [0.0, 0.0, 0.0], [0.0, 0.0, 0.0], [0.0, 0.0, 0.0], [0.0, 0.0, 0.0], [0.0, 0.0, 0.0], [0.0, 0.0, 0.0], [0.0, 0.0, 0.0], [0.0, 0.0, 0.0], [0.0, 0.0, 0.0], [0.0, 0.0, 0.0], [0.0, 0.0, 0.0], [0.0, 0.0, 0.0], [0.0, 0.0, 0.0]], "action_params_change": 0, "value_params_change": 0.43652552982040915}
{"iterations": 1, "type_itr": 0, "sub_iteration": 4, "sub_it_time": 0.0994417667388916, "total_time": 0.534064769744873, "value_loss": 47.52000045776367, "action_loss": -1.8110771179199219, "action_probs": [[0.1677375200755319, 0.01576504147251466, 0.7463506466534818, 0.07014679179847154], [0.0001556745000559683, 6.891328320594524e-05, 0.6930009068373233, 0.30677450537941464], [0.6201896026984318, 0.004844147204299041, 0.3720601802852025, 0.0029060698120667123], [0.07308331208394583, 0.06012915543972067, 0.47553885101022453, 0.3912486814661091], [0.2323805534426582, 0.09704467345991695, 0.47303158401754575, 0.19754318907987917], [0.1697857568171743, 0.017067986795648905, 0.7388701445009432, 0.07427611188623363], [0.052922311212188496, 0.09644653957454033, 0.3013838974346986, 0.5492472517785725], [0.06434185066809989, 0.03919740734793218, 0.5570828330797513, 0.3393779089042167], [0.0028136709655602063, 0.003818460374538372, 0.42143470731194005, 0.5719331613479615], [0.22907550643363594, 0.7223626211859951, 0.011692127092625739, 0.036869745287743116], [0.07786486381119775, 0.6470008226094218, 0.0295548489299223, 0.24557946464945823], [0.011558140488134402, 0.3534551550636202, 0.020106844401424493, 0.6148798600468212], [0.8533566853047653, 0.14321999087063436, 0.0029313512362111565, 0.0004919725883894006], [0.0651903241071135, 0.275007402510178, 0.12643448407524666, 0.5333677893074616], [0.0013421568643684767, 0.0015565389535729956, 0.46167878381564337, 0.5354225203664152], [0.42264917791988044, 0.11009443454566385, 0.37069525274134263, 0.09656113479311319]], "state_values": [4.394772013925727, 4.826081043779648, 0.9208461611660229, 4.990507323775877, -4.331540008362261, 3.4053175529648465, 2.5956600161778685, 3.8377596010100823, 4.870011315338109, -2.9774857362871825, -4.914071743274195, 4.695057665252597, -3.7858003894499137, 2.630626659898741, -3.5258719175495163, 2.8857377949051686], "value_grad": [3.960002899169922, 0.0, 7.920000076293945, -15.840001106262207, -15.840001106262207, -3.9599990844726562, -15.840002059936523, 15.84000015258789, -7.920000076293945, 3.9599990844726562, -23.760000228881836, 11.880001068115234, 11.880000114440918, 0.0, -11.880001068115234, -35.6400032043457], "action_grad": [[0.0, 0.0, 0.0], [0.0, 0.0, 0.0], [0.0, 0.0, 0.0], [0.0, 0.0, 0.0], [0.0, 0.0, 0.0], [0.0, 0.0, 0.0], [0.0, 0.0, 0.0], [0.0, 0.0, 0.0], [0.0, 0.0, 0.0], [0.0, 0.0, 0.0], [0.0, 0.0, 0.0], [0.0, 0.0, 0.0], [0.0, 0.0, 0.0], [0.0, 0.0, 0.0], [0.0, 0.0, 0.0], [0.0, 0.0, 0.0]], "action_params_change": 0, "value_params_change": 0.43117219467567885}
{"iterations": 1, "type_itr": 0, "sub_iteration": 5, "sub_it_time": 0.09972023963928223, "total_time": 0.6410183906555176, "value_loss": 39.60000228881836, "action_loss": 0.5433230996131897, "action_probs": [[0.1677375200755319, 0.01576504147251466, 0.7463506466534818, 0.07014679179847154], [0.0001556745000559683, 6.891328320594524e-05, 0.6930009068373233, 0.30677450537941464], [0.6201896026984318, 0.004844147204299041, 0.3720601802852025, 0.0029060698120667123], [0.07308331208394583, 0.06012915543972067, 0.47553885101022453, 0.3912486814661091], [0.2323805534426582, 0.09704467345991695, 0.47303158401754575, 0.19754318907987917], [0.1697857568171743, 0.017067986795648905, 0.7388701445009432, 0.07427611188623363], [0.052922311212188496, 0.09644653957454033, 0.3013838974346986, 0.5492472517785725], [0.06434185066809989, 0.03919740734793218, 0.5570828330797513, 0.3393779089042167], [0.0028136709655602063, 0.003818460374538372, 0.42143470731194005, 0.5719331613479615], [0.22907550643363594, 0.7223626211859951, 0.011692127092625739, 0.036869745287743116], [0.07786486381119775, 0.6470008226094218, 0.0295548489299223, 0.24557946464945823], [0.011558140488134402, 0.3534551550636202, 0.020106844401424493, 0.6148798600468212], [0.8533566853047653, 0.14321999087063436, 0.0029313512362111565, 0.0004919725883894006], [0.0651903241071135, 0.275007402510178, 0.12643448407524666, 0.5333677893074616], [0.0013421568643684767, 0.0015565389535729956, 0.46167878381564337, 0.5354225203664152], [0.42264917791988044, 0.11009443454566385, 0.37069525274134263, 0.09656113479311319]], "state_values": [4.5179710244136215, 4.948936076144424, 1.1845910855489932, 4.807957194008839, -4.483740456979699, 3.8345819608562293, 2.2932860590348523, 3.051504157631589, 4.948041061485231, -2.4515673286297237, -4.969204586471905, 4.766973181048571, -3.7626234327590686, 2.7234634295417313, -3.4635387929597177, 2.75775209124692], "value_grad": [-3.9600000381469727, 3.960002899169922, 55.44000244140625, -15.840001106262207, -19.799999237060547, 31.68000030517578, 11.879999160766602, 39.599998474121094, -3.9599990844726562, -3.9600000381469727, 11.880000114440918, 23.76000213623047, 27.720001220703125, 43.560001373291016, 0.0, 47.52000427246094], "action_grad": [[0.0, 0.0, 0.0], [0.0, 0.0, 0.0], [0.0, 0.0, 0.0], [0.0, 0.0, 0.0], [0.0, 0.0, 0.0], [0.0, 0.0, 0.0], [0.0, 0.0, 0.0], [0.0, 0.0, 0.0], [0.0, 0.0, 0.0], [0.0, 0.0, 0.0], [0.0, 0.0, 0.0], [0.0, 0.0, 0.0], [0.0, 0.0, 0.0], [0.0, 0.0, 0.0], [0.0, 0.0, 0.0], [0.0, 0.0, 0.0]], "action_params_change": 0, "value_params_change": 0.43714568184947566}
{"iterations": 1, "type_itr": 0, "sub_iteration": 6, "sub_it_time": 0.10104203224182129, "total_time": 0.7441418170928955, "value_loss": 7.920000076293945, "action_loss": 0.36221539974212646, "action_probs": [[0.1677375200755319, 0.01576504147251466, 0.7463506466534818, 0.07014679179847154], [0.0001556745000559683, 6.891328320594524e-05, 0.6930009068373233, 0.30677450537941464], [0.6201896026984318, 0.004844147204299041, 0.3720601802852025, 0.0029060698120667123], [0.07308331208394583, 0.06012915543972067, 0.47553885101022453, 0.3912486814661091], [0.2323805534426582, 0.09704467345991695, 0.47303158401754575, 0.19754318907987917], [0.1697857568171743, 0.017067986795648905, 0.7388701445009432, 0.07427611188623363], [0.052922311212188496, 0.09644653957454033, 0.3013838974346986, 0.5492472517785725], [0.06434185066809989, 0.03919740734793218, 0.5570828330797513, 0.3393779089042167], [0.0028136709655602063, 0.003818460374538372, 0.42143470731194005, 0.5719331613479615], [0.22907550643363594, 0.7223626211859951, 0.011692127092625739, 0.036869745287743116], [0.07786486381119775, 0.6470008226094218, 0.0295548489299223, 0.24557946464945823], [0.011558140488134402, 0.3534551550636202, 0.020106844401424493, 0.6148798600468212], [0.8533566853047653, 0.14321999087063436, 0.0029313512362111565, 0.0004919725883894006], [0.0651903241071135, 0.275007402510178, 0.12643448407524666, 0.5333677893074616], [0.0013421568643684767, 0.0015565389535729956, 0.46167878381564337, 0.5354225203664152], [0.42264917791988044, 0.11009443454566385, 0.37069525274134263, 0.09656113479311319]], "state_values": [4.516353459485744, 4.980750062311167, 1.3047057982143626, 4.382200289333533, -4.734675774813685, 4.286210935280728, 2.045450816244539, 2.7170415762457805, 4.987498305803751, -2.104255979953946, -4.996472090109175, 4.769458585172451, -3.504775086684592, 2.7566420586653106, -3.5435677169836906, 2.4480181282835543], "value_grad": [11.879999160766602, -23.76000213623047, -11.880000114440918, -23.760000228881836, -63.36000442504883, 27.720001220703125, -3.960000991821289, -63.36000442504883, 0.0, -15.84000015258789, -3.960000991821289, 19.799999237060547, 59.400001525878906, -7.920000076293945, -7.920000076293945, 31.68000030517578], "action_grad": [[0.0, 0.0, 0.0], [0.0, 0.0, 0.0], [0.0, 0.0, 0.0], [0.0, 0.0, 0.0], [0.0, 0.0, 0.0], [0.0, 0.0, 0.0], [0.0, 0.0, 0.0], [0.0, 0.0, 0.0], [0.0, 0.0, 0.0], [0.0, 0.0, 0.0], [0.0, 0.0, 0.0], [0.0, 0.0, 0.0], [0.0, 0.0, 0.0], [0.0, 0.0, 0.0], [0.0, 0.0, 0.0], [0.0, 0.0, 0.0]], "action_params_change": 0, "value_params_change": 0.4486480282026285}
{"iterations": 1, "type_itr": 0, "sub_iteration": 7, "sub_it_time": 0.0988156795501709, "total_time": 0.8504931926727295, "value_loss": -11.880000114440918, "action_loss": -1.6299693584442139, "action_probs": [[0.1677375200755319, 0.01576504147251466, 0.7463506466534818, 0.07014679179847154], [0.0001556745000559683, 6.891328320594524e-05, 0.6930009068373233, 0.30677450537941464], [0.6201896026984318, 0.004844147204299041, 0.3720601802852025, 0.0029060698120667123], [0.07308331208394583, 0.06012915543972067, 0.47553885101022453, 0.3912486814661091], [0.2323805534426582, 0.09704467345991695, 0.47303158401754575, 0.19754318907987917], [0.1697857568171743, 0.017067986795648905, 0.7388701445009432, 0.07427611188623363], [0.052922311212188496, 0.09644653957454033, 0.3013838974346986, 0.5492472517785725], [0.06434185066809989, 0.03919740734793218, 0.5570828330797513, 0.3393779089042167], [0.0028136709655602063, 0.003818460374538372, 0.42143470731194005, 0.5719331613479615], [0.22907550643363594, 0.7223626211859951, 0.011692127092625739, 0.036869745287743116], [0.07786486381119775, 0.6470008226094218, 0.0295548489299223, 0.24557946464945823], [0.011558140488134402, 0.3534551550636202, 0.020106844401424493, 0.6148798600468212], [0.8533566853047653, 0.14321999087063436, 0.0029313512362111565, 0.0004919725883894006], [0.0651903241071135, 0.275007402510178, 0.12643448407524666, 0.5333677893074616], [0.0013421568643684767, 0.0015565389535729956, 0.46167878381564337, 0.5354225203664152], [0.42264917791988044, 0.11009443454566385, 0.37069525274134263, 0.09656113479311319]], "state_values": [4.600551867165634, 4.977022809406738, 1.5389095209897052, 3.7066212074934395, -4.894265210161431, 4.659685792062169, 1.8723570478672502, 2.508409873971449, 4.996612834124908, -1.557712528657753, -4.999877194376715, 4.801470705243348, -3.5120204849235104, 2.590472503308335, -3.5493577598004906, 2.164221494942137], "value_grad": [-11.880001068115234, -31.680002212524414, 15.84000015258789, -35.63999938964844, -3.9600000381469727, 19.80000114440918, -7.920000076293945, -19.799999237060547, 11.880000114440918, 35.63999938964844, 15.840001106262207, -11.880001068115234, -59.400001525878906, -35.63999938964844, 3.9600000381469727, 0.0], "action_grad": [[0.0, 0.0, 0.0], [0.0, 0.0, 0.0], [0.0, 0.0, 0.0], [0.0, 0.0, 0.0], [0.0, 0.0, 0.0], [0.0, 0.0, 0.0], [0.0, 0.0, 0.0], [0.0, 0.0, 0.0], [0.0, 0.0, 0.0], [0.0, 0.0, 0.0], [0.0, 0.0, 0.0], [0.0, 0.0, 0.0], [0.0, 0.0, 0.0], [0.0, 0.0, 0.0], [0.0, 0.0, 0.0], [0.0, 0.0, 0.0]], "action_params_change": 0, "value_params_change": 0.466754229792981}
{"iterations": 1, "type_itr": 0, "sub_iteration": 8, "sub_it_time": 0.09850287437438965, "total_time": 0.9559249877929688, "value_loss": 3.9600000381469727, "action_loss": -1.4488615989685059, "action_probs": [[0.1677375200755319, 0.01576504147251466, 0.7463506466534818, 0.07014679179847154], [0.0001556745000559683, 6.891328320594524e-05, 0.6930009068373233, 0.30677450537941464], [0.6201896026984318, 0.004844147204299041, 0.3720601802852025, 0.0029060698120667123], [0.07308331208394583, 0.06012915543972067, 0.47553885101022453, 0.3912486814661091], [0.2323805534426582, 0.09704467345991695, 0.47303158401754575, 0.19754318907987917], [0.1697857568171743, 0.017067986795648905, 0.7388701445009432, 0.07427611188623363], [0.052922311212188496, 0.09644653957454033, 0.3013838974346986, 0.5492472517785725], [0.06434185066809989, 0.03919740734793218, 0.5570828330797513, 0.3393779089042167], [0.0028136709655602063, 0.003818460374538372, 0.42143470731194005, 0.5719331613479615], [0.22907550643363594, 0.7223626211859951, 0.011692127092625739, 0.036869745287743116], [0.07786486381119775, 0.6470008226094218, 0.0295548489299223, 0.24557946464945823], [0.011558140488134402, 0.3534551550636202, 0.020106844401424493, 0.6148798600468212], [0.8533566853047653, 0.14321999087063436, 0.0029313512362111565, 0.0004919725883894006], [0.0651903241071135, 0.275007402510178, 0.12643448407524666, 0.5333677893074616], [0.0013421568643684767, 0.0015565389535729956, 0.46167878381564337, 0.5354225203664152], [0.42264917791988044, 0.11009443454566385, 0.37069525274134263, 0.09656113479311319]], "state_values": [4.692345386406851, 4.97665427712752, 1.711626125896282, 3.180505845734161, -4.972922055002475, 4.8132975561609355, 1.9750419431554176, 2.3181488876680407, 4.9968581032436274, -1.0542622896991751, -4.998325375754823, 4.844903570513018, -3.7372257402548166, 2.4177859255650587, -3.160088715818244, 2.117989382956417], "value_grad": [-3.960000991821289, 3.960000991821289, -3.9600000381469727, 27.720001220703125, 3.9600000381469727, -23.76000213623047, -43.560001373291016, 0.0, 11.880000114440918, 0.0, 23.760000228881836, -7.920000076293945, -75.24000549316406, -3.9599990844726562, 47.52000045776367, -31.68000030517578], "action_grad": [[0.0, 0.0, 0.0], [0.0, 0.0, 0.0], [0.0, 0.0, 0.0], [0.0, 0.0, 0.0], [0.0, 0.0, 0.0], [0.0, 0.0, 0.0], [0.0, 0.0, 0.0], [0.0, 0.0, 0.0], [0.0, 0.0, 0.0], [0.0, 0.0, 0.0], [0.0, 0.0, 0.0], [0.0, 0.0, 0.0], [0.0, 0.0, 0.0], [0.0, 0.0, 0.0], [0.0, 0.0, 0.0], [0.0, 0.0, 0.0]], "action_params_change": 0, "value_params_change": 0.29121304032083106}
{"iterations": 1, "type_itr": 0, "sub_iteration": 9, "sub_it_time": 0.09924650192260742, "total_time": 1.0620958805084229, "value_loss": -3.9600000381469727, "action_loss": -0.7244307994842529, "action_probs": [[0.1677375200755319, 0.01576504147251466, 0.7463506466534818, 0.07014679179847154], [0.0001556745000559683, 6.891328320594524e-05, 0.6930009068373233, 0.30677450537941464], [0.6201896026984318, 0.004844147204299041, 0.3720601802852025, 0.0029060698120667123], [0.07308331208394583, 0.06012915543972067, 0.47553885101022453, 0.3912486814661091], [0.2323805534426582, 0.09704467345991695, 0.47303158401754575, 0.19754318907987917], [0.1697857568171743, 0.017067986795648905, 0.7388701445009432, 0.07427611188623363], [0.052922311212188496, 0.09644653957454033, 0.3013838974346986, 0.5492472517785725], [0.06434185066809989, 0.03919740734793218, 0.5570828330797513, 0.3393779089042167], [0.0028136709655602063, 0.003818460374538372, 0.42143470731194005, 0.5719331613479615], [0.22907550643363594, 0.7223626211859951, 0.011692127092625739, 0.036869745287743116], [0.07786486381119775, 0.6470008226094218, 0.0295548489299223, 0.24557946464945823], [0.011558140488134402, 0.3534551550636202, 0.020106844401424493, 0.6148798600468212], [0.8533566853047653, 0.14321999087063436, 0.0029313512362111565, 0.0004919725883894006], [0.0651903241071135, 0.275007402510178, 0.12643448407524666, 0.5333677893074616], [0.0013421568643684767, 0.0015565389535729956, 0.46167878381564337, 0.5354225203664152], [0.42264917791988044, 0.11009443454566385, 0.37069525274134263, 0.09656113479311319]], "state_values": [4.698798929690479, 4.999868379740422, 2.007726608799318, 2.653746053916851, -4.999386331267339, 4.9526468111473365, 2.2737705059544973, 2.318921521027256, 4.9970692189775905, -0.4208877179873451, -4.982824786628828, 4.856119052000165, -3.7946283193825643, 2.4352208445725, -2.595268486294861, 2.004622748071181], "value_grad": [11.879999160766602, 83.16000366210938, 19.799999237060547, 0.0, -23.76000213623047, 39.60000228881836, -43.560001373291016, -35.6400032043457, 0.0, 27.720001220703125, 23.76000213623047, 11.880001068115234, 47.52000045776367, 31.68000030517578, 27.720001220703125, 11.879999160766602], "action_grad": [[0.0, 0.0, 0.0], [0.0, 0.0, 0.0], [0.0, 0.0, 0.0], [0.0, 0.0, 0.0], [0.0, 0.0, 0.0], [0.0, 0.0, 0.0], [0.0, 0.0, 0.0], [0.0, 0.0, 0.0], [0.0, 0.0, 0.0], [0.0, 0.0, 0.0], [0.0, 0.0, 0.0], [0.0, 0.0, 0.0], [0.0, 0.0, 0.0], [0.0, 0.0, 0.0], [0.0, 0.0, 0.0], [0.0, 0.0, 0.0]], "action_params_change": 0, "value_params_change": 0.2768213873042429}
{"iterations": 1, "type_itr": 0, "sub_iteration": 10, "sub_it_time": 0.10429072380065918, "total_time": 1.1744799613952637, "value_loss": 0.0, "action_loss": -1.9921846389770508, "action_probs": [[0.1677375200755319, 0.01576504147251466, 0.7463506466534818, 0.07014679179847154], [0.0001556745000559683, 6.891328320594524e-05, 0.6930009068373233, 0.30677450537941464], [0.6201896026984318, 0.004844147204299041, 0.3720601802852025, 0.0029060698120667123], [0.07308331208394583, 0.06012915543972067, 0.47553885101022453, 0.3912486814661091], [0.2323805534426582, 0.09704467345991695, 0.47303158401754575, 0.19754318907987917], [0.1697857568171743, 0.017067986795648905, 0.7388701445009432, 0.07427611188623363], [0.052922311212188496, 0.09644653957454033, 0.3013838974346986, 0.5492472517785725], [0.06434185066809989, 0.03919740734793218, 0.5570828330797513, 0.3393779089042167], [0.0028136709655602063, 0.003818460374538372, 0.42143470731194005, 0.5719331613479615], [0.22907550643363594, 0.7223626211859951, 0.011692127092625739, 0.036869745287743116], [0.07786486381119775, 0.6470008226094218, 0.0295548489299223, 0.24557946464945823], [0.011558140488134402, 0.3534551550636202, 0.020106844401424493, 0.6148798600468212], [0.8533566853047653, 0.14321999087063436, 0.0029313512362111565, 0.0004919725883894006], [0.0651903241071135, 0.275007402510178, 0.12643448407524666, 0.5333677893074616], [0.0013421568643684767, 0.0015565389535729956, 0.46167878381564337, 0.5354225203664152], [0.42264917791988044, 0.11009443454566385, 0.37069525274134263, 0.09656113479311319]], "state_values": [4.8209165279426145, 4.995679764000498, 1.8463734786704808, 2.1433685680793406, -4.952513362863248, 4.992051950338603, 2.4758174171773093, 2.3736866656611455, 4.9934071089496985, 0.09321239538823639, -4.968067952367041, 4.818681733904958, -3.939217644046963, 2.669019745537567, -1.885007978040319, 1.9506730379590198], "value_grad": [-31.68000030517578, -27.720001220703125, -63.36000061035156, 0.0, -11.880000114440918, -23.760000228881836, 11.879999160766602, -11.880000114440918, 7.920000076293945, -7.920000076293945, -11.880000114440918, 23.76000213623047, -39.60000228881836, 47.52000427246094, 23.76000213623047, -7.920000076293945], "action_grad": [[0.0, 0.0, 0.0], [0.0, 0.0, 0.0], [0.0, 0.0, 0.0], [0.0, 0.0, 0.0], [0.0, 0.0, 0.0], [0.0, 0.0, 0.0], [0.0, 0.0, 0.0], [0.0, 0.0, 0.0], [0.0, 0.0, 0.0], [0.0, 0.0, 0.0], [0.0, 0.0, 0.0], [0.0, 0.0, 0.0], [0.0, 0.0, 0.0], [0.0, 0.0, 0.0], [0.0, 0.0, 0.0], [0.0, 0.0, 0.0]], "action_params_change": 0, "value_params_change": 0.31837315192133175}
{"iterations": 1, "type_itr": 0, "sub_iteration": 11, "sub_it_time": 0.10062265396118164, "total_time": 1.2765710353851318, "value_loss": 31.68000030517578, "action_loss": -2.354400157928467, "action_probs": [[0.1677375200755319, 0.01576504147251466, 0.7463506466534818, 0.07014679179847154], [0.0001556745000559683, 6.891328320594524e-05, 0.6930009068373233, 0.30677450537941464], [0.6201896026984318, 0.004844147204299041, 0.3720601802852025, 0.0029060698120667123], [0.07308331208394583, 0.06012915543972067, 0.47553885101022453, 0.3912486814661091], [0.2323805534426582, 0.09704467345991695, 0.47303158401754575, 0.19754318907987917], [0.1697857568171743, 0.017067986795648905, 0.7388701445009432, 0.07427611188623363], [0.052922311212188496, 0.09644653957454033, 0.3013838974346986, 0.5492472517785725], [0.06434185066809989, 0.03919740734793218, 0.5570828330797513, 0.3393779089042167], [0.0028136709655602063, 0.003818460374538372, 0.42143470731194005, 0.5719331613479615], [0.22907550643363594, 0.7223626211859951, 0.011692127092625739, 0.036869745287743116], [0.07786486381119775, 0.6470008226094218, 0.0295548489299223, 0.24557946464945823], [0.011558140488134402, 0.3534551550636202, 0.020106844401424493, 0.6148798600468212], [0.8533566853047653, 0.14321999087063436, 0.0029313512362111565, 0.0004919725883894006], [0.0651903241071135, 0.275007402510178, 0.12643448407524666, 0.5333677893074616], [0.0013421568643684767, 0.0015565389535729956, 0.46167878381564337, 0.5354225203664152], [0.42264917791988044, 0.11009443454566385, 0.37069525274134263, 0.09656113479311319]], "state_values": [4.92111245950928, 4.966518621280864, 1.7456574471690425, 1.6908154103862456, -4.86692473431846, 4.999298834013488, 2.848484399891612, 2.3689402174627783, 4.9940944950075705, 0.6801574460537014, -4.9086715953546385, 4.719926700304865, -4.120779915560402, 2.58336264504178, -1.0197065482962742, 2.0858350843545326], "value_grad": [-7.9199981689453125, 31.68000030517578, 7.920000076293945, 3.960000991821289, 11.880001068115234, 0.0, -51.480003356933594, 11.880001068115234, -7.920000076293945, 19.800003051757812, 35.63999938964844, 27.720001220703125, -27.720003128051758, -67.31999969482422, 31.68000030517578, -31.68000030517578], "action_grad": [[0.0, 0.0, 0.0], [0.0, 0.0, 0.0], [0.0, 0.0, 0.0], [0.0, 0.0, 0.0], [0.0, 0.0, 0.0], [0.0, 0.0, 0.0], [0.0, 0.0, 0.0], [0.0, 0.0, 0.0], [0.0, 0.0, 0.0], [0.0, 0.0, 0.0], [0.0, 0.0, 0.0], [0.0, 0.0, 0.0], [0.0, 0.0, 0.0], [0.0, 0.0, 0.0], [0.0, 0.0, 0.0], [0.0, 0.0, 0.0]], "action_params_change": 0, "value_params_change": 0.36234942775909174}
{"iterations": 1, "type_itr": 0, "sub_iteration": 12, "sub_it_time": 0.10785603523254395, "total_time": 1.3923566341400146, "value_loss": 0.0, "action_loss": -1.2677539587020874, "action_probs": [[0.1677375200755319, 0.01576504147251466, 0.7463506466534818, 0.07014679179847154], [0.0001556745000559683, 6.891328320594524e-05, 0.6930009068373233, 0.30677450537941464], [0.6201896026984318, 0.004844147204299041, 0.3720601802852025, 0.0029060698120667123], [0.07308331208394583, 0.06012915543972067, 0.47553885101022453, 0.3912486814661091], [0.2323805534426582, 0.09704467345991695, 0.47303158401754575, 0.19754318907987917], [0.1697857568171743, 0.017067986795648905, 0.7388701445009432, 0.07427611188623363], [0.052922311212188496, 0.09644653957454033, 0.3013838974346986, 0.5492472517785725], [0.06434185066809989, 0.03919740734793218, 0.5570828330797513, 0.3393779089042167], [0.0028136709655602063, 0.003818460374538372, 0.42143470731194005, 0.5719331613479615], [0.22907550643363594, 0.7223626211859951, 0.011692127092625739, 0.036869745287743116], [0.07786486381119775, 0.6470008226094218, 0.0295548489299223, 0.24557946464945823], [0.011558140488134402, 0.3534551550636202, 0.020106844401424493, 0.6148798600468212], [0.8533566853047653, 0.14321999087063436, 0.0029313512362111565, 0.0004919725883894006], [0.0651903241071135, 0.275007402510178, 0.12643448407524666, 0.5333677893074616], [0.0013421568643684767, 0.0015565389535729956, 0.46167878381564337, 0.5354225203664152], [0.42264917791988044, 0.11009443454566385, 0.37069525274134263, 0.09656113479311319]], "state_values": [4.993191532279721, 4.931028900991937, 1.7905049611841648, 1.5641295086416884, -4.729852696508516, 4.987548299849687, 3.1026985307509896, 2.501923244462437, 4.999655676688281, 1.41897858945338, -4.77979344577118, 4.590849520419005, -4.4019778009959225, 2.458163458176816, -0.5950235694900884, 2.183811668960854], "value_grad": [-23.76000213623047, -15.84000015258789, 23.760000228881836, 35.6400032043457, -11.880001068115234, -7.920000076293945, 15.84000015258789, -31.680004119873047, -15.84000015258789, 47.52000427246094, 27.720001220703125, 7.920000076293945, -91.08000183105469, -11.880001068115234, -39.60000228881836, 3.9600000381469727], "action_grad": [[0.0, 0.0, 0.0], [0.0, 0.0, 0.0], [0.0, 0.0, 0.0], [0.0, 0.0, 0.0], [0.0, 0.0, 0.0], [0.0, 0.0, 0.0], [0.0, 0.0, 0.0], [0.0, 0.0, 0.0], [0.0, 0.0, 0.0], [0.0, 0.0, 0.0], [0.0, 0.0, 0.0], [0.0, 0.0, 0.0], [0.0, 0.0, 0.0], [0.0, 0.0, 0.0], [0.0, 0.0, 0.0], [0.0, 0.0, 0.0]], "action_params_change": 0, "value_params_change": 0.3025914383829842}
{"iterations": 1, "type_itr": 0, "sub_iteration": 13, "sub_it_time": 0.09968686103820801, "total_time": 1.4936285018920898, "value_loss": 19.80000114440918, "action_loss": -3.6221542358398438, "action_probs": [[0.1677375200755319, 0.01576504147251466, 0.7463506466534818, 0.07014679179847154], [0.0001556745000559683, 6.891328320594524e-05, 0.6930009068373233, 0.30677450537941464], [0.6201896026984318, 0.004844147204299041, 0.3720601802852025, 0.0029060698120667123], [0.07308331208394583, 0.06012915543972067, 0.47553885101022453, 0.3912486814661091], [0.2323805534426582, 0.09704467345991695, 0.47303158401754575, 0.19754318907987917], [0.1697857568171743, 0.017067986795648905, 0.7388701445009432, 0.07427611188623363], [0.052922311212188496, 0.09644653957454033, 0.3013838974346986, 0.5492472517785725], [0.06434185066809989, 0.03919740734793218, 0.5570828330797513, 0.3393779089042167], [0.0028136709655602063, 0.003818460374538372, 0.42143470731194005, 0.5719331613479615], [0.22907550643363594, 0.7223626211859951, 0.011692127092625739, 0.036869745287743116], [0.07786486381119775, 0.6470008226094218, 0.0295548489299223, 0.24557946464945823], [0.011558140488134402, 0.3534551550636202, 0.020106844401424493, 0.6148798600468212], [0.8533566853047653, 0.14321999087063436, 0.0029313512362111565, 0.0004919725883894006], [0.0651903241071135, 0.275007402510178, 0.12643448407524666, 0.5333677893074616], [0.0013421568643684767, 0.0015565389535729956, 0.46167878381564337, 0.5354225203664152], [0.42264917791988044, 0.11009443454566385, 0.37069525274134263, 0.09656113479311319]], "state_values": [4.987846510173683, 4.9122126699572926, 1.7864478525862004, 1.4769177681766767, -4.526087473177511, 4.953653815964852, 3.2466625093521455, 2.808882259061487, 4.995394822678198, 1.8841593119128481, -4.5103692112617315, 4.581097090524319, -4.579746357463104, 2.295389524769972, -0.20747963548883988, 2.1391425859870377], "value_grad": [-3.9600000381469727, -23.76000213623047, -7.920000076293945, 3.9600000381469727, -15.840001106262207, 11.879997253417969, 19.799999237060547, -51.480003356933594, 31.68000030517578, -27.720001220703125, 59.400001525878906, -39.599998474121094, 23.760000228881836, -11.880001068115234, 0.0, 23.76000213623047], "action_grad": [[0.0, 0.0, 0.0], [0.0, 0.0, 0.0], [0.0, 0.0, 0.0], [0.0, 0.0, 0.0], [0.0, 0.0, 0.0], [0.0, 0.0, 0.0], [0.0, 0.0, 0.0], [0.0, 0.0, 0.0], [0.0, 0.0, 0.0], [0.0, 0.0, 0.0], [0.0, 0.0, 0.0], [0.0, 0.0, 0.0], [0.0, 0.0, 0.0], [0.0, 0.0, 0.0], [0.0, 0.0, 0.0], [0.0, 0.0, 0.0]], "action_params_change": 0, "value_params_change": 0.2967162554902023}
