{"iterations": 0, "type_itr": 0, "sub_iteration": 0, "sub_it_time": 0, "total_time": 0, "value_loss": 0, "action_loss": 0, "action_probs": [[0.3033127412014946, 0.004752925739790138, 0.6812589710993896, 0.010675361959325693], [0.02985744583753919, 0.05494861125720369, 0.3222099283617272, 0.5929840145435299], [0.29680294936699925, 0.5290682446756892, 0.06257869695744897, 0.11155010899986245], [0.24194258828504017, 0.06112269763366206, 0.5563757923622956, 0.1405589217190022], [0.9379141629892774, 0.02138267900425323, 0.03979588663434322, 0.0009072713721261301], [0.27446528279305143, 0.02635967506597592, 0.6379100890724421, 0.06126495306853081], [0.0009935566653631793, 0.9554358284548369, 4.526196654064222e-05, 0.04352535291325946], [0.2912177564710847, 0.21471521775477453, 0.2843876523613487, 0.20967937341279205], [0.05411743647892784, 0.012366996794635373, 0.7598691437518316, 0.17364642297460509], [0.24574722314026692, 0.40588389148083787, 0.1313790644575226, 0.21698982092137256], [0.48491033256319255, 0.010720163654437637, 0.4934603211067333, 0.010909182675636531], [0.9431530399178972, 0.053312081654672716, 0.0033457581829954104, 0.00018912024443473992], [1.9206483817000147e-05, 0.9421787196549516, 1.1782817234107096e-06, 0.05780089557950781], [0.5284253964362479, 0.2363401826942237, 0.16253848956534314, 0.07269593130418532], [0.23220907883599679, 0.7579696367460627, 0.0023032119068886006, 0.007518072511051762], [0.26847050014902285, 0.6351471518400822, 0.02863580311768206, 0.06774654489321294]], "state_values": [3.7952685806690742, -4.674851031728169, 4.919246171873867, -4.212215620975811, -2.305302425447256, 4.2082043630339525, 4.061307921221723, 4.655274471745496, 3.1208497766200387, 4.862337187247994, 0.49971467027831856, 4.009738765427129, 1.1177198601339027, -3.8168884334854916, 4.974581028303397, 3.1446746926487923], "value_grad": [0.0, 0.0, 0.0, 0.0, 0.0, 0.0, 0.0, 0.0, 0.0, 0.0, 0.0, 0.0, 0.0, 0.0, 0.0, 0.0], "action_grad": [[0.0, 0.0, 0.0], [0.0, 0.0, 0.0], [0.0, 0.0, 0.0], [0.0, 0.0, 0.0], [0.0, 0.0, 0.0], [0.0, 0.0, 0.0], [0.0, 0.0, 0.0], [0.0, 0.0, 0.0], [0.0, 0.0, 0.0], [0.0, 0.0, 0.0], [0.0, 0.0, 0.0], [0.0, 0.0, 0.0], [0.0, 0.0, 0.0], [0.0, 0.0, 0.0], [0.0, 0.0, 0.0], [0.0, 0.0, 0.0]], "action_params_change": 0, "value_params_change": 0}
{"iterations": 1, "type_itr": 0, "sub_iteration": 0, "sub_it_time": 0.28879642486572266, "total_time": 0.2903311252593994, "value_loss": 15.321636199951172, "action_loss": -1.8972300291061401, "action_probs": [[0.3033127412014946, 0.004752925739790138, 0.6812589710993896, 0.010675361959325693], [0.02985744583753919, 0.05494861125720369, 0.3222099283617272, 0.5929840145435299], [0.29680294936699925, 0.5290682446756892, 0.06257869695744897, 0.11155010899986245], [0.24194258828504017, 0.06112269763366206, 0.5563757923622956, 0.1405589217190022], [0.9379141629892774, 0.02138267900425323, 0.03979588663434322, 0.0009072713721261301], [0.27446528279305143, 0.02635967506597592, 0.6379100890724421, 0.06126495306853081], [0.0009935566653631793, 0.9554358284548369, 4.526196654064222e-05, 0.04352535291325946], [0.2912177564710847, 0.21471521775477453, 0.2843876523613487, 0.20967937341279205], [0.05411743647892784, 0.012366996794635373, 0.7598691437518316, 0.17364642297460509], [0.24574722314026692, 0.40588389148083787, 0.1313790644575226, 0.21698982092137256], [0.48491033256319255, 0.010720163654437637, 0.4934603211067333, 0.010909182675636531], [0.9431530399178972, 0.053312081654672716, 0.0033457581829954104, 0.00018912024443473992], [1.9206483817000147e-05, 0.9421787196549516, 1.1782817234107096e-06, 0.05780089557950781], [0.5284253964362479, 0.2363401826942237, 0.16253848956534314, 0.07269593130418532], [0.23220907883599679, 0.7579696367460627, 0.0023032119068886006, 0.007518072511051762], [0.26847050014902285, 0.6351471518400822, 0.02863580311768206, 0.06774654489321294]], "state_values": [2.8719483772038483, -4.090717845581175, 4.544893338929676, -3.4147799891169273, -1.1359434998107762, 3.4093442506645233, 4.656597076095046, 4.961915958646, 2.057360675162107, 4.422905309413186, 1.715005993974823, 3.1460973736937374, -0.12274287978519909, -2.899174712452824, 4.695357763713576, 4.008645217237324], "value_grad": [0.3544178009033203, 1.1579055786132812, -0.07523822784423828, 0.6735944747924805, -2.037421226501465, 1.0193042755126953, -0.1900796890258789, 0.08712005615234375, 0.6514196395874023, -0.2756156921386719, -1.7265596389770508, 0.09939765930175781, -0.27165794372558594, -1.3733272552490234, -0.6850805282592773, 0.5753889083862305], "action_grad": [[0.0, 0.0, 0.0], [0.0, 0.0, 0.0], [0.0, 0.0, 0.0], [0.0, 0.0, 0.0], [0.0, 0.0, 0.0], [0.0, 0.0, 0.0], [0.0, 0.0, 0.0], [0.0, 0.0, 0.0], [0.0, 0.0, 0.0], [0.0, 0.0, 0.0], [0.0, 0.0, 0.0], [0.0, 0.0, 0.0], [0.0, 0.0, 0.0], [0.0, 0.0, 0.0], [0.0, 0.0, 0.0], [0.0, 0.0, 0.0]], "action_params_change": 0, "value_params_change": 0.4999999975459173}
{"iterations": 1, "type_itr": 0, "sub_iteration": 1, "sub_it_time": 0.2791297435760498, "total_time": 0.5712597370147705, "value_loss": 9.646164894104004, "action_loss": -1.7736420631408691, "action_probs": [[0.3033127412014946, 0.004752925739790138, 0.6812589710993896, 0.010675361959325693], [0.02985744583753919, 0.05494861125720369, 0.3222099283617272, 0.5929840145435299], [0.29680294936699925, 0.5290682446756892, 0.06257869695744897, 0.11155010899986245], [0.24194258828504017, 0.06112269763366206, 0.5563757923622956, 0.1405589217190022], [0.9379141629892774, 0.02138267900425323, 0.03979588663434322, 0.0009072713721261301], [0.27446528279305143, 0.02635967506597592, 0.6379100890724421, 0.06126495306853081], [0.0009935566653631793, 0.9554358284548369, 4.526196654064222e-05, 0.04352535291325946], [0.2912177564710847, 0.21471521775477453, 0.2843876523613487, 0.20967937341279205], [0.05411743647892784, 0.012366996794635373, 0.7598691437518316, 0.17364642297460509], [0.24574722314026692, 0.40588389148083787, 0.1313790644575226, 0.21698982092137256], [0.48491033256319255, 0.010720163654437637, 0.4934603211067333, 0.010909182675636531], [0.9431530399178972, 0.053312081654672716, 0.0033457581829954104, 0.00018912024443473992], [1.9206483817000147e-05, 0.9421787196549516, 1.1782817234107096e-06, 0.05780089557950781], [0.5284253964362479, 0.2363401826942237, 0.16253848956534314, 0.07269593130418532], [0.23220907883599679, 0.7579696367460627, 0.0023032119068886006, 0.007518072511051762], [0.26847050014902285, 0.6351471518400822, 0.02863580311768206, 0.06774654489321294]], "state_values": [2.6710786095883727, -3.2746444240334034, 4.024943155903687, -2.404345805324333, 0.08772097500590526, 2.3970210296867767, 4.801717296425681, 4.825682954405062, 0.8726703414679031, 4.146343904338331, 2.794697781888758, 2.1724397049625788, -1.3284275335001143, -1.8036245703936968, 4.426520056691728, 4.574125456987574], "value_grad": [-0.21185874938964844, 2.0734567642211914, -0.6086521148681641, 0.8078403472900391, -1.6061763763427734, 1.1262245178222656, 0.07246875762939453, -0.3591728210449219, 0.5722198486328125, 0.08157730102539062, -1.1678037643432617, 0.04712390899658203, -0.480743408203125, -1.2913570404052734, 0.12038326263427734, 0.2316598892211914], "action_grad": [[0.0, 0.0, 0.0], [0.0, 0.0, 0.0], [0.0, 0.0, 0.0], [0.0, 0.0, 0.0], [0.0, 0.0, 0.0], [0.0, 0.0, 0.0], [0.0, 0.0, 0.0], [0.0, 0.0, 0.0], [0.0, 0.0, 0.0], [0.0, 0.0, 0.0], [0.0, 0.0, 0.0], [0.0, 0.0, 0.0], [0.0, 0.0, 0.0], [0.0, 0.0, 0.0], [0.0, 0.0, 0.0], [0.0, 0.0, 0.0]], "action_params_change": 0, "value_params_change": 0.5006776375498598}
{"iterations": 1, "type_itr": 0, "sub_iteration": 2, "sub_it_time": 0.28072214126586914, "total_time": 0.8536508083343506, "value_loss": 6.2876877784729, "action_loss": -1.674431324005127, "action_probs": [[0.3033127412014946, 0.004752925739790138, 0.6812589710993896, 0.010675361959325693], [0.02985744583753919, 0.05494861125720369, 0.3222099283617272, 0.5929840145435299], [0.29680294936699925, 0.5290682446756892, 0.06257869695744897, 0.11155010899986245], [0.24194258828504017, 0.06112269763366206, 0.5563757923622956, 0.1405589217190022], [0.9379141629892774, 0.02138267900425323, 0.03979588663434322, 0.0009072713721261301], [0.27446528279305143, 0.02635967506597592, 0.6379100890724421, 0.06126495306853081], [0.0009935566653631793, 0.9554358284548369, 4.526196654064222e-05, 0.04352535291325946], [0.2912177564710847, 0.21471521775477453, 0.2843876523613487, 0.20967937341279205], [0.05411743647892784, 0.012366996794635373, 0.7598691437518316, 0.17364642297460509], [0.24574722314026692, 0.40588389148083787, 0.1313790644575226, 0.21698982092137256], [0.48491033256319255, 0.010720163654437637, 0.4934603211067333, 0.010909182675636531], [0.9431530399178972, 0.053312081654672716, 0.0033457581829954104, 0.00018912024443473992], [1.9206483817000147e-05, 0.9421787196549516, 1.1782817234107096e-06, 0.05780089557950781], [0.5284253964362479, 0.2363401826942237, 0.16253848956534314, 0.07269593130418532], [0.23220907883599679, 0.7579696367460627, 0.0023032119068886006, 0.007518072511051762], [0.26847050014902285, 0.6351471518400822, 0.02863580311768206, 0.06774654489321294]], "state_values": [2.3030167160780755, -2.250723488662139, 3.2787169380842847, -1.2577805680867309, 1.1790159551915878, 1.3480457440520226, 4.559093565685799, 4.585008605401251, 0.31866568445021054, 3.6185116240400523, 3.666948010194251, 1.1224518107757198, -2.208888284282568, -0.5951878897291755, 3.9244459043765474, 4.8427707150943045], "value_grad": [0.13424444198608398, 1.9427766799926758, -0.4074831008911133, 0.6082558631896973, -0.5682601928710938, 0.38728857040405273, 0.9048600196838379, -0.09464406967163086, -0.3809528350830078, -0.2574005126953125, -0.7325997352600098, 0.21780014038085938, 0.0007929801940917969, -1.3408560752868652, -0.6668643951416016, -0.03603649139404297], "action_grad": [[0.0, 0.0, 0.0], [0.0, 0.0, 0.0], [0.0, 0.0, 0.0], [0.0, 0.0, 0.0], [0.0, 0.0, 0.0], [0.0, 0.0, 0.0], [0.0, 0.0, 0.0], [0.0, 0.0, 0.0], [0.0, 0.0, 0.0], [0.0, 0.0, 0.0], [0.0, 0.0, 0.0], [0.0, 0.0, 0.0], [0.0, 0.0, 0.0], [0.0, 0.0, 0.0], [0.0, 0.0, 0.0], [0.0, 0.0, 0.0]], "action_params_change": 0, "value_params_change": 0.4994490182164384}
{"iterations": 1, "type_itr": 0, "sub_iteration": 3, "sub_it_time": 0.2814924716949463, "total_time": 1.136796474456787, "value_loss": 3.91129207611084, "action_loss": -1.544649600982666, "action_probs": [[0.3033127412014946, 0.004752925739790138, 0.6812589710993896, 0.010675361959325693], [0.02985744583753919, 0.05494861125720369, 0.3222099283617272, 0.5929840145435299], [0.29680294936699925, 0.5290682446756892, 0.06257869695744897, 0.11155010899986245], [0.24194258828504017, 0.06112269763366206, 0.5563757923622956, 0.1405589217190022], [0.9379141629892774, 0.02138267900425323, 0.03979588663434322, 0.0009072713721261301], [0.27446528279305143, 0.02635967506597592, 0.6379100890724421, 0.06126495306853081], [0.0009935566653631793, 0.9554358284548369, 4.526196654064222e-05, 0.04352535291325946], [0.2912177564710847, 0.21471521775477453, 0.2843876523613487, 0.20967937341279205], [0.05411743647892784, 0.012366996794635373, 0.7598691437518316, 0.17364642297460509], [0.24574722314026692, 0.40588389148083787, 0.1313790644575226, 0.21698982092137256], [0.48491033256319255, 0.010720163654437637, 0.4934603211067333, 0.010909182675636531], [0.9431530399178972, 0.053312081654672716, 0.0033457581829954104, 0.00018912024443473992], [1.9206483817000147e-05, 0.9421787196549516, 1.1782817234107096e-06, 0.05780089557950781], [0.5284253964362479, 0.2363401826942237, 0.16253848956534314, 0.07269593130418532], [0.23220907883599679, 0.7579696367460627, 0.0023032119068886006, 0.007518072511051762], [0.26847050014902285, 0.6351471518400822, 0.02863580311768206, 0.06774654489321294]], "state_values": [1.8220683980786374, -1.0822021449651937, 2.326424323687102, -0.06169093896803086, 1.9761213971740188, 0.3044110524346942, 4.135231229793535, 4.1425765361659925, -0.37213054745740476, 2.8594096378890033, 4.273590603867472, 1.0317115378118251, -2.4925335167406213, 0.6049119708743411, 3.2255913580490607, 4.944842774646283], "value_grad": [0.11959218978881836, 1.937232255935669, -0.5104436874389648, 0.4823281764984131, 0.2154242992401123, 0.3326401710510254, 0.5639042854309082, -0.30887937545776367, 0.3718438148498535, -0.43480777740478516, -0.21423578262329102, -0.26096391677856445, 0.3072962760925293, -0.7916040420532227, -0.5033161640167236, -0.12672042846679688], "action_grad": [[0.0, 0.0, 0.0], [0.0, 0.0, 0.0], [0.0, 0.0, 0.0], [0.0, 0.0, 0.0], [0.0, 0.0, 0.0], [0.0, 0.0, 0.0], [0.0, 0.0, 0.0], [0.0, 0.0, 0.0], [0.0, 0.0, 0.0], [0.0, 0.0, 0.0], [0.0, 0.0, 0.0], [0.0, 0.0, 0.0], [0.0, 0.0, 0.0], [0.0, 0.0, 0.0], [0.0, 0.0, 0.0], [0.0, 0.0, 0.0]], "action_params_change": 0, "value_params_change": 0.4975207693465542}
{"iterations": 1, "type_itr": 0, "sub_iteration": 4, "sub_it_time": 0.2817800045013428, "total_time": 1.4203557968139648, "value_loss": 2.6270642280578613, "action_loss": -1.4126219749450684, "action_probs": [[0.3033127412014946, 0.004752925739790138, 0.6812589710993896, 0.010675361959325693], [0.02985744583753919, 0.05494861125720369, 0.3222099283617272, 0.5929840145435299], [0.29680294936699925, 0.5290682446756892, 0.06257869695744897, 0.11155010899986245], [0.24194258828504017, 0.06112269763366206, 0.5563757923622956, 0.1405589217190022], [0.9379141629892774, 0.02138267900425323, 0.03979588663434322, 0.0009072713721261301], [0.27446528279305143, 0.02635967506597592, 0.6379100890724421, 0.06126495306853081], [0.0009935566653631793, 0.9554358284548369, 4.526196654064222e-05, 0.04352535291325946], [0.2912177564710847, 0.21471521775477453, 0.2843876523613487, 0.20967937341279205], [0.05411743647892784, 0.012366996794635373, 0.7598691437518316, 0.17364642297460509], [0.24574722314026692, 0.40588389148083787, 0.1313790644575226, 0.21698982092137256], [0.48491033256319255, 0.010720163654437637, 0.4934603211067333, 0.010909182675636531], [0.9431530399178972, 0.053312081654672716, 0.0033457581829954104, 0.00018912024443473992], [1.9206483817000147e-05, 0.9421787196549516, 1.1782817234107096e-06, 0.05780089557950781], [0.5284253964362479, 0.2363401826942237, 0.16253848956534314, 0.07269593130418532], [0.23220907883599679, 0.7579696367460627, 0.0023032119068886006, 0.007518072511051762], [0.26847050014902285, 0.6351471518400822, 0.02863580311768206, 0.06774654489321294]], "state_values": [1.0941525944113122, 0.09772864929015856, 1.220055385301446, 1.1329016870756385, 2.5814846827918942, -0.3412883203191042, 3.497382303448459, 3.5383779669580346, -0.7207239894390438, 1.907454464675095, 4.628991267901097, 1.0333018471787088, -2.345826283862254, 1.6891103775359992, 2.3987949217333027, 4.977633944353787], "value_grad": [0.32630372047424316, 0.9377281665802002, -0.7440836429595947, 0.5338082313537598, 0.11484003067016602, -0.5112359523773193, 0.7967519760131836, -0.16037988662719727, -0.3223438262939453, -0.4498558044433594, 0.1912679672241211, -0.04197549819946289, 0.4407479763031006, -0.4146120548248291, -0.3061079978942871, -0.14572811126708984], "action_grad": [[0.0, 0.0, 0.0], [0.0, 0.0, 0.0], [0.0, 0.0, 0.0], [0.0, 0.0, 0.0], [0.0, 0.0, 0.0], [0.0, 0.0, 0.0], [0.0, 0.0, 0.0], [0.0, 0.0, 0.0], [0.0, 0.0, 0.0], [0.0, 0.0, 0.0], [0.0, 0.0, 0.0], [0.0, 0.0, 0.0], [0.0, 0.0, 0.0], [0.0, 0.0, 0.0], [0.0, 0.0, 0.0], [0.0, 0.0, 0.0]], "action_params_change": 0, "value_params_change": 0.4818075343791861}
{"iterations": 1, "type_itr": 0, "sub_iteration": 5, "sub_it_time": 0.28675031661987305, "total_time": 1.7087793350219727, "value_loss": 2.9517838954925537, "action_loss": -1.2767549753189087, "action_probs": [[0.3033127412014946, 0.004752925739790138, 0.6812589710993896, 0.010675361959325693], [0.02985744583753919, 0.05494861125720369, 0.3222099283617272, 0.5929840145435299], [0.29680294936699925, 0.5290682446756892, 0.06257869695744897, 0.11155010899986245], [0.24194258828504017, 0.06112269763366206, 0.5563757923622956, 0.1405589217190022], [0.9379141629892774, 0.02138267900425323, 0.03979588663434322, 0.0009072713721261301], [0.27446528279305143, 0.02635967506597592, 0.6379100890724421, 0.06126495306853081], [0.0009935566653631793, 0.9554358284548369, 4.526196654064222e-05, 0.04352535291325946], [0.2912177564710847, 0.21471521775477453, 0.2843876523613487, 0.20967937341279205], [0.05411743647892784, 0.012366996794635373, 0.7598691437518316, 0.17364642297460509], [0.24574722314026692, 0.40588389148083787, 0.1313790644575226, 0.21698982092137256], [0.48491033256319255, 0.010720163654437637, 0.4934603211067333, 0.010909182675636531], [0.9431530399178972, 0.053312081654672716, 0.0033457581829954104, 0.00018912024443473992], [1.9206483817000147e-05, 0.9421787196549516, 1.1782817234107096e-06, 0.05780089557950781], [0.5284253964362479, 0.2363401826942237, 0.16253848956534314, 0.07269593130418532], [0.23220907883599679, 0.7579696367460627, 0.0023032119068886006, 0.007518072511051762], [0.26847050014902285, 0.6351471518400822, 0.02863580311768206, 0.06774654489321294]], "state_values": [0.7450197777796891, 1.0936515415494534, 0.24780476970276008, 2.2766957894687336, 2.9669774532157245, -0.6840516463586446, 2.7453907331475564, 2.748416487006433, -0.5340374398883626, 0.8976479477932628, 4.815024289604398, 0.6351508925161304, -1.8195578891908255, 2.50034073457791, 1.813475090968648, 4.975992299721458], "value_grad": [-0.2312641143798828, -0.10969233512878418, 0.0661323070526123, 0.7128002643585205, 0.4728240966796875, -0.5064842700958252, 0.26135993003845215, -0.24631237983703613, -0.894564151763916, -0.16037964820861816, 0.34293627738952637, 0.28432798385620117, 0.8426880836486816, 0.23839259147644043, 0.3314516544342041, -0.24987578392028809], "action_grad": [[0.0, 0.0, 0.0], [0.0, 0.0, 0.0], [0.0, 0.0, 0.0], [0.0, 0.0, 0.0], [0.0, 0.0, 0.0], [0.0, 0.0, 0.0], [0.0, 0.0, 0.0], [0.0, 0.0, 0.0], [0.0, 0.0, 0.0], [0.0, 0.0, 0.0], [0.0, 0.0, 0.0], [0.0, 0.0, 0.0], [0.0, 0.0, 0.0], [0.0, 0.0, 0.0], [0.0, 0.0, 0.0], [0.0, 0.0, 0.0]], "action_params_change": 0, "value_params_change": 0.48837570170376354}
{"iterations": 1, "type_itr": 0, "sub_iteration": 6, "sub_it_time": 0.27820873260498047, "total_time": 1.9886538982391357, "value_loss": 3.424607992172241, "action_loss": -1.1474441289901733, "action_probs": [[0.3033127412014946, 0.004752925739790138, 0.6812589710993896, 0.010675361959325693], [0.02985744583753919, 0.05494861125720369, 0.3222099283617272, 0.5929840145435299], [0.29680294936699925, 0.5290682446756892, 0.06257869695744897, 0.11155010899986245], [0.24194258828504017, 0.06112269763366206, 0.5563757923622956, 0.1405589217190022], [0.9379141629892774, 0.02138267900425323, 0.03979588663434322, 0.0009072713721261301], [0.27446528279305143, 0.02635967506597592, 0.6379100890724421, 0.06126495306853081], [0.0009935566653631793, 0.9554358284548369, 4.526196654064222e-05, 0.04352535291325946], [0.2912177564710847, 0.21471521775477453, 0.2843876523613487, 0.20967937341279205], [0.05411743647892784, 0.012366996794635373, 0.7598691437518316, 0.17364642297460509], [0.24574722314026692, 0.40588389148083787, 0.1313790644575226, 0.21698982092137256], [0.48491033256319255, 0.010720163654437637, 0.4934603211067333, 0.010909182675636531], [0.9431530399178972, 0.053312081654672716, 0.0033457581829954104, 0.00018912024443473992], [1.9206483817000147e-05, 0.9421787196549516, 1.1782817234107096e-06, 0.05780089557950781], [0.5284253964362479, 0.2363401826942237, 0.16253848956534314, 0.07269593130418532], [0.23220907883599679, 0.7579696367460627, 0.0023032119068886006, 0.007518072511051762], [0.26847050014902285, 0.6351471518400822, 0.02863580311768206, 0.06774654489321294]], "state_values": [0.85191373274123, 1.8909053075450548, -0.16311617120031865, 3.230603669824335, 3.117736956209389, -0.6383291671657022, 1.8308943075795445, 2.063840573426419, -0.27960866756861685, 0.6402726923084673, 4.904892452173188, 0.2660790459637784, -1.2357561983031766, 3.0590165963429556, 1.7944900418392775, 4.932591347521094], "value_grad": [-0.42015600204467773, -0.2324514389038086, 0.6997318267822266, 0.23799586296081543, 0.8759522438049316, -0.9797039031982422, 0.6304316520690918, 0.08989214897155762, -0.20591950416564941, 0.6767632961273193, 0.38411974906921387, 0.013068199157714844, 0.21304821968078613, 0.39362359046936035, 0.9975240230560303, -0.4055037498474121], "action_grad": [[0.0, 0.0, 0.0], [0.0, 0.0, 0.0], [0.0, 0.0, 0.0], [0.0, 0.0, 0.0], [0.0, 0.0, 0.0], [0.0, 0.0, 0.0], [0.0, 0.0, 0.0], [0.0, 0.0, 0.0], [0.0, 0.0, 0.0], [0.0, 0.0, 0.0], [0.0, 0.0, 0.0], [0.0, 0.0, 0.0], [0.0, 0.0, 0.0], [0.0, 0.0, 0.0], [0.0, 0.0, 0.0], [0.0, 0.0, 0.0]], "action_params_change": 0, "value_params_change": 0.45947530841838313}
{"iterations": 1, "type_itr": 0, "sub_iteration": 7, "sub_it_time": 0.28743791580200195, "total_time": 2.277992010116577, "value_loss": 4.214231967926025, "action_loss": -1.1576404571533203, "action_probs": [[0.3033127412014946, 0.004752925739790138, 0.6812589710993896, 0.010675361959325693], [0.02985744583753919, 0.05494861125720369, 0.3222099283617272, 0.5929840145435299], [0.29680294936699925, 0.5290682446756892, 0.06257869695744897, 0.11155010899986245], [0.24194258828504017, 0.06112269763366206, 0.5563757923622956, 0.1405589217190022], [0.9379141629892774, 0.02138267900425323, 0.03979588663434322, 0.0009072713721261301], [0.27446528279305143, 0.02635967506597592, 0.6379100890724421, 0.06126495306853081], [0.0009935566653631793, 0.9554358284548369, 4.526196654064222e-05, 0.04352535291325946], [0.2912177564710847, 0.21471521775477453, 0.2843876523613487, 0.20967937341279205], [0.05411743647892784, 0.012366996794635373, 0.7598691437518316, 0.17364642297460509], [0.24574722314026692, 0.40588389148083787, 0.1313790644575226, 0.21698982092137256], [0.48491033256319255, 0.010720163654437637, 0.4934603211067333, 0.010909182675636531], [0.9431530399178972, 0.053312081654672716, 0.0033457581829954104, 0.00018912024443473992], [1.9206483817000147e-05, 0.9421787196549516, 1.1782817234107096e-06, 0.05780089557950781], [0.5284253964362479, 0.2363401826942237, 0.16253848956534314, 0.07269593130418532], [0.23220907883599679, 0.7579696367460627, 0.0023032119068886006, 0.007518072511051762], [0.26847050014902285, 0.6351471518400822, 0.02863580311768206, 0.06774654489321294]], "state_values": [1.1192805755465207, 2.504923140683749, -0.006496629497207305, 3.9807431792996137, 3.04913181312184, -0.3472905223327752, 0.803125729994833, 1.344894408950002, 0.029915164247132635, 0.7346993084093145, 4.944912605779886, 0.2557253566071566, -0.42589745830437803, 3.3442082328140894, 2.1020019204565568, 4.798474101567378], "value_grad": [-0.2245321273803711, -0.3065037727355957, 1.2628440856933594, 0.23482751846313477, 1.200671911239624, -0.9080281257629395, 0.5559835433959961, -0.07721996307373047, -0.1987919807434082, 0.5516281127929688, 0.38411998748779297, -0.2328481674194336, 1.2580914497375488, 0.8224916458129883, 1.049004077911377, -0.5904362201690674], "action_grad": [[0.0, 0.0, 0.0], [0.0, 0.0, 0.0], [0.0, 0.0, 0.0], [0.0, 0.0, 0.0], [0.0, 0.0, 0.0], [0.0, 0.0, 0.0], [0.0, 0.0, 0.0], [0.0, 0.0, 0.0], [0.0, 0.0, 0.0], [0.0, 0.0, 0.0], [0.0, 0.0, 0.0], [0.0, 0.0, 0.0], [0.0, 0.0, 0.0], [0.0, 0.0, 0.0], [0.0, 0.0, 0.0], [0.0, 0.0, 0.0]], "action_params_change": 0, "value_params_change": 0.4368253981028736}
{"iterations": 1, "type_itr": 0, "sub_iteration": 8, "sub_it_time": 0.2808418273925781, "total_time": 2.5605151653289795, "value_loss": 3.6055800914764404, "action_loss": -1.2784391641616821, "action_probs": [[0.3033127412014946, 0.004752925739790138, 0.6812589710993896, 0.010675361959325693], [0.02985744583753919, 0.05494861125720369, 0.3222099283617272, 0.5929840145435299], [0.29680294936699925, 0.5290682446756892, 0.06257869695744897, 0.11155010899986245], [0.24194258828504017, 0.06112269763366206, 0.5563757923622956, 0.1405589217190022], [0.9379141629892774, 0.02138267900425323, 0.03979588663434322, 0.0009072713721261301], [0.27446528279305143, 0.02635967506597592, 0.6379100890724421, 0.06126495306853081], [0.0009935566653631793, 0.9554358284548369, 4.526196654064222e-05, 0.04352535291325946], [0.2912177564710847, 0.21471521775477453, 0.2843876523613487, 0.20967937341279205], [0.05411743647892784, 0.012366996794635373, 0.7598691437518316, 0.17364642297460509], [0.24574722314026692, 0.40588389148083787, 0.1313790644575226, 0.21698982092137256], [0.48491033256319255, 0.010720163654437637, 0.4934603211067333, 0.010909182675636531], [0.9431530399178972, 0.053312081654672716, 0.0033457581829954104, 0.00018912024443473992], [1.9206483817000147e-05, 0.9421787196549516, 1.1782817234107096e-06, 0.05780089557950781], [0.5284253964362479, 0.2363401826942237, 0.16253848956534314, 0.07269593130418532], [0.23220907883599679, 0.7579696367460627, 0.0023032119068886006, 0.007518072511051762], [0.26847050014902285, 0.6351471518400822, 0.02863580311768206, 0.06774654489321294]], "state_values": [1.1028444917546592, 2.9502715559627597, 0.44728764432004775, 4.46902057464588, 2.786009173879289, 0.14636949828701115, -0.19445789766580987, 0.506010783929917, 0.524441937152794, 0.6876403076937282, 4.9635417561449415, 0.3473288082622172, 0.3810006463907865, 3.4701323727601388, 2.596780771950475, 4.6560871740640914], "value_grad": [0.32670021057128906, -0.44312381744384766, 1.2343318462371826, -0.11325621604919434, 1.4065923690795898, -1.0292041301727295, 0.15127277374267578, -0.22611570358276367, -0.6157798767089844, -0.2510643005371094, 0.2574000358581543, -0.08593177795410156, 0.2399759292602539, 0.6601314544677734, 1.0676159858703613, 0.14572811126708984], "action_grad": [[0.0, 0.0, 0.0], [0.0, 0.0, 0.0], [0.0, 0.0, 0.0], [0.0, 0.0, 0.0], [0.0, 0.0, 0.0], [0.0, 0.0, 0.0], [0.0, 0.0, 0.0], [0.0, 0.0, 0.0], [0.0, 0.0, 0.0], [0.0, 0.0, 0.0], [0.0, 0.0, 0.0], [0.0, 0.0, 0.0], [0.0, 0.0, 0.0], [0.0, 0.0, 0.0], [0.0, 0.0, 0.0], [0.0, 0.0, 0.0]], "action_params_change": 0, "value_params_change": 0.40045076169280147}
{"iterations": 1, "type_itr": 0, "sub_iteration": 9, "sub_it_time": 0.2817573547363281, "total_time": 2.8438644409179688, "value_loss": 3.109788179397583, "action_loss": -1.3641575574874878, "action_probs": [[0.3033127412014946, 0.004752925739790138, 0.6812589710993896, 0.010675361959325693], [0.02985744583753919, 0.05494861125720369, 0.3222099283617272, 0.5929840145435299], [0.29680294936699925, 0.5290682446756892, 0.06257869695744897, 0.11155010899986245], [0.24194258828504017, 0.06112269763366206, 0.5563757923622956, 0.1405589217190022], [0.9379141629892774, 0.02138267900425323, 0.03979588663434322, 0.0009072713721261301], [0.27446528279305143, 0.02635967506597592, 0.6379100890724421, 0.06126495306853081], [0.0009935566653631793, 0.9554358284548369, 4.526196654064222e-05, 0.04352535291325946], [0.2912177564710847, 0.21471521775477453, 0.2843876523613487, 0.20967937341279205], [0.05411743647892784, 0.012366996794635373, 0.7598691437518316, 0.17364642297460509], [0.24574722314026692, 0.40588389148083787, 0.1313790644575226, 0.21698982092137256], [0.48491033256319255, 0.010720163654437637, 0.4934603211067333, 0.010909182675636531], [0.9431530399178972, 0.053312081654672716, 0.0033457581829954104, 0.00018912024443473992], [1.9206483817000147e-05, 0.9421787196549516, 1.1782817234107096e-06, 0.05780089557950781], [0.5284253964362479, 0.2363401826942237, 0.16253848956534314, 0.07269593130418532], [0.23220907883599679, 0.7579696367460627, 0.0023032119068886006, 0.007518072511051762], [0.26847050014902285, 0.6351471518400822, 0.02863580311768206, 0.06774654489321294]], "state_values": [1.3504072102220819, 3.274003468514465, 1.0436231163402738, 4.806148186167436, 2.479046231364325, 0.7305351498693307, -0.6576662306988551, 0.36348036801526185, 1.0478814337582778, 0.6585202832980563, 4.973662763465872, 0.7786066699202377, 1.2470112924467043, 3.460299183144937, 3.034550929251237, 4.4654386685731975], "value_grad": [-0.4126322269439697, -0.36748790740966797, 0.9032762050628662, 0.3259084224700928, 0.41738390922546387, -0.6743876934051514, -0.9436681270599365, 0.5848917961120605, -0.2411642074584961, 0.025344133377075195, 0.12632441520690918, -0.4003560543060303, 0.5951881408691406, 0.7547760009765625, 0.1073160171508789, -0.13028430938720703], "action_grad": [[0.0, 0.0, 0.0], [0.0, 0.0, 0.0], [0.0, 0.0, 0.0], [0.0, 0.0, 0.0], [0.0, 0.0, 0.0], [0.0, 0.0, 0.0], [0.0, 0.0, 0.0], [0.0, 0.0, 0.0], [0.0, 0.0, 0.0], [0.0, 0.0, 0.0], [0.0, 0.0, 0.0], [0.0, 0.0, 0.0], [0.0, 0.0, 0.0], [0.0, 0.0, 0.0], [0.0, 0.0, 0.0], [0.0, 0.0, 0.0]], "action_params_change": 0, "value_params_change": 0.37133989976161963}
{"iterations": 1, "type_itr": 0, "sub_iteration": 10, "sub_it_time": 0.2816014289855957, "total_time": 3.12770414352417, "value_loss": 2.7644758224487305, "action_loss": -1.5522739887237549, "action_probs": [[0.3033127412014946, 0.004752925739790138, 0.6812589710993896, 0.010675361959325693], [0.02985744583753919, 0.05494861125720369, 0.3222099283617272, 0.5929840145435299], [0.29680294936699925, 0.5290682446756892, 0.06257869695744897, 0.11155010899986245], [0.24194258828504017, 0.06112269763366206, 0.5563757923622956, 0.1405589217190022], [0.9379141629892774, 0.02138267900425323, 0.03979588663434322, 0.0009072713721261301], [0.27446528279305143, 0.02635967506597592, 0.6379100890724421, 0.06126495306853081], [0.0009935566653631793, 0.9554358284548369, 4.526196654064222e-05, 0.04352535291325946], [0.2912177564710847, 0.21471521775477453, 0.2843876523613487, 0.20967937341279205], [0.05411743647892784, 0.012366996794635373, 0.7598691437518316, 0.17364642297460509], [0.24574722314026692, 0.40588389148083787, 0.1313790644575226, 0.21698982092137256], [0.48491033256319255, 0.010720163654437637, 0.4934603211067333, 0.010909182675636531], [0.9431530399178972, 0.053312081654672716, 0.0033457581829954104, 0.00018912024443473992], [1.9206483817000147e-05, 0.9421787196549516, 1.1782817234107096e-06, 0.05780089557950781], [0.5284253964362479, 0.2363401826942237, 0.16253848956534314, 0.07269593130418532], [0.23220907883599679, 0.7579696367460627, 0.0023032119068886006, 0.007518072511051762], [0.26847050014902285, 0.6351471518400822, 0.02863580311768206, 0.06774654489321294]], "state_values": [1.4489280403769822, 3.4236410049310777, 1.6195088501010357, 4.9618547603785075, 2.0715028815219445, 1.1874440919879774, -0.7828030052246572, 0.002255563653293048, 1.3919739407914635, 0.8940826362603349, 4.982575106755537, 0.9976070699886919, 2.0036230990840944, 3.41649450430551, 3.5474565951360977, 4.3085398539358115], "value_grad": [0.1912682056427002, -1.0224721431732178, 0.23918366432189941, -0.13780784606933594, 0.8359560966491699, 0.24235224723815918, -0.859715461730957, -0.37936854362487793, 0.29581165313720703, 0.5686562061309814, -0.05623221397399902, 0.1730518341064453, 0.0415797233581543, 0.22651219367980957, 0.9832680225372314, 0.1484999656677246], "action_grad": [[0.0, 0.0, 0.0], [0.0, 0.0, 0.0], [0.0, 0.0, 0.0], [0.0, 0.0, 0.0], [0.0, 0.0, 0.0], [0.0, 0.0, 0.0], [0.0, 0.0, 0.0], [0.0, 0.0, 0.0], [0.0, 0.0, 0.0], [0.0, 0.0, 0.0], [0.0, 0.0, 0.0], [0.0, 0.0, 0.0], [0.0, 0.0, 0.0], [0.0, 0.0, 0.0], [0.0, 0.0, 0.0], [0.0, 0.0, 0.0]], "action_params_change": 0, "value_params_change": 0.3204892962430854}
{"iterations": 1, "type_itr": 0, "sub_iteration": 11, "sub_it_time": 0.28206610679626465, "total_time": 3.41151762008667, "value_loss": 2.5617241859436035, "action_loss": -1.6711533069610596, "action_probs": [[0.3033127412014946, 0.004752925739790138, 0.6812589710993896, 0.010675361959325693], [0.02985744583753919, 0.05494861125720369, 0.3222099283617272, 0.5929840145435299], [0.29680294936699925, 0.5290682446756892, 0.06257869695744897, 0.11155010899986245], [0.24194258828504017, 0.06112269763366206, 0.5563757923622956, 0.1405589217190022], [0.9379141629892774, 0.02138267900425323, 0.03979588663434322, 0.0009072713721261301], [0.27446528279305143, 0.02635967506597592, 0.6379100890724421, 0.06126495306853081], [0.0009935566653631793, 0.9554358284548369, 4.526196654064222e-05, 0.04352535291325946], [0.2912177564710847, 0.21471521775477453, 0.2843876523613487, 0.20967937341279205], [0.05411743647892784, 0.012366996794635373, 0.7598691437518316, 0.17364642297460509], [0.24574722314026692, 0.40588389148083787, 0.1313790644575226, 0.21698982092137256], [0.48491033256319255, 0.010720163654437637, 0.4934603211067333, 0.010909182675636531], [0.9431530399178972, 0.053312081654672716, 0.0033457581829954104, 0.00018912024443473992], [1.9206483817000147e-05, 0.9421787196549516, 1.1782817234107096e-06, 0.05780089557950781], [0.5284253964362479, 0.2363401826942237, 0.16253848956534314, 0.07269593130418532], [0.23220907883599679, 0.7579696367460627, 0.0023032119068886006, 0.007518072511051762], [0.26847050014902285, 0.6351471518400822, 0.02863580311768206, 0.06774654489321294]], "state_values": [1.5758800132722919, 3.4579377689369277, 2.159030348266407, 4.998116061491481, 1.637236031134044, 1.5955489510740961, -0.6647255067808036, -0.3617062611716254, 1.7348250556618825, 0.916402540709668, 4.987838719917245, 1.0179182948606864, 2.556022353492904, 3.328418854551535, 3.939388978372888, 4.04494079901854], "value_grad": [-0.06494402885437012, -0.86763596534729, 0.1900801658630371, 0.16077589988708496, 0.3397679328918457, -0.026532411575317383, -0.8272440433502197, -0.06217217445373535, -0.11325597763061523, -0.4138200283050537, 0.06731986999511719, 0.20116829872131348, -0.27838826179504395, 0.30967235565185547, -0.08197259902954102, -0.36907196044921875], "action_grad": [[0.0, 0.0, 0.0], [0.0, 0.0, 0.0], [0.0, 0.0, 0.0], [0.0, 0.0, 0.0], [0.0, 0.0, 0.0], [0.0, 0.0, 0.0], [0.0, 0.0, 0.0], [0.0, 0.0, 0.0], [0.0, 0.0, 0.0], [0.0, 0.0, 0.0], [0.0, 0.0, 0.0], [0.0, 0.0, 0.0], [0.0, 0.0, 0.0], [0.0, 0.0, 0.0], [0.0, 0.0, 0.0], [0.0, 0.0, 0.0]], "action_params_change": 0, "value_params_change": 0.30210904164461827}
{"iterations": 1, "type_itr": 0, "sub_iteration": 12, "sub_it_time": 0.2800936698913574, "total_time": 3.6933305263519287, "value_loss": 2.606868028640747, "action_loss": -1.7501343488693237, "action_probs": [[0.3033127412014946, 0.004752925739790138, 0.6812589710993896, 0.010675361959325693], [0.02985744583753919, 0.05494861125720369, 0.3222099283617272, 0.5929840145435299], [0.29680294936699925, 0.5290682446756892, 0.06257869695744897, 0.11155010899986245], [0.24194258828504017, 0.06112269763366206, 0.5563757923622956, 0.1405589217190022], [0.9379141629892774, 0.02138267900425323, 0.03979588663434322, 0.0009072713721261301], [0.27446528279305143, 0.02635967506597592, 0.6379100890724421, 0.06126495306853081], [0.0009935566653631793, 0.9554358284548369, 4.526196654064222e-05, 0.04352535291325946], [0.2912177564710847, 0.21471521775477453, 0.2843876523613487, 0.20967937341279205], [0.05411743647892784, 0.012366996794635373, 0.7598691437518316, 0.17364642297460509], [0.24574722314026692, 0.40588389148083787, 0.1313790644575226, 0.21698982092137256], [0.48491033256319255, 0.010720163654437637, 0.4934603211067333, 0.010909182675636531], [0.9431530399178972, 0.053312081654672716, 0.0033457581829954104, 0.00018912024443473992], [1.9206483817000147e-05, 0.9421787196549516, 1.1782817234107096e-06, 0.05780089557950781], [0.5284253964362479, 0.2363401826942237, 0.16253848956534314, 0.07269593130418532], [0.23220907883599679, 0.7579696367460627, 0.0023032119068886006, 0.007518072511051762], [0.26847050014902285, 0.6351471518400822, 0.02863580311768206, 0.06774654489321294]], "state_values": [1.6893715477580924, 3.3729125297903586, 2.586847210524998, 4.933870560269414, 1.1941415169931024, 1.9172532747760471, -0.4180042610908035, -0.5293930064470335, 2.067602590983957, 0.7341544060008189, 4.98384930921997, 1.200525935749233, 2.873685152044339, 3.183323711909879, 4.219517986214514, 3.6450378841379973], "value_grad": [0.0, -1.0901880264282227, -0.15404415130615234, -0.011088132858276367, 0.24274802207946777, 0.16275644302368164, -0.543708086013794, 0.2403719425201416, -0.09266400337219238, -0.49301981925964355, 0.4482717514038086, -0.2071077823638916, -0.5124242305755615, 0.4047119617462158, -0.18493223190307617, -0.44035232067108154], "action_grad": [[0.0, 0.0, 0.0], [0.0, 0.0, 0.0], [0.0, 0.0, 0.0], [0.0, 0.0, 0.0], [0.0, 0.0, 0.0], [0.0, 0.0, 0.0], [0.0, 0.0, 0.0], [0.0, 0.0, 0.0], [0.0, 0.0, 0.0], [0.0, 0.0, 0.0], [0.0, 0.0, 0.0], [0.0, 0.0, 0.0], [0.0, 0.0, 0.0], [0.0, 0.0, 0.0], [0.0, 0.0, 0.0], [0.0, 0.0, 0.0]], "action_params_change": 0, "value_params_change": 0.2707352397165089}
{"iterations": 1, "type_itr": 0, "sub_iteration": 13, "sub_it_time": 0.2806849479675293, "total_time": 3.9756104946136475, "value_loss": 2.408076047897339, "action_loss": -1.794614315032959, "action_probs": [[0.3033127412014946, 0.004752925739790138, 0.6812589710993896, 0.010675361959325693], [0.02985744583753919, 0.05494861125720369, 0.3222099283617272, 0.5929840145435299], [0.29680294936699925, 0.5290682446756892, 0.06257869695744897, 0.11155010899986245], [0.24194258828504017, 0.06112269763366206, 0.5563757923622956, 0.1405589217190022], [0.9379141629892774, 0.02138267900425323, 0.03979588663434322, 0.0009072713721261301], [0.27446528279305143, 0.02635967506597592, 0.6379100890724421, 0.06126495306853081], [0.0009935566653631793, 0.9554358284548369, 4.526196654064222e-05, 0.04352535291325946], [0.2912177564710847, 0.21471521775477453, 0.2843876523613487, 0.20967937341279205], [0.05411743647892784, 0.012366996794635373, 0.7598691437518316, 0.17364642297460509], [0.24574722314026692, 0.40588389148083787, 0.1313790644575226, 0.21698982092137256], [0.48491033256319255, 0.010720163654437637, 0.4934603211067333, 0.010909182675636531], [0.9431530399178972, 0.053312081654672716, 0.0033457581829954104, 0.00018912024443473992], [1.9206483817000147e-05, 0.9421787196549516, 1.1782817234107096e-06, 0.05780089557950781], [0.5284253964362479, 0.2363401826942237, 0.16253848956534314, 0.07269593130418532], [0.23220907883599679, 0.7579696367460627, 0.0023032119068886006, 0.007518072511051762], [0.26847050014902285, 0.6351471518400822, 0.02863580311768206, 0.06774654489321294]], "state_values": [1.4253707118299077, 3.2756839575594254, 2.9915258451475113, 4.777714099730395, 0.8650096736427181, 2.2248208418337456, -0.027301227129489788, -0.5987054535553064, 2.2755014328169945, 0.5202918172779835, 4.979303445417454, 1.6748973253262966, 2.975550623979224, 3.0118050450500315, 4.422290505483118, 3.057778391831209], "value_grad": [0.7171558141708374, -0.17305207252502441, 0.20156407356262207, 0.20948386192321777, -0.4573800563812256, -0.11682009696960449, -0.6965639591217041, 0.13067984580993652, 0.24195575714111328, -0.11879992485046387, 0.01979994773864746, -0.5448956489562988, -0.6617162227630615, 0.22096800804138184, -0.13384795188903809, -0.6834959983825684], "action_grad": [[0.0, 0.0, 0.0], [0.0, 0.0, 0.0], [0.0, 0.0, 0.0], [0.0, 0.0, 0.0], [0.0, 0.0, 0.0], [0.0, 0.0, 0.0], [0.0, 0.0, 0.0], [0.0, 0.0, 0.0], [0.0, 0.0, 0.0], [0.0, 0.0, 0.0], [0.0, 0.0, 0.0], [0.0, 0.0, 0.0], [0.0, 0.0, 0.0], [0.0, 0.0, 0.0], [0.0, 0.0, 0.0], [0.0, 0.0, 0.0]], "action_params_change": 0, "value_params_change": 0.31769133282219464}
