{"iterations": 0, "type_itr": 0, "sub_iteration": 0, "sub_it_time": 0, "total_time": 0, "value_loss": 0, "action_loss": 0, "action_probs": [[0.34546322824181863, 0.05178221497077066, 0.5241835710971511, 0.0785709856902599], [0.010969547620082787, 0.3781724705117558, 0.017219512180615428, 0.593638469687546], [0.25564470557935604, 0.7078136842618954, 0.009695975735878045, 0.026845634422870603], [0.13294895028345224, 0.023425874904741517, 0.7172451274618051, 0.12638004735000105], [0.3922410575771669, 0.2821582711517493, 0.18937437539849883, 0.13622629587258506], [0.9891477183916357, 0.0011589913250895794, 0.009681945879324185, 1.1344403950473103e-05], [0.06414033653399522, 0.013559249210397197, 0.7613510212320174, 0.1609493930235901], [0.18057198051867523, 0.2744349104021842, 0.21628350479766167, 0.32870960428147894], [0.13436215815205824, 0.01793073745698316, 0.7478993394360233, 0.09980776495493525], [0.04275755567148634, 0.13216974266698053, 0.201672879587136, 0.6233998220743971], [0.026636729843064033, 0.9484186815516499, 0.0006814405211853187, 0.024263148084100777], [0.8581769597311424, 0.03700726253982152, 0.10048265287246326, 0.004333124856572696], [0.27717294723262914, 0.012225323576363075, 0.680583111425952, 0.03001861776505563], [0.4498865777407637, 0.5327995643109945, 0.007926510781520625, 0.009387347166721054], [0.011537103828837965, 0.6701872457537839, 0.0053863107974716695, 0.3128893396199065], [0.15305393200560177, 0.007548741460878587, 0.7999434789468747, 0.03945384758664494]], "state_values": [-4.258480071721202, 3.713817589598332, -4.713208782029404, 4.975569341465758, 4.995164283272376, -0.9411345088357358, -1.2638172003630004, 4.939409167932786, 3.258815189057819, 0.41414067656992354, 2.676109503198697, 4.97143371343973, 4.778536859206121, 4.9590192319048425, 0.35663791629450614, -3.4961322783415985], "value_grad": [0.0, 0.0, 0.0, 0.0, 0.0, 0.0, 0.0, 0.0, 0.0, 0.0, 0.0, 0.0, 0.0, 0.0, 0.0, 0.0], "action_grad": [[0.0, 0.0, 0.0], [0.0, 0.0, 0.0], [0.0, 0.0, 0.0], [0.0, 0.0, 0.0], [0.0, 0.0, 0.0], [0.0, 0.0, 0.0], [0.0, 0.0, 0.0], [0.0, 0.0, 0.0], [0.0, 0.0, 0.0], [0.0, 0.0, 0.0], [0.0, 0.0, 0.0], [0.0, 0.0, 0.0], [0.0, 0.0, 0.0], [0.0, 0.0, 0.0], [0.0, 0.0, 0.0], [0.0, 0.0, 0.0]], "action_params_change": 0, "value_params_change": 0}
{"iterations": 1, "type_itr": 0, "sub_iteration": 0, "sub_it_time": 0.10256075859069824, "total_time": 0.10380268096923828, "value_loss": -7.920000076293945, "action_loss": -2.173292398452759, "action_probs": [[0.34546322824181863, 0.05178221497077066, 0.5241835710971511, 0.0785709856902599], [0.010969547620082787, 0.3781724705117558, 0.017219512180615428, 0.593638469687546], [0.25564470557935604, 0.7078136842618954, 0.009695975735878045, 0.026845634422870603], [0.13294895028345224, 0.023425874904741517, 0.7172451274618051, 0.12638004735000105], [0.3922410575771669, 0.2821582711517493, 0.18937437539849883, 0.13622629587258506], [0.9891477183916357, 0.0011589913250895794, 0.009681945879324185, 1.1344403950473103e-05], [0.06414033653399522, 0.013559249210397197, 0.7613510212320174, 0.1609493930235901], [0.18057198051867523, 0.2744349104021842, 0.21628350479766167, 0.32870960428147894], [0.13436215815205824, 0.01793073745698316, 0.7478993394360233, 0.09980776495493525], [0.04275755567148634, 0.13216974266698053, 0.201672879587136, 0.6233998220743971], [0.026636729843064033, 0.9484186815516499, 0.0006814405211853187, 0.024263148084100777], [0.8581769597311424, 0.03700726253982152, 0.10048265287246326, 0.004333124856572696], [0.27717294723262914, 0.012225323576363075, 0.680583111425952, 0.03001861776505563], [0.4498865777407637, 0.5327995643109945, 0.007926510781520625, 0.009387347166721054], [0.011537103828837965, 0.6701872457537839, 0.0053863107974716695, 0.3128893396199065], [0.15305393200560177, 0.007548741460878587, 0.7999434789468747, 0.03945384758664494]], "state_values": [-4.774337344595456, 2.7701126293268135, -4.15376176926408, 4.698755113034286, 4.894268348621904, -2.126785686924171, -0.027676759386541943, 4.977850106325425, 4.095690369986023, 1.6340352506493252, 1.5479908942156497, 4.9489259544722835, 4.994061615376369, 4.962909146528746, 1.5794199439616174, -4.271791750606638], "value_grad": [3.9600000381469727, -23.760000228881836, -15.84000015258789, 19.800003051757812, 7.920000076293945, -19.799999237060547, -23.760000228881836, -31.680002212524414, -19.800003051757812, 7.920000076293945, 7.920000076293945, 27.720001220703125, 71.27999877929688, 23.760000228881836, 11.880000114440918, 35.63999938964844], "action_grad": [[0.0, 0.0, 0.0], [0.0, 0.0, 0.0], [0.0, 0.0, 0.0], [0.0, 0.0, 0.0], [0.0, 0.0, 0.0], [0.0, 0.0, 0.0], [0.0, 0.0, 0.0], [0.0, 0.0, 0.0], [0.0, 0.0, 0.0], [0.0, 0.0, 0.0], [0.0, 0.0, 0.0], [0.0, 0.0, 0.0], [0.0, 0.0, 0.0], [0.0, 0.0, 0.0], [0.0, 0.0, 0.0], [0.0, 0.0, 0.0]], "action_params_change": 0, "value_params_change": 0.49999999992985406}
{"iterations": 1, "type_itr": 0, "sub_iteration": 1, "sub_it_time": 0.10444164276123047, "total_time": 0.21586132049560547, "value_loss": 47.52000045776367, "action_loss": 0.0, "action_probs": [[0.34546322824181863, 0.05178221497077066, 0.5241835710971511, 0.0785709856902599], [0.010969547620082787, 0.3781724705117558, 0.017219512180615428, 0.593638469687546], [0.25564470557935604, 0.7078136842618954, 0.009695975735878045, 0.026845634422870603], [0.13294895028345224, 0.023425874904741517, 0.7172451274618051, 0.12638004735000105], [0.3922410575771669, 0.2821582711517493, 0.18937437539849883, 0.13622629587258506], [0.9891477183916357, 0.0011589913250895794, 0.009681945879324185, 1.1344403950473103e-05], [0.06414033653399522, 0.013559249210397197, 0.7613510212320174, 0.1609493930235901], [0.18057198051867523, 0.2744349104021842, 0.21628350479766167, 0.32870960428147894], [0.13436215815205824, 0.01793073745698316, 0.7478993394360233, 0.09980776495493525], [0.04275755567148634, 0.13216974266698053, 0.201672879587136, 0.6233998220743971], [0.026636729843064033, 0.9484186815516499, 0.0006814405211853187, 0.024263148084100777], [0.8581769597311424, 0.03700726253982152, 0.10048265287246326, 0.004333124856572696], [0.27717294723262914, 0.012225323576363075, 0.680583111425952, 0.03001861776505563], [0.4498865777407637, 0.5327995643109945, 0.007926510781520625, 0.009387347166721054], [0.011537103828837965, 0.6701872457537839, 0.0053863107974716695, 0.3128893396199065], [0.15305393200560177, 0.007548741460878587, 0.7999434789468747, 0.03945384758664494]], "state_values": [-4.554924558431404, 1.9072136548972023, -3.631567361044105, 4.6115708381053695, 4.967265853193201, -2.6859960999415406, 1.1741936342809167, 4.713133401588509, 4.678185925276441, 2.595984180899001, 0.4488390742341185, 4.687800396706667, 4.91184844295937, 4.9799484350104875, 2.348287399897935, -4.680472821461133], "value_grad": [-11.880001068115234, -3.9600000381469727, 0.0, -11.879999160766602, -15.84000015258789, 3.9600000381469727, -15.84000015258789, -51.480003356933594, -23.76000213623047, 43.560001373291016, 27.720001220703125, 7.920000076293945, 39.60000228881836, -27.720003128051758, 0.0, 3.9600000381469727], "action_grad": [[0.0, 0.0, 0.0], [0.0, 0.0, 0.0], [0.0, 0.0, 0.0], [0.0, 0.0, 0.0], [0.0, 0.0, 0.0], [0.0, 0.0, 0.0], [0.0, 0.0, 0.0], [0.0, 0.0, 0.0], [0.0, 0.0, 0.0], [0.0, 0.0, 0.0], [0.0, 0.0, 0.0], [0.0, 0.0, 0.0], [0.0, 0.0, 0.0], [0.0, 0.0, 0.0], [0.0, 0.0, 0.0], [0.0, 0.0, 0.0]], "action_params_change": 0, "value_params_change": 0.5003065576695686}
{"iterations": 1, "type_itr": 0, "sub_iteration": 2, "sub_it_time": 0.10219955444335938, "total_time": 0.3254086971282959, "value_loss": 27.720001220703125, "action_loss": -1.6299693584442139, "action_probs": [[0.34546322824181863, 0.05178221497077066, 0.5241835710971511, 0.0785709856902599], [0.010969547620082787, 0.3781724705117558, 0.017219512180615428, 0.593638469687546], [0.25564470557935604, 0.7078136842618954, 0.009695975735878045, 0.026845634422870603], [0.13294895028345224, 0.023425874904741517, 0.7172451274618051, 0.12638004735000105], [0.3922410575771669, 0.2821582711517493, 0.18937437539849883, 0.13622629587258506], [0.9891477183916357, 0.0011589913250895794, 0.009681945879324185, 1.1344403950473103e-05], [0.06414033653399522, 0.013559249210397197, 0.7613510212320174, 0.1609493930235901], [0.18057198051867523, 0.2744349104021842, 0.21628350479766167, 0.32870960428147894], [0.13436215815205824, 0.01793073745698316, 0.7478993394360233, 0.09980776495493525], [0.04275755567148634, 0.13216974266698053, 0.201672879587136, 0.6233998220743971], [0.026636729843064033, 0.9484186815516499, 0.0006814405211853187, 0.024263148084100777], [0.8581769597311424, 0.03700726253982152, 0.10048265287246326, 0.004333124856572696], [0.27717294723262914, 0.012225323576363075, 0.680583111425952, 0.03001861776505563], [0.4498865777407637, 0.5327995643109945, 0.007926510781520625, 0.009387347166721054], [0.011537103828837965, 0.6701872457537839, 0.0053863107974716695, 0.3128893396199065], [0.15305393200560177, 0.007548741460878587, 0.7999434789468747, 0.03945384758664494]], "state_values": [-4.7328933888064535, 0.880899933546767, -3.319784394165879, 4.643477512402552, 4.857335694086095, -2.825988477074276, 2.0596627695274137, 4.158271197973588, 4.713745070314979, 3.3570587519750643, -0.7166581964534567, 4.2154856277819235, 4.620296383091679, 4.930995289516362, 3.0745935825358495, -4.885038371567147], "value_grad": [23.76000213623047, -15.84000015258789, 3.9599990844726562, -7.920000076293945, 47.52000427246094, 7.920000076293945, 0.0, -47.52000427246094, 31.680004119873047, 7.920000076293945, 19.799999237060547, 11.880000114440918, 11.880000114440918, 27.720001220703125, 3.9600000381469727, 0.0], "action_grad": [[0.0, 0.0, 0.0], [0.0, 0.0, 0.0], [0.0, 0.0, 0.0], [0.0, 0.0, 0.0], [0.0, 0.0, 0.0], [0.0, 0.0, 0.0], [0.0, 0.0, 0.0], [0.0, 0.0, 0.0], [0.0, 0.0, 0.0], [0.0, 0.0, 0.0], [0.0, 0.0, 0.0], [0.0, 0.0, 0.0], [0.0, 0.0, 0.0], [0.0, 0.0, 0.0], [0.0, 0.0, 0.0], [0.0, 0.0, 0.0]], "action_params_change": 0, "value_params_change": 0.49666529772284784}
{"iterations": 1, "type_itr": 0, "sub_iteration": 3, "sub_it_time": 0.10385394096374512, "total_time": 0.4364297389984131, "value_loss": -19.80000114440918, "action_loss": -2.7166154384613037, "action_probs": [[0.34546322824181863, 0.05178221497077066, 0.5241835710971511, 0.0785709856902599], [0.010969547620082787, 0.3781724705117558, 0.017219512180615428, 0.593638469687546], [0.25564470557935604, 0.7078136842618954, 0.009695975735878045, 0.026845634422870603], [0.13294895028345224, 0.023425874904741517, 0.7172451274618051, 0.12638004735000105], [0.3922410575771669, 0.2821582711517493, 0.18937437539849883, 0.13622629587258506], [0.9891477183916357, 0.0011589913250895794, 0.009681945879324185, 1.1344403950473103e-05], [0.06414033653399522, 0.013559249210397197, 0.7613510212320174, 0.1609493930235901], [0.18057198051867523, 0.2744349104021842, 0.21628350479766167, 0.32870960428147894], [0.13436215815205824, 0.01793073745698316, 0.7478993394360233, 0.09980776495493525], [0.04275755567148634, 0.13216974266698053, 0.201672879587136, 0.6233998220743971], [0.026636729843064033, 0.9484186815516499, 0.0006814405211853187, 0.024263148084100777], [0.8581769597311424, 0.03700726253982152, 0.10048265287246326, 0.004333124856572696], [0.27717294723262914, 0.012225323576363075, 0.680583111425952, 0.03001861776505563], [0.4498865777407637, 0.5327995643109945, 0.007926510781520625, 0.009387347166721054], [0.011537103828837965, 0.6701872457537839, 0.0053863107974716695, 0.3128893396199065], [0.15305393200560177, 0.007548741460878587, 0.7999434789468747, 0.03945384758664494]], "state_values": [-4.888918669452684, 0.8289968328678441, -3.606368854254587, 4.836593888304475, 4.6575128939744, -3.2005431854687623, 2.1000489288484907, 3.3581642647637873, 4.698722343487532, 3.803297394850144, -1.8723808459453197, 4.123241003115274, 4.296233249978315, 4.751405875108324, 3.806488315069236, -4.998087614402456], "value_grad": [7.920000076293945, 31.68000030517578, 23.76000213623047, -31.68000030517578, 11.879999160766602, -11.880000114440918, 27.720001220703125, -35.63999938964844, 7.920000076293945, -7.920000076293945, 23.76000213623047, -27.720001220703125, -11.880001068115234, 51.480003356933594, 11.880001068115234, 39.599998474121094], "action_grad": [[0.0, 0.0, 0.0], [0.0, 0.0, 0.0], [0.0, 0.0, 0.0], [0.0, 0.0, 0.0], [0.0, 0.0, 0.0], [0.0, 0.0, 0.0], [0.0, 0.0, 0.0], [0.0, 0.0, 0.0], [0.0, 0.0, 0.0], [0.0, 0.0, 0.0], [0.0, 0.0, 0.0], [0.0, 0.0, 0.0], [0.0, 0.0, 0.0], [0.0, 0.0, 0.0], [0.0, 0.0, 0.0], [0.0, 0.0, 0.0]], "action_params_change": 0, "value_params_change": 0.49133918094149776}
{"iterations": 1, "type_itr": 0, "sub_iteration": 4, "sub_it_time": 0.10071420669555664, "total_time": 0.5450732707977295, "value_loss": 63.36000061035156, "action_loss": -0.5433230996131897, "action_probs": [[0.34546322824181863, 0.05178221497077066, 0.5241835710971511, 0.0785709856902599], [0.010969547620082787, 0.3781724705117558, 0.017219512180615428, 0.593638469687546], [0.25564470557935604, 0.7078136842618954, 0.009695975735878045, 0.026845634422870603], [0.13294895028345224, 0.023425874904741517, 0.7172451274618051, 0.12638004735000105], [0.3922410575771669, 0.2821582711517493, 0.18937437539849883, 0.13622629587258506], [0.9891477183916357, 0.0011589913250895794, 0.009681945879324185, 1.1344403950473103e-05], [0.06414033653399522, 0.013559249210397197, 0.7613510212320174, 0.1609493930235901], [0.18057198051867523, 0.2744349104021842, 0.21628350479766167, 0.32870960428147894], [0.13436215815205824, 0.01793073745698316, 0.7478993394360233, 0.09980776495493525], [0.04275755567148634, 0.13216974266698053, 0.201672879587136, 0.6233998220743971], [0.026636729843064033, 0.9484186815516499, 0.0006814405211853187, 0.024263148084100777], [0.8581769597311424, 0.03700726253982152, 0.10048265287246326, 0.004333124856572696], [0.27717294723262914, 0.012225323576363075, 0.680583111425952, 0.03001861776505563], [0.4498865777407637, 0.5327995643109945, 0.007926510781520625, 0.009387347166721054], [0.011537103828837965, 0.6701872457537839, 0.0053863107974716695, 0.3128893396199065], [0.15305393200560177, 0.007548741460878587, 0.7999434789468747, 0.03945384758664494]], "state_values": [-4.995286224922378, 1.2948302967634262, -3.5298271404297723, 4.976544629889744, 4.523858611617611, -3.248103522096586, 1.7348221152965035, 2.4287535288497786, 4.7606710959016825, 4.132046269093131, -2.3026748249125917, 3.8456509307015554, 3.7888056694845784, 4.432084718293597, 4.304199989828198, -4.929503620878698], "value_grad": [47.52000045776367, 47.52000427246094, -19.799999237060547, -23.76000213623047, -15.84000015258789, 11.880000114440918, 31.68000030517578, -15.84000015258789, -15.840002059936523, 0.0, -27.720003128051758, 23.760000228881836, 47.52000045776367, 23.76000213623047, 0.0, 19.799999237060547], "action_grad": [[0.0, 0.0, 0.0], [0.0, 0.0, 0.0], [0.0, 0.0, 0.0], [0.0, 0.0, 0.0], [0.0, 0.0, 0.0], [0.0, 0.0, 0.0], [0.0, 0.0, 0.0], [0.0, 0.0, 0.0], [0.0, 0.0, 0.0], [0.0, 0.0, 0.0], [0.0, 0.0, 0.0], [0.0, 0.0, 0.0], [0.0, 0.0, 0.0], [0.0, 0.0, 0.0], [0.0, 0.0, 0.0], [0.0, 0.0, 0.0]], "action_params_change": 0, "value_params_change": 0.4583774369820066}
{"iterations": 1, "type_itr": 0, "sub_iteration": 5, "sub_it_time": 0.10342931747436523, "total_time": 0.6558132171630859, "value_loss": 19.80000114440918, "action_loss": -2.354400157928467, "action_probs": [[0.34546322824181863, 0.05178221497077066, 0.5241835710971511, 0.0785709856902599], [0.010969547620082787, 0.3781724705117558, 0.017219512180615428, 0.593638469687546], [0.25564470557935604, 0.7078136842618954, 0.009695975735878045, 0.026845634422870603], [0.13294895028345224, 0.023425874904741517, 0.7172451274618051, 0.12638004735000105], [0.3922410575771669, 0.2821582711517493, 0.18937437539849883, 0.13622629587258506], [0.9891477183916357, 0.0011589913250895794, 0.009681945879324185, 1.1344403950473103e-05], [0.06414033653399522, 0.013559249210397197, 0.7613510212320174, 0.1609493930235901], [0.18057198051867523, 0.2744349104021842, 0.21628350479766167, 0.32870960428147894], [0.13436215815205824, 0.01793073745698316, 0.7478993394360233, 0.09980776495493525], [0.04275755567148634, 0.13216974266698053, 0.201672879587136, 0.6233998220743971], [0.026636729843064033, 0.9484186815516499, 0.0006814405211853187, 0.024263148084100777], [0.8581769597311424, 0.03700726253982152, 0.10048265287246326, 0.004333124856572696], [0.27717294723262914, 0.012225323576363075, 0.680583111425952, 0.03001861776505563], [0.4498865777407637, 0.5327995643109945, 0.007926510781520625, 0.009387347166721054], [0.011537103828837965, 0.6701872457537839, 0.0053863107974716695, 0.3128893396199065], [0.15305393200560177, 0.007548741460878587, 0.7999434789468747, 0.03945384758664494]], "state_values": [-4.983557192144256, 1.7242266470552332, -3.462504118480393, 4.979040900552691, 4.571201343201647, -3.2173491254350597, 1.0324835558361873, 1.3359487022829764, 4.663846562797236, 4.047068427396517, -2.773478079245872, 3.695807903160106, 3.3466643727551584, 4.081532007665152, 4.678606159307741, -4.679519399061667], "value_grad": [-7.920001029968262, 3.960000991821289, 0.0, -35.63999938964844, -35.6400032043457, 3.960000991821289, 75.24000549316406, -55.44000244140625, 39.599998474121094, -47.52000427246094, 11.879999160766602, -11.880000114440918, -15.840001106262207, -3.9600000381469727, 3.960002899169922, 11.880001068115234], "action_grad": [[0.0, 0.0, 0.0], [0.0, 0.0, 0.0], [0.0, 0.0, 0.0], [0.0, 0.0, 0.0], [0.0, 0.0, 0.0], [0.0, 0.0, 0.0], [0.0, 0.0, 0.0], [0.0, 0.0, 0.0], [0.0, 0.0, 0.0], [0.0, 0.0, 0.0], [0.0, 0.0, 0.0], [0.0, 0.0, 0.0], [0.0, 0.0, 0.0], [0.0, 0.0, 0.0], [0.0, 0.0, 0.0], [0.0, 0.0, 0.0]], "action_params_change": 0, "value_params_change": 0.47349247028815}
{"iterations": 1, "type_itr": 0, "sub_iteration": 6, "sub_it_time": 0.10169839859008789, "total_time": 0.7641417980194092, "value_loss": 3.9600000381469727, "action_loss": -2.8977231979370117, "action_probs": [[0.34546322824181863, 0.05178221497077066, 0.5241835710971511, 0.0785709856902599], [0.010969547620082787, 0.3781724705117558, 0.017219512180615428, 0.593638469687546], [0.25564470557935604, 0.7078136842618954, 0.009695975735878045, 0.026845634422870603], [0.13294895028345224, 0.023425874904741517, 0.7172451274618051, 0.12638004735000105], [0.3922410575771669, 0.2821582711517493, 0.18937437539849883, 0.13622629587258506], [0.9891477183916357, 0.0011589913250895794, 0.009681945879324185, 1.1344403950473103e-05], [0.06414033653399522, 0.013559249210397197, 0.7613510212320174, 0.1609493930235901], [0.18057198051867523, 0.2744349104021842, 0.21628350479766167, 0.32870960428147894], [0.13436215815205824, 0.01793073745698316, 0.7478993394360233, 0.09980776495493525], [0.04275755567148634, 0.13216974266698053, 0.201672879587136, 0.6233998220743971], [0.026636729843064033, 0.9484186815516499, 0.0006814405211853187, 0.024263148084100777], [0.8581769597311424, 0.03700726253982152, 0.10048265287246326, 0.004333124856572696], [0.27717294723262914, 0.012225323576363075, 0.680583111425952, 0.03001861776505563], [0.4498865777407637, 0.5327995643109945, 0.007926510781520625, 0.009387347166721054], [0.011537103828837965, 0.6701872457537839, 0.0053863107974716695, 0.3128893396199065], [0.15305393200560177, 0.007548741460878587, 0.7999434789468747, 0.03945384758664494]], "state_values": [-4.950265393743062, 1.5469791694176203, -3.2538571845844055, 4.816586112320111, 4.564702580513791, -2.819201238717117, 0.4005421552299009, 0.2524143624265856, 4.435527857442781, 4.081323005816557, -3.157692809955559, 3.853485415333328, 2.724692522725872, 3.7147818831923214, 4.900721558399235, -4.487629970047228], "value_grad": [-19.799999237060547, -67.31999969482422, -11.880001068115234, -7.920000076293945, 11.880000114440918, 31.68000030517578, 0.0, -11.880001068115234, 39.60000228881836, 19.80000114440918, 0.0, -39.599998474121094, 51.480003356933594, 0.0, 67.32000732421875, -27.720003128051758], "action_grad": [[0.0, 0.0, 0.0], [0.0, 0.0, 0.0], [0.0, 0.0, 0.0], [0.0, 0.0, 0.0], [0.0, 0.0, 0.0], [0.0, 0.0, 0.0], [0.0, 0.0, 0.0], [0.0, 0.0, 0.0], [0.0, 0.0, 0.0], [0.0, 0.0, 0.0], [0.0, 0.0, 0.0], [0.0, 0.0, 0.0], [0.0, 0.0, 0.0], [0.0, 0.0, 0.0], [0.0, 0.0, 0.0], [0.0, 0.0, 0.0]], "action_params_change": 0, "value_params_change": 0.4399424465775432}
{"iterations": 1, "type_itr": 0, "sub_iteration": 7, "sub_it_time": 0.10328507423400879, "total_time": 0.8748331069946289, "value_loss": 47.52000045776367, "action_loss": -1.8110771179199219, "action_probs": [[0.34546322824181863, 0.05178221497077066, 0.5241835710971511, 0.0785709856902599], [0.010969547620082787, 0.3781724705117558, 0.017219512180615428, 0.593638469687546], [0.25564470557935604, 0.7078136842618954, 0.009695975735878045, 0.026845634422870603], [0.13294895028345224, 0.023425874904741517, 0.7172451274618051, 0.12638004735000105], [0.3922410575771669, 0.2821582711517493, 0.18937437539849883, 0.13622629587258506], [0.9891477183916357, 0.0011589913250895794, 0.009681945879324185, 1.1344403950473103e-05], [0.06414033653399522, 0.013559249210397197, 0.7613510212320174, 0.1609493930235901], [0.18057198051867523, 0.2744349104021842, 0.21628350479766167, 0.32870960428147894], [0.13436215815205824, 0.01793073745698316, 0.7478993394360233, 0.09980776495493525], [0.04275755567148634, 0.13216974266698053, 0.201672879587136, 0.6233998220743971], [0.026636729843064033, 0.9484186815516499, 0.0006814405211853187, 0.024263148084100777], [0.8581769597311424, 0.03700726253982152, 0.10048265287246326, 0.004333124856572696], [0.27717294723262914, 0.012225323576363075, 0.680583111425952, 0.03001861776505563], [0.4498865777407637, 0.5327995643109945, 0.007926510781520625, 0.009387347166721054], [0.011537103828837965, 0.6701872457537839, 0.0053863107974716695, 0.3128893396199065], [0.15305393200560177, 0.007548741460878587, 0.7999434789468747, 0.03945384758664494]], "state_values": [-4.906115578076263, 1.2456888498235397, -2.7410570190182466, 4.561737836340314, 4.602992861636335, -2.350716229672142, -0.04732378241281467, -0.6647116548658489, 4.108269291252181, 4.029428456725405, -3.5055674079116645, 4.146132426971444, 2.14089419088483, 3.2791678407367235, 4.986791002384086, -4.303555733224509], "value_grad": [0.0, -23.760000228881836, -47.52000427246094, 3.960000991821289, -11.880000114440918, 7.920000076293945, -15.840002059936523, 7.920000076293945, 19.80000114440918, -15.84000015258789, 3.9599990844726562, -35.6400032043457, -3.9600000381469727, 11.880001068115234, -7.920000076293945, -3.9600000381469727], "action_grad": [[0.0, 0.0, 0.0], [0.0, 0.0, 0.0], [0.0, 0.0, 0.0], [0.0, 0.0, 0.0], [0.0, 0.0, 0.0], [0.0, 0.0, 0.0], [0.0, 0.0, 0.0], [0.0, 0.0, 0.0], [0.0, 0.0, 0.0], [0.0, 0.0, 0.0], [0.0, 0.0, 0.0], [0.0, 0.0, 0.0], [0.0, 0.0, 0.0], [0.0, 0.0, 0.0], [0.0, 0.0, 0.0], [0.0, 0.0, 0.0]], "action_params_change": 0, "value_params_change": 0.3676828295600738}
{"iterations": 1, "type_itr": 0, "sub_iteration": 8, "sub_it_time": 0.10365438461303711, "total_time": 0.985551118850708, "value_loss": 11.880000114440918, "action_loss": -0.36221539974212646, "action_probs": [[0.34546322824181863, 0.05178221497077066, 0.5241835710971511, 0.0785709856902599], [0.010969547620082787, 0.3781724705117558, 0.017219512180615428, 0.593638469687546], [0.25564470557935604, 0.7078136842618954, 0.009695975735878045, 0.026845634422870603], [0.13294895028345224, 0.023425874904741517, 0.7172451274618051, 0.12638004735000105], [0.3922410575771669, 0.2821582711517493, 0.18937437539849883, 0.13622629587258506], [0.9891477183916357, 0.0011589913250895794, 0.009681945879324185, 1.1344403950473103e-05], [0.06414033653399522, 0.013559249210397197, 0.7613510212320174, 0.1609493930235901], [0.18057198051867523, 0.2744349104021842, 0.21628350479766167, 0.32870960428147894], [0.13436215815205824, 0.01793073745698316, 0.7478993394360233, 0.09980776495493525], [0.04275755567148634, 0.13216974266698053, 0.201672879587136, 0.6233998220743971], [0.026636729843064033, 0.9484186815516499, 0.0006814405211853187, 0.024263148084100777], [0.8581769597311424, 0.03700726253982152, 0.10048265287246326, 0.004333124856572696], [0.27717294723262914, 0.012225323576363075, 0.680583111425952, 0.03001861776505563], [0.4498865777407637, 0.5327995643109945, 0.007926510781520625, 0.009387347166721054], [0.011537103828837965, 0.6701872457537839, 0.0053863107974716695, 0.3128893396199065], [0.15305393200560177, 0.007548741460878587, 0.7999434789468747, 0.03945384758664494]], "state_values": [-4.865128876621042, 1.0752854413522461, -2.4807306440476355, 4.558452445963619, 4.516258339418363, -1.964869693993131, -0.6791424794331545, -1.4380731302410257, 3.7040925598561065, 4.116624316152006, -3.476491788265759, 4.4415069363257444, 1.748319785813043, 3.107926281652658, 4.999197798635809, -4.039889991061076], "value_grad": [-3.960000991821289, 15.84000015258789, 23.76000213623047, 63.36000442504883, 35.63999938964844, -3.9600000381469727, 47.52000427246094, 3.960000991821289, 11.880001068115234, 27.720003128051758, -39.599998474121094, -19.80000114440918, -27.720001220703125, -35.63999938964844, -11.880002975463867, 15.840002059936523], "action_grad": [[0.0, 0.0, 0.0], [0.0, 0.0, 0.0], [0.0, 0.0, 0.0], [0.0, 0.0, 0.0], [0.0, 0.0, 0.0], [0.0, 0.0, 0.0], [0.0, 0.0, 0.0], [0.0, 0.0, 0.0], [0.0, 0.0, 0.0], [0.0, 0.0, 0.0], [0.0, 0.0, 0.0], [0.0, 0.0, 0.0], [0.0, 0.0, 0.0], [0.0, 0.0, 0.0], [0.0, 0.0, 0.0], [0.0, 0.0, 0.0]], "action_params_change": 0, "value_params_change": 0.3167964329204853}
{"iterations": 1, "type_itr": 0, "sub_iteration": 9, "sub_it_time": 0.10172438621520996, "total_time": 1.0945441722869873, "value_loss": 43.560001373291016, "action_loss": -2.535507917404175, "action_probs": [[0.34546322824181863, 0.05178221497077066, 0.5241835710971511, 0.0785709856902599], [0.010969547620082787, 0.3781724705117558, 0.017219512180615428, 0.593638469687546], [0.25564470557935604, 0.7078136842618954, 0.009695975735878045, 0.026845634422870603], [0.13294895028345224, 0.023425874904741517, 0.7172451274618051, 0.12638004735000105], [0.3922410575771669, 0.2821582711517493, 0.18937437539849883, 0.13622629587258506], [0.9891477183916357, 0.0011589913250895794, 0.009681945879324185, 1.1344403950473103e-05], [0.06414033653399522, 0.013559249210397197, 0.7613510212320174, 0.1609493930235901], [0.18057198051867523, 0.2744349104021842, 0.21628350479766167, 0.32870960428147894], [0.13436215815205824, 0.01793073745698316, 0.7478993394360233, 0.09980776495493525], [0.04275755567148634, 0.13216974266698053, 0.201672879587136, 0.6233998220743971], [0.026636729843064033, 0.9484186815516499, 0.0006814405211853187, 0.024263148084100777], [0.8581769597311424, 0.03700726253982152, 0.10048265287246326, 0.004333124856572696], [0.27717294723262914, 0.012225323576363075, 0.680583111425952, 0.03001861776505563], [0.4498865777407637, 0.5327995643109945, 0.007926510781520625, 0.009387347166721054], [0.011537103828837965, 0.6701872457537839, 0.0053863107974716695, 0.3128893396199065], [0.15305393200560177, 0.007548741460878587, 0.7999434789468747, 0.03945384758664494]], "state_values": [-4.843390998916397, 0.7444104381216723, -2.2740664658872936, 4.521011787389044, 4.362180361975337, -2.012911466980001, -1.0374463604423327, -2.0072559272487847, 3.314294860605013, 4.308900300491119, -3.7288831010758874, 4.60354273408895, 1.6189093585785321, 2.799637240476829, 4.992122289652449, -3.797191613951821], "value_grad": [-7.920000076293945, -31.68000030517578, 3.9600000381469727, -11.880000114440918, 19.799999237060547, -31.68000030517578, -31.68000030517578, 15.84000015258789, -3.9600000381469727, 31.68000030517578, 55.44000244140625, 15.840001106262207, -43.560001373291016, 27.720001220703125, -23.76000213623047, -3.9600000381469727], "action_grad": [[0.0, 0.0, 0.0], [0.0, 0.0, 0.0], [0.0, 0.0, 0.0], [0.0, 0.0, 0.0], [0.0, 0.0, 0.0], [0.0, 0.0, 0.0], [0.0, 0.0, 0.0], [0.0, 0.0, 0.0], [0.0, 0.0, 0.0], [0.0, 0.0, 0.0], [0.0, 0.0, 0.0], [0.0, 0.0, 0.0], [0.0, 0.0, 0.0], [0.0, 0.0, 0.0], [0.0, 0.0, 0.0], [0.0, 0.0, 0.0]], "action_params_change": 0, "value_params_change": 0.24273095195527938}
{"iterations": 1, "type_itr": 0, "sub_iteration": 10, "sub_it_time": 0.10332608222961426, "total_time": 1.2058987617492676, "value_loss": 7.920000076293945, "action_loss": -0.36221539974212646, "action_probs": [[0.34546322824181863, 0.05178221497077066, 0.5241835710971511, 0.0785709856902599], [0.010969547620082787, 0.3781724705117558, 0.017219512180615428, 0.593638469687546], [0.25564470557935604, 0.7078136842618954, 0.009695975735878045, 0.026845634422870603], [0.13294895028345224, 0.023425874904741517, 0.7172451274618051, 0.12638004735000105], [0.3922410575771669, 0.2821582711517493, 0.18937437539849883, 0.13622629587258506], [0.9891477183916357, 0.0011589913250895794, 0.009681945879324185, 1.1344403950473103e-05], [0.06414033653399522, 0.013559249210397197, 0.7613510212320174, 0.1609493930235901], [0.18057198051867523, 0.2744349104021842, 0.21628350479766167, 0.32870960428147894], [0.13436215815205824, 0.01793073745698316, 0.7478993394360233, 0.09980776495493525], [0.04275755567148634, 0.13216974266698053, 0.201672879587136, 0.6233998220743971], [0.026636729843064033, 0.9484186815516499, 0.0006814405211853187, 0.024263148084100777], [0.8581769597311424, 0.03700726253982152, 0.10048265287246326, 0.004333124856572696], [0.27717294723262914, 0.012225323576363075, 0.680583111425952, 0.03001861776505563], [0.4498865777407637, 0.5327995643109945, 0.007926510781520625, 0.009387347166721054], [0.011537103828837965, 0.6701872457537839, 0.0053863107974716695, 0.3128893396199065], [0.15305393200560177, 0.007548741460878587, 0.7999434789468747, 0.03945384758664494]], "state_values": [-4.902506643235592, 0.31652480392416216, -2.341430280590635, 4.426769678981512, 4.130986319698673, -2.4038942777562817, -1.3325030776676414, -2.5119369798857276, 3.298689004355488, 4.487699179997374, -3.8663440480202125, 4.614207847477323, 1.3930760532598105, 2.5580476691698295, 4.94181373563863, -3.585429720641608], "value_grad": [-39.60000228881836, -23.76000213623047, 31.68000030517578, -19.80000114440918, 19.799999237060547, -47.52000427246094, -3.9600000381469727, -3.9600000381469727, -59.400001525878906, 7.920000076293945, -15.84000015258789, 39.599998474121094, 23.760000228881836, -7.920000076293945, 51.480003356933594, -3.9600000381469727], "action_grad": [[0.0, 0.0, 0.0], [0.0, 0.0, 0.0], [0.0, 0.0, 0.0], [0.0, 0.0, 0.0], [0.0, 0.0, 0.0], [0.0, 0.0, 0.0], [0.0, 0.0, 0.0], [0.0, 0.0, 0.0], [0.0, 0.0, 0.0], [0.0, 0.0, 0.0], [0.0, 0.0, 0.0], [0.0, 0.0, 0.0], [0.0, 0.0, 0.0], [0.0, 0.0, 0.0], [0.0, 0.0, 0.0], [0.0, 0.0, 0.0]], "action_params_change": 0, "value_params_change": 0.22651387297829917}
{"iterations": 1, "type_itr": 0, "sub_iteration": 11, "sub_it_time": 0.10204672813415527, "total_time": 1.3195552825927734, "value_loss": 3.9600000381469727, "action_loss": -0.5433230996131897, "action_probs": [[0.34546322824181863, 0.05178221497077066, 0.5241835710971511, 0.0785709856902599], [0.010969547620082787, 0.3781724705117558, 0.017219512180615428, 0.593638469687546], [0.25564470557935604, 0.7078136842618954, 0.009695975735878045, 0.026845634422870603], [0.13294895028345224, 0.023425874904741517, 0.7172451274618051, 0.12638004735000105], [0.3922410575771669, 0.2821582711517493, 0.18937437539849883, 0.13622629587258506], [0.9891477183916357, 0.0011589913250895794, 0.009681945879324185, 1.1344403950473103e-05], [0.06414033653399522, 0.013559249210397197, 0.7613510212320174, 0.1609493930235901], [0.18057198051867523, 0.2744349104021842, 0.21628350479766167, 0.32870960428147894], [0.13436215815205824, 0.01793073745698316, 0.7478993394360233, 0.09980776495493525], [0.04275755567148634, 0.13216974266698053, 0.201672879587136, 0.6233998220743971], [0.026636729843064033, 0.9484186815516499, 0.0006814405211853187, 0.024263148084100777], [0.8581769597311424, 0.03700726253982152, 0.10048265287246326, 0.004333124856572696], [0.27717294723262914, 0.012225323576363075, 0.680583111425952, 0.03001861776505563], [0.4498865777407637, 0.5327995643109945, 0.007926510781520625, 0.009387347166721054], [0.011537103828837965, 0.6701872457537839, 0.0053863107974716695, 0.3128893396199065], [0.15305393200560177, 0.007548741460878587, 0.7999434789468747, 0.03945384758664494]], "state_values": [-4.927602097570447, -0.3067137001942004, -2.181018210420717, 4.488001025973799, 4.079727445788752, -2.5034205117668895, -1.5080398508763495, -2.880432500364856, 3.0822921067328157, 4.696596880086165, -3.724554519187805, 4.6442772723511485, 1.2442296042467142, 2.631446731339853, 4.82781630296819, -3.148815851543567], "value_grad": [11.880000114440918, -55.44000244140625, -31.68000030517578, 51.480003356933594, -39.599998474121094, 31.68000030517578, -15.84000015258789, 11.880001068115234, 47.52000045776367, 31.680004119873047, -67.32000732421875, -7.920000076293945, -11.880000114440918, -51.480003356933594, 19.799999237060547, 51.480003356933594], "action_grad": [[0.0, 0.0, 0.0], [0.0, 0.0, 0.0], [0.0, 0.0, 0.0], [0.0, 0.0, 0.0], [0.0, 0.0, 0.0], [0.0, 0.0, 0.0], [0.0, 0.0, 0.0], [0.0, 0.0, 0.0], [0.0, 0.0, 0.0], [0.0, 0.0, 0.0], [0.0, 0.0, 0.0], [0.0, 0.0, 0.0], [0.0, 0.0, 0.0], [0.0, 0.0, 0.0], [0.0, 0.0, 0.0], [0.0, 0.0, 0.0]], "action_params_change": 0, "value_params_change": 0.24945719320310022}
{"iterations": 1, "type_itr": 0, "sub_iteration": 12, "sub_it_time": 0.10277295112609863, "total_time": 1.4242751598358154, "value_loss": 35.6400032043457, "action_loss": -0.9055385589599609, "action_probs": [[0.34546322824181863, 0.05178221497077066, 0.5241835710971511, 0.0785709856902599], [0.010969547620082787, 0.3781724705117558, 0.017219512180615428, 0.593638469687546], [0.25564470557935604, 0.7078136842618954, 0.009695975735878045, 0.026845634422870603], [0.13294895028345224, 0.023425874904741517, 0.7172451274618051, 0.12638004735000105], [0.3922410575771669, 0.2821582711517493, 0.18937437539849883, 0.13622629587258506], [0.9891477183916357, 0.0011589913250895794, 0.009681945879324185, 1.1344403950473103e-05], [0.06414033653399522, 0.013559249210397197, 0.7613510212320174, 0.1609493930235901], [0.18057198051867523, 0.2744349104021842, 0.21628350479766167, 0.32870960428147894], [0.13436215815205824, 0.01793073745698316, 0.7478993394360233, 0.09980776495493525], [0.04275755567148634, 0.13216974266698053, 0.201672879587136, 0.6233998220743971], [0.026636729843064033, 0.9484186815516499, 0.0006814405211853187, 0.024263148084100777], [0.8581769597311424, 0.03700726253982152, 0.10048265287246326, 0.004333124856572696], [0.27717294723262914, 0.012225323576363075, 0.680583111425952, 0.03001861776505563], [0.4498865777407637, 0.5327995643109945, 0.007926510781520625, 0.009387347166721054], [0.011537103828837965, 0.6701872457537839, 0.0053863107974716695, 0.3128893396199065], [0.15305393200560177, 0.007548741460878587, 0.7999434789468747, 0.03945384758664494]], "state_values": [-4.888828813508439, -1.045289701189726, -2.2235812560684813, 4.530633568980176, 4.078933224799255, -2.8796837777614193, -1.8156524524524442, -3.3246959041848068, 3.1629508663146315, 4.85217867139354, -3.6512792690489944, 4.757751383022728, 1.017830126408349, 2.7744448699606648, 4.632588930532603, -2.9938614169380107], "value_grad": [43.560001373291016, -47.52000427246094, 27.720001220703125, -3.960002899169922, -11.880000114440918, -59.40000534057617, 31.68000030517578, -35.63999938964844, -67.31999969482422, 7.920000076293945, 15.840001106262207, -43.560001373291016, 19.799999237060547, -15.84000015258789, 19.799999237060547, -43.560001373291016], "action_grad": [[0.0, 0.0, 0.0], [0.0, 0.0, 0.0], [0.0, 0.0, 0.0], [0.0, 0.0, 0.0], [0.0, 0.0, 0.0], [0.0, 0.0, 0.0], [0.0, 0.0, 0.0], [0.0, 0.0, 0.0], [0.0, 0.0, 0.0], [0.0, 0.0, 0.0], [0.0, 0.0, 0.0], [0.0, 0.0, 0.0], [0.0, 0.0, 0.0], [0.0, 0.0, 0.0], [0.0, 0.0, 0.0], [0.0, 0.0, 0.0]], "action_params_change": 0, "value_params_change": 0.2984604741022676}
{"iterations": 1, "type_itr": 0, "sub_iteration": 13, "sub_it_time": 0.10321784019470215, "total_time": 1.5356876850128174, "value_loss": 15.84000015258789, "action_loss": -1.0866461992263794, "action_probs": [[0.34546322824181863, 0.05178221497077066, 0.5241835710971511, 0.0785709856902599], [0.010969547620082787, 0.3781724705117558, 0.017219512180615428, 0.593638469687546], [0.25564470557935604, 0.7078136842618954, 0.009695975735878045, 0.026845634422870603], [0.13294895028345224, 0.023425874904741517, 0.7172451274618051, 0.12638004735000105], [0.3922410575771669, 0.2821582711517493, 0.18937437539849883, 0.13622629587258506], [0.9891477183916357, 0.0011589913250895794, 0.009681945879324185, 1.1344403950473103e-05], [0.06414033653399522, 0.013559249210397197, 0.7613510212320174, 0.1609493930235901], [0.18057198051867523, 0.2744349104021842, 0.21628350479766167, 0.32870960428147894], [0.13436215815205824, 0.01793073745698316, 0.7478993394360233, 0.09980776495493525], [0.04275755567148634, 0.13216974266698053, 0.201672879587136, 0.6233998220743971], [0.026636729843064033, 0.9484186815516499, 0.0006814405211853187, 0.024263148084100777], [0.8581769597311424, 0.03700726253982152, 0.10048265287246326, 0.004333124856572696], [0.27717294723262914, 0.012225323576363075, 0.680583111425952, 0.03001861776505563], [0.4498865777407637, 0.5327995643109945, 0.007926510781520625, 0.009387347166721054], [0.011537103828837965, 0.6701872457537839, 0.0053863107974716695, 0.3128893396199065], [0.15305393200560177, 0.007548741460878587, 0.7999434789468747, 0.03945384758664494]], "state_values": [-4.891515509091013, -1.4943808555173987, -2.1850572497508027, 4.6121262324354735, 3.9734895207714858, -3.236177188173029, -2.105877129845215, -3.5782195228092353, 3.234660098625359, 4.9171548801520455, -3.68612095052884, 4.801662159259307, 0.8493727922652948, 2.7290081712355723, 4.362198848639185, -2.7693442169793254], "value_grad": [-27.720001220703125, 39.599998474121094, -11.880000114440918, 19.80000114440918, 27.720001220703125, -7.920000076293945, 3.9600000381469727, 27.720001220703125, 0.0, -23.760000228881836, 27.720001220703125, 23.760000228881836, -7.920000076293945, 35.63999938964844, 11.880000114440918, 15.84000015258789], "action_grad": [[0.0, 0.0, 0.0], [0.0, 0.0, 0.0], [0.0, 0.0, 0.0], [0.0, 0.0, 0.0], [0.0, 0.0, 0.0], [0.0, 0.0, 0.0], [0.0, 0.0, 0.0], [0.0, 0.0, 0.0], [0.0, 0.0, 0.0], [0.0, 0.0, 0.0], [0.0, 0.0, 0.0], [0.0, 0.0, 0.0], [0.0, 0.0, 0.0], [0.0, 0.0, 0.0], [0.0, 0.0, 0.0], [0.0, 0.0, 0.0]], "action_params_change": 0, "value_params_change": 0.24975459878110728}
