{"iterations": 0, "type_itr": 0, "sub_iteration": 0, "sub_it_time": 0, "total_time": 0, "value_loss": 0, "action_loss": 0, "action_probs": [[0.016085650938574243, 0.007909276602742018, 0.6542914906834109, 0.3217135817752728], [0.13619088476549635, 0.030638361200177256, 0.6801580951580759, 0.1530126588762507], [0.7004948645271917, 0.26072254189128813, 0.028263124924178228, 0.010519468657341921], [0.011367100737450904, 0.9878847566783101, 8.510579247774515e-06, 0.0007396320049913268], [0.49786949927005797, 0.4514420520672198, 0.02658372008529303, 0.02410472857742904], [0.26470957621186986, 0.7280096585352093, 0.0019414233321366394, 0.005339341920784299], [0.06044235918373635, 0.17368897827578797, 0.19771342568288955, 0.5681552368575861], [0.004097004561141315, 0.011502013304570234, 0.2585480283769263, 0.7258529537573621], [0.15469229817121746, 0.8448931817682088, 6.414965212594745e-05, 0.0003503704084480402], [0.9693282933516035, 0.030565078981541288, 0.00010336823625069787, 3.2594306045280905e-06], [0.29091002164003166, 4.099619752647889e-05, 0.7089490742386109, 9.990792383104671e-05], [0.12767973043134043, 0.251159081855389, 0.2093494394698266, 0.41181174824344413], [0.1637205140978908, 0.30621596573544885, 0.18466808973204246, 0.34539543043461784], [0.06639795643076112, 0.12021021888044585, 0.2894168749399923, 0.5239749497488005], [0.03704726230132035, 0.07152782300275609, 0.304166029841766, 0.5872588848541577], [0.7323629262981031, 0.2594506366307641, 0.006044929443861577, 0.002141507627271055]], "state_values": [3.7485043753216165, 4.175540314761541, 4.830631824414961, 4.932796448962236, 1.3574722753672732, 3.1434434323196876, -2.0844945933622876, 3.2083704427198745, 4.995398086890286, -4.95687639827297, 1.6596211298414756, 3.5086546425093967, 2.3692229834174667, 4.4609204508796845, -2.7106104487950256, 2.8859781400080897], "value_grad": [0.0, 0.0, 0.0, 0.0, 0.0, 0.0, 0.0, 0.0, 0.0, 0.0, 0.0, 0.0, 0.0, 0.0, 0.0, 0.0], "action_grad": [[0.0, 0.0, 0.0], [0.0, 0.0, 0.0], [0.0, 0.0, 0.0], [0.0, 0.0, 0.0], [0.0, 0.0, 0.0], [0.0, 0.0, 0.0], [0.0, 0.0, 0.0], [0.0, 0.0, 0.0], [0.0, 0.0, 0.0], [0.0, 0.0, 0.0], [0.0, 0.0, 0.0], [0.0, 0.0, 0.0], [0.0, 0.0, 0.0], [0.0, 0.0, 0.0], [0.0, 0.0, 0.0], [0.0, 0.0, 0.0]], "action_params_change": 0, "value_params_change": 0}
{"iterations": 1, "type_itr": 0, "sub_iteration": 0, "sub_it_time": 0.11681532859802246, "total_time": 0.11822676658630371, "value_loss": 10.692001342773438, "action_loss": -1.4742166996002197, "action_probs": [[0.016085650938574243, 0.007909276602742018, 0.6542914906834109, 0.3217135817752728], [0.13619088476549635, 0.030638361200177256, 0.6801580951580759, 0.1530126588762507], [0.7004948645271917, 0.26072254189128813, 0.028263124924178228, 0.010519468657341921], [0.011367100737450904, 0.9878847566783101, 8.510579247774515e-06, 0.0007396320049913268], [0.49786949927005797, 0.4514420520672198, 0.02658372008529303, 0.02410472857742904], [0.26470957621186986, 0.7280096585352093, 0.0019414233321366394, 0.005339341920784299], [0.06044235918373635, 0.17368897827578797, 0.19771342568288955, 0.5681552368575861], [0.004097004561141315, 0.011502013304570234, 0.2585480283769263, 0.7258529537573621], [0.15469229817121746, 0.8448931817682088, 6.414965212594745e-05, 0.0003503704084480402], [0.9693282933516035, 0.030565078981541288, 0.00010336823625069787, 3.2594306045280905e-06], [0.29091002164003166, 4.099619752647889e-05, 0.7089490742386109, 9.990792383104671e-05], [0.12767973043134043, 0.251159081855389, 0.2093494394698266, 0.41181174824344413], [0.1637205140978908, 0.30621596573544885, 0.18466808973204246, 0.34539543043461784], [0.06639795643076112, 0.12021021888044585, 0.2894168749399923, 0.5239749497488005], [0.03704726230132035, 0.07152782300275609, 0.304166029841766, 0.5872588848541577], [0.7323629262981031, 0.2594506366307641, 0.006044929443861577, 0.002141507627271055]], "state_values": [4.450603499081845, 3.3652657035962954, 4.999696212296274, 4.981581359585687, 0.12471441510617365, 4.007698588402487, -0.8953000320737392, 2.159863726703554, 4.893164316502496, -4.964895054610663, 0.44113927099017547, 4.280883998078609, 1.206239514967039, 3.7635140983621707, -1.586876733010226, 1.7861024551437719], "value_grad": [0.3563985824584961, 4.1184000968933105, -2.138399600982666, 4.910400867462158, 4.514400959014893, 1.9007997512817383, 5.1083984375, -2.6927995681762695, 1.9404001235961914, 5.781599521636963, 3.5244016647338867, -0.4752016067504883, -0.1979999542236328, -2.574000358581543, -5.425199508666992, 0.19800090789794922], "action_grad": [[0.0, 0.0, 0.0], [0.0, 0.0, 0.0], [0.0, 0.0, 0.0], [0.0, 0.0, 0.0], [0.0, 0.0, 0.0], [0.0, 0.0, 0.0], [0.0, 0.0, 0.0], [0.0, 0.0, 0.0], [0.0, 0.0, 0.0], [0.0, 0.0, 0.0], [0.0, 0.0, 0.0], [0.0, 0.0, 0.0], [0.0, 0.0, 0.0], [0.0, 0.0, 0.0], [0.0, 0.0, 0.0], [0.0, 0.0, 0.0]], "action_params_change": 0, "value_params_change": 0.4999999991351878}
{"iterations": 1, "type_itr": 0, "sub_iteration": 1, "sub_it_time": 0.11409783363342285, "total_time": 0.23391413688659668, "value_loss": 8.157600402832031, "action_loss": -1.5575263500213623, "action_probs": [[0.016085650938574243, 0.007909276602742018, 0.6542914906834109, 0.3217135817752728], [0.13619088476549635, 0.030638361200177256, 0.6801580951580759, 0.1530126588762507], [0.7004948645271917, 0.26072254189128813, 0.028263124924178228, 0.010519468657341921], [0.011367100737450904, 0.9878847566783101, 8.510579247774515e-06, 0.0007396320049913268], [0.49786949927005797, 0.4514420520672198, 0.02658372008529303, 0.02410472857742904], [0.26470957621186986, 0.7280096585352093, 0.0019414233321366394, 0.005339341920784299], [0.06044235918373635, 0.17368897827578797, 0.19771342568288955, 0.5681552368575861], [0.004097004561141315, 0.011502013304570234, 0.2585480283769263, 0.7258529537573621], [0.15469229817121746, 0.8448931817682088, 6.414965212594745e-05, 0.0003503704084480402], [0.9693282933516035, 0.030565078981541288, 0.00010336823625069787, 3.2594306045280905e-06], [0.29091002164003166, 4.099619752647889e-05, 0.7089490742386109, 9.990792383104671e-05], [0.12767973043134043, 0.251159081855389, 0.2093494394698266, 0.41181174824344413], [0.1637205140978908, 0.30621596573544885, 0.18466808973204246, 0.34539543043461784], [0.06639795643076112, 0.12021021888044585, 0.2894168749399923, 0.5239749497488005], [0.03704726230132035, 0.07152782300275609, 0.304166029841766, 0.5872588848541577], [0.7323629262981031, 0.2594506366307641, 0.006044929443861577, 0.002141507627271055]], "state_values": [4.812877772532729, 2.398217051857032, 4.86150371964211, 4.859209728809139, -1.016300939283969, 4.362285321070065, -0.06258021482928816, 1.054914535697797, 4.505735332034791, -4.727230728681226, -0.29779744465684116, 4.784893232649312, 2.018811257001016, 3.9279568423818896, -0.3630906880351754, 1.8473947569252913], "value_grad": [4.474800109863281, 2.3759994506835938, -1.7027997970581055, -0.3959999084472656, 2.0592007637023926, -0.3564004898071289, 0.0, -1.3859999179840088, 3.880800724029541, 1.7027983665466309, -0.3564000129699707, -0.6732006072998047, 2.455200672149658, 3.5244011878967285, -6.29640007019043, -0.19800090789794922], "action_grad": [[0.0, 0.0, 0.0], [0.0, 0.0, 0.0], [0.0, 0.0, 0.0], [0.0, 0.0, 0.0], [0.0, 0.0, 0.0], [0.0, 0.0, 0.0], [0.0, 0.0, 0.0], [0.0, 0.0, 0.0], [0.0, 0.0, 0.0], [0.0, 0.0, 0.0], [0.0, 0.0, 0.0], [0.0, 0.0, 0.0], [0.0, 0.0, 0.0], [0.0, 0.0, 0.0], [0.0, 0.0, 0.0], [0.0, 0.0, 0.0]], "action_params_change": 0, "value_params_change": 0.5005566825397789}
{"iterations": 1, "type_itr": 0, "sub_iteration": 2, "sub_it_time": 0.11394095420837402, "total_time": 0.3495824337005615, "value_loss": 9.266399383544922, "action_loss": -1.6625686883926392, "action_probs": [[0.016085650938574243, 0.007909276602742018, 0.6542914906834109, 0.3217135817752728], [0.13619088476549635, 0.030638361200177256, 0.6801580951580759, 0.1530126588762507], [0.7004948645271917, 0.26072254189128813, 0.028263124924178228, 0.010519468657341921], [0.011367100737450904, 0.9878847566783101, 8.510579247774515e-06, 0.0007396320049913268], [0.49786949927005797, 0.4514420520672198, 0.02658372008529303, 0.02410472857742904], [0.26470957621186986, 0.7280096585352093, 0.0019414233321366394, 0.005339341920784299], [0.06044235918373635, 0.17368897827578797, 0.19771342568288955, 0.5681552368575861], [0.004097004561141315, 0.011502013304570234, 0.2585480283769263, 0.7258529537573621], [0.15469229817121746, 0.8448931817682088, 6.414965212594745e-05, 0.0003503704084480402], [0.9693282933516035, 0.030565078981541288, 0.00010336823625069787, 3.2594306045280905e-06], [0.29091002164003166, 4.099619752647889e-05, 0.7089490742386109, 9.990792383104671e-05], [0.12767973043134043, 0.251159081855389, 0.2093494394698266, 0.41181174824344413], [0.1637205140978908, 0.30621596573544885, 0.18466808973204246, 0.34539543043461784], [0.06639795643076112, 0.12021021888044585, 0.2894168749399923, 0.5239749497488005], [0.03704726230132035, 0.07152782300275609, 0.304166029841766, 0.5872588848541577], [0.7323629262981031, 0.2594506366307641, 0.006044929443861577, 0.002141507627271055]], "state_values": [4.7917889537893315, 1.355096652428358, 4.706132033898232, 4.588380292798166, -1.9844652184035891, 4.236675035411975, 0.44740913507092006, 0.2576127467392054, 3.843695060229765, -4.237834911649013, -0.05161870292287151, 4.705533622743486, 2.234635002991463, 3.6853324834729775, 0.8144504629267231, 1.145991991732337], "value_grad": [-4.950000762939453, 1.6235995292663574, 1.2275996208190918, 2.0988006591796875, 0.910799503326416, -2.0988006591796875, -0.8316001892089844, 0.3563995361328125, 3.6432008743286133, 4.474799633026123, -4.237199783325195, 1.5444011688232422, -1.22760009765625, -3.801600456237793, -3.0096001625061035, 0.7919998168945312], "action_grad": [[0.0, 0.0, 0.0], [0.0, 0.0, 0.0], [0.0, 0.0, 0.0], [0.0, 0.0, 0.0], [0.0, 0.0, 0.0], [0.0, 0.0, 0.0], [0.0, 0.0, 0.0], [0.0, 0.0, 0.0], [0.0, 0.0, 0.0], [0.0, 0.0, 0.0], [0.0, 0.0, 0.0], [0.0, 0.0, 0.0], [0.0, 0.0, 0.0], [0.0, 0.0, 0.0], [0.0, 0.0, 0.0], [0.0, 0.0, 0.0]], "action_params_change": 0, "value_params_change": 0.4910821796063394}
{"iterations": 1, "type_itr": 0, "sub_iteration": 3, "sub_it_time": 0.11435270309448242, "total_time": 0.4655337333679199, "value_loss": 6.5736002922058105, "action_loss": -1.515871524810791, "action_probs": [[0.016085650938574243, 0.007909276602742018, 0.6542914906834109, 0.3217135817752728], [0.13619088476549635, 0.030638361200177256, 0.6801580951580759, 0.1530126588762507], [0.7004948645271917, 0.26072254189128813, 0.028263124924178228, 0.010519468657341921], [0.011367100737450904, 0.9878847566783101, 8.510579247774515e-06, 0.0007396320049913268], [0.49786949927005797, 0.4514420520672198, 0.02658372008529303, 0.02410472857742904], [0.26470957621186986, 0.7280096585352093, 0.0019414233321366394, 0.005339341920784299], [0.06044235918373635, 0.17368897827578797, 0.19771342568288955, 0.5681552368575861], [0.004097004561141315, 0.011502013304570234, 0.2585480283769263, 0.7258529537573621], [0.15469229817121746, 0.8448931817682088, 6.414965212594745e-05, 0.0003503704084480402], [0.9693282933516035, 0.030565078981541288, 0.00010336823625069787, 3.2594306045280905e-06], [0.29091002164003166, 4.099619752647889e-05, 0.7089490742386109, 9.990792383104671e-05], [0.12767973043134043, 0.251159081855389, 0.2093494394698266, 0.41181174824344413], [0.1637205140978908, 0.30621596573544885, 0.18466808973204246, 0.34539543043461784], [0.06639795643076112, 0.12021021888044585, 0.2894168749399923, 0.5239749497488005], [0.03704726230132035, 0.07152782300275609, 0.304166029841766, 0.5872588848541577], [0.7323629262981031, 0.2594506366307641, 0.006044929443861577, 0.002141507627271055]], "state_values": [4.866583492996398, 0.6722106834767645, 4.582226319338022, 4.159028432640378, -2.5634696273876316, 4.339091157410573, 0.6504075506101836, -0.7054923540111837, 3.1947916066535837, -3.606643921980484, 0.055449885823503825, 4.822325229797233, 2.8529263828761007, 3.5792178808277515, 1.6733433430796696, 0.23143136256893748], "value_grad": [3.603600025177002, -1.3859996795654297, 0.43559980392456055, 1.8611993789672852, -1.1483993530273438, 1.7027997970581055, -1.4651999473571777, -4.8707990646362305, -0.6335992813110352, 1.1088008880615234, 0.7128005027770996, -1.8612008094787598, 4.395600318908691, 1.1880011558532715, 0.910799503326416, 0.6731996536254883], "action_grad": [[0.0, 0.0, 0.0], [0.0, 0.0, 0.0], [0.0, 0.0, 0.0], [0.0, 0.0, 0.0], [0.0, 0.0, 0.0], [0.0, 0.0, 0.0], [0.0, 0.0, 0.0], [0.0, 0.0, 0.0], [0.0, 0.0, 0.0], [0.0, 0.0, 0.0], [0.0, 0.0, 0.0], [0.0, 0.0, 0.0], [0.0, 0.0, 0.0], [0.0, 0.0, 0.0], [0.0, 0.0, 0.0], [0.0, 0.0, 0.0]], "action_params_change": 0, "value_params_change": 0.4113295042960683}
{"iterations": 1, "type_itr": 0, "sub_iteration": 4, "sub_it_time": 0.11445760726928711, "total_time": 0.5816094875335693, "value_loss": 6.375600814819336, "action_loss": -1.4905164241790771, "action_probs": [[0.016085650938574243, 0.007909276602742018, 0.6542914906834109, 0.3217135817752728], [0.13619088476549635, 0.030638361200177256, 0.6801580951580759, 0.1530126588762507], [0.7004948645271917, 0.26072254189128813, 0.028263124924178228, 0.010519468657341921], [0.011367100737450904, 0.9878847566783101, 8.510579247774515e-06, 0.0007396320049913268], [0.49786949927005797, 0.4514420520672198, 0.02658372008529303, 0.02410472857742904], [0.26470957621186986, 0.7280096585352093, 0.0019414233321366394, 0.005339341920784299], [0.06044235918373635, 0.17368897827578797, 0.19771342568288955, 0.5681552368575861], [0.004097004561141315, 0.011502013304570234, 0.2585480283769263, 0.7258529537573621], [0.15469229817121746, 0.8448931817682088, 6.414965212594745e-05, 0.0003503704084480402], [0.9693282933516035, 0.030565078981541288, 0.00010336823625069787, 3.2594306045280905e-06], [0.29091002164003166, 4.099619752647889e-05, 0.7089490742386109, 9.990792383104671e-05], [0.12767973043134043, 0.251159081855389, 0.2093494394698266, 0.41181174824344413], [0.1637205140978908, 0.30621596573544885, 0.18466808973204246, 0.34539543043461784], [0.06639795643076112, 0.12021021888044585, 0.2894168749399923, 0.5239749497488005], [0.03704726230132035, 0.07152782300275609, 0.304166029841766, 0.5872588848541577], [0.7323629262981031, 0.2594506366307641, 0.006044929443861577, 0.002141507627271055]], "state_values": [4.939593594834209, 0.3025091578228809, 4.5763305545717445, 4.044873831789486, -2.4672520986869024, 4.605928836757627, 0.5998632897002536, -1.6774746566977938, 2.338187654350424, -2.837576847590486, 0.37292848467931217, 4.845284586247964, 2.953973565314307, 3.593148661883755, 2.5325647845914268, -0.77254724354633], "value_grad": [1.583998680114746, -1.544400691986084, 1.188000202178955, -4.237199783325195, -5.385599136352539, 3.326399803161621, -1.7819995880126953, -2.1384005546569824, 5.385600566864014, 1.9403996467590332, -2.0195999145507812, 0.8712000846862793, -3.484800100326538, 1.306800365447998, -3.5243992805480957, 0.5544009208679199], "action_grad": [[0.0, 0.0, 0.0], [0.0, 0.0, 0.0], [0.0, 0.0, 0.0], [0.0, 0.0, 0.0], [0.0, 0.0, 0.0], [0.0, 0.0, 0.0], [0.0, 0.0, 0.0], [0.0, 0.0, 0.0], [0.0, 0.0, 0.0], [0.0, 0.0, 0.0], [0.0, 0.0, 0.0], [0.0, 0.0, 0.0], [0.0, 0.0, 0.0], [0.0, 0.0, 0.0], [0.0, 0.0, 0.0], [0.0, 0.0, 0.0]], "action_params_change": 0, "value_params_change": 0.41305434775953187}
{"iterations": 1, "type_itr": 0, "sub_iteration": 5, "sub_it_time": 0.11604690551757812, "total_time": 0.6993460655212402, "value_loss": 9.741600036621094, "action_loss": -1.3927180767059326, "action_probs": [[0.016085650938574243, 0.007909276602742018, 0.6542914906834109, 0.3217135817752728], [0.13619088476549635, 0.030638361200177256, 0.6801580951580759, 0.1530126588762507], [0.7004948645271917, 0.26072254189128813, 0.028263124924178228, 0.010519468657341921], [0.011367100737450904, 0.9878847566783101, 8.510579247774515e-06, 0.0007396320049913268], [0.49786949927005797, 0.4514420520672198, 0.02658372008529303, 0.02410472857742904], [0.26470957621186986, 0.7280096585352093, 0.0019414233321366394, 0.005339341920784299], [0.06044235918373635, 0.17368897827578797, 0.19771342568288955, 0.5681552368575861], [0.004097004561141315, 0.011502013304570234, 0.2585480283769263, 0.7258529537573621], [0.15469229817121746, 0.8448931817682088, 6.414965212594745e-05, 0.0003503704084480402], [0.9693282933516035, 0.030565078981541288, 0.00010336823625069787, 3.2594306045280905e-06], [0.29091002164003166, 4.099619752647889e-05, 0.7089490742386109, 9.990792383104671e-05], [0.12767973043134043, 0.251159081855389, 0.2093494394698266, 0.41181174824344413], [0.1637205140978908, 0.30621596573544885, 0.18466808973204246, 0.34539543043461784], [0.06639795643076112, 0.12021021888044585, 0.2894168749399923, 0.5239749497488005], [0.03704726230132035, 0.07152782300275609, 0.304166029841766, 0.5872588848541577], [0.7323629262981031, 0.2594506366307641, 0.006044929443861577, 0.002141507627271055]], "state_values": [4.955172923236885, -0.21857294964705273, 4.516040765343834, 4.112023636955817, -1.9961459200527039, 4.73224767871968, 0.9443648120968406, -2.5260048307663303, 1.3237774579914163, -1.9280840772006465, 0.5168273316801267, 4.738284461767266, 2.759842023244259, 3.5813235896075786, 3.249249172754099, -1.8101927528709927], "value_grad": [-2.53439998626709, 1.9404001235961914, -0.6732010841369629, -3.2472000122070312, -7.3656005859375, -1.1087989807128906, 4.1184000968933105, -0.7523999214172363, 4.237199306488037, 2.7323994636535645, 1.1483995914459229, 2.415599822998047, -3.6432008743286133, -0.3167998790740967, -0.9899997711181641, 1.188000202178955], "action_grad": [[0.0, 0.0, 0.0], [0.0, 0.0, 0.0], [0.0, 0.0, 0.0], [0.0, 0.0, 0.0], [0.0, 0.0, 0.0], [0.0, 0.0, 0.0], [0.0, 0.0, 0.0], [0.0, 0.0, 0.0], [0.0, 0.0, 0.0], [0.0, 0.0, 0.0], [0.0, 0.0, 0.0], [0.0, 0.0, 0.0], [0.0, 0.0, 0.0], [0.0, 0.0, 0.0], [0.0, 0.0, 0.0], [0.0, 0.0, 0.0]], "action_params_change": 0, "value_params_change": 0.4373316163494909}
{"iterations": 1, "type_itr": 0, "sub_iteration": 6, "sub_it_time": 0.11521649360656738, "total_time": 0.8161575794219971, "value_loss": 5.544000625610352, "action_loss": -1.5231157541275024, "action_probs": [[0.016085650938574243, 0.007909276602742018, 0.6542914906834109, 0.3217135817752728], [0.13619088476549635, 0.030638361200177256, 0.6801580951580759, 0.1530126588762507], [0.7004948645271917, 0.26072254189128813, 0.028263124924178228, 0.010519468657341921], [0.011367100737450904, 0.9878847566783101, 8.510579247774515e-06, 0.0007396320049913268], [0.49786949927005797, 0.4514420520672198, 0.02658372008529303, 0.02410472857742904], [0.26470957621186986, 0.7280096585352093, 0.0019414233321366394, 0.005339341920784299], [0.06044235918373635, 0.17368897827578797, 0.19771342568288955, 0.5681552368575861], [0.004097004561141315, 0.011502013304570234, 0.2585480283769263, 0.7258529537573621], [0.15469229817121746, 0.8448931817682088, 6.414965212594745e-05, 0.0003503704084480402], [0.9693282933516035, 0.030565078981541288, 0.00010336823625069787, 3.2594306045280905e-06], [0.29091002164003166, 4.099619752647889e-05, 0.7089490742386109, 9.990792383104671e-05], [0.12767973043134043, 0.251159081855389, 0.2093494394698266, 0.41181174824344413], [0.1637205140978908, 0.30621596573544885, 0.18466808973204246, 0.34539543043461784], [0.06639795643076112, 0.12021021888044585, 0.2894168749399923, 0.5239749497488005], [0.03704726230132035, 0.07152782300275609, 0.304166029841766, 0.5872588848541577], [0.7323629262981031, 0.2594506366307641, 0.006044929443861577, 0.002141507627271055]], "state_values": [4.96287449588648, -0.53094564437291, 4.30121682273733, 4.159914490602217, -1.4350486267458276, 4.707033265567833, 0.9832292961767868, -3.299412196210211, 0.6828806647175845, -1.0766329563203356, 0.367316491336081, 4.591770127165555, 2.2498567780681924, 3.6501134598100475, 3.908376514342555, -1.7140482042454988], "value_grad": [-0.43559980392456055, -1.2276020050048828, -2.2175989151000977, 0.19800090789794922, -2.5739994049072266, -3.049199104309082, -2.890799045562744, -1.6632013320922852, -3.524400234222412, -0.1583995819091797, 2.772000312805176, 0.47520017623901367, -7.048800468444824, 1.108799934387207, -3.8411993980407715, -3.0887999534606934], "action_grad": [[0.0, 0.0, 0.0], [0.0, 0.0, 0.0], [0.0, 0.0, 0.0], [0.0, 0.0, 0.0], [0.0, 0.0, 0.0], [0.0, 0.0, 0.0], [0.0, 0.0, 0.0], [0.0, 0.0, 0.0], [0.0, 0.0, 0.0], [0.0, 0.0, 0.0], [0.0, 0.0, 0.0], [0.0, 0.0, 0.0], [0.0, 0.0, 0.0], [0.0, 0.0, 0.0], [0.0, 0.0, 0.0], [0.0, 0.0, 0.0]], "action_params_change": 0, "value_params_change": 0.382094939563121}
{"iterations": 1, "type_itr": 0, "sub_iteration": 7, "sub_it_time": 0.11871862411499023, "total_time": 0.9365026950836182, "value_loss": 6.533999919891357, "action_loss": -1.4343730211257935, "action_probs": [[0.016085650938574243, 0.007909276602742018, 0.6542914906834109, 0.3217135817752728], [0.13619088476549635, 0.030638361200177256, 0.6801580951580759, 0.1530126588762507], [0.7004948645271917, 0.26072254189128813, 0.028263124924178228, 0.010519468657341921], [0.011367100737450904, 0.9878847566783101, 8.510579247774515e-06, 0.0007396320049913268], [0.49786949927005797, 0.4514420520672198, 0.02658372008529303, 0.02410472857742904], [0.26470957621186986, 0.7280096585352093, 0.0019414233321366394, 0.005339341920784299], [0.06044235918373635, 0.17368897827578797, 0.19771342568288955, 0.5681552368575861], [0.004097004561141315, 0.011502013304570234, 0.2585480283769263, 0.7258529537573621], [0.15469229817121746, 0.8448931817682088, 6.414965212594745e-05, 0.0003503704084480402], [0.9693282933516035, 0.030565078981541288, 0.00010336823625069787, 3.2594306045280905e-06], [0.29091002164003166, 4.099619752647889e-05, 0.7089490742386109, 9.990792383104671e-05], [0.12767973043134043, 0.251159081855389, 0.2093494394698266, 0.41181174824344413], [0.1637205140978908, 0.30621596573544885, 0.18466808973204246, 0.34539543043461784], [0.06639795643076112, 0.12021021888044585, 0.2894168749399923, 0.5239749497488005], [0.03704726230132035, 0.07152782300275609, 0.304166029841766, 0.5872588848541577], [0.7323629262981031, 0.2594506366307641, 0.006044929443861577, 0.002141507627271055]], "state_values": [4.980962551397697, -0.9538386042415584, 4.180142444773923, 4.293549892227551, -0.7535838154953325, 4.533451404281577, 1.001541368574192, -3.720167961922853, 0.09765368705485611, -0.11194083501581528, 0.37910194318584817, 4.580730525592556, 1.6822341885928949, 3.5284229962387337, 4.3910029651401405, -1.1829438163092498], "value_grad": [1.6236004829406738, 1.584000587463379, 1.069200038909912, -2.3364009857177734, -3.682799816131592, -4.950000762939453, -0.19800043106079102, 2.217599391937256, 0.15839862823486328, 3.7223987579345703, -1.5444002151489258, -1.9404006004333496, -1.7424001693725586, -2.7719993591308594, -0.6335992813110352, -4.870800018310547], "action_grad": [[0.0, 0.0, 0.0], [0.0, 0.0, 0.0], [0.0, 0.0, 0.0], [0.0, 0.0, 0.0], [0.0, 0.0, 0.0], [0.0, 0.0, 0.0], [0.0, 0.0, 0.0], [0.0, 0.0, 0.0], [0.0, 0.0, 0.0], [0.0, 0.0, 0.0], [0.0, 0.0, 0.0], [0.0, 0.0, 0.0], [0.0, 0.0, 0.0], [0.0, 0.0, 0.0], [0.0, 0.0, 0.0], [0.0, 0.0, 0.0]], "action_params_change": 0, "value_params_change": 0.38927243253123933}
{"iterations": 1, "type_itr": 0, "sub_iteration": 8, "sub_it_time": 0.11519670486450195, "total_time": 1.0533630847930908, "value_loss": 5.2667999267578125, "action_loss": -1.5647705793380737, "action_probs": [[0.016085650938574243, 0.007909276602742018, 0.6542914906834109, 0.3217135817752728], [0.13619088476549635, 0.030638361200177256, 0.6801580951580759, 0.1530126588762507], [0.7004948645271917, 0.26072254189128813, 0.028263124924178228, 0.010519468657341921], [0.011367100737450904, 0.9878847566783101, 8.510579247774515e-06, 0.0007396320049913268], [0.49786949927005797, 0.4514420520672198, 0.02658372008529303, 0.02410472857742904], [0.26470957621186986, 0.7280096585352093, 0.0019414233321366394, 0.005339341920784299], [0.06044235918373635, 0.17368897827578797, 0.19771342568288955, 0.5681552368575861], [0.004097004561141315, 0.011502013304570234, 0.2585480283769263, 0.7258529537573621], [0.15469229817121746, 0.8448931817682088, 6.414965212594745e-05, 0.0003503704084480402], [0.9693282933516035, 0.030565078981541288, 0.00010336823625069787, 3.2594306045280905e-06], [0.29091002164003166, 4.099619752647889e-05, 0.7089490742386109, 9.990792383104671e-05], [0.12767973043134043, 0.251159081855389, 0.2093494394698266, 0.41181174824344413], [0.1637205140978908, 0.30621596573544885, 0.18466808973204246, 0.34539543043461784], [0.06639795643076112, 0.12021021888044585, 0.2894168749399923, 0.5239749497488005], [0.03704726230132035, 0.07152782300275609, 0.304166029841766, 0.5872588848541577], [0.7323629262981031, 0.2594506366307641, 0.006044929443861577, 0.002141507627271055]], "state_values": [4.994664282842221, -1.0906593058704956, 3.867219076694269, 4.243736264915295, -0.003228480720343932, 4.2122910959207305, 0.8797480070215609, -3.8803989403529955, -0.26098345407832385, 0.9045229461172432, 0.5529265037056593, 4.6882502405766875, 1.2940722728884513, 3.5401188206280687, 4.673569330225479, -1.1937874181999384], "value_grad": [0.7127995491027832, -2.296799659729004, -3.088799476623535, 4.39560079574585, -2.9303994178771973, -4.712400436401367, -1.7820005416870117, 2.8511998653411865, -2.3760006427764893, 3.326399803161621, -1.9007997512817383, -2.4156007766723633, 2.217599391937256, 1.9008002281188965, 1.5444004535675049, 4.989599704742432], "action_grad": [[0.0, 0.0, 0.0], [0.0, 0.0, 0.0], [0.0, 0.0, 0.0], [0.0, 0.0, 0.0], [0.0, 0.0, 0.0], [0.0, 0.0, 0.0], [0.0, 0.0, 0.0], [0.0, 0.0, 0.0], [0.0, 0.0, 0.0], [0.0, 0.0, 0.0], [0.0, 0.0, 0.0], [0.0, 0.0, 0.0], [0.0, 0.0, 0.0], [0.0, 0.0, 0.0], [0.0, 0.0, 0.0], [0.0, 0.0, 0.0]], "action_params_change": 0, "value_params_change": 0.40859235204942745}
{"iterations": 1, "type_itr": 0, "sub_iteration": 9, "sub_it_time": 0.11613941192626953, "total_time": 1.1711814403533936, "value_loss": 2.336400270462036, "action_loss": -1.5593372583389282, "action_probs": [[0.016085650938574243, 0.007909276602742018, 0.6542914906834109, 0.3217135817752728], [0.13619088476549635, 0.030638361200177256, 0.6801580951580759, 0.1530126588762507], [0.7004948645271917, 0.26072254189128813, 0.028263124924178228, 0.010519468657341921], [0.011367100737450904, 0.9878847566783101, 8.510579247774515e-06, 0.0007396320049913268], [0.49786949927005797, 0.4514420520672198, 0.02658372008529303, 0.02410472857742904], [0.26470957621186986, 0.7280096585352093, 0.0019414233321366394, 0.005339341920784299], [0.06044235918373635, 0.17368897827578797, 0.19771342568288955, 0.5681552368575861], [0.004097004561141315, 0.011502013304570234, 0.2585480283769263, 0.7258529537573621], [0.15469229817121746, 0.8448931817682088, 6.414965212594745e-05, 0.0003503704084480402], [0.9693282933516035, 0.030565078981541288, 0.00010336823625069787, 3.2594306045280905e-06], [0.29091002164003166, 4.099619752647889e-05, 0.7089490742386109, 9.990792383104671e-05], [0.12767973043134043, 0.251159081855389, 0.2093494394698266, 0.41181174824344413], [0.1637205140978908, 0.30621596573544885, 0.18466808973204246, 0.34539543043461784], [0.06639795643076112, 0.12021021888044585, 0.2894168749399923, 0.5239749497488005], [0.03704726230132035, 0.07152782300275609, 0.304166029841766, 0.5872588848541577], [0.7323629262981031, 0.2594506366307641, 0.006044929443861577, 0.002141507627271055]], "state_values": [4.993977217854582, -1.072631156067663, 3.4389728981311585, 4.1725714512465935, 0.8615869013146603, 4.158748200499008, 0.825698897314283, -4.001662247944646, -0.3607004522847838, 1.816351635847708, 0.7142153234461708, 4.701445982980432, 0.8552087475425011, 3.758633034678953, 4.807817734620989, -0.9348109471703725], "value_grad": [-2.7323997020721436, -1.5444002151489258, -1.584000587463379, 0.712799072265625, -5.7024006843566895, 6.929999828338623, 0.7128000259399414, 0.27720022201538086, -3.484799861907959, 0.6335997581481934, -0.07920026779174805, 1.7027997970581055, -1.584000587463379, 4.118400573730469, 2.8115994930267334, -3.9600002765655518], "action_grad": [[0.0, 0.0, 0.0], [0.0, 0.0, 0.0], [0.0, 0.0, 0.0], [0.0, 0.0, 0.0], [0.0, 0.0, 0.0], [0.0, 0.0, 0.0], [0.0, 0.0, 0.0], [0.0, 0.0, 0.0], [0.0, 0.0, 0.0], [0.0, 0.0, 0.0], [0.0, 0.0, 0.0], [0.0, 0.0, 0.0], [0.0, 0.0, 0.0], [0.0, 0.0, 0.0], [0.0, 0.0, 0.0], [0.0, 0.0, 0.0]], "action_params_change": 0, "value_params_change": 0.3797389784714711}
{"iterations": 1, "type_itr": 0, "sub_iteration": 10, "sub_it_time": 0.11626911163330078, "total_time": 1.28902268409729, "value_loss": 5.187600612640381, "action_loss": -1.926985740661621, "action_probs": [[0.016085650938574243, 0.007909276602742018, 0.6542914906834109, 0.3217135817752728], [0.13619088476549635, 0.030638361200177256, 0.6801580951580759, 0.1530126588762507], [0.7004948645271917, 0.26072254189128813, 0.028263124924178228, 0.010519468657341921], [0.011367100737450904, 0.9878847566783101, 8.510579247774515e-06, 0.0007396320049913268], [0.49786949927005797, 0.4514420520672198, 0.02658372008529303, 0.02410472857742904], [0.26470957621186986, 0.7280096585352093, 0.0019414233321366394, 0.005339341920784299], [0.06044235918373635, 0.17368897827578797, 0.19771342568288955, 0.5681552368575861], [0.004097004561141315, 0.011502013304570234, 0.2585480283769263, 0.7258529537573621], [0.15469229817121746, 0.8448931817682088, 6.414965212594745e-05, 0.0003503704084480402], [0.9693282933516035, 0.030565078981541288, 0.00010336823625069787, 3.2594306045280905e-06], [0.29091002164003166, 4.099619752647889e-05, 0.7089490742386109, 9.990792383104671e-05], [0.12767973043134043, 0.251159081855389, 0.2093494394698266, 0.41181174824344413], [0.1637205140978908, 0.30621596573544885, 0.18466808973204246, 0.34539543043461784], [0.06639795643076112, 0.12021021888044585, 0.2894168749399923, 0.5239749497488005], [0.03704726230132035, 0.07152782300275609, 0.304166029841766, 0.5872588848541577], [0.7323629262981031, 0.2594506366307641, 0.006044929443861577, 0.002141507627271055]], "state_values": [4.966570793999067, -1.2268485916957694, 2.9148523008462996, 4.177087999694171, 1.7922908530224644, 4.181112758962806, 0.7771761068906198, -4.169460514266448, -0.17131590450036815, 2.435940318003934, 0.8245966755951671, 4.787282693083761, 0.3833179048962395, 3.7937200188417792, 4.809337387002863, -0.5882639332036327], "value_grad": [-5.544000625610352, 2.0196003913879395, -1.188000202178955, -1.9403998851776123, -6.6132001876831055, 2.415599822998047, 0.0, -1.4651999473571777, -5.227200508117676, -2.3364009857177734, 0.3959999084472656, -2.217600107192993, -1.3463995456695557, -3.088799476623535, 6.73199987411499, -1.7424006462097168], "action_grad": [[0.0, 0.0, 0.0], [0.0, 0.0, 0.0], [0.0, 0.0, 0.0], [0.0, 0.0, 0.0], [0.0, 0.0, 0.0], [0.0, 0.0, 0.0], [0.0, 0.0, 0.0], [0.0, 0.0, 0.0], [0.0, 0.0, 0.0], [0.0, 0.0, 0.0], [0.0, 0.0, 0.0], [0.0, 0.0, 0.0], [0.0, 0.0, 0.0], [0.0, 0.0, 0.0], [0.0, 0.0, 0.0], [0.0, 0.0, 0.0]], "action_params_change": 0, "value_params_change": 0.38686805180480066}
{"iterations": 1, "type_itr": 0, "sub_iteration": 11, "sub_it_time": 0.11631894111633301, "total_time": 1.4069349765777588, "value_loss": 3.682800054550171, "action_loss": -1.7694222927093506, "action_probs": [[0.016085650938574243, 0.007909276602742018, 0.6542914906834109, 0.3217135817752728], [0.13619088476549635, 0.030638361200177256, 0.6801580951580759, 0.1530126588762507], [0.7004948645271917, 0.26072254189128813, 0.028263124924178228, 0.010519468657341921], [0.011367100737450904, 0.9878847566783101, 8.510579247774515e-06, 0.0007396320049913268], [0.49786949927005797, 0.4514420520672198, 0.02658372008529303, 0.02410472857742904], [0.26470957621186986, 0.7280096585352093, 0.0019414233321366394, 0.005339341920784299], [0.06044235918373635, 0.17368897827578797, 0.19771342568288955, 0.5681552368575861], [0.004097004561141315, 0.011502013304570234, 0.2585480283769263, 0.7258529537573621], [0.15469229817121746, 0.8448931817682088, 6.414965212594745e-05, 0.0003503704084480402], [0.9693282933516035, 0.030565078981541288, 0.00010336823625069787, 3.2594306045280905e-06], [0.29091002164003166, 4.099619752647889e-05, 0.7089490742386109, 9.990792383104671e-05], [0.12767973043134043, 0.251159081855389, 0.2093494394698266, 0.41181174824344413], [0.1637205140978908, 0.30621596573544885, 0.18466808973204246, 0.34539543043461784], [0.06639795643076112, 0.12021021888044585, 0.2894168749399923, 0.5239749497488005], [0.03704726230132035, 0.07152782300275609, 0.304166029841766, 0.5872588848541577], [0.7323629262981031, 0.2594506366307641, 0.006044929443861577, 0.002141507627271055]], "state_values": [4.973537934447283, -1.314800213508394, 2.6378624399479467, 4.40792143426815, 2.631903815411161, 4.074477450595608, 0.7968659748346812, -4.2698483171120305, -0.14243960214678145, 3.0316184081943613, 0.8535475746757037, 4.858406339835864, -0.24721190636138965, 3.852891580288244, 4.774197391579209, -0.4062555569494993], "value_grad": [6.454798698425293, -0.5939993858337402, 2.296800136566162, -10.454401016235352, -1.8611998558044434, -4.593600273132324, 0.8316001892089844, 0.9108004570007324, 2.732400417327881, 1.7819995880126953, 0.8316001892089844, -0.23760032653808594, -4.593599796295166, 0.6336002349853516, 2.7719998359680176, 1.90079927444458], "action_grad": [[0.0, 0.0, 0.0], [0.0, 0.0, 0.0], [0.0, 0.0, 0.0], [0.0, 0.0, 0.0], [0.0, 0.0, 0.0], [0.0, 0.0, 0.0], [0.0, 0.0, 0.0], [0.0, 0.0, 0.0], [0.0, 0.0, 0.0], [0.0, 0.0, 0.0], [0.0, 0.0, 0.0], [0.0, 0.0, 0.0], [0.0, 0.0, 0.0], [0.0, 0.0, 0.0], [0.0, 0.0, 0.0], [0.0, 0.0, 0.0]], "action_params_change": 0, "value_params_change": 0.3754449305097882}
{"iterations": 1, "type_itr": 0, "sub_iteration": 12, "sub_it_time": 0.11408638954162598, "total_time": 1.5226147174835205, "value_loss": 3.2472002506256104, "action_loss": -1.946907877922058, "action_probs": [[0.016085650938574243, 0.007909276602742018, 0.6542914906834109, 0.3217135817752728], [0.13619088476549635, 0.030638361200177256, 0.6801580951580759, 0.1530126588762507], [0.7004948645271917, 0.26072254189128813, 0.028263124924178228, 0.010519468657341921], [0.011367100737450904, 0.9878847566783101, 8.510579247774515e-06, 0.0007396320049913268], [0.49786949927005797, 0.4514420520672198, 0.02658372008529303, 0.02410472857742904], [0.26470957621186986, 0.7280096585352093, 0.0019414233321366394, 0.005339341920784299], [0.06044235918373635, 0.17368897827578797, 0.19771342568288955, 0.5681552368575861], [0.004097004561141315, 0.011502013304570234, 0.2585480283769263, 0.7258529537573621], [0.15469229817121746, 0.8448931817682088, 6.414965212594745e-05, 0.0003503704084480402], [0.9693282933516035, 0.030565078981541288, 0.00010336823625069787, 3.2594306045280905e-06], [0.29091002164003166, 4.099619752647889e-05, 0.7089490742386109, 9.990792383104671e-05], [0.12767973043134043, 0.251159081855389, 0.2093494394698266, 0.41181174824344413], [0.1637205140978908, 0.30621596573544885, 0.18466808973204246, 0.34539543043461784], [0.06639795643076112, 0.12021021888044585, 0.2894168749399923, 0.5239749497488005], [0.03704726230132035, 0.07152782300275609, 0.304166029841766, 0.5872588848541577], [0.7323629262981031, 0.2594506366307641, 0.006044929443861577, 0.002141507627271055]], "state_values": [4.996344552219229, -1.2794655338116425, 2.4316874954485614, 4.595840492216838, 3.289009438161849, 3.770277910477269, 0.7427580486054798, -4.297517627285356, -0.022344068838460445, 3.618041261724951, 0.9642624533008859, 4.9568289506891015, -0.8043771919486896, 3.9305100335249383, 4.73828518144469, -0.21314787862698814], "value_grad": [6.177600383758545, -1.386000394821167, 0.5939998626708984, -0.6336002349853516, 0.6731996536254883, -8.9891996383667, -0.9503998756408691, 1.425600528717041, -1.9007997512817383, 3.0095999240875244, -1.029599666595459, -3.643199920654297, 0.15839910507202148, 0.5940003395080566, 0.11879968643188477, -0.43559980392456055], "action_grad": [[0.0, 0.0, 0.0], [0.0, 0.0, 0.0], [0.0, 0.0, 0.0], [0.0, 0.0, 0.0], [0.0, 0.0, 0.0], [0.0, 0.0, 0.0], [0.0, 0.0, 0.0], [0.0, 0.0, 0.0], [0.0, 0.0, 0.0], [0.0, 0.0, 0.0], [0.0, 0.0, 0.0], [0.0, 0.0, 0.0], [0.0, 0.0, 0.0], [0.0, 0.0, 0.0], [0.0, 0.0, 0.0], [0.0, 0.0, 0.0]], "action_params_change": 0, "value_params_change": 0.3271167570078597}
{"iterations": 1, "type_itr": 0, "sub_iteration": 13, "sub_it_time": 0.1145014762878418, "total_time": 1.638686180114746, "value_loss": 4.158000469207764, "action_loss": -2.1986474990844727, "action_probs": [[0.016085650938574243, 0.007909276602742018, 0.6542914906834109, 0.3217135817752728], [0.13619088476549635, 0.030638361200177256, 0.6801580951580759, 0.1530126588762507], [0.7004948645271917, 0.26072254189128813, 0.028263124924178228, 0.010519468657341921], [0.011367100737450904, 0.9878847566783101, 8.510579247774515e-06, 0.0007396320049913268], [0.49786949927005797, 0.4514420520672198, 0.02658372008529303, 0.02410472857742904], [0.26470957621186986, 0.7280096585352093, 0.0019414233321366394, 0.005339341920784299], [0.06044235918373635, 0.17368897827578797, 0.19771342568288955, 0.5681552368575861], [0.004097004561141315, 0.011502013304570234, 0.2585480283769263, 0.7258529537573621], [0.15469229817121746, 0.8448931817682088, 6.414965212594745e-05, 0.0003503704084480402], [0.9693282933516035, 0.030565078981541288, 0.00010336823625069787, 3.2594306045280905e-06], [0.29091002164003166, 4.099619752647889e-05, 0.7089490742386109, 9.990792383104671e-05], [0.12767973043134043, 0.251159081855389, 0.2093494394698266, 0.41181174824344413], [0.1637205140978908, 0.30621596573544885, 0.18466808973204246, 0.34539543043461784], [0.06639795643076112, 0.12021021888044585, 0.2894168749399923, 0.5239749497488005], [0.03704726230132035, 0.07152782300275609, 0.304166029841766, 0.5872588848541577], [0.7323629262981031, 0.2594506366307641, 0.006044929443861577, 0.002141507627271055]], "state_values": [4.999445226049921, -0.9921895945176629, 2.4757029738919636, 4.742872961094075, 3.7969010197546145, 3.5068023866864033, 0.5518680420054514, -4.161785918674304, 0.22156876971528836, 4.076318941425035, 1.2833863694124994, 4.99990384656345, -1.409194557799101, 3.9618310851265224, 4.70487544337183, -0.13122934680722328], "value_grad": [-0.5940003395080566, -3.4848010540008545, 2.6927995681762695, -0.5148003101348877, 0.39600038528442383, 1.465200424194336, -1.940399169921875, 4.316400051116943, -2.8512001037597656, 0.1584000587463379, -3.0095996856689453, -1.8216001987457275, -2.455200672149658, -0.8711996078491211, -0.07919979095458984, 1.386000394821167], "action_grad": [[0.0, 0.0, 0.0], [0.0, 0.0, 0.0], [0.0, 0.0, 0.0], [0.0, 0.0, 0.0], [0.0, 0.0, 0.0], [0.0, 0.0, 0.0], [0.0, 0.0, 0.0], [0.0, 0.0, 0.0], [0.0, 0.0, 0.0], [0.0, 0.0, 0.0], [0.0, 0.0, 0.0], [0.0, 0.0, 0.0], [0.0, 0.0, 0.0], [0.0, 0.0, 0.0], [0.0, 0.0, 0.0], [0.0, 0.0, 0.0]], "action_params_change": 0, "value_params_change": 0.28892674492161396}
