{"iterations": 0, "type_itr": 0, "sub_iteration": 0, "sub_it_time": 0, "total_time": 0, "value_loss": 0, "action_loss": 0, "action_probs": [[0.15047006414765798, 0.07015593637826588, 0.5315441308654885, 0.24782986860858766], [0.2681499671529853, 0.4831347072176025, 0.08877195113003612, 0.15994337449937607], [0.6749305376300637, 0.03124865852168928, 0.2808191379593964, 0.013001665888850503], [0.02114943126995153, 0.2855167597058417, 0.04781621245704466, 0.6455175965671622], [0.015639866804710807, 0.711737018531805, 0.005861870630175003, 0.2667612440333091], [0.0013539665631129537, 0.010615065764396218, 0.11176850867668134, 0.8762624589958095], [0.13095469243452268, 0.03261988201029906, 0.6696262834230509, 0.16679914213212754], [3.3815850528322665e-05, 3.664292489109145e-05, 0.4799042802493521, 0.5200252609752285], [0.06566568091866297, 0.03784821209756878, 0.5687001902245091, 0.3277859167592591], [0.2918820707990672, 0.6779878116850574, 0.009067650468151243, 0.021062467047724177], [0.7110535706982826, 0.07575785976795066, 0.1926617836617074, 0.02052678587205937], [0.019827404062988836, 0.02925472154185167, 0.38413643855089835, 0.566781435844261], [7.248386798317933e-05, 0.001142395386540843, 0.05959094993686666, 0.9391941708086091], [0.03238466537886225, 0.9584726754480045, 0.0002988139117461857, 0.008843845261386875], [0.8116284808496476, 0.17865024520257566, 0.007967517223773158, 0.0017537567240035051], [0.1125620686119314, 0.415075967195844, 0.10076991462844863, 0.3715920495637758]], "state_values": [2.799484797697931, 2.306048080466662, -0.21709080656918037, 2.350514805169722, -2.0907555981120165, 0.7817568018133803, 2.832870094151305, -2.3311671872132758, -4.437276755437787, 4.114604544853361, 4.979121061077599, 4.257393340457311, 1.240487289221387, 4.722841963108224, -1.9718798024631456, -4.9995884455770945], "value_grad": [0.0, 0.0, 0.0, 0.0, 0.0, 0.0, 0.0, 0.0, 0.0, 0.0, 0.0, 0.0, 0.0, 0.0, 0.0, 0.0], "action_grad": [[0.0, 0.0, 0.0], [0.0, 0.0, 0.0], [0.0, 0.0, 0.0], [0.0, 0.0, 0.0], [0.0, 0.0, 0.0], [0.0, 0.0, 0.0], [0.0, 0.0, 0.0], [0.0, 0.0, 0.0], [0.0, 0.0, 0.0], [0.0, 0.0, 0.0], [0.0, 0.0, 0.0], [0.0, 0.0, 0.0], [0.0, 0.0, 0.0], [0.0, 0.0, 0.0], [0.0, 0.0, 0.0], [0.0, 0.0, 0.0]], "action_params_change": 0, "value_params_change": 0}
{"iterations": 1, "type_itr": 0, "sub_iteration": 0, "sub_it_time": 0.28468799591064453, "total_time": 0.2861201763153076, "value_loss": 7.271749019622803, "action_loss": -1.042274832725525, "action_probs": [[0.15047006414765798, 0.07015593637826588, 0.5315441308654885, 0.24782986860858766], [0.2681499671529853, 0.4831347072176025, 0.08877195113003612, 0.15994337449937607], [0.6749305376300637, 0.03124865852168928, 0.2808191379593964, 0.013001665888850503], [0.02114943126995153, 0.2855167597058417, 0.04781621245704466, 0.6455175965671622], [0.015639866804710807, 0.711737018531805, 0.005861870630175003, 0.2667612440333091], [0.0013539665631129537, 0.010615065764396218, 0.11176850867668134, 0.8762624589958095], [0.13095469243452268, 0.03261988201029906, 0.6696262834230509, 0.16679914213212754], [3.3815850528322665e-05, 3.664292489109145e-05, 0.4799042802493521, 0.5200252609752285], [0.06566568091866297, 0.03784821209756878, 0.5687001902245091, 0.3277859167592591], [0.2918820707990672, 0.6779878116850574, 0.009067650468151243, 0.021062467047724177], [0.7110535706982826, 0.07575785976795066, 0.1926617836617074, 0.02052678587205937], [0.019827404062988836, 0.02925472154185167, 0.38413643855089835, 0.566781435844261], [7.248386798317933e-05, 0.001142395386540843, 0.05959094993686666, 0.9391941708086091], [0.03238466537886225, 0.9584726754480045, 0.0002988139117461857, 0.008843845261386875], [0.8116284808496476, 0.17865024520257566, 0.007967517223773158, 0.0017537567240035051], [0.1125620686119314, 0.415075967195844, 0.10076991462844863, 0.3715920495637758]], "state_values": [1.687507753220472, 1.1367618693656831, 1.0255112753051556, 3.369250966205966, -0.9020781738745285, 1.9792601574181354, 1.7254853152405099, -1.1643528232782725, -3.7291979490207217, 4.689511583683771, 4.711402870015897, 4.773721091249603, 2.4002679914566363, 4.169888482088497, -0.7738205257787956, -4.828292211201777], "value_grad": [0.20116853713989258, -0.4051079750061035, 0.7603206634521484, 0.35204458236694336, -0.4740123748779297, 0.43639230728149414, 0.45262861251831055, -0.22017574310302734, -0.9119887351989746, -0.20354413986206055, -0.2078995704650879, -0.0498957633972168, -0.5243034362792969, -0.1754283905029297, 0.5425205230712891, 0.026927471160888672], "action_grad": [[0.0, 0.0, 0.0], [0.0, 0.0, 0.0], [0.0, 0.0, 0.0], [0.0, 0.0, 0.0], [0.0, 0.0, 0.0], [0.0, 0.0, 0.0], [0.0, 0.0, 0.0], [0.0, 0.0, 0.0], [0.0, 0.0, 0.0], [0.0, 0.0, 0.0], [0.0, 0.0, 0.0], [0.0, 0.0, 0.0], [0.0, 0.0, 0.0], [0.0, 0.0, 0.0], [0.0, 0.0, 0.0], [0.0, 0.0, 0.0]], "action_params_change": 0, "value_params_change": 0.49999999451747623}
{"iterations": 1, "type_itr": 0, "sub_iteration": 1, "sub_it_time": 0.27930402755737305, "total_time": 0.5671029090881348, "value_loss": 5.910300254821777, "action_loss": -1.4176387786865234, "action_probs": [[0.15047006414765798, 0.07015593637826588, 0.5315441308654885, 0.24782986860858766], [0.2681499671529853, 0.4831347072176025, 0.08877195113003612, 0.15994337449937607], [0.6749305376300637, 0.03124865852168928, 0.2808191379593964, 0.013001665888850503], [0.02114943126995153, 0.2855167597058417, 0.04781621245704466, 0.6455175965671622], [0.015639866804710807, 0.711737018531805, 0.005861870630175003, 0.2667612440333091], [0.0013539665631129537, 0.010615065764396218, 0.11176850867668134, 0.8762624589958095], [0.13095469243452268, 0.03261988201029906, 0.6696262834230509, 0.16679914213212754], [3.3815850528322665e-05, 3.664292489109145e-05, 0.4799042802493521, 0.5200252609752285], [0.06566568091866297, 0.03784821209756878, 0.5687001902245091, 0.3277859167592591], [0.2918820707990672, 0.6779878116850574, 0.009067650468151243, 0.021062467047724177], [0.7110535706982826, 0.07575785976795066, 0.1926617836617074, 0.02052678587205937], [0.019827404062988836, 0.02925472154185167, 0.38413643855089835, 0.566781435844261], [7.248386798317933e-05, 0.001142395386540843, 0.05959094993686666, 0.9391941708086091], [0.03238466537886225, 0.9584726754480045, 0.0002988139117461857, 0.008843845261386875], [0.8116284808496476, 0.17865024520257566, 0.007967517223773158, 0.0017537567240035051], [0.1125620686119314, 0.415075967195844, 0.10076991462844863, 0.3715920495637758]], "state_values": [0.4739146127660694, 0.49948425711002065, 2.1982841206705603, 4.175524780083549, 0.3014537394490324, 2.2960359127504315, 0.9431596242169026, -1.2475120403962021, -2.79156726634524, 4.946075541137664, 4.175349423613578, 4.586615220174699, 2.9900415550260613, 3.436258838077354, 0.37822964821823996, -4.459852071346069], "value_grad": [0.26809215545654297, 0.07801151275634766, 0.6684474945068359, 0.48628807067871094, -0.3068990707397461, -0.21027660369873047, -0.011879920959472656, 0.22730398178100586, -1.203047752380371, -0.0502924919128418, -0.41857242584228516, 0.11998796463012695, 0.07286453247070312, -0.5417280197143555, 0.2573995590209961, 0.20473194122314453], "action_grad": [[0.0, 0.0, 0.0], [0.0, 0.0, 0.0], [0.0, 0.0, 0.0], [0.0, 0.0, 0.0], [0.0, 0.0, 0.0], [0.0, 0.0, 0.0], [0.0, 0.0, 0.0], [0.0, 0.0, 0.0], [0.0, 0.0, 0.0], [0.0, 0.0, 0.0], [0.0, 0.0, 0.0], [0.0, 0.0, 0.0], [0.0, 0.0, 0.0], [0.0, 0.0, 0.0], [0.0, 0.0, 0.0], [0.0, 0.0, 0.0]], "action_params_change": 0, "value_params_change": 0.4988856897477403}
{"iterations": 1, "type_itr": 0, "sub_iteration": 2, "sub_it_time": 0.28191184997558594, "total_time": 0.8506336212158203, "value_loss": 4.307292461395264, "action_loss": -1.5526182651519775, "action_probs": [[0.15047006414765798, 0.07015593637826588, 0.5315441308654885, 0.24782986860858766], [0.2681499671529853, 0.4831347072176025, 0.08877195113003612, 0.15994337449937607], [0.6749305376300637, 0.03124865852168928, 0.2808191379593964, 0.013001665888850503], [0.02114943126995153, 0.2855167597058417, 0.04781621245704466, 0.6455175965671622], [0.015639866804710807, 0.711737018531805, 0.005861870630175003, 0.2667612440333091], [0.0013539665631129537, 0.010615065764396218, 0.11176850867668134, 0.8762624589958095], [0.13095469243452268, 0.03261988201029906, 0.6696262834230509, 0.16679914213212754], [3.3815850528322665e-05, 3.664292489109145e-05, 0.4799042802493521, 0.5200252609752285], [0.06566568091866297, 0.03784821209756878, 0.5687001902245091, 0.3277859167592591], [0.2918820707990672, 0.6779878116850574, 0.009067650468151243, 0.021062467047724177], [0.7110535706982826, 0.07575785976795066, 0.1926617836617074, 0.02052678587205937], [0.019827404062988836, 0.02925472154185167, 0.38413643855089835, 0.566781435844261], [7.248386798317933e-05, 0.001142395386540843, 0.05959094993686666, 0.9391941708086091], [0.03238466537886225, 0.9584726754480045, 0.0002988139117461857, 0.008843845261386875], [0.8116284808496476, 0.17865024520257566, 0.007967517223773158, 0.0017537567240035051], [0.1125620686119314, 0.415075967195844, 0.10076991462844863, 0.3715920495637758]], "state_values": [-0.7618497787888342, -0.04747363211988805, 3.1015041197784425, 4.721566489641186, 1.3524681309581132, 2.4604916916317974, 1.219206884346185, -0.8244201842028277, -1.6770605192338834, 4.984734449793204, 3.412000061171239, 4.16016089184469, 3.046123284537416, 2.4919443617984296, 1.4240573144368565, -3.9768316802997257], "value_grad": [0.2067127227783203, -0.025344371795654297, 0.15285587310791016, 0.36036014556884766, -0.1081085205078125, -0.050292015075683594, -0.6308279037475586, -0.24195575714111328, -1.3064041137695312, -0.17186355590820312, -0.2249279022216797, 0.18651580810546875, 0.3053159713745117, -0.6763677597045898, 0.15602397918701172, 1.3428361415863037], "action_grad": [[0.0, 0.0, 0.0], [0.0, 0.0, 0.0], [0.0, 0.0, 0.0], [0.0, 0.0, 0.0], [0.0, 0.0, 0.0], [0.0, 0.0, 0.0], [0.0, 0.0, 0.0], [0.0, 0.0, 0.0], [0.0, 0.0, 0.0], [0.0, 0.0, 0.0], [0.0, 0.0, 0.0], [0.0, 0.0, 0.0], [0.0, 0.0, 0.0], [0.0, 0.0, 0.0], [0.0, 0.0, 0.0], [0.0, 0.0, 0.0]], "action_params_change": 0, "value_params_change": 0.5006177514248158}
{"iterations": 1, "type_itr": 0, "sub_iteration": 3, "sub_it_time": 0.28026914596557617, "total_time": 1.1327364444732666, "value_loss": 3.7790281772613525, "action_loss": -1.6484966278076172, "action_probs": [[0.15047006414765798, 0.07015593637826588, 0.5315441308654885, 0.24782986860858766], [0.2681499671529853, 0.4831347072176025, 0.08877195113003612, 0.15994337449937607], [0.6749305376300637, 0.03124865852168928, 0.2808191379593964, 0.013001665888850503], [0.02114943126995153, 0.2855167597058417, 0.04781621245704466, 0.6455175965671622], [0.015639866804710807, 0.711737018531805, 0.005861870630175003, 0.2667612440333091], [0.0013539665631129537, 0.010615065764396218, 0.11176850867668134, 0.8762624589958095], [0.13095469243452268, 0.03261988201029906, 0.6696262834230509, 0.16679914213212754], [3.3815850528322665e-05, 3.664292489109145e-05, 0.4799042802493521, 0.5200252609752285], [0.06566568091866297, 0.03784821209756878, 0.5687001902245091, 0.3277859167592591], [0.2918820707990672, 0.6779878116850574, 0.009067650468151243, 0.021062467047724177], [0.7110535706982826, 0.07575785976795066, 0.1926617836617074, 0.02052678587205937], [0.019827404062988836, 0.02925472154185167, 0.38413643855089835, 0.566781435844261], [7.248386798317933e-05, 0.001142395386540843, 0.05959094993686666, 0.9391941708086091], [0.03238466537886225, 0.9584726754480045, 0.0002988139117461857, 0.008843845261386875], [0.8116284808496476, 0.17865024520257566, 0.007967517223773158, 0.0017537567240035051], [0.1125620686119314, 0.415075967195844, 0.10076991462844863, 0.3715920495637758]], "state_values": [-1.9567135428660782, 0.07736304967876892, 3.512319760622723, 4.9802696518908425, 1.6527238635036459, 2.9574532093412746, 1.8196027763142382, -0.9975719420474326, -0.4647711556078241, 4.916613131665762, 2.4481561161540886, 3.504876779634836, 3.0875358110814437, 1.5057490044277992, 1.3847685813702384, -3.2650489574332338], "value_grad": [0.3231358528137207, 0.3476884365081787, -0.40312767028808594, 0.3579843044281006, 0.390455961227417, 0.4225316047668457, -0.6090478897094727, 0.31759190559387207, -1.0383121967315674, 0.12790799140930176, -0.5397481918334961, 0.24354004859924316, 0.0043561458587646484, -0.1580040454864502, -0.8015038967132568, 1.226412057876587], "action_grad": [[0.0, 0.0, 0.0], [0.0, 0.0, 0.0], [0.0, 0.0, 0.0], [0.0, 0.0, 0.0], [0.0, 0.0, 0.0], [0.0, 0.0, 0.0], [0.0, 0.0, 0.0], [0.0, 0.0, 0.0], [0.0, 0.0, 0.0], [0.0, 0.0, 0.0], [0.0, 0.0, 0.0], [0.0, 0.0, 0.0], [0.0, 0.0, 0.0], [0.0, 0.0, 0.0], [0.0, 0.0, 0.0], [0.0, 0.0, 0.0]], "action_params_change": 0, "value_params_change": 0.4982488613838876}
{"iterations": 1, "type_itr": 0, "sub_iteration": 4, "sub_it_time": 0.286008358001709, "total_time": 1.420426607131958, "value_loss": 2.802492141723633, "action_loss": -1.6028574705123901, "action_probs": [[0.15047006414765798, 0.07015593637826588, 0.5315441308654885, 0.24782986860858766], [0.2681499671529853, 0.4831347072176025, 0.08877195113003612, 0.15994337449937607], [0.6749305376300637, 0.03124865852168928, 0.2808191379593964, 0.013001665888850503], [0.02114943126995153, 0.2855167597058417, 0.04781621245704466, 0.6455175965671622], [0.015639866804710807, 0.711737018531805, 0.005861870630175003, 0.2667612440333091], [0.0013539665631129537, 0.010615065764396218, 0.11176850867668134, 0.8762624589958095], [0.13095469243452268, 0.03261988201029906, 0.6696262834230509, 0.16679914213212754], [3.3815850528322665e-05, 3.664292489109145e-05, 0.4799042802493521, 0.5200252609752285], [0.06566568091866297, 0.03784821209756878, 0.5687001902245091, 0.3277859167592591], [0.2918820707990672, 0.6779878116850574, 0.009067650468151243, 0.021062467047724177], [0.7110535706982826, 0.07575785976795066, 0.1926617836617074, 0.02052678587205937], [0.019827404062988836, 0.02925472154185167, 0.38413643855089835, 0.566781435844261], [7.248386798317933e-05, 0.001142395386540843, 0.05959094993686666, 0.9391941708086091], [0.03238466537886225, 0.9584726754480045, 0.0002988139117461857, 0.008843845261386875], [0.8116284808496476, 0.17865024520257566, 0.007967517223773158, 0.0017537567240035051], [0.1125620686119314, 0.415075967195844, 0.10076991462844863, 0.3715920495637758]], "state_values": [-2.746641355646438, 0.5530958317275436, 3.5929419188840965, 4.999623629384098, 1.5298156035679056, 2.9994870875600887, 2.339667848613185, -1.0513632857851143, 0.77180390347575, 4.918691582589787, 1.7246614239715676, 2.97627310471328, 2.770095352011792, 1.4001253210245292, 0.9932741797004893, -2.3716638696635406], "value_grad": [-0.10256409645080566, 0.37659645080566406, -0.5413320064544678, -0.5064842700958252, 0.42569994926452637, -0.4138202667236328, -0.0582118034362793, -0.06969547271728516, -1.0272243022918701, 0.20037603378295898, 0.20314812660217285, -0.07642793655395508, 0.489060640335083, 0.9844558238983154, -0.664884090423584, 0.8680322170257568], "action_grad": [[0.0, 0.0, 0.0], [0.0, 0.0, 0.0], [0.0, 0.0, 0.0], [0.0, 0.0, 0.0], [0.0, 0.0, 0.0], [0.0, 0.0, 0.0], [0.0, 0.0, 0.0], [0.0, 0.0, 0.0], [0.0, 0.0, 0.0], [0.0, 0.0, 0.0], [0.0, 0.0, 0.0], [0.0, 0.0, 0.0], [0.0, 0.0, 0.0], [0.0, 0.0, 0.0], [0.0, 0.0, 0.0], [0.0, 0.0, 0.0]], "action_params_change": 0, "value_params_change": 0.4961381259821973}
{"iterations": 1, "type_itr": 0, "sub_iteration": 5, "sub_it_time": 0.27949976921081543, "total_time": 1.7016956806182861, "value_loss": 1.6964640617370605, "action_loss": -1.523369312286377, "action_probs": [[0.15047006414765798, 0.07015593637826588, 0.5315441308654885, 0.24782986860858766], [0.2681499671529853, 0.4831347072176025, 0.08877195113003612, 0.15994337449937607], [0.6749305376300637, 0.03124865852168928, 0.2808191379593964, 0.013001665888850503], [0.02114943126995153, 0.2855167597058417, 0.04781621245704466, 0.6455175965671622], [0.015639866804710807, 0.711737018531805, 0.005861870630175003, 0.2667612440333091], [0.0013539665631129537, 0.010615065764396218, 0.11176850867668134, 0.8762624589958095], [0.13095469243452268, 0.03261988201029906, 0.6696262834230509, 0.16679914213212754], [3.3815850528322665e-05, 3.664292489109145e-05, 0.4799042802493521, 0.5200252609752285], [0.06566568091866297, 0.03784821209756878, 0.5687001902245091, 0.3277859167592591], [0.2918820707990672, 0.6779878116850574, 0.009067650468151243, 0.021062467047724177], [0.7110535706982826, 0.07575785976795066, 0.1926617836617074, 0.02052678587205937], [0.019827404062988836, 0.02925472154185167, 0.38413643855089835, 0.566781435844261], [7.248386798317933e-05, 0.001142395386540843, 0.05959094993686666, 0.9391941708086091], [0.03238466537886225, 0.9584726754480045, 0.0002988139117461857, 0.008843845261386875], [0.8116284808496476, 0.17865024520257566, 0.007967517223773158, 0.0017537567240035051], [0.1125620686119314, 0.415075967195844, 0.10076991462844863, 0.3715920495637758]], "state_values": [-3.482298913658502, 1.3047253114365374, 3.7203995138974824, 4.9895999285297465, 1.3693765930573734, 3.1831670123662614, 2.7925172802242293, -0.8266693892045099, 1.9185237687953076, 4.845118658334318, 1.4083772105112256, 2.2225547218624566, 2.3229758665881035, 1.633459563973556, 0.5217667647374722, -1.317111520630333], "value_grad": [0.17978382110595703, 0.8106119632720947, 0.16869604587554932, -0.23799610137939453, 0.07048773765563965, 0.23363971710205078, -0.05385565757751465, -0.23522400856018066, -0.608651876449585, -0.23166000843048096, 0.37619996070861816, 0.41975975036621094, 0.2490839958190918, 0.771408200263977, -0.26096391677856445, 1.1895840167999268], "action_grad": [[0.0, 0.0, 0.0], [0.0, 0.0, 0.0], [0.0, 0.0, 0.0], [0.0, 0.0, 0.0], [0.0, 0.0, 0.0], [0.0, 0.0, 0.0], [0.0, 0.0, 0.0], [0.0, 0.0, 0.0], [0.0, 0.0, 0.0], [0.0, 0.0, 0.0], [0.0, 0.0, 0.0], [0.0, 0.0, 0.0], [0.0, 0.0, 0.0], [0.0, 0.0, 0.0], [0.0, 0.0, 0.0], [0.0, 0.0, 0.0]], "action_params_change": 0, "value_params_change": 0.47764871685102683}
{"iterations": 1, "type_itr": 0, "sub_iteration": 6, "sub_it_time": 0.2747964859008789, "total_time": 1.978186845779419, "value_loss": 1.5986518859863281, "action_loss": -1.4693087339401245, "action_probs": [[0.15047006414765798, 0.07015593637826588, 0.5315441308654885, 0.24782986860858766], [0.2681499671529853, 0.4831347072176025, 0.08877195113003612, 0.15994337449937607], [0.6749305376300637, 0.03124865852168928, 0.2808191379593964, 0.013001665888850503], [0.02114943126995153, 0.2855167597058417, 0.04781621245704466, 0.6455175965671622], [0.015639866804710807, 0.711737018531805, 0.005861870630175003, 0.2667612440333091], [0.0013539665631129537, 0.010615065764396218, 0.11176850867668134, 0.8762624589958095], [0.13095469243452268, 0.03261988201029906, 0.6696262834230509, 0.16679914213212754], [3.3815850528322665e-05, 3.664292489109145e-05, 0.4799042802493521, 0.5200252609752285], [0.06566568091866297, 0.03784821209756878, 0.5687001902245091, 0.3277859167592591], [0.2918820707990672, 0.6779878116850574, 0.009067650468151243, 0.021062467047724177], [0.7110535706982826, 0.07575785976795066, 0.1926617836617074, 0.02052678587205937], [0.019827404062988836, 0.02925472154185167, 0.38413643855089835, 0.566781435844261], [7.248386798317933e-05, 0.001142395386540843, 0.05959094993686666, 0.9391941708086091], [0.03238466537886225, 0.9584726754480045, 0.0002988139117461857, 0.008843845261386875], [0.8116284808496476, 0.17865024520257566, 0.007967517223773158, 0.0017537567240035051], [0.1125620686119314, 0.415075967195844, 0.10076991462844863, 0.3715920495637758]], "state_values": [-3.7768992004953814, 1.592284434961237, 4.042542951915112, 4.964672184684897, 0.9271855828821747, 3.0233792762520717, 2.872855872470448, -0.5265716937352418, 2.874293400968356, 4.680027963928616, 1.5537573655086794, 1.41171536354729, 1.9748722301693198, 2.059034272489245, -0.060068813806832703, -0.18319911005366687], "value_grad": [-0.2934359312057495, -0.5437078475952148, 0.9353518486022949, 0.06811189651489258, 0.4977719783782959, -0.5749918222427368, 0.5460840463638306, -0.09583187103271484, -0.21819591522216797, -0.2118600606918335, 0.6557761430740356, 0.09662401676177979, -0.08593189716339111, 0.7048801183700562, -0.37619996070861816, 0.8442721366882324], "action_grad": [[0.0, 0.0, 0.0], [0.0, 0.0, 0.0], [0.0, 0.0, 0.0], [0.0, 0.0, 0.0], [0.0, 0.0, 0.0], [0.0, 0.0, 0.0], [0.0, 0.0, 0.0], [0.0, 0.0, 0.0], [0.0, 0.0, 0.0], [0.0, 0.0, 0.0], [0.0, 0.0, 0.0], [0.0, 0.0, 0.0], [0.0, 0.0, 0.0], [0.0, 0.0, 0.0], [0.0, 0.0, 0.0], [0.0, 0.0, 0.0]], "action_params_change": 0, "value_params_change": 0.45984014392653094}
{"iterations": 1, "type_itr": 0, "sub_iteration": 7, "sub_it_time": 0.2884788513183594, "total_time": 2.268353223800659, "value_loss": 1.440648078918457, "action_loss": -1.4057399034500122, "action_probs": [[0.15047006414765798, 0.07015593637826588, 0.5315441308654885, 0.24782986860858766], [0.2681499671529853, 0.4831347072176025, 0.08877195113003612, 0.15994337449937607], [0.6749305376300637, 0.03124865852168928, 0.2808191379593964, 0.013001665888850503], [0.02114943126995153, 0.2855167597058417, 0.04781621245704466, 0.6455175965671622], [0.015639866804710807, 0.711737018531805, 0.005861870630175003, 0.2667612440333091], [0.0013539665631129537, 0.010615065764396218, 0.11176850867668134, 0.8762624589958095], [0.13095469243452268, 0.03261988201029906, 0.6696262834230509, 0.16679914213212754], [3.3815850528322665e-05, 3.664292489109145e-05, 0.4799042802493521, 0.5200252609752285], [0.06566568091866297, 0.03784821209756878, 0.5687001902245091, 0.3277859167592591], [0.2918820707990672, 0.6779878116850574, 0.009067650468151243, 0.021062467047724177], [0.7110535706982826, 0.07575785976795066, 0.1926617836617074, 0.02052678587205937], [0.019827404062988836, 0.02925472154185167, 0.38413643855089835, 0.566781435844261], [7.248386798317933e-05, 0.001142395386540843, 0.05959094993686666, 0.9391941708086091], [0.03238466537886225, 0.9584726754480045, 0.0002988139117461857, 0.008843845261386875], [0.8116284808496476, 0.17865024520257566, 0.007967517223773158, 0.0017537567240035051], [0.1125620686119314, 0.415075967195844, 0.10076991462844863, 0.3715920495637758]], "state_values": [-3.695933927743782, 1.7745187836673626, 4.253481614020425, 4.885170153846832, 0.3961811505033017, 2.902689022555358, 2.818402234210968, -0.24335516011789812, 3.5206568362690165, 4.4728653149209485, 1.4636334607199786, 0.5834230941886307, 1.583379528317005, 2.4628734284028213, -0.43033247549089343, 0.9067336173601802], "value_grad": [-0.5417280197143555, -0.13305604457855225, -0.17661607265472412, 0.44906389713287354, 0.2328479290008545, 0.04712414741516113, 0.28076398372650146, -0.01584017276763916, 0.4415402412414551, -0.02574026584625244, -0.4106520414352417, 0.07603180408477783, 0.11008810997009277, 0.13820374011993408, 0.2803680896759033, 0.37857627868652344], "action_grad": [[0.0, 0.0, 0.0], [0.0, 0.0, 0.0], [0.0, 0.0, 0.0], [0.0, 0.0, 0.0], [0.0, 0.0, 0.0], [0.0, 0.0, 0.0], [0.0, 0.0, 0.0], [0.0, 0.0, 0.0], [0.0, 0.0, 0.0], [0.0, 0.0, 0.0], [0.0, 0.0, 0.0], [0.0, 0.0, 0.0], [0.0, 0.0, 0.0], [0.0, 0.0, 0.0], [0.0, 0.0, 0.0], [0.0, 0.0, 0.0]], "action_params_change": 0, "value_params_change": 0.43800746694774384}
{"iterations": 1, "type_itr": 0, "sub_iteration": 8, "sub_it_time": 0.2848384380340576, "total_time": 2.5549042224884033, "value_loss": 2.0564279556274414, "action_loss": -1.3432214260101318, "action_probs": [[0.15047006414765798, 0.07015593637826588, 0.5315441308654885, 0.24782986860858766], [0.2681499671529853, 0.4831347072176025, 0.08877195113003612, 0.15994337449937607], [0.6749305376300637, 0.03124865852168928, 0.2808191379593964, 0.013001665888850503], [0.02114943126995153, 0.2855167597058417, 0.04781621245704466, 0.6455175965671622], [0.015639866804710807, 0.711737018531805, 0.005861870630175003, 0.2667612440333091], [0.0013539665631129537, 0.010615065764396218, 0.11176850867668134, 0.8762624589958095], [0.13095469243452268, 0.03261988201029906, 0.6696262834230509, 0.16679914213212754], [3.3815850528322665e-05, 3.664292489109145e-05, 0.4799042802493521, 0.5200252609752285], [0.06566568091866297, 0.03784821209756878, 0.5687001902245091, 0.3277859167592591], [0.2918820707990672, 0.6779878116850574, 0.009067650468151243, 0.021062467047724177], [0.7110535706982826, 0.07575785976795066, 0.1926617836617074, 0.02052678587205937], [0.019827404062988836, 0.02925472154185167, 0.38413643855089835, 0.566781435844261], [7.248386798317933e-05, 0.001142395386540843, 0.05959094993686666, 0.9391941708086091], [0.03238466537886225, 0.9584726754480045, 0.0002988139117461857, 0.008843845261386875], [0.8116284808496476, 0.17865024520257566, 0.007967517223773158, 0.0017537567240035051], [0.1125620686119314, 0.415075967195844, 0.10076991462844863, 0.3715920495637758]], "state_values": [-3.6844500368415005, 1.8350365044257866, 4.390317224358656, 4.782020530698232, 0.1553508746405985, 2.5671672137923296, 2.7942379192028675, 0.05114903067641047, 3.8605301458772447, 4.092542013179776, 1.4532873088539322, -0.18164928699923807, 0.9792155459075765, 2.812529231943102, -0.7368645542580621, 1.8663202224431148], "value_grad": [0.12276005744934082, -0.20512819290161133, -0.15840017795562744, -0.029303550720214844, -0.35323214530944824, -0.5151959657669067, -0.05623197555541992, -0.040392160415649414, 0.9072360992431641, -0.3928321599960327, 0.13820409774780273, 0.013859987258911133, 0.4728240966796875, 0.026928186416625977, 0.04395604133605957, 0.12355208396911621], "action_grad": [[0.0, 0.0, 0.0], [0.0, 0.0, 0.0], [0.0, 0.0, 0.0], [0.0, 0.0, 0.0], [0.0, 0.0, 0.0], [0.0, 0.0, 0.0], [0.0, 0.0, 0.0], [0.0, 0.0, 0.0], [0.0, 0.0, 0.0], [0.0, 0.0, 0.0], [0.0, 0.0, 0.0], [0.0, 0.0, 0.0], [0.0, 0.0, 0.0], [0.0, 0.0, 0.0], [0.0, 0.0, 0.0], [0.0, 0.0, 0.0]], "action_params_change": 0, "value_params_change": 0.4003383281753754}
{"iterations": 1, "type_itr": 0, "sub_iteration": 9, "sub_it_time": 0.2842731475830078, "total_time": 2.840878486633301, "value_loss": 2.598155975341797, "action_loss": -1.2312426567077637, "action_probs": [[0.15047006414765798, 0.07015593637826588, 0.5315441308654885, 0.24782986860858766], [0.2681499671529853, 0.4831347072176025, 0.08877195113003612, 0.15994337449937607], [0.6749305376300637, 0.03124865852168928, 0.2808191379593964, 0.013001665888850503], [0.02114943126995153, 0.2855167597058417, 0.04781621245704466, 0.6455175965671622], [0.015639866804710807, 0.711737018531805, 0.005861870630175003, 0.2667612440333091], [0.0013539665631129537, 0.010615065764396218, 0.11176850867668134, 0.8762624589958095], [0.13095469243452268, 0.03261988201029906, 0.6696262834230509, 0.16679914213212754], [3.3815850528322665e-05, 3.664292489109145e-05, 0.4799042802493521, 0.5200252609752285], [0.06566568091866297, 0.03784821209756878, 0.5687001902245091, 0.3277859167592591], [0.2918820707990672, 0.6779878116850574, 0.009067650468151243, 0.021062467047724177], [0.7110535706982826, 0.07575785976795066, 0.1926617836617074, 0.02052678587205937], [0.019827404062988836, 0.02925472154185167, 0.38413643855089835, 0.566781435844261], [7.248386798317933e-05, 0.001142395386540843, 0.05959094993686666, 0.9391941708086091], [0.03238466537886225, 0.9584726754480045, 0.0002988139117461857, 0.008843845261386875], [0.8116284808496476, 0.17865024520257566, 0.007967517223773158, 0.0017537567240035051], [0.1125620686119314, 0.415075967195844, 0.10076991462844863, 0.3715920495637758]], "state_values": [-3.665372207259773, 1.7734855557978657, 4.464079054205305, 4.61047995700712, -0.12154672582220356, 2.322008358952111, 2.5982372229496398, 0.6543337455398924, 4.114200110263371, 3.6705660993110913, 1.1348455960281318, -1.0660967755791173, 0.533962564585827, 2.8955859320103245, -0.7776431748269791, 2.514209808145685], "value_grad": [-0.017819881439208984, -0.2482919692993164, -0.21423578262329102, 0.27640795707702637, 0.10890007019042969, 0.13701605796813965, 0.42609596252441406, -0.5338082313537598, 0.13028383255004883, -0.00910806655883789, -0.7294321060180664, 0.31006789207458496, -0.15998435020446777, -0.7211160659790039, 0.505295991897583, -0.6233038902282715], "action_grad": [[0.0, 0.0, 0.0], [0.0, 0.0, 0.0], [0.0, 0.0, 0.0], [0.0, 0.0, 0.0], [0.0, 0.0, 0.0], [0.0, 0.0, 0.0], [0.0, 0.0, 0.0], [0.0, 0.0, 0.0], [0.0, 0.0, 0.0], [0.0, 0.0, 0.0], [0.0, 0.0, 0.0], [0.0, 0.0, 0.0], [0.0, 0.0, 0.0], [0.0, 0.0, 0.0], [0.0, 0.0, 0.0], [0.0, 0.0, 0.0]], "action_params_change": 0, "value_params_change": 0.3570621132649592}
{"iterations": 1, "type_itr": 0, "sub_iteration": 10, "sub_it_time": 0.27511143684387207, "total_time": 3.117598295211792, "value_loss": 2.5641002655029297, "action_loss": -1.1223424673080444, "action_probs": [[0.15047006414765798, 0.07015593637826588, 0.5315441308654885, 0.24782986860858766], [0.2681499671529853, 0.4831347072176025, 0.08877195113003612, 0.15994337449937607], [0.6749305376300637, 0.03124865852168928, 0.2808191379593964, 0.013001665888850503], [0.02114943126995153, 0.2855167597058417, 0.04781621245704466, 0.6455175965671622], [0.015639866804710807, 0.711737018531805, 0.005861870630175003, 0.2667612440333091], [0.0013539665631129537, 0.010615065764396218, 0.11176850867668134, 0.8762624589958095], [0.13095469243452268, 0.03261988201029906, 0.6696262834230509, 0.16679914213212754], [3.3815850528322665e-05, 3.664292489109145e-05, 0.4799042802493521, 0.5200252609752285], [0.06566568091866297, 0.03784821209756878, 0.5687001902245091, 0.3277859167592591], [0.2918820707990672, 0.6779878116850574, 0.009067650468151243, 0.021062467047724177], [0.7110535706982826, 0.07575785976795066, 0.1926617836617074, 0.02052678587205937], [0.019827404062988836, 0.02925472154185167, 0.38413643855089835, 0.566781435844261], [7.248386798317933e-05, 0.001142395386540843, 0.05959094993686666, 0.9391941708086091], [0.03238466537886225, 0.9584726754480045, 0.0002988139117461857, 0.008843845261386875], [0.8116284808496476, 0.17865024520257566, 0.007967517223773158, 0.0017537567240035051], [0.1125620686119314, 0.415075967195844, 0.10076991462844863, 0.3715920495637758]], "state_values": [-3.4596580249147446, 1.5599283996978395, 4.563717457395994, 4.381723034178882, -0.28736240660766194, 2.0259741514350584, 2.244096074177785, 1.076287189364575, 4.229560079117427, 3.234677095120239, 0.8380535199326803, -1.6798800034380355, 0.045960069342649804, 2.846949500572511, -0.47729817898176724, 2.9304100636816965], "value_grad": [-0.41896772384643555, -0.35956835746765137, 0.24195623397827148, 0.14255976676940918, -0.1405797004699707, -0.1481037139892578, 0.4585683345794678, 0.13899612426757812, 0.7314116954803467, -0.0015842914581298828, -0.0166318416595459, -0.15087628364562988, 0.14572787284851074, -0.4641122817993164, 0.9405002593994141, -0.5920202732086182], "action_grad": [[0.0, 0.0, 0.0], [0.0, 0.0, 0.0], [0.0, 0.0, 0.0], [0.0, 0.0, 0.0], [0.0, 0.0, 0.0], [0.0, 0.0, 0.0], [0.0, 0.0, 0.0], [0.0, 0.0, 0.0], [0.0, 0.0, 0.0], [0.0, 0.0, 0.0], [0.0, 0.0, 0.0], [0.0, 0.0, 0.0], [0.0, 0.0, 0.0], [0.0, 0.0, 0.0], [0.0, 0.0, 0.0], [0.0, 0.0, 0.0]], "action_params_change": 0, "value_params_change": 0.25554472979793497}
{"iterations": 1, "type_itr": 0, "sub_iteration": 11, "sub_it_time": 0.28075194358825684, "total_time": 3.4000046253204346, "value_loss": 3.0658323764801025, "action_loss": -1.0187489986419678, "action_probs": [[0.15047006414765798, 0.07015593637826588, 0.5315441308654885, 0.24782986860858766], [0.2681499671529853, 0.4831347072176025, 0.08877195113003612, 0.15994337449937607], [0.6749305376300637, 0.03124865852168928, 0.2808191379593964, 0.013001665888850503], [0.02114943126995153, 0.2855167597058417, 0.04781621245704466, 0.6455175965671622], [0.015639866804710807, 0.711737018531805, 0.005861870630175003, 0.2667612440333091], [0.0013539665631129537, 0.010615065764396218, 0.11176850867668134, 0.8762624589958095], [0.13095469243452268, 0.03261988201029906, 0.6696262834230509, 0.16679914213212754], [3.3815850528322665e-05, 3.664292489109145e-05, 0.4799042802493521, 0.5200252609752285], [0.06566568091866297, 0.03784821209756878, 0.5687001902245091, 0.3277859167592591], [0.2918820707990672, 0.6779878116850574, 0.009067650468151243, 0.021062467047724177], [0.7110535706982826, 0.07575785976795066, 0.1926617836617074, 0.02052678587205937], [0.019827404062988836, 0.02925472154185167, 0.38413643855089835, 0.566781435844261], [7.248386798317933e-05, 0.001142395386540843, 0.05959094993686666, 0.9391941708086091], [0.03238466537886225, 0.9584726754480045, 0.0002988139117461857, 0.008843845261386875], [0.8116284808496476, 0.17865024520257566, 0.007967517223773158, 0.0017537567240035051], [0.1125620686119314, 0.415075967195844, 0.10076991462844863, 0.3715920495637758]], "state_values": [-3.293416905898348, 1.4123080801061847, 4.6260381617139235, 4.136497390570056, -0.4513887326962335, 1.5549519391856814, 1.945538746504183, 1.2419399734064294, 4.28812223135802, 2.57825141937372, 0.603954140683038, -1.9669729004355396, -0.3845442742475722, 2.5775345484502203, 0.06839952423065578, 3.104906233302715], "value_grad": [0.058608293533325195, 0.10296034812927246, -0.1322638988494873, -0.0063359737396240234, 0.026927947998046875, -0.4712402820587158, -0.07603240013122559, 0.27126026153564453, 0.3564002513885498, -0.7789313793182373, 0.08038783073425293, -0.26215195655822754, -0.01425623893737793, -0.9670321941375732, 1.0398964881896973, -0.9472322463989258], "action_grad": [[0.0, 0.0, 0.0], [0.0, 0.0, 0.0], [0.0, 0.0, 0.0], [0.0, 0.0, 0.0], [0.0, 0.0, 0.0], [0.0, 0.0, 0.0], [0.0, 0.0, 0.0], [0.0, 0.0, 0.0], [0.0, 0.0, 0.0], [0.0, 0.0, 0.0], [0.0, 0.0, 0.0], [0.0, 0.0, 0.0], [0.0, 0.0, 0.0], [0.0, 0.0, 0.0], [0.0, 0.0, 0.0], [0.0, 0.0, 0.0]], "action_params_change": 0, "value_params_change": 0.323584439162377}
{"iterations": 1, "type_itr": 0, "sub_iteration": 12, "sub_it_time": 0.28197693824768066, "total_time": 3.6838648319244385, "value_loss": 2.9212920665740967, "action_loss": -0.9065164923667908, "action_probs": [[0.15047006414765798, 0.07015593637826588, 0.5315441308654885, 0.24782986860858766], [0.2681499671529853, 0.4831347072176025, 0.08877195113003612, 0.15994337449937607], [0.6749305376300637, 0.03124865852168928, 0.2808191379593964, 0.013001665888850503], [0.02114943126995153, 0.2855167597058417, 0.04781621245704466, 0.6455175965671622], [0.015639866804710807, 0.711737018531805, 0.005861870630175003, 0.2667612440333091], [0.0013539665631129537, 0.010615065764396218, 0.11176850867668134, 0.8762624589958095], [0.13095469243452268, 0.03261988201029906, 0.6696262834230509, 0.16679914213212754], [3.3815850528322665e-05, 3.664292489109145e-05, 0.4799042802493521, 0.5200252609752285], [0.06566568091866297, 0.03784821209756878, 0.5687001902245091, 0.3277859167592591], [0.2918820707990672, 0.6779878116850574, 0.009067650468151243, 0.021062467047724177], [0.7110535706982826, 0.07575785976795066, 0.1926617836617074, 0.02052678587205937], [0.019827404062988836, 0.02925472154185167, 0.38413643855089835, 0.566781435844261], [7.248386798317933e-05, 0.001142395386540843, 0.05959094993686666, 0.9391941708086091], [0.03238466537886225, 0.9584726754480045, 0.0002988139117461857, 0.008843845261386875], [0.8116284808496476, 0.17865024520257566, 0.007967517223773158, 0.0017537567240035051], [0.1125620686119314, 0.415075967195844, 0.10076991462844863, 0.3715920495637758]], "state_values": [-3.00209528247215, 1.0745474116096867, 4.657998049456306, 4.13605576147814, -0.5847006305582239, 1.0996737901627451, 1.6923114919978801, 1.3122581715971626, 4.280220733689912, 1.9811805157360523, 0.1597413729997727, -2.036261009135465, -0.4960457327923667, 2.117190969667273, 0.6620918967253341, 3.1863505202829128], "value_grad": [-0.29462409019470215, -0.498960018157959, -0.1492919921875, -0.776160478591919, -0.0249483585357666, -0.03563952445983887, -0.053459882736206055, 0.11167192459106445, 0.5520241260528564, 0.09028792381286621, -0.6324117183685303, -0.2312638759613037, -0.4320361614227295, -1.0240561962127686, 0.3750114440917969, -0.42807579040527344], "action_grad": [[0.0, 0.0, 0.0], [0.0, 0.0, 0.0], [0.0, 0.0, 0.0], [0.0, 0.0, 0.0], [0.0, 0.0, 0.0], [0.0, 0.0, 0.0], [0.0, 0.0, 0.0], [0.0, 0.0, 0.0], [0.0, 0.0, 0.0], [0.0, 0.0, 0.0], [0.0, 0.0, 0.0], [0.0, 0.0, 0.0], [0.0, 0.0, 0.0], [0.0, 0.0, 0.0], [0.0, 0.0, 0.0], [0.0, 0.0, 0.0]], "action_params_change": 0, "value_params_change": 0.26870536951662993}
{"iterations": 1, "type_itr": 0, "sub_iteration": 13, "sub_it_time": 0.27799296379089355, "total_time": 3.96354079246521, "value_loss": 2.7609119415283203, "action_loss": -0.8316465616226196, "action_probs": [[0.15047006414765798, 0.07015593637826588, 0.5315441308654885, 0.24782986860858766], [0.2681499671529853, 0.4831347072176025, 0.08877195113003612, 0.15994337449937607], [0.6749305376300637, 0.03124865852168928, 0.2808191379593964, 0.013001665888850503], [0.02114943126995153, 0.2855167597058417, 0.04781621245704466, 0.6455175965671622], [0.015639866804710807, 0.711737018531805, 0.005861870630175003, 0.2667612440333091], [0.0013539665631129537, 0.010615065764396218, 0.11176850867668134, 0.8762624589958095], [0.13095469243452268, 0.03261988201029906, 0.6696262834230509, 0.16679914213212754], [3.3815850528322665e-05, 3.664292489109145e-05, 0.4799042802493521, 0.5200252609752285], [0.06566568091866297, 0.03784821209756878, 0.5687001902245091, 0.3277859167592591], [0.2918820707990672, 0.6779878116850574, 0.009067650468151243, 0.021062467047724177], [0.7110535706982826, 0.07575785976795066, 0.1926617836617074, 0.02052678587205937], [0.019827404062988836, 0.02925472154185167, 0.38413643855089835, 0.566781435844261], [7.248386798317933e-05, 0.001142395386540843, 0.05959094993686666, 0.9391941708086091], [0.03238466537886225, 0.9584726754480045, 0.0002988139117461857, 0.008843845261386875], [0.8116284808496476, 0.17865024520257566, 0.007967517223773158, 0.0017537567240035051], [0.1125620686119314, 0.415075967195844, 0.10076991462844863, 0.3715920495637758]], "state_values": [-2.939672812719027, 0.7836206957587721, 4.656541611188259, 4.159831875909945, -0.5798783326111843, 0.6090268595342735, 1.6086330213663949, 1.3600236795816623, 4.224223174380471, 1.2125803920241371, -0.24953125898351158, -1.6635288263428956, -0.7398664602288793, 1.5053776108040442, 1.2543645950498332, 3.1523288920134034], "value_grad": [0.41223573684692383, 0.042768001556396484, -0.21740412712097168, -0.09701991081237793, -0.22057199478149414, -0.15206408500671387, -0.33699607849121094, 0.022571802139282227, 0.45183610916137695, -0.49460387229919434, -0.017027854919433594, -0.8129880428314209, 0.26927995681762695, -0.9088201522827148, 0.23363971710205078, -0.6601316928863525], "action_grad": [[0.0, 0.0, 0.0], [0.0, 0.0, 0.0], [0.0, 0.0, 0.0], [0.0, 0.0, 0.0], [0.0, 0.0, 0.0], [0.0, 0.0, 0.0], [0.0, 0.0, 0.0], [0.0, 0.0, 0.0], [0.0, 0.0, 0.0], [0.0, 0.0, 0.0], [0.0, 0.0, 0.0], [0.0, 0.0, 0.0], [0.0, 0.0, 0.0], [0.0, 0.0, 0.0], [0.0, 0.0, 0.0], [0.0, 0.0, 0.0]], "action_params_change": 0, "value_params_change": 0.3249104903876119}
