{"iterations": 0, "type_itr": 0, "sub_iteration": 0, "sub_it_time": 0, "total_time": 0, "value_loss": 0, "action_loss": 0, "action_probs": [[0.10402749074475784, 0.037827592907045016, 0.6293088696221604, 0.22883604672603666], [0.10895294774431481, 0.8856256651051894, 0.0005938958502409037, 0.0048274913002549534], [0.6228096123046167, 0.1719940739339634, 0.16079220420440352, 0.04440410955701641], [0.7001713437411938, 0.030375120787063316, 0.25825002675071895, 0.011203508721023804], [0.03977782167338548, 1.2408876325144305e-05, 0.9599103209648021, 0.00029944848548736603], [0.10214721211858947, 0.8889894233396194, 0.000913464345424128, 0.007949900196366827], [0.1320656085659169, 0.012780545728951294, 0.7796990786557161, 0.07545476704941566], [0.6555625716304068, 0.34423823847907975, 0.00013060745255208056, 6.858243796156778e-05], [0.2446055412489803, 0.0004942880978239708, 0.7533777780411994, 0.001522392611996424], [0.5420020015743815, 0.3675879648190986, 0.05387308676175831, 0.036536946844761393], [0.3969734332640287, 0.03411411592574276, 0.5238915604249327, 0.04502089038529593], [0.04032285994675422, 0.8829752396414844, 0.0033497740213400697, 0.07335212639042117], [0.38548100461312756, 0.07244576364893333, 0.45631517619569056, 0.08575805554224857], [0.25780942765017373, 0.3123052793452211, 0.19439681170273632, 0.23548848130186872], [0.8776363965723921, 6.392080735433489e-05, 0.12229077582792665, 8.906792327025229e-06], [0.25204817274617286, 0.733512718739044, 0.0036926697768520514, 0.010746438737931201]], "state_values": [-4.6151223244389294, -1.6014798760894766, 4.979415508202413, 4.475863980802535, 4.660900637965339, -0.444241242551836, 2.5258742962265446, 3.3388091874586423, -4.382586229144208, 4.986317613147286, -0.6892094082493039, 2.7163033739926745, 2.2804929744436118, -3.7740986635662956, 1.414494340794972, -4.2188161639468555], "value_grad": [0.0, 0.0, 0.0, 0.0, 0.0, 0.0, 0.0, 0.0, 0.0, 0.0, 0.0, 0.0, 0.0, 0.0, 0.0, 0.0], "action_grad": [[0.0, 0.0, 0.0], [0.0, 0.0, 0.0], [0.0, 0.0, 0.0], [0.0, 0.0, 0.0], [0.0, 0.0, 0.0], [0.0, 0.0, 0.0], [0.0, 0.0, 0.0], [0.0, 0.0, 0.0], [0.0, 0.0, 0.0], [0.0, 0.0, 0.0], [0.0, 0.0, 0.0], [0.0, 0.0, 0.0], [0.0, 0.0, 0.0], [0.0, 0.0, 0.0], [0.0, 0.0, 0.0], [0.0, 0.0, 0.0]], "action_params_change": 0, "value_params_change": 0}
{"iterations": 1, "type_itr": 0, "sub_iteration": 0, "sub_it_time": 2.38584566116333, "total_time": 2.387585401535034, "value_loss": 12.955695152282715, "action_loss": -1.025341272354126, "action_probs": [[0.10402749074475784, 0.037827592907045016, 0.6293088696221604, 0.22883604672603666], [0.10895294774431481, 0.8856256651051894, 0.0005938958502409037, 0.0048274913002549534], [0.6228096123046167, 0.1719940739339634, 0.16079220420440352, 0.04440410955701641], [0.7001713437411938, 0.030375120787063316, 0.25825002675071895, 0.011203508721023804], [0.03977782167338548, 1.2408876325144305e-05, 0.9599103209648021, 0.00029944848548736603], [0.10214721211858947, 0.8889894233396194, 0.000913464345424128, 0.007949900196366827], [0.1320656085659169, 0.012780545728951294, 0.7796990786557161, 0.07545476704941566], [0.6555625716304068, 0.34423823847907975, 0.00013060745255208056, 6.858243796156778e-05], [0.2446055412489803, 0.0004942880978239708, 0.7533777780411994, 0.001522392611996424], [0.5420020015743815, 0.3675879648190986, 0.05387308676175831, 0.036536946844761393], [0.3969734332640287, 0.03411411592574276, 0.5238915604249327, 0.04502089038529593], [0.04032285994675422, 0.8829752396414844, 0.0033497740213400697, 0.07335212639042117], [0.38548100461312756, 0.07244576364893333, 0.45631517619569056, 0.08575805554224857], [0.25780942765017373, 0.3123052793452211, 0.19439681170273632, 0.23548848130186872], [0.8776363965723921, 6.392080735433489e-05, 0.12229077582792665, 8.906792327025229e-06], [0.25204817274617286, 0.733512718739044, 0.0036926697768520514, 0.010746438737931201]], "state_values": [-3.9957168286768554, -0.3798432386124954, 4.712485665765478, 4.888083604230642, 4.0682098421058415, 0.8016967253528202, 1.37978188673637, 2.3142071520922745, -3.650877457485801, 4.739853722416815, 0.5574279437744251, 1.5933031801978672, 1.1087378794334886, -2.8453698542556403, 0.18403392798677937, -3.4237356058307724], "value_grad": [-0.208770751953125, 0.5633878707885742, 0.082366943359375, 0.016277313232421875, -0.9329738616943359, 0.8349676132202148, 0.3663797378540039, -0.19328975677490234, -1.285059928894043, -0.1377706527709961, 1.192317008972168, -0.024512290954589844, -1.2684669494628906, -1.2792768478393555, 1.134500503540039, 0.9863958358764648], "action_grad": [[0.0, 0.0, 0.0], [0.0, 0.0, 0.0], [0.0, 0.0, 0.0], [0.0, 0.0, 0.0], [0.0, 0.0, 0.0], [0.0, 0.0, 0.0], [0.0, 0.0, 0.0], [0.0, 0.0, 0.0], [0.0, 0.0, 0.0], [0.0, 0.0, 0.0], [0.0, 0.0, 0.0], [0.0, 0.0, 0.0], [0.0, 0.0, 0.0], [0.0, 0.0, 0.0], [0.0, 0.0, 0.0], [0.0, 0.0, 0.0]], "action_params_change": 0, "value_params_change": 0.49999999610913104}
{"iterations": 1, "type_itr": 0, "sub_iteration": 1, "sub_it_time": 2.3484299182891846, "total_time": 4.737994194030762, "value_loss": 7.6836676597595215, "action_loss": -0.907086968421936, "action_probs": [[0.10402749074475784, 0.037827592907045016, 0.6293088696221604, 0.22883604672603666], [0.10895294774431481, 0.8856256651051894, 0.0005938958502409037, 0.0048274913002549534], [0.6228096123046167, 0.1719940739339634, 0.16079220420440352, 0.04440410955701641], [0.7001713437411938, 0.030375120787063316, 0.25825002675071895, 0.011203508721023804], [0.03977782167338548, 1.2408876325144305e-05, 0.9599103209648021, 0.00029944848548736603], [0.10214721211858947, 0.8889894233396194, 0.000913464345424128, 0.007949900196366827], [0.1320656085659169, 0.012780545728951294, 0.7796990786557161, 0.07545476704941566], [0.6555625716304068, 0.34423823847907975, 0.00013060745255208056, 6.858243796156778e-05], [0.2446055412489803, 0.0004942880978239708, 0.7533777780411994, 0.001522392611996424], [0.5420020015743815, 0.3675879648190986, 0.05387308676175831, 0.036536946844761393], [0.3969734332640287, 0.03411411592574276, 0.5238915604249327, 0.04502089038529593], [0.04032285994675422, 0.8829752396414844, 0.0033497740213400697, 0.07335212639042117], [0.38548100461312756, 0.07244576364893333, 0.45631517619569056, 0.08575805554224857], [0.25780942765017373, 0.3123052793452211, 0.19439681170273632, 0.23548848130186872], [0.8776363965723921, 6.392080735433489e-05, 0.12229077582792665, 8.906792327025229e-06], [0.25204817274617286, 0.733512718739044, 0.0036926697768520514, 0.010746438737931201]], "state_values": [-3.2272121097488506, 0.8369614040209409, 4.200407950803547, 4.69946852310081, 3.2289239610582903, 1.8514592658115476, 1.1722586873151288, 1.2662520055976856, -2.6915855610191346, 4.206985962186966, 1.576724775754754, 0.5843835373678731, -0.09886534420279638, -1.7393166619726064, -0.9400594525718, -2.4182556297876148], "value_grad": [-0.08268547058105469, 0.3988509178161621, 0.22259140014648438, -0.06090354919433594, -1.3440637588500977, 0.2822690010070801, -0.22995662689208984, -0.0783686637878418, -1.3166608810424805, -0.10969305038452148, 0.31137561798095703, -0.17768573760986328, -0.8699731826782227, -1.298008918762207, 0.46965551376342773, 0.9234719276428223], "action_grad": [[0.0, 0.0, 0.0], [0.0, 0.0, 0.0], [0.0, 0.0, 0.0], [0.0, 0.0, 0.0], [0.0, 0.0, 0.0], [0.0, 0.0, 0.0], [0.0, 0.0, 0.0], [0.0, 0.0, 0.0], [0.0, 0.0, 0.0], [0.0, 0.0, 0.0], [0.0, 0.0, 0.0], [0.0, 0.0, 0.0], [0.0, 0.0, 0.0], [0.0, 0.0, 0.0], [0.0, 0.0, 0.0], [0.0, 0.0, 0.0]], "action_params_change": 0, "value_params_change": 0.5002796911159173}
{"iterations": 1, "type_itr": 0, "sub_iteration": 2, "sub_it_time": 2.346658945083618, "total_time": 7.0867345333099365, "value_loss": 4.414370536804199, "action_loss": -0.7805072069168091, "action_probs": [[0.10402749074475784, 0.037827592907045016, 0.6293088696221604, 0.22883604672603666], [0.10895294774431481, 0.8856256651051894, 0.0005938958502409037, 0.0048274913002549534], [0.6228096123046167, 0.1719940739339634, 0.16079220420440352, 0.04440410955701641], [0.7001713437411938, 0.030375120787063316, 0.25825002675071895, 0.011203508721023804], [0.03977782167338548, 1.2408876325144305e-05, 0.9599103209648021, 0.00029944848548736603], [0.10214721211858947, 0.8889894233396194, 0.000913464345424128, 0.007949900196366827], [0.1320656085659169, 0.012780545728951294, 0.7796990786557161, 0.07545476704941566], [0.6555625716304068, 0.34423823847907975, 0.00013060745255208056, 6.858243796156778e-05], [0.2446055412489803, 0.0004942880978239708, 0.7533777780411994, 0.001522392611996424], [0.5420020015743815, 0.3675879648190986, 0.05387308676175831, 0.036536946844761393], [0.3969734332640287, 0.03411411592574276, 0.5238915604249327, 0.04502089038529593], [0.04032285994675422, 0.8829752396414844, 0.0033497740213400697, 0.07335212639042117], [0.38548100461312756, 0.07244576364893333, 0.45631517619569056, 0.08575805554224857], [0.25780942765017373, 0.3123052793452211, 0.19439681170273632, 0.23548848130186872], [0.8776363965723921, 6.392080735433489e-05, 0.12229077582792665, 8.906792327025229e-06], [0.25204817274617286, 0.733512718739044, 0.0036926697768520514, 0.010746438737931201]], "state_values": [-2.2463778025355077, 1.6737472340754247, 3.4988798460501194, 4.57001495882393, 2.1854988858554063, 2.4735603772564527, 1.5233379479711133, 0.11340508744140541, -1.5713249445724937, 3.5038386442065965, 2.141513277066451, -0.32838177732128976, -1.2308665901556015, -0.5597967170094011, -1.7492540246840418, -1.2724235193041227], "value_grad": [-0.19748544692993164, -0.06427001953125, 0.4864461421966553, 0.013662338256835938, -1.4061164855957031, -0.1565389633178711, -0.3413124084472656, -0.26163625717163086, -1.1605966091156006, -0.3966331481933594, -0.28270483016967773, -0.02799701690673828, -0.5117902755737305, -0.8633592128753662, -0.04807424545288086, 0.8102555274963379], "action_grad": [[0.0, 0.0, 0.0], [0.0, 0.0, 0.0], [0.0, 0.0, 0.0], [0.0, 0.0, 0.0], [0.0, 0.0, 0.0], [0.0, 0.0, 0.0], [0.0, 0.0, 0.0], [0.0, 0.0, 0.0], [0.0, 0.0, 0.0], [0.0, 0.0, 0.0], [0.0, 0.0, 0.0], [0.0, 0.0, 0.0], [0.0, 0.0, 0.0], [0.0, 0.0, 0.0], [0.0, 0.0, 0.0], [0.0, 0.0, 0.0]], "action_params_change": 0, "value_params_change": 0.4993582681072868}
{"iterations": 1, "type_itr": 0, "sub_iteration": 3, "sub_it_time": 2.350658655166626, "total_time": 9.43914008140564, "value_loss": 2.2042548656463623, "action_loss": -0.668937623500824, "action_probs": [[0.10402749074475784, 0.037827592907045016, 0.6293088696221604, 0.22883604672603666], [0.10895294774431481, 0.8856256651051894, 0.0005938958502409037, 0.0048274913002549534], [0.6228096123046167, 0.1719940739339634, 0.16079220420440352, 0.04440410955701641], [0.7001713437411938, 0.030375120787063316, 0.25825002675071895, 0.011203508721023804], [0.03977782167338548, 1.2408876325144305e-05, 0.9599103209648021, 0.00029944848548736603], [0.10214721211858947, 0.8889894233396194, 0.000913464345424128, 0.007949900196366827], [0.1320656085659169, 0.012780545728951294, 0.7796990786557161, 0.07545476704941566], [0.6555625716304068, 0.34423823847907975, 0.00013060745255208056, 6.858243796156778e-05], [0.2446055412489803, 0.0004942880978239708, 0.7533777780411994, 0.001522392611996424], [0.5420020015743815, 0.3675879648190986, 0.05387308676175831, 0.036536946844761393], [0.3969734332640287, 0.03411411592574276, 0.5238915604249327, 0.04502089038529593], [0.04032285994675422, 0.8829752396414844, 0.0033497740213400697, 0.07335212639042117], [0.38548100461312756, 0.07244576364893333, 0.45631517619569056, 0.08575805554224857], [0.25780942765017373, 0.3123052793452211, 0.19439681170273632, 0.23548848130186872], [0.8776363965723921, 6.392080735433489e-05, 0.12229077582792665, 8.906792327025229e-06], [0.25204817274617286, 0.733512718739044, 0.0036926697768520514, 0.010746438737931201]], "state_values": [-1.1135657660486136, 2.099890391594608, 2.6538208095700884, 4.706884948819907, 1.0240881364146148, 2.6755318745312024, 2.03924822112594, -0.8611675936468222, -0.4575162552813911, 2.6193613858818963, 2.2782057173008927, -0.6726265314084868, -2.0923846274701687, 0.5205202745725416, -2.1223270934651954, -0.14176339975183225], "value_grad": [-0.24619317054748535, -0.2162156105041504, 0.15812253952026367, 0.07547760009765625, -0.9682199954986572, -0.38118982315063477, -0.22635388374328613, -0.01089024543762207, -0.4291059970855713, -0.18307065963745117, -0.5758631229400635, 0.09044647216796875, 0.049302101135253906, -0.2669041156768799, -0.43813443183898926, 0.341827392578125], "action_grad": [[0.0, 0.0, 0.0], [0.0, 0.0, 0.0], [0.0, 0.0, 0.0], [0.0, 0.0, 0.0], [0.0, 0.0, 0.0], [0.0, 0.0, 0.0], [0.0, 0.0, 0.0], [0.0, 0.0, 0.0], [0.0, 0.0, 0.0], [0.0, 0.0, 0.0], [0.0, 0.0, 0.0], [0.0, 0.0, 0.0], [0.0, 0.0, 0.0], [0.0, 0.0, 0.0], [0.0, 0.0, 0.0], [0.0, 0.0, 0.0]], "action_params_change": 0, "value_params_change": 0.49218836691954415}
{"iterations": 1, "type_itr": 0, "sub_iteration": 4, "sub_it_time": 2.3831183910369873, "total_time": 11.824286222457886, "value_loss": 1.9321235418319702, "action_loss": -0.6278297901153564, "action_probs": [[0.10402749074475784, 0.037827592907045016, 0.6293088696221604, 0.22883604672603666], [0.10895294774431481, 0.8856256651051894, 0.0005938958502409037, 0.0048274913002549534], [0.6228096123046167, 0.1719940739339634, 0.16079220420440352, 0.04440410955701641], [0.7001713437411938, 0.030375120787063316, 0.25825002675071895, 0.011203508721023804], [0.03977782167338548, 1.2408876325144305e-05, 0.9599103209648021, 0.00029944848548736603], [0.10214721211858947, 0.8889894233396194, 0.000913464345424128, 0.007949900196366827], [0.1320656085659169, 0.012780545728951294, 0.7796990786557161, 0.07545476704941566], [0.6555625716304068, 0.34423823847907975, 0.00013060745255208056, 6.858243796156778e-05], [0.2446055412489803, 0.0004942880978239708, 0.7533777780411994, 0.001522392611996424], [0.5420020015743815, 0.3675879648190986, 0.05387308676175831, 0.036536946844761393], [0.3969734332640287, 0.03411411592574276, 0.5238915604249327, 0.04502089038529593], [0.04032285994675422, 0.8829752396414844, 0.0033497740213400697, 0.07335212639042117], [0.38548100461312756, 0.07244576364893333, 0.45631517619569056, 0.08575805554224857], [0.25780942765017373, 0.3123052793452211, 0.19439681170273632, 0.23548848130186872], [0.8776363965723921, 6.392080735433489e-05, 0.12229077582792665, 8.906792327025229e-06], [0.25204817274617286, 0.733512718739044, 0.0036926697768520514, 0.010746438737931201]], "state_values": [0.03799413234929763, 2.1270151019117476, 1.9071288252322434, 4.824038816526346, -0.11134705309885494, 2.565135611151182, 2.387744029721978, -1.6796182644606628, 0.5666701774862797, 1.611442214690466, 2.08735113514183, -0.56756681800768, -2.5517133802139114, 1.3245336807086632, -2.053152899258705, 0.7762505277950505], "value_grad": [-0.10288059711456299, -0.37786340713500977, -0.05476665496826172, 0.011880040168762207, -0.4169880151748657, -0.4906045198440552, 0.066131591796875, -0.01001882553100586, -0.2183547019958496, -0.15412306785583496, -0.7530732154846191, 0.12374997138977051, 0.5379266738891602, 0.2648049592971802, -0.8256204128265381, -0.1049795150756836], "action_grad": [[0.0, 0.0, 0.0], [0.0, 0.0, 0.0], [0.0, 0.0, 0.0], [0.0, 0.0, 0.0], [0.0, 0.0, 0.0], [0.0, 0.0, 0.0], [0.0, 0.0, 0.0], [0.0, 0.0, 0.0], [0.0, 0.0, 0.0], [0.0, 0.0, 0.0], [0.0, 0.0, 0.0], [0.0, 0.0, 0.0], [0.0, 0.0, 0.0], [0.0, 0.0, 0.0], [0.0, 0.0, 0.0], [0.0, 0.0, 0.0]], "action_params_change": 0, "value_params_change": 0.4643910836487182}
{"iterations": 1, "type_itr": 0, "sub_iteration": 5, "sub_it_time": 2.354229688644409, "total_time": 14.180333375930786, "value_loss": 2.255695104598999, "action_loss": -0.6022338271141052, "action_probs": [[0.10402749074475784, 0.037827592907045016, 0.6293088696221604, 0.22883604672603666], [0.10895294774431481, 0.8856256651051894, 0.0005938958502409037, 0.0048274913002549534], [0.6228096123046167, 0.1719940739339634, 0.16079220420440352, 0.04440410955701641], [0.7001713437411938, 0.030375120787063316, 0.25825002675071895, 0.011203508721023804], [0.03977782167338548, 1.2408876325144305e-05, 0.9599103209648021, 0.00029944848548736603], [0.10214721211858947, 0.8889894233396194, 0.000913464345424128, 0.007949900196366827], [0.1320656085659169, 0.012780545728951294, 0.7796990786557161, 0.07545476704941566], [0.6555625716304068, 0.34423823847907975, 0.00013060745255208056, 6.858243796156778e-05], [0.2446055412489803, 0.0004942880978239708, 0.7533777780411994, 0.001522392611996424], [0.5420020015743815, 0.3675879648190986, 0.05387308676175831, 0.036536946844761393], [0.3969734332640287, 0.03411411592574276, 0.5238915604249327, 0.04502089038529593], [0.04032285994675422, 0.8829752396414844, 0.0033497740213400697, 0.07335212639042117], [0.38548100461312756, 0.07244576364893333, 0.45631517619569056, 0.08575805554224857], [0.25780942765017373, 0.3123052793452211, 0.19439681170273632, 0.23548848130186872], [0.8776363965723921, 6.392080735433489e-05, 0.12229077582792665, 8.906792327025229e-06], [0.25204817274617286, 0.733512718739044, 0.0036926697768520514, 0.010746438737931201]], "state_values": [1.1363909255441251, 1.8980970355831424, 1.432983207766292, 4.964489133209087, -1.055308761304577, 2.2804124724152586, 2.3890612833938305, -2.354344894926538, 1.2703077523934827, 0.5880503092257894, 1.692616497381851, -0.3607671790915559, -2.722119223079412, 1.7379625381320307, -1.6660760468879798, 1.4557486295836657], "value_grad": [-0.07931876182556152, -0.37718987464904785, -0.1721019744873047, 0.1948716640472412, 0.11685919761657715, -0.39029765129089355, 0.3056325912475586, -0.0041582584381103516, 0.5087020397186279, -0.07737851142883301, -0.6810011863708496, 0.04359936714172363, 0.6120178699493408, 0.7604782581329346, -1.0298774242401123, -0.2214827537536621], "action_grad": [[0.0, 0.0, 0.0], [0.0, 0.0, 0.0], [0.0, 0.0, 0.0], [0.0, 0.0, 0.0], [0.0, 0.0, 0.0], [0.0, 0.0, 0.0], [0.0, 0.0, 0.0], [0.0, 0.0, 0.0], [0.0, 0.0, 0.0], [0.0, 0.0, 0.0], [0.0, 0.0, 0.0], [0.0, 0.0, 0.0], [0.0, 0.0, 0.0], [0.0, 0.0, 0.0], [0.0, 0.0, 0.0], [0.0, 0.0, 0.0]], "action_params_change": 0, "value_params_change": 0.4433658162330216}
{"iterations": 1, "type_itr": 0, "sub_iteration": 6, "sub_it_time": 2.394474506378174, "total_time": 16.576586484909058, "value_loss": 2.8446662425994873, "action_loss": -0.5842190384864807, "action_probs": [[0.10402749074475784, 0.037827592907045016, 0.6293088696221604, 0.22883604672603666], [0.10895294774431481, 0.8856256651051894, 0.0005938958502409037, 0.0048274913002549534], [0.6228096123046167, 0.1719940739339634, 0.16079220420440352, 0.04440410955701641], [0.7001713437411938, 0.030375120787063316, 0.25825002675071895, 0.011203508721023804], [0.03977782167338548, 1.2408876325144305e-05, 0.9599103209648021, 0.00029944848548736603], [0.10214721211858947, 0.8889894233396194, 0.000913464345424128, 0.007949900196366827], [0.1320656085659169, 0.012780545728951294, 0.7796990786557161, 0.07545476704941566], [0.6555625716304068, 0.34423823847907975, 0.00013060745255208056, 6.858243796156778e-05], [0.2446055412489803, 0.0004942880978239708, 0.7533777780411994, 0.001522392611996424], [0.5420020015743815, 0.3675879648190986, 0.05387308676175831, 0.036536946844761393], [0.3969734332640287, 0.03411411592574276, 0.5238915604249327, 0.04502089038529593], [0.04032285994675422, 0.8829752396414844, 0.0033497740213400697, 0.07335212639042117], [0.38548100461312756, 0.07244576364893333, 0.45631517619569056, 0.08575805554224857], [0.25780942765017373, 0.3123052793452211, 0.19439681170273632, 0.23548848130186872], [0.8776363965723921, 6.392080735433489e-05, 0.12229077582792665, 8.906792327025229e-06], [0.25204817274617286, 0.733512718739044, 0.0036926697768520514, 0.010746438737931201]], "state_values": [2.0238198949561386, 1.494860962591724, 1.5368546858275054, 4.9988906879063215, -1.7170197705121468, 1.8168900293804413, 2.1791573138485423, -2.5768247423299657, 1.6050875914482943, -0.29567535918050103, 1.2097628356272483, 0.08820176812776379, -2.6427820449198607, 1.874326348677359, -1.0824967757428128, 1.8083725025162856], "value_grad": [0.019166231155395508, -0.34147071838378906, -0.5490143299102783, 0.022136211395263672, 0.4850609302520752, -0.4885845184326172, 0.27141809463500977, 0.18592214584350586, 0.8998706340789795, 0.025106191635131836, -0.3947327136993408, 0.12303757667541504, 0.7948510646820068, 0.7733879089355469, -0.9177298545837402, -0.5530140399932861], "action_grad": [[0.0, 0.0, 0.0], [0.0, 0.0, 0.0], [0.0, 0.0, 0.0], [0.0, 0.0, 0.0], [0.0, 0.0, 0.0], [0.0, 0.0, 0.0], [0.0, 0.0, 0.0], [0.0, 0.0, 0.0], [0.0, 0.0, 0.0], [0.0, 0.0, 0.0], [0.0, 0.0, 0.0], [0.0, 0.0, 0.0], [0.0, 0.0, 0.0], [0.0, 0.0, 0.0], [0.0, 0.0, 0.0], [0.0, 0.0, 0.0]], "action_params_change": 0, "value_params_change": 0.3748777968444803}
{"iterations": 1, "type_itr": 0, "sub_iteration": 7, "sub_it_time": 2.4017739295959473, "total_time": 18.980308055877686, "value_loss": 2.960773468017578, "action_loss": -0.6012957096099854, "action_probs": [[0.10402749074475784, 0.037827592907045016, 0.6293088696221604, 0.22883604672603666], [0.10895294774431481, 0.8856256651051894, 0.0005938958502409037, 0.0048274913002549534], [0.6228096123046167, 0.1719940739339634, 0.16079220420440352, 0.04440410955701641], [0.7001713437411938, 0.030375120787063316, 0.25825002675071895, 0.011203508721023804], [0.03977782167338548, 1.2408876325144305e-05, 0.9599103209648021, 0.00029944848548736603], [0.10214721211858947, 0.8889894233396194, 0.000913464345424128, 0.007949900196366827], [0.1320656085659169, 0.012780545728951294, 0.7796990786557161, 0.07545476704941566], [0.6555625716304068, 0.34423823847907975, 0.00013060745255208056, 6.858243796156778e-05], [0.2446055412489803, 0.0004942880978239708, 0.7533777780411994, 0.001522392611996424], [0.5420020015743815, 0.3675879648190986, 0.05387308676175831, 0.036536946844761393], [0.3969734332640287, 0.03411411592574276, 0.5238915604249327, 0.04502089038529593], [0.04032285994675422, 0.8829752396414844, 0.0033497740213400697, 0.07335212639042117], [0.38548100461312756, 0.07244576364893333, 0.45631517619569056, 0.08575805554224857], [0.25780942765017373, 0.3123052793452211, 0.19439681170273632, 0.23548848130186872], [0.8776363965723921, 6.392080735433489e-05, 0.12229077582792665, 8.906792327025229e-06], [0.25204817274617286, 0.733512718739044, 0.0036926697768520514, 0.010746438737931201]], "state_values": [2.351730117884675, 0.988663459698124, 1.9393679554426817, 4.941183242064525, -2.035936960346274, 1.2183989610369788, 1.7347026418265834, -2.645058743221449, 1.6487926753749818, -1.2040821277393237, 0.6363333723169308, 0.4405264458399687, -2.3420820033053933, 1.7566616598726623, -0.3752292116973871, 1.9325449859987613], "value_grad": [0.2593405246734619, -0.2521333694458008, -0.5526576042175293, 0.016196489334106445, 0.9429154396057129, -0.44146060943603516, 0.40312838554382324, 0.08842682838439941, 1.0205316543579102, -0.14252042770385742, -0.4470047950744629, -0.018492937088012695, 0.9680616855621338, 0.9949500560760498, -0.7546172142028809, -0.5237100124359131], "action_grad": [[0.0, 0.0, 0.0], [0.0, 0.0, 0.0], [0.0, 0.0, 0.0], [0.0, 0.0, 0.0], [0.0, 0.0, 0.0], [0.0, 0.0, 0.0], [0.0, 0.0, 0.0], [0.0, 0.0, 0.0], [0.0, 0.0, 0.0], [0.0, 0.0, 0.0], [0.0, 0.0, 0.0], [0.0, 0.0, 0.0], [0.0, 0.0, 0.0], [0.0, 0.0, 0.0], [0.0, 0.0, 0.0], [0.0, 0.0, 0.0]], "action_params_change": 0, "value_params_change": 0.3680747053060802}
{"iterations": 1, "type_itr": 0, "sub_iteration": 8, "sub_it_time": 2.371227979660034, "total_time": 21.353423833847046, "value_loss": 2.715728521347046, "action_loss": -0.5702754855155945, "action_probs": [[0.10402749074475784, 0.037827592907045016, 0.6293088696221604, 0.22883604672603666], [0.10895294774431481, 0.8856256651051894, 0.0005938958502409037, 0.0048274913002549534], [0.6228096123046167, 0.1719940739339634, 0.16079220420440352, 0.04440410955701641], [0.7001713437411938, 0.030375120787063316, 0.25825002675071895, 0.011203508721023804], [0.03977782167338548, 1.2408876325144305e-05, 0.9599103209648021, 0.00029944848548736603], [0.10214721211858947, 0.8889894233396194, 0.000913464345424128, 0.007949900196366827], [0.1320656085659169, 0.012780545728951294, 0.7796990786557161, 0.07545476704941566], [0.6555625716304068, 0.34423823847907975, 0.00013060745255208056, 6.858243796156778e-05], [0.2446055412489803, 0.0004942880978239708, 0.7533777780411994, 0.001522392611996424], [0.5420020015743815, 0.3675879648190986, 0.05387308676175831, 0.036536946844761393], [0.3969734332640287, 0.03411411592574276, 0.5238915604249327, 0.04502089038529593], [0.04032285994675422, 0.8829752396414844, 0.0033497740213400697, 0.07335212639042117], [0.38548100461312756, 0.07244576364893333, 0.45631517619569056, 0.08575805554224857], [0.25780942765017373, 0.3123052793452211, 0.19439681170273632, 0.23548848130186872], [0.8776363965723921, 6.392080735433489e-05, 0.12229077582792665, 8.906792327025229e-06], [0.25204817274617286, 0.733512718739044, 0.0036926697768520514, 0.010746438737931201]], "state_values": [2.4729480200458096, 0.6297983478980336, 2.3562017262710855, 4.745386294933553, -2.1064511977501876, 0.49187540373482663, 1.132177546759185, -2.6070060042243037, 1.4531391778039042, -1.8080392768176932, 0.10876359454314911, 0.8825931821599199, -1.907619035119424, 1.4474053822745274, 0.3753963599672274, 1.8721227756223389], "value_grad": [0.142045259475708, 0.15606331825256348, -0.13602590560913086, 0.16018176078796387, 0.9566173553466797, -0.5023260116577148, 0.3413126468658447, 0.07480430603027344, 1.1524789333343506, 0.13741183280944824, -0.03298664093017578, 0.0644688606262207, 0.7072558403015137, 0.9826738834381104, -0.4821302890777588, -0.5498461723327637], "action_grad": [[0.0, 0.0, 0.0], [0.0, 0.0, 0.0], [0.0, 0.0, 0.0], [0.0, 0.0, 0.0], [0.0, 0.0, 0.0], [0.0, 0.0, 0.0], [0.0, 0.0, 0.0], [0.0, 0.0, 0.0], [0.0, 0.0, 0.0], [0.0, 0.0, 0.0], [0.0, 0.0, 0.0], [0.0, 0.0, 0.0], [0.0, 0.0, 0.0], [0.0, 0.0, 0.0], [0.0, 0.0, 0.0], [0.0, 0.0, 0.0]], "action_params_change": 0, "value_params_change": 0.3339349522103402}
{"iterations": 1, "type_itr": 0, "sub_iteration": 9, "sub_it_time": 2.360595703125, "total_time": 23.716089248657227, "value_loss": 2.119511127471924, "action_loss": -0.5491384863853455, "action_probs": [[0.10402749074475784, 0.037827592907045016, 0.6293088696221604, 0.22883604672603666], [0.10895294774431481, 0.8856256651051894, 0.0005938958502409037, 0.0048274913002549534], [0.6228096123046167, 0.1719940739339634, 0.16079220420440352, 0.04440410955701641], [0.7001713437411938, 0.030375120787063316, 0.25825002675071895, 0.011203508721023804], [0.03977782167338548, 1.2408876325144305e-05, 0.9599103209648021, 0.00029944848548736603], [0.10214721211858947, 0.8889894233396194, 0.000913464345424128, 0.007949900196366827], [0.1320656085659169, 0.012780545728951294, 0.7796990786557161, 0.07545476704941566], [0.6555625716304068, 0.34423823847907975, 0.00013060745255208056, 6.858243796156778e-05], [0.2446055412489803, 0.0004942880978239708, 0.7533777780411994, 0.001522392611996424], [0.5420020015743815, 0.3675879648190986, 0.05387308676175831, 0.036536946844761393], [0.3969734332640287, 0.03411411592574276, 0.5238915604249327, 0.04502089038529593], [0.04032285994675422, 0.8829752396414844, 0.0033497740213400697, 0.07335212639042117], [0.38548100461312756, 0.07244576364893333, 0.45631517619569056, 0.08575805554224857], [0.25780942765017373, 0.3123052793452211, 0.19439681170273632, 0.23548848130186872], [0.8776363965723921, 6.392080735433489e-05, 0.12229077582792665, 8.906792327025229e-06], [0.25204817274617286, 0.733512718739044, 0.0036926697768520514, 0.010746438737931201]], "state_values": [2.5208092118199494, 0.6270228476598773, 2.7098397421513374, 4.499231822850729, -1.975110683782844, -0.2345687460141938, 0.4973561343847798, -2.51720958776181, 1.0734284883174752, -2.2289279168452847, -0.3248168425618708, 0.8353091231443067, -1.3498107304282003, 0.9841299519084836, 1.0721654759904733, 1.7684291196108977], "value_grad": [0.05646944046020508, 0.533728837966919, 0.0029306411743164062, -0.03793668746948242, 1.024056077003479, -0.17340826988220215, 0.1316699981689453, 0.04300546646118164, 1.1367970705032349, 0.08826851844787598, 0.1130979061126709, -0.21079087257385254, 0.7257888317108154, 0.9629925489425659, -0.1317887306213379, -0.16560721397399902], "action_grad": [[0.0, 0.0, 0.0], [0.0, 0.0, 0.0], [0.0, 0.0, 0.0], [0.0, 0.0, 0.0], [0.0, 0.0, 0.0], [0.0, 0.0, 0.0], [0.0, 0.0, 0.0], [0.0, 0.0, 0.0], [0.0, 0.0, 0.0], [0.0, 0.0, 0.0], [0.0, 0.0, 0.0], [0.0, 0.0, 0.0], [0.0, 0.0, 0.0], [0.0, 0.0, 0.0], [0.0, 0.0, 0.0], [0.0, 0.0, 0.0]], "action_params_change": 0, "value_params_change": 0.2909308483083617}
{"iterations": 1, "type_itr": 0, "sub_iteration": 10, "sub_it_time": 2.3735525608062744, "total_time": 26.091562271118164, "value_loss": 1.793484091758728, "action_loss": -0.5086264610290527, "action_probs": [[0.10402749074475784, 0.037827592907045016, 0.6293088696221604, 0.22883604672603666], [0.10895294774431481, 0.8856256651051894, 0.0005938958502409037, 0.0048274913002549534], [0.6228096123046167, 0.1719940739339634, 0.16079220420440352, 0.04440410955701641], [0.7001713437411938, 0.030375120787063316, 0.25825002675071895, 0.011203508721023804], [0.03977782167338548, 1.2408876325144305e-05, 0.9599103209648021, 0.00029944848548736603], [0.10214721211858947, 0.8889894233396194, 0.000913464345424128, 0.007949900196366827], [0.1320656085659169, 0.012780545728951294, 0.7796990786557161, 0.07545476704941566], [0.6555625716304068, 0.34423823847907975, 0.00013060745255208056, 6.858243796156778e-05], [0.2446055412489803, 0.0004942880978239708, 0.7533777780411994, 0.001522392611996424], [0.5420020015743815, 0.3675879648190986, 0.05387308676175831, 0.036536946844761393], [0.3969734332640287, 0.03411411592574276, 0.5238915604249327, 0.04502089038529593], [0.04032285994675422, 0.8829752396414844, 0.0033497740213400697, 0.07335212639042117], [0.38548100461312756, 0.07244576364893333, 0.45631517619569056, 0.08575805554224857], [0.25780942765017373, 0.3123052793452211, 0.19439681170273632, 0.23548848130186872], [0.8776363965723921, 6.392080735433489e-05, 0.12229077582792665, 8.906792327025229e-06], [0.25204817274617286, 0.733512718739044, 0.0036926697768520514, 0.010746438737931201]], "state_values": [2.439122842207908, 0.832806796661747, 2.9644907811483034, 4.273280475291748, -1.7083563383926799, -0.894937790624643, -0.1341054058733976, -2.260374304102189, 0.5959746800891887, -2.3309282877704773, -0.6863888697400968, 0.5301813508525528, -0.7065951968610078, 0.44816939319949395, 1.6564240896813254, 1.5759315190515846], "value_grad": [0.12291848659515381, 0.42379939556121826, 0.09325814247131348, -0.04854941368103027, 0.8331048488616943, -0.031957387924194336, 0.08731794357299805, 0.1445004940032959, 0.7562806606292725, 0.2583901882171631, 0.07527971267700195, -0.17459654808044434, 0.5952277183532715, 0.5953857898712158, 0.0875159502029419, -0.336480975151062], "action_grad": [[0.0, 0.0, 0.0], [0.0, 0.0, 0.0], [0.0, 0.0, 0.0], [0.0, 0.0, 0.0], [0.0, 0.0, 0.0], [0.0, 0.0, 0.0], [0.0, 0.0, 0.0], [0.0, 0.0, 0.0], [0.0, 0.0, 0.0], [0.0, 0.0, 0.0], [0.0, 0.0, 0.0], [0.0, 0.0, 0.0], [0.0, 0.0, 0.0], [0.0, 0.0, 0.0], [0.0, 0.0, 0.0], [0.0, 0.0, 0.0]], "action_params_change": 0, "value_params_change": 0.26605263978570326}
{"iterations": 1, "type_itr": 0, "sub_iteration": 11, "sub_it_time": 2.3783326148986816, "total_time": 28.47171139717102, "value_loss": 1.589504599571228, "action_loss": -0.49464860558509827, "action_probs": [[0.10402749074475784, 0.037827592907045016, 0.6293088696221604, 0.22883604672603666], [0.10895294774431481, 0.8856256651051894, 0.0005938958502409037, 0.0048274913002549534], [0.6228096123046167, 0.1719940739339634, 0.16079220420440352, 0.04440410955701641], [0.7001713437411938, 0.030375120787063316, 0.25825002675071895, 0.011203508721023804], [0.03977782167338548, 1.2408876325144305e-05, 0.9599103209648021, 0.00029944848548736603], [0.10214721211858947, 0.8889894233396194, 0.000913464345424128, 0.007949900196366827], [0.1320656085659169, 0.012780545728951294, 0.7796990786557161, 0.07545476704941566], [0.6555625716304068, 0.34423823847907975, 0.00013060745255208056, 6.858243796156778e-05], [0.2446055412489803, 0.0004942880978239708, 0.7533777780411994, 0.001522392611996424], [0.5420020015743815, 0.3675879648190986, 0.05387308676175831, 0.036536946844761393], [0.3969734332640287, 0.03411411592574276, 0.5238915604249327, 0.04502089038529593], [0.04032285994675422, 0.8829752396414844, 0.0033497740213400697, 0.07335212639042117], [0.38548100461312756, 0.07244576364893333, 0.45631517619569056, 0.08575805554224857], [0.25780942765017373, 0.3123052793452211, 0.19439681170273632, 0.23548848130186872], [0.8776363965723921, 6.392080735433489e-05, 0.12229077582792665, 8.906792327025229e-06], [0.25204817274617286, 0.733512718739044, 0.0036926697768520514, 0.010746438737931201]], "state_values": [2.123250531614566, 1.2192831351047997, 2.9676734858577913, 4.258272057336514, -1.3155078847372272, -1.3290255110315288, -0.4775755413587476, -1.8948460885966567, 0.08550577467621104, -2.4463940287629162, -0.8447972526443008, 0.08213104827915972, -0.07116778290426519, -0.12244309151975612, 2.0566075490104336, 1.3306462409217914], "value_grad": [0.27403199672698975, 0.4791600704193115, 0.4501727819442749, -0.1810511350631714, 0.8730217218399048, 0.3339071273803711, -0.3092759847640991, 0.10739529132843018, 0.42934322357177734, -0.028591036796569824, 0.48632752895355225, -0.12644290924072266, 0.20033633708953857, 0.43995559215545654, 0.40566229820251465, -0.23716437816619873], "action_grad": [[0.0, 0.0, 0.0], [0.0, 0.0, 0.0], [0.0, 0.0, 0.0], [0.0, 0.0, 0.0], [0.0, 0.0, 0.0], [0.0, 0.0, 0.0], [0.0, 0.0, 0.0], [0.0, 0.0, 0.0], [0.0, 0.0, 0.0], [0.0, 0.0, 0.0], [0.0, 0.0, 0.0], [0.0, 0.0, 0.0], [0.0, 0.0, 0.0], [0.0, 0.0, 0.0], [0.0, 0.0, 0.0], [0.0, 0.0, 0.0]], "action_params_change": 0, "value_params_change": 0.2551193249896815}
{"iterations": 1, "type_itr": 0, "sub_iteration": 12, "sub_it_time": 2.356020212173462, "total_time": 30.82950496673584, "value_loss": 1.3479050397872925, "action_loss": -0.45781126618385315, "action_probs": [[0.10402749074475784, 0.037827592907045016, 0.6293088696221604, 0.22883604672603666], [0.10895294774431481, 0.8856256651051894, 0.0005938958502409037, 0.0048274913002549534], [0.6228096123046167, 0.1719940739339634, 0.16079220420440352, 0.04440410955701641], [0.7001713437411938, 0.030375120787063316, 0.25825002675071895, 0.011203508721023804], [0.03977782167338548, 1.2408876325144305e-05, 0.9599103209648021, 0.00029944848548736603], [0.10214721211858947, 0.8889894233396194, 0.000913464345424128, 0.007949900196366827], [0.1320656085659169, 0.012780545728951294, 0.7796990786557161, 0.07545476704941566], [0.6555625716304068, 0.34423823847907975, 0.00013060745255208056, 6.858243796156778e-05], [0.2446055412489803, 0.0004942880978239708, 0.7533777780411994, 0.001522392611996424], [0.5420020015743815, 0.3675879648190986, 0.05387308676175831, 0.036536946844761393], [0.3969734332640287, 0.03411411592574276, 0.5238915604249327, 0.04502089038529593], [0.04032285994675422, 0.8829752396414844, 0.0033497740213400697, 0.07335212639042117], [0.38548100461312756, 0.07244576364893333, 0.45631517619569056, 0.08575805554224857], [0.25780942765017373, 0.3123052793452211, 0.19439681170273632, 0.23548848130186872], [0.8776363965723921, 6.392080735433489e-05, 0.12229077582792665, 8.906792327025229e-06], [0.25204817274617286, 0.733512718739044, 0.0036926697768520514, 0.010746438737931201]], "state_values": [1.7498277028852585, 1.612269465531532, 2.8401032466193095, 4.326916605505476, -0.8466577168194485, -1.5588269427856265, -0.5509062211500214, -1.5555334548061188, -0.3985956597986429, -2.6971479656961983, -0.9136510850641875, -0.3381094632655205, 0.4995326671998351, -0.6550820272739853, 2.2837314741387824, 1.0764001342086404], "value_grad": [0.08739709854125977, 0.12022554874420166, 0.29957401752471924, -0.0908820629119873, 0.6261552572250366, 0.3743387460708618, -0.36816132068634033, -0.000594019889831543, 0.12525475025177002, -0.18813955783843994, 0.23126375675201416, -0.010771036148071289, -0.014216184616088867, 0.09741604328155518, 0.4964255094528198, -0.09967339038848877], "action_grad": [[0.0, 0.0, 0.0], [0.0, 0.0, 0.0], [0.0, 0.0, 0.0], [0.0, 0.0, 0.0], [0.0, 0.0, 0.0], [0.0, 0.0, 0.0], [0.0, 0.0, 0.0], [0.0, 0.0, 0.0], [0.0, 0.0, 0.0], [0.0, 0.0, 0.0], [0.0, 0.0, 0.0], [0.0, 0.0, 0.0], [0.0, 0.0, 0.0], [0.0, 0.0, 0.0], [0.0, 0.0, 0.0], [0.0, 0.0, 0.0]], "action_params_change": 0, "value_params_change": 0.2286150428161462}
{"iterations": 1, "type_itr": 0, "sub_iteration": 13, "sub_it_time": 2.383746385574341, "total_time": 33.21508574485779, "value_loss": 1.3956624269485474, "action_loss": -0.42228153347969055, "action_probs": [[0.10402749074475784, 0.037827592907045016, 0.6293088696221604, 0.22883604672603666], [0.10895294774431481, 0.8856256651051894, 0.0005938958502409037, 0.0048274913002549534], [0.6228096123046167, 0.1719940739339634, 0.16079220420440352, 0.04440410955701641], [0.7001713437411938, 0.030375120787063316, 0.25825002675071895, 0.011203508721023804], [0.03977782167338548, 1.2408876325144305e-05, 0.9599103209648021, 0.00029944848548736603], [0.10214721211858947, 0.8889894233396194, 0.000913464345424128, 0.007949900196366827], [0.1320656085659169, 0.012780545728951294, 0.7796990786557161, 0.07545476704941566], [0.6555625716304068, 0.34423823847907975, 0.00013060745255208056, 6.858243796156778e-05], [0.2446055412489803, 0.0004942880978239708, 0.7533777780411994, 0.001522392611996424], [0.5420020015743815, 0.3675879648190986, 0.05387308676175831, 0.036536946844761393], [0.3969734332640287, 0.03411411592574276, 0.5238915604249327, 0.04502089038529593], [0.04032285994675422, 0.8829752396414844, 0.0033497740213400697, 0.07335212639042117], [0.38548100461312756, 0.07244576364893333, 0.45631517619569056, 0.08575805554224857], [0.25780942765017373, 0.3123052793452211, 0.19439681170273632, 0.23548848130186872], [0.8776363965723921, 6.392080735433489e-05, 0.12229077582792665, 8.906792327025229e-06], [0.25204817274617286, 0.733512718739044, 0.0036926697768520514, 0.010746438737931201]], "state_values": [1.3325678532785412, 1.9449724250324227, 2.686648266352944, 4.4554467869158465, -0.34296352873133934, -1.5452975721388664, -0.5323751499953129, -1.1794523137484358, -0.8179722390039816, -2.9118252437698477, -0.8888330378024643, -0.8130894725126473, 0.9547674696047737, -1.09017637293411, 2.32765769055347, 0.8297670667410026], "value_grad": [0.07492315769195557, -0.03057122230529785, 0.08018994331359863, -0.08949589729309082, 0.41896820068359375, 0.5809319019317627, -0.14509427547454834, 0.048509955406188965, -0.07971489429473877, 0.005068540573120117, 0.27803146839141846, -0.07167589664459229, -0.22377967834472656, -0.1952279806137085, 0.6823477745056152, -0.04672801494598389], "action_grad": [[0.0, 0.0, 0.0], [0.0, 0.0, 0.0], [0.0, 0.0, 0.0], [0.0, 0.0, 0.0], [0.0, 0.0, 0.0], [0.0, 0.0, 0.0], [0.0, 0.0, 0.0], [0.0, 0.0, 0.0], [0.0, 0.0, 0.0], [0.0, 0.0, 0.0], [0.0, 0.0, 0.0], [0.0, 0.0, 0.0], [0.0, 0.0, 0.0], [0.0, 0.0, 0.0], [0.0, 0.0, 0.0], [0.0, 0.0, 0.0]], "action_params_change": 0, "value_params_change": 0.20300954159126183}
