{"iterations": 0, "type_itr": 0, "sub_iteration": 0, "sub_it_time": 0, "total_time": 0, "value_loss": 0, "action_loss": 0, "action_probs": [[0.24243075149823268, 0.011953368227381578, 0.710579804977247, 0.03503607529713879], [0.03749328667217072, 0.036206721514010116, 0.4712351055615891, 0.4550648862522299], [2.0559701189252072e-05, 0.15262456715402115, 0.00011412983402764167, 0.8472407433107619], [0.09764006172634417, 0.01788536556669091, 0.7475423713900993, 0.13693220131686568], [0.9775625226290104, 0.0028781218098850436, 0.019501938308824126, 5.741725228040535e-05], [0.0065985658046415945, 0.00035486776765899727, 0.9423665369795954, 0.050680029448104125], [0.738554100351985, 0.030690554364024642, 0.22154889916075798, 0.009206446123232577], [0.019886600206546805, 0.6484947561915115, 0.009866773396985046, 0.3217518702049566], [0.13329156242201395, 0.043622449473701204, 0.6201341328846126, 0.20295185521967254], [0.47867379396582443, 0.0038561488491372004, 0.5133346836290757, 0.00413537355596241], [0.3869301760220225, 0.2627818188203227, 0.2086108930880105, 0.1416771120696443], [0.2292674061536455, 0.4373987039124919, 0.11463399020037154, 0.21869989973349094], [0.09090230951704682, 0.08631180155373555, 0.4220495596528911, 0.4007363292763264], [0.12617327222736308, 0.010553988407917476, 0.7966366461540911, 0.06663609321062822], [4.1895266345697204e-05, 0.01787190757343284, 0.002296819004454837, 0.9797893781557665], [0.03740686036239141, 0.13712117632955645, 0.1769246652274867, 0.6485472980805654]], "state_values": [4.912307057614749, 4.883414253372568, 4.9692814421646245, 2.1752352057127586, 3.4549903964919766, 0.3794305651883715, 4.921262479775222, 4.45441810425895, -0.9961407575827556, 3.7475819118691085, 4.9774748026151645, 2.9443475129229113, 2.967205496752501, 4.961343467227459, -0.09146695953602131, -4.35002577797302], "value_grad": [0.0, 0.0, 0.0, 0.0, 0.0, 0.0, 0.0, 0.0, 0.0, 0.0, 0.0, 0.0, 0.0, 0.0, 0.0, 0.0], "action_grad": [[0.0, 0.0, 0.0], [0.0, 0.0, 0.0], [0.0, 0.0, 0.0], [0.0, 0.0, 0.0], [0.0, 0.0, 0.0], [0.0, 0.0, 0.0], [0.0, 0.0, 0.0], [0.0, 0.0, 0.0], [0.0, 0.0, 0.0], [0.0, 0.0, 0.0], [0.0, 0.0, 0.0], [0.0, 0.0, 0.0], [0.0, 0.0, 0.0], [0.0, 0.0, 0.0], [0.0, 0.0, 0.0], [0.0, 0.0, 0.0]], "action_params_change": 0, "value_params_change": 0}
{"iterations": 1, "type_itr": 0, "sub_iteration": 0, "sub_it_time": 0.13070178031921387, "total_time": 0.13210034370422363, "value_loss": 5.74992036819458, "action_loss": -2.3198084831237793, "action_probs": [[0.24243075149823268, 0.011953368227381578, 0.710579804977247, 0.03503607529713879], [0.03749328667217072, 0.036206721514010116, 0.4712351055615891, 0.4550648862522299], [2.0559701189252072e-05, 0.15262456715402115, 0.00011412983402764167, 0.8472407433107619], [0.09764006172634417, 0.01788536556669091, 0.7475423713900993, 0.13693220131686568], [0.9775625226290104, 0.0028781218098850436, 0.019501938308824126, 5.741725228040535e-05], [0.0065985658046415945, 0.00035486776765899727, 0.9423665369795954, 0.050680029448104125], [0.738554100351985, 0.030690554364024642, 0.22154889916075798, 0.009206446123232577], [0.019886600206546805, 0.6484947561915115, 0.009866773396985046, 0.3217518702049566], [0.13329156242201395, 0.043622449473701204, 0.6201341328846126, 0.20295185521967254], [0.47867379396582443, 0.0038561488491372004, 0.5133346836290757, 0.00413537355596241], [0.3869301760220225, 0.2627818188203227, 0.2086108930880105, 0.1416771120696443], [0.2292674061536455, 0.4373987039124919, 0.11463399020037154, 0.21869989973349094], [0.09090230951704682, 0.08631180155373555, 0.4220495596528911, 0.4007363292763264], [0.12617327222736308, 0.010553988407917476, 0.7966366461540911, 0.06663609321062822], [4.1895266345697204e-05, 0.01787190757343284, 0.002296819004454837, 0.9797893781557665], [0.03740686036239141, 0.13712117632955645, 0.1769246652274867, 0.6485472980805654]], "state_values": [4.528933179744406, 4.997173092547604, 4.677887318893182, 3.2214345671292413, 2.453395206336446, 1.6010878103040256, 4.54960649274172, 3.754047520033917, 0.24704826101496738, 4.449968067994734, 4.705449793965608, 3.852609065959441, 3.8706115508351915, 4.960631591233744, 1.1481892929256934, -4.824697494485979], "value_grad": [1.140479564666748, 0.2890801429748535, 0.8514003753662109, -0.38412046432495117, -1.0889997482299805, 0.7048802375793457, -1.0018806457519531, 1.3147196769714355, 1.1761202812194824, -0.043560028076171875, -0.9701995849609375, -0.8909997940063477, -0.5227198600769043, -0.43559980392456055, -0.41183996200561523, -1.0771198272705078], "action_grad": [[0.0, 0.0, 0.0], [0.0, 0.0, 0.0], [0.0, 0.0, 0.0], [0.0, 0.0, 0.0], [0.0, 0.0, 0.0], [0.0, 0.0, 0.0], [0.0, 0.0, 0.0], [0.0, 0.0, 0.0], [0.0, 0.0, 0.0], [0.0, 0.0, 0.0], [0.0, 0.0, 0.0], [0.0, 0.0, 0.0], [0.0, 0.0, 0.0], [0.0, 0.0, 0.0], [0.0, 0.0, 0.0], [0.0, 0.0, 0.0]], "action_params_change": 0, "value_params_change": 0.4999999961969078}
{"iterations": 1, "type_itr": 0, "sub_iteration": 1, "sub_it_time": 0.12505197525024414, "total_time": 0.258699893951416, "value_loss": 3.7738804817199707, "action_loss": -2.579335927963257, "action_probs": [[0.24243075149823268, 0.011953368227381578, 0.710579804977247, 0.03503607529713879], [0.03749328667217072, 0.036206721514010116, 0.4712351055615891, 0.4550648862522299], [2.0559701189252072e-05, 0.15262456715402115, 0.00011412983402764167, 0.8472407433107619], [0.09764006172634417, 0.01788536556669091, 0.7475423713900993, 0.13693220131686568], [0.9775625226290104, 0.0028781218098850436, 0.019501938308824126, 5.741725228040535e-05], [0.0065985658046415945, 0.00035486776765899727, 0.9423665369795954, 0.050680029448104125], [0.738554100351985, 0.030690554364024642, 0.22154889916075798, 0.009206446123232577], [0.019886600206546805, 0.6484947561915115, 0.009866773396985046, 0.3217518702049566], [0.13329156242201395, 0.043622449473701204, 0.6201341328846126, 0.20295185521967254], [0.47867379396582443, 0.0038561488491372004, 0.5133346836290757, 0.00413537355596241], [0.3869301760220225, 0.2627818188203227, 0.2086108930880105, 0.1416771120696443], [0.2292674061536455, 0.4373987039124919, 0.11463399020037154, 0.21869989973349094], [0.09090230951704682, 0.08631180155373555, 0.4220495596528911, 0.4007363292763264], [0.12617327222736308, 0.010553988407917476, 0.7966366461540911, 0.06663609321062822], [4.1895266345697204e-05, 0.01787190757343284, 0.002296819004454837, 0.9797893781557665], [0.03740686036239141, 0.13712117632955645, 0.1769246652274867, 0.6485472980805654]], "state_values": [3.922090751725299, 4.804195891467318, 4.174627063821472, 2.7702051933776994, 1.7647919502654337, 2.6376353827640835, 3.963654319281575, 2.8188727020491466, 1.45610245405625, 3.9668134554464425, 4.71245957225577, 4.470378170851273, 4.523004488287205, 4.999114022050231, 2.2835160653510167, -4.732042487287131], "value_grad": [0.5464797019958496, 0.4474799633026123, 0.3167996406555176, 0.989999532699585, 0.08712029457092285, 2.0948400497436523, -0.43560028076171875, 1.4493598937988281, 0.8989200592041016, 1.4770803451538086, 0.9028797149658203, -0.37619972229003906, -0.8949601650238037, 1.920600175857544, -0.7840802669525146, 1.6354801654815674], "action_grad": [[0.0, 0.0, 0.0], [0.0, 0.0, 0.0], [0.0, 0.0, 0.0], [0.0, 0.0, 0.0], [0.0, 0.0, 0.0], [0.0, 0.0, 0.0], [0.0, 0.0, 0.0], [0.0, 0.0, 0.0], [0.0, 0.0, 0.0], [0.0, 0.0, 0.0], [0.0, 0.0, 0.0], [0.0, 0.0, 0.0], [0.0, 0.0, 0.0], [0.0, 0.0, 0.0], [0.0, 0.0, 0.0], [0.0, 0.0, 0.0]], "action_params_change": 0, "value_params_change": 0.5006760380609583}
{"iterations": 1, "type_itr": 0, "sub_iteration": 2, "sub_it_time": 0.13259363174438477, "total_time": 0.39327096939086914, "value_loss": 3.8887202739715576, "action_loss": -2.5523507595062256, "action_probs": [[0.24243075149823268, 0.011953368227381578, 0.710579804977247, 0.03503607529713879], [0.03749328667217072, 0.036206721514010116, 0.4712351055615891, 0.4550648862522299], [2.0559701189252072e-05, 0.15262456715402115, 0.00011412983402764167, 0.8472407433107619], [0.09764006172634417, 0.01788536556669091, 0.7475423713900993, 0.13693220131686568], [0.9775625226290104, 0.0028781218098850436, 0.019501938308824126, 5.741725228040535e-05], [0.0065985658046415945, 0.00035486776765899727, 0.9423665369795954, 0.050680029448104125], [0.738554100351985, 0.030690554364024642, 0.22154889916075798, 0.009206446123232577], [0.019886600206546805, 0.6484947561915115, 0.009866773396985046, 0.3217518702049566], [0.13329156242201395, 0.043622449473701204, 0.6201341328846126, 0.20295185521967254], [0.47867379396582443, 0.0038561488491372004, 0.5133346836290757, 0.00413537355596241], [0.3869301760220225, 0.2627818188203227, 0.2086108930880105, 0.1416771120696443], [0.2292674061536455, 0.4373987039124919, 0.11463399020037154, 0.21869989973349094], [0.09090230951704682, 0.08631180155373555, 0.4220495596528911, 0.4007363292763264], [0.12617327222736308, 0.010553988407917476, 0.7966366461540911, 0.06663609321062822], [4.1895266345697204e-05, 0.01787190757343284, 0.002296819004454837, 0.9797893781557665], [0.03740686036239141, 0.13712117632955645, 0.1769246652274867, 0.6485472980805654]], "state_values": [3.073340192038134, 4.342531957057971, 3.677923605304267, 2.0048902386527248, 1.760520458442184, 3.1699808853266855, 3.3857381188590114, 1.7138852391110682, 2.5684576051769246, 3.269738912174573, 4.474410586668835, 4.870412377040014, 4.618525885223743, 4.992180239552974, 3.2170234032578904, -4.461260759256142], "value_grad": [1.0850396156311035, 0.8236799240112305, -0.05543994903564453, 1.0612802505493164, 0.7959599494934082, -0.5821197032928467, 0.03167986869812012, 1.2513601779937744, 0.8276400566101074, 0.9305999279022217, -1.6275599002838135, -1.0414800643920898, 0.8355600833892822, -0.8751602172851562, -0.2574002742767334, 1.6235997676849365], "action_grad": [[0.0, 0.0, 0.0], [0.0, 0.0, 0.0], [0.0, 0.0, 0.0], [0.0, 0.0, 0.0], [0.0, 0.0, 0.0], [0.0, 0.0, 0.0], [0.0, 0.0, 0.0], [0.0, 0.0, 0.0], [0.0, 0.0, 0.0], [0.0, 0.0, 0.0], [0.0, 0.0, 0.0], [0.0, 0.0, 0.0], [0.0, 0.0, 0.0], [0.0, 0.0, 0.0], [0.0, 0.0, 0.0], [0.0, 0.0, 0.0]], "action_params_change": 0, "value_params_change": 0.49815463222075573}
{"iterations": 1, "type_itr": 0, "sub_iteration": 3, "sub_it_time": 0.12585210800170898, "total_time": 0.5207338333129883, "value_loss": 3.9006004333496094, "action_loss": -2.3987715244293213, "action_probs": [[0.24243075149823268, 0.011953368227381578, 0.710579804977247, 0.03503607529713879], [0.03749328667217072, 0.036206721514010116, 0.4712351055615891, 0.4550648862522299], [2.0559701189252072e-05, 0.15262456715402115, 0.00011412983402764167, 0.8472407433107619], [0.09764006172634417, 0.01788536556669091, 0.7475423713900993, 0.13693220131686568], [0.9775625226290104, 0.0028781218098850436, 0.019501938308824126, 5.741725228040535e-05], [0.0065985658046415945, 0.00035486776765899727, 0.9423665369795954, 0.050680029448104125], [0.738554100351985, 0.030690554364024642, 0.22154889916075798, 0.009206446123232577], [0.019886600206546805, 0.6484947561915115, 0.009866773396985046, 0.3217518702049566], [0.13329156242201395, 0.043622449473701204, 0.6201341328846126, 0.20295185521967254], [0.47867379396582443, 0.0038561488491372004, 0.5133346836290757, 0.00413537355596241], [0.3869301760220225, 0.2627818188203227, 0.2086108930880105, 0.1416771120696443], [0.2292674061536455, 0.4373987039124919, 0.11463399020037154, 0.21869989973349094], [0.09090230951704682, 0.08631180155373555, 0.4220495596528911, 0.4007363292763264], [0.12617327222736308, 0.010553988407917476, 0.7966366461540911, 0.06663609321062822], [4.1895266345697204e-05, 0.01787190757343284, 0.002296819004454837, 0.9797893781557665], [0.03740686036239141, 0.13712117632955645, 0.1769246652274867, 0.6485472980805654]], "state_values": [2.1588095155576847, 3.6690486366163344, 3.4950912023815306, 1.8366470938390613, 1.862988692052481, 3.494507779560582, 2.954850959918983, 0.6980510345949875, 3.1554866032457385, 2.4663827352837067, 4.1465421245561815, 4.973647588689823, 4.741427026309764, 4.944496192919636, 3.3034705042751047, -4.194658352485463], "value_grad": [0.24552035331726074, 0.29303979873657227, -0.45936012268066406, -1.0216805934906006, 0.21384024620056152, -0.304919958114624, 0.20196032524108887, 0.09504008293151855, -0.5662801265716553, 0.43560028076171875, -0.4910402297973633, 0.5702400207519531, -0.3049204349517822, 1.1008801460266113, 0.958319902420044, -0.12672019004821777], "action_grad": [[0.0, 0.0, 0.0], [0.0, 0.0, 0.0], [0.0, 0.0, 0.0], [0.0, 0.0, 0.0], [0.0, 0.0, 0.0], [0.0, 0.0, 0.0], [0.0, 0.0, 0.0], [0.0, 0.0, 0.0], [0.0, 0.0, 0.0], [0.0, 0.0, 0.0], [0.0, 0.0, 0.0], [0.0, 0.0, 0.0], [0.0, 0.0, 0.0], [0.0, 0.0, 0.0], [0.0, 0.0, 0.0], [0.0, 0.0, 0.0]], "action_params_change": 0, "value_params_change": 0.45653619748729835}
{"iterations": 1, "type_itr": 0, "sub_iteration": 4, "sub_it_time": 0.12657952308654785, "total_time": 0.6489400863647461, "value_loss": 2.4076802730560303, "action_loss": -2.223097085952759, "action_probs": [[0.24243075149823268, 0.011953368227381578, 0.710579804977247, 0.03503607529713879], [0.03749328667217072, 0.036206721514010116, 0.4712351055615891, 0.4550648862522299], [2.0559701189252072e-05, 0.15262456715402115, 0.00011412983402764167, 0.8472407433107619], [0.09764006172634417, 0.01788536556669091, 0.7475423713900993, 0.13693220131686568], [0.9775625226290104, 0.0028781218098850436, 0.019501938308824126, 5.741725228040535e-05], [0.0065985658046415945, 0.00035486776765899727, 0.9423665369795954, 0.050680029448104125], [0.738554100351985, 0.030690554364024642, 0.22154889916075798, 0.009206446123232577], [0.019886600206546805, 0.6484947561915115, 0.009866773396985046, 0.3217518702049566], [0.13329156242201395, 0.043622449473701204, 0.6201341328846126, 0.20295185521967254], [0.47867379396582443, 0.0038561488491372004, 0.5133346836290757, 0.00413537355596241], [0.3869301760220225, 0.2627818188203227, 0.2086108930880105, 0.1416771120696443], [0.2292674061536455, 0.4373987039124919, 0.11463399020037154, 0.21869989973349094], [0.09090230951704682, 0.08631180155373555, 0.4220495596528911, 0.4007363292763264], [0.12617327222736308, 0.010553988407917476, 0.7966366461540911, 0.06663609321062822], [4.1895266345697204e-05, 0.01787190757343284, 0.002296819004454837, 0.9797893781557665], [0.03740686036239141, 0.13712117632955645, 0.1769246652274867, 0.6485472980805654]], "state_values": [1.1377008492749197, 2.8603486529446847, 3.329070951080714, 1.4067361029916707, 1.7117781542991457, 3.875062314935729, 2.3326141356994943, -0.39158082086462503, 3.4178758664785787, 1.4982336834986434, 3.7341292651386127, 4.996958421755475, 4.905039363918074, 4.9099595370658005, 3.153194225460192, -3.748335434664873], "value_grad": [0.5860798358917236, 1.758239984512329, 0.007920265197753906, 0.958320140838623, -0.534599781036377, 0.7642803192138672, -0.5821194648742676, 1.0889997482299805, -0.6217198371887207, 0.9860408306121826, -0.42768001556396484, -0.4078795909881592, -0.9820797443389893, -0.6454799175262451, 0.609839916229248, 1.5285594463348389], "action_grad": [[0.0, 0.0, 0.0], [0.0, 0.0, 0.0], [0.0, 0.0, 0.0], [0.0, 0.0, 0.0], [0.0, 0.0, 0.0], [0.0, 0.0, 0.0], [0.0, 0.0, 0.0], [0.0, 0.0, 0.0], [0.0, 0.0, 0.0], [0.0, 0.0, 0.0], [0.0, 0.0, 0.0], [0.0, 0.0, 0.0], [0.0, 0.0, 0.0], [0.0, 0.0, 0.0], [0.0, 0.0, 0.0], [0.0, 0.0, 0.0]], "action_params_change": 0, "value_params_change": 0.4369283982716423}
{"iterations": 1, "type_itr": 0, "sub_iteration": 5, "sub_it_time": 0.12780189514160156, "total_time": 0.7784373760223389, "value_loss": 3.2709596157073975, "action_loss": -1.9195605516433716, "action_probs": [[0.24243075149823268, 0.011953368227381578, 0.710579804977247, 0.03503607529713879], [0.03749328667217072, 0.036206721514010116, 0.4712351055615891, 0.4550648862522299], [2.0559701189252072e-05, 0.15262456715402115, 0.00011412983402764167, 0.8472407433107619], [0.09764006172634417, 0.01788536556669091, 0.7475423713900993, 0.13693220131686568], [0.9775625226290104, 0.0028781218098850436, 0.019501938308824126, 5.741725228040535e-05], [0.0065985658046415945, 0.00035486776765899727, 0.9423665369795954, 0.050680029448104125], [0.738554100351985, 0.030690554364024642, 0.22154889916075798, 0.009206446123232577], [0.019886600206546805, 0.6484947561915115, 0.009866773396985046, 0.3217518702049566], [0.13329156242201395, 0.043622449473701204, 0.6201341328846126, 0.20295185521967254], [0.47867379396582443, 0.0038561488491372004, 0.5133346836290757, 0.00413537355596241], [0.3869301760220225, 0.2627818188203227, 0.2086108930880105, 0.1416771120696443], [0.2292674061536455, 0.4373987039124919, 0.11463399020037154, 0.21869989973349094], [0.09090230951704682, 0.08631180155373555, 0.4220495596528911, 0.4007363292763264], [0.12617327222736308, 0.010553988407917476, 0.7966366461540911, 0.06663609321062822], [4.1895266345697204e-05, 0.01787190757343284, 0.002296819004454837, 0.9797893781557665], [0.03740686036239141, 0.13712117632955645, 0.1769246652274867, 0.6485472980805654]], "state_values": [0.079648558109759, 2.240726972671071, 2.8633179363333583, 0.8254503606150246, 1.5699903888036446, 3.9365003264171605, 1.8157030810888037, -1.259919664437651, 3.2912523972462684, 0.40717839122866034, 3.149891072439362, 4.944727439851737, 4.998309195068102, 4.83311799511053, 2.676382164326021, -3.107287912063473], "value_grad": [0.45936012268066406, -0.5543997287750244, 0.9820797443389893, 0.7722001075744629, -0.023760080337524414, -1.3859996795654297, 0.11879968643188477, -0.22176027297973633, -1.5008394718170166, 1.8493201732635498, -1.0810797214508057, 0.05543947219848633, -1.5127205848693848, 0.6969599723815918, 1.5166800022125244, 1.8334801197052002], "action_grad": [[0.0, 0.0, 0.0], [0.0, 0.0, 0.0], [0.0, 0.0, 0.0], [0.0, 0.0, 0.0], [0.0, 0.0, 0.0], [0.0, 0.0, 0.0], [0.0, 0.0, 0.0], [0.0, 0.0, 0.0], [0.0, 0.0, 0.0], [0.0, 0.0, 0.0], [0.0, 0.0, 0.0], [0.0, 0.0, 0.0], [0.0, 0.0, 0.0], [0.0, 0.0, 0.0], [0.0, 0.0, 0.0], [0.0, 0.0, 0.0]], "action_params_change": 0, "value_params_change": 0.44559279326936574}
{"iterations": 1, "type_itr": 0, "sub_iteration": 6, "sub_it_time": 0.12672019004821777, "total_time": 0.9067203998565674, "value_loss": 3.492720127105713, "action_loss": -1.5357933044433594, "action_probs": [[0.24243075149823268, 0.011953368227381578, 0.710579804977247, 0.03503607529713879], [0.03749328667217072, 0.036206721514010116, 0.4712351055615891, 0.4550648862522299], [2.0559701189252072e-05, 0.15262456715402115, 0.00011412983402764167, 0.8472407433107619], [0.09764006172634417, 0.01788536556669091, 0.7475423713900993, 0.13693220131686568], [0.9775625226290104, 0.0028781218098850436, 0.019501938308824126, 5.741725228040535e-05], [0.0065985658046415945, 0.00035486776765899727, 0.9423665369795954, 0.050680029448104125], [0.738554100351985, 0.030690554364024642, 0.22154889916075798, 0.009206446123232577], [0.019886600206546805, 0.6484947561915115, 0.009866773396985046, 0.3217518702049566], [0.13329156242201395, 0.043622449473701204, 0.6201341328846126, 0.20295185521967254], [0.47867379396582443, 0.0038561488491372004, 0.5133346836290757, 0.00413537355596241], [0.3869301760220225, 0.2627818188203227, 0.2086108930880105, 0.1416771120696443], [0.2292674061536455, 0.4373987039124919, 0.11463399020037154, 0.21869989973349094], [0.09090230951704682, 0.08631180155373555, 0.4220495596528911, 0.4007363292763264], [0.12617327222736308, 0.010553988407917476, 0.7966366461540911, 0.06663609321062822], [4.1895266345697204e-05, 0.01787190757343284, 0.002296819004454837, 0.9797893781557665], [0.03740686036239141, 0.13712117632955645, 0.1769246652274867, 0.6485472980805654]], "state_values": [-0.623707974774364, 1.4119610805490455, 2.358701914861957, 0.12932952695785263, 1.6936291056634012, 3.9401865659510893, 1.5385515767055762, -1.9853938166683538, 3.0755484986997694, -0.5044178891751216, 2.374582473912136, 4.765416036208986, 4.970763389885985, 4.727952889191371, 2.218946948039314, -2.410831987167377], "value_grad": [-0.5662803649902344, 1.9047601222991943, 0.1742398738861084, 0.7603204250335693, 0.6336002349853516, -0.35243988037109375, 0.37620019912719727, -0.007920026779174805, -0.5227203369140625, -0.24552035331726074, -1.5048000812530518, -1.4295599460601807, 0.22968006134033203, 0.25344014167785645, 0.03960013389587402, 0.38412046432495117], "action_grad": [[0.0, 0.0, 0.0], [0.0, 0.0, 0.0], [0.0, 0.0, 0.0], [0.0, 0.0, 0.0], [0.0, 0.0, 0.0], [0.0, 0.0, 0.0], [0.0, 0.0, 0.0], [0.0, 0.0, 0.0], [0.0, 0.0, 0.0], [0.0, 0.0, 0.0], [0.0, 0.0, 0.0], [0.0, 0.0, 0.0], [0.0, 0.0, 0.0], [0.0, 0.0, 0.0], [0.0, 0.0, 0.0], [0.0, 0.0, 0.0]], "action_params_change": 0, "value_params_change": 0.3733120379208521}
{"iterations": 1, "type_itr": 0, "sub_iteration": 7, "sub_it_time": 0.128739595413208, "total_time": 1.0370972156524658, "value_loss": 3.0571200847625732, "action_loss": -1.2570686340332031, "action_probs": [[0.24243075149823268, 0.011953368227381578, 0.710579804977247, 0.03503607529713879], [0.03749328667217072, 0.036206721514010116, 0.4712351055615891, 0.4550648862522299], [2.0559701189252072e-05, 0.15262456715402115, 0.00011412983402764167, 0.8472407433107619], [0.09764006172634417, 0.01788536556669091, 0.7475423713900993, 0.13693220131686568], [0.9775625226290104, 0.0028781218098850436, 0.019501938308824126, 5.741725228040535e-05], [0.0065985658046415945, 0.00035486776765899727, 0.9423665369795954, 0.050680029448104125], [0.738554100351985, 0.030690554364024642, 0.22154889916075798, 0.009206446123232577], [0.019886600206546805, 0.6484947561915115, 0.009866773396985046, 0.3217518702049566], [0.13329156242201395, 0.043622449473701204, 0.6201341328846126, 0.20295185521967254], [0.47867379396582443, 0.0038561488491372004, 0.5133346836290757, 0.00413537355596241], [0.3869301760220225, 0.2627818188203227, 0.2086108930880105, 0.1416771120696443], [0.2292674061536455, 0.4373987039124919, 0.11463399020037154, 0.21869989973349094], [0.09090230951704682, 0.08631180155373555, 0.4220495596528911, 0.4007363292763264], [0.12617327222736308, 0.010553988407917476, 0.7966366461540911, 0.06663609321062822], [4.1895266345697204e-05, 0.01787190757343284, 0.002296819004454837, 0.9797893781557665], [0.03740686036239141, 0.13712117632955645, 0.1769246652274867, 0.6485472980805654]], "state_values": [-1.400515816397479, 0.6322650041327731, 1.6371052692494872, -0.10805071663436888, 1.9657202623408054, 3.9019940533333783, 1.931692336430275, -2.685392450601428, 3.0555777481767477, -1.2305533072112353, 1.4469899152247492, 4.402665902922611, 4.929970948900204, 4.516215991936307, 1.6574753298910638, -1.541938505715362], "value_grad": [0.6890401840209961, 0.05147981643676758, 1.0533599853515625, -1.2909598350524902, 0.4910399913787842, -0.30492067337036133, 2.3997600078582764, 0.5583598613739014, 0.875159502029419, -0.2811596393585205, -1.3186795711517334, -1.5958797931671143, 0.9820802211761475, 1.2909598350524902, 0.5741996765136719, 1.995840072631836], "action_grad": [[0.0, 0.0, 0.0], [0.0, 0.0, 0.0], [0.0, 0.0, 0.0], [0.0, 0.0, 0.0], [0.0, 0.0, 0.0], [0.0, 0.0, 0.0], [0.0, 0.0, 0.0], [0.0, 0.0, 0.0], [0.0, 0.0, 0.0], [0.0, 0.0, 0.0], [0.0, 0.0, 0.0], [0.0, 0.0, 0.0], [0.0, 0.0, 0.0], [0.0, 0.0, 0.0], [0.0, 0.0, 0.0], [0.0, 0.0, 0.0]], "action_params_change": 0, "value_params_change": 0.4025425839747605}
{"iterations": 1, "type_itr": 0, "sub_iteration": 8, "sub_it_time": 0.12740182876586914, "total_time": 1.166072130203247, "value_loss": 3.3620400428771973, "action_loss": -1.004061222076416, "action_probs": [[0.24243075149823268, 0.011953368227381578, 0.710579804977247, 0.03503607529713879], [0.03749328667217072, 0.036206721514010116, 0.4712351055615891, 0.4550648862522299], [2.0559701189252072e-05, 0.15262456715402115, 0.00011412983402764167, 0.8472407433107619], [0.09764006172634417, 0.01788536556669091, 0.7475423713900993, 0.13693220131686568], [0.9775625226290104, 0.0028781218098850436, 0.019501938308824126, 5.741725228040535e-05], [0.0065985658046415945, 0.00035486776765899727, 0.9423665369795954, 0.050680029448104125], [0.738554100351985, 0.030690554364024642, 0.22154889916075798, 0.009206446123232577], [0.019886600206546805, 0.6484947561915115, 0.009866773396985046, 0.3217518702049566], [0.13329156242201395, 0.043622449473701204, 0.6201341328846126, 0.20295185521967254], [0.47867379396582443, 0.0038561488491372004, 0.5133346836290757, 0.00413537355596241], [0.3869301760220225, 0.2627818188203227, 0.2086108930880105, 0.1416771120696443], [0.2292674061536455, 0.4373987039124919, 0.11463399020037154, 0.21869989973349094], [0.09090230951704682, 0.08631180155373555, 0.4220495596528911, 0.4007363292763264], [0.12617327222736308, 0.010553988407917476, 0.7966366461540911, 0.06663609321062822], [4.1895266345697204e-05, 0.01787190757343284, 0.002296819004454837, 0.9797893781557665], [0.03740686036239141, 0.13712117632955645, 0.1769246652274867, 0.6485472980805654]], "state_values": [-1.4947883622702611, -0.17292169736559468, 0.7876571936076359, -0.23637655567518104, 2.079869548579081, 3.7353291385301017, 2.3173769071080645, -2.9706669082456623, 3.2299947053628877, -2.0265330596694677, 0.853620175287767, 4.0320436788111875, 4.813389837665124, 4.307861663066051, 1.1623024148413925, -0.6747552860549174], "value_grad": [-1.9047603607177734, 0.5227200984954834, 0.7088398933410645, -0.35243964195251465, -0.36035990715026855, -1.0177204608917236, 0.2494804859161377, -1.3543198108673096, 1.144439935684204, 1.1959197521209717, 1.231560468673706, 0.5187602043151855, -1.417680263519287, -0.24551987648010254, -0.08711957931518555, 0.34452009201049805], "action_grad": [[0.0, 0.0, 0.0], [0.0, 0.0, 0.0], [0.0, 0.0, 0.0], [0.0, 0.0, 0.0], [0.0, 0.0, 0.0], [0.0, 0.0, 0.0], [0.0, 0.0, 0.0], [0.0, 0.0, 0.0], [0.0, 0.0, 0.0], [0.0, 0.0, 0.0], [0.0, 0.0, 0.0], [0.0, 0.0, 0.0], [0.0, 0.0, 0.0], [0.0, 0.0, 0.0], [0.0, 0.0, 0.0], [0.0, 0.0, 0.0]], "action_params_change": 0, "value_params_change": 0.3562671813992644}
{"iterations": 1, "type_itr": 0, "sub_iteration": 9, "sub_it_time": 0.12790465354919434, "total_time": 1.2955584526062012, "value_loss": 4.807440280914307, "action_loss": -0.7948816418647766, "action_probs": [[0.24243075149823268, 0.011953368227381578, 0.710579804977247, 0.03503607529713879], [0.03749328667217072, 0.036206721514010116, 0.4712351055615891, 0.4550648862522299], [2.0559701189252072e-05, 0.15262456715402115, 0.00011412983402764167, 0.8472407433107619], [0.09764006172634417, 0.01788536556669091, 0.7475423713900993, 0.13693220131686568], [0.9775625226290104, 0.0028781218098850436, 0.019501938308824126, 5.741725228040535e-05], [0.0065985658046415945, 0.00035486776765899727, 0.9423665369795954, 0.050680029448104125], [0.738554100351985, 0.030690554364024642, 0.22154889916075798, 0.009206446123232577], [0.019886600206546805, 0.6484947561915115, 0.009866773396985046, 0.3217518702049566], [0.13329156242201395, 0.043622449473701204, 0.6201341328846126, 0.20295185521967254], [0.47867379396582443, 0.0038561488491372004, 0.5133346836290757, 0.00413537355596241], [0.3869301760220225, 0.2627818188203227, 0.2086108930880105, 0.1416771120696443], [0.2292674061536455, 0.4373987039124919, 0.11463399020037154, 0.21869989973349094], [0.09090230951704682, 0.08631180155373555, 0.4220495596528911, 0.4007363292763264], [0.12617327222736308, 0.010553988407917476, 0.7966366461540911, 0.06663609321062822], [4.1895266345697204e-05, 0.01787190757343284, 0.002296819004454837, 0.9797893781557665], [0.03740686036239141, 0.13712117632955645, 0.1769246652274867, 0.6485472980805654]], "state_values": [-1.6347200743164747, -1.074838245101934, 0.5725606671574942, -0.1768006951966758, 1.7698421486462401, 3.5664872589833467, 2.403223097083734, -3.2418951225450723, 3.3589325863967323, -2.684987312802032, 0.4451400810395913, 3.788925953572245, 4.681727243048671, 3.9162818124666616, 0.821626769824284, 0.2240955768906266], "value_grad": [0.27720022201538086, 1.37015962600708, -1.576080083847046, -0.7801201343536377, -1.6196396350860596, -0.0831599235534668, -1.2394797801971436, 0.18612003326416016, -0.13463950157165527, -0.023760318756103516, 0.6929998397827148, 0.926640510559082, 0.23759984970092773, 2.4274797439575195, -0.3880798816680908, 0.8355600833892822], "action_grad": [[0.0, 0.0, 0.0], [0.0, 0.0, 0.0], [0.0, 0.0, 0.0], [0.0, 0.0, 0.0], [0.0, 0.0, 0.0], [0.0, 0.0, 0.0], [0.0, 0.0, 0.0], [0.0, 0.0, 0.0], [0.0, 0.0, 0.0], [0.0, 0.0, 0.0], [0.0, 0.0, 0.0], [0.0, 0.0, 0.0], [0.0, 0.0, 0.0], [0.0, 0.0, 0.0], [0.0, 0.0, 0.0], [0.0, 0.0, 0.0]], "action_params_change": 0, "value_params_change": 0.3641349337376236}
{"iterations": 1, "type_itr": 0, "sub_iteration": 10, "sub_it_time": 0.1268751621246338, "total_time": 1.4240012168884277, "value_loss": 4.264919757843018, "action_loss": -0.5838912129402161, "action_probs": [[0.24243075149823268, 0.011953368227381578, 0.710579804977247, 0.03503607529713879], [0.03749328667217072, 0.036206721514010116, 0.4712351055615891, 0.4550648862522299], [2.0559701189252072e-05, 0.15262456715402115, 0.00011412983402764167, 0.8472407433107619], [0.09764006172634417, 0.01788536556669091, 0.7475423713900993, 0.13693220131686568], [0.9775625226290104, 0.0028781218098850436, 0.019501938308824126, 5.741725228040535e-05], [0.0065985658046415945, 0.00035486776765899727, 0.9423665369795954, 0.050680029448104125], [0.738554100351985, 0.030690554364024642, 0.22154889916075798, 0.009206446123232577], [0.019886600206546805, 0.6484947561915115, 0.009866773396985046, 0.3217518702049566], [0.13329156242201395, 0.043622449473701204, 0.6201341328846126, 0.20295185521967254], [0.47867379396582443, 0.0038561488491372004, 0.5133346836290757, 0.00413537355596241], [0.3869301760220225, 0.2627818188203227, 0.2086108930880105, 0.1416771120696443], [0.2292674061536455, 0.4373987039124919, 0.11463399020037154, 0.21869989973349094], [0.09090230951704682, 0.08631180155373555, 0.4220495596528911, 0.4007363292763264], [0.12617327222736308, 0.010553988407917476, 0.7966366461540911, 0.06663609321062822], [4.1895266345697204e-05, 0.01787190757343284, 0.002296819004454837, 0.9797893781557665], [0.03740686036239141, 0.13712117632955645, 0.1769246652274867, 0.6485472980805654]], "state_values": [-1.9532713566530455, -1.8070055908042888, 0.12569131624178395, 0.1190171178025425, 1.3327809540792666, 3.401369024448037, 2.2012190467438817, -3.531043211138564, 3.3206231682637393, -2.9987659065303918, -0.06917912719917817, 3.462990575201607, 4.528908264241027, 3.423303691384707, 0.9651026404102825, 1.151889966413319], "value_grad": [1.0890002250671387, -0.25343990325927734, 1.267200231552124, -1.2513601779937744, -0.69696044921875, -0.043560028076171875, -1.7503204345703125, 0.42768001556396484, -0.9860401153564453, -1.2830402851104736, -0.942479133605957, -0.6454799175262451, -0.07128047943115234, 0.7761597633361816, -1.8413996696472168, 1.1325597763061523], "action_grad": [[0.0, 0.0, 0.0], [0.0, 0.0, 0.0], [0.0, 0.0, 0.0], [0.0, 0.0, 0.0], [0.0, 0.0, 0.0], [0.0, 0.0, 0.0], [0.0, 0.0, 0.0], [0.0, 0.0, 0.0], [0.0, 0.0, 0.0], [0.0, 0.0, 0.0], [0.0, 0.0, 0.0], [0.0, 0.0, 0.0], [0.0, 0.0, 0.0], [0.0, 0.0, 0.0], [0.0, 0.0, 0.0], [0.0, 0.0, 0.0]], "action_params_change": 0, "value_params_change": 0.3752639457243907}
{"iterations": 1, "type_itr": 0, "sub_iteration": 11, "sub_it_time": 0.1263885498046875, "total_time": 1.5519473552703857, "value_loss": 3.678840398788452, "action_loss": -0.45765915513038635, "action_probs": [[0.24243075149823268, 0.011953368227381578, 0.710579804977247, 0.03503607529713879], [0.03749328667217072, 0.036206721514010116, 0.4712351055615891, 0.4550648862522299], [2.0559701189252072e-05, 0.15262456715402115, 0.00011412983402764167, 0.8472407433107619], [0.09764006172634417, 0.01788536556669091, 0.7475423713900993, 0.13693220131686568], [0.9775625226290104, 0.0028781218098850436, 0.019501938308824126, 5.741725228040535e-05], [0.0065985658046415945, 0.00035486776765899727, 0.9423665369795954, 0.050680029448104125], [0.738554100351985, 0.030690554364024642, 0.22154889916075798, 0.009206446123232577], [0.019886600206546805, 0.6484947561915115, 0.009866773396985046, 0.3217518702049566], [0.13329156242201395, 0.043622449473701204, 0.6201341328846126, 0.20295185521967254], [0.47867379396582443, 0.0038561488491372004, 0.5133346836290757, 0.00413537355596241], [0.3869301760220225, 0.2627818188203227, 0.2086108930880105, 0.1416771120696443], [0.2292674061536455, 0.4373987039124919, 0.11463399020037154, 0.21869989973349094], [0.09090230951704682, 0.08631180155373555, 0.4220495596528911, 0.4007363292763264], [0.12617327222736308, 0.010553988407917476, 0.7966366461540911, 0.06663609321062822], [4.1895266345697204e-05, 0.01787190757343284, 0.002296819004454837, 0.9797893781557665], [0.03740686036239141, 0.13712117632955645, 0.1769246652274867, 0.6485472980805654]], "state_values": [-2.13659692081445, -2.3167847720175883, -0.2562732867769939, 0.5341892926995856, 0.7821115348709243, 3.0589502556154065, 1.8421914834463085, -3.800376517248223, 3.333133662246908, -3.231206654622736, -0.5278350116910991, 2.9833400153621743, 4.241119107236328, 2.9334851147798613, 0.9309231858020964, 1.974373671404508], "value_grad": [-0.5148000717163086, -0.6256802082061768, -0.09504032135009766, -0.8395199775695801, -0.7048792839050293, -1.457279920578003, -1.223639965057373, 0.21780014038085938, 0.3167996406555176, -0.24552011489868164, 0.01979970932006836, -1.255319595336914, -1.5958800315856934, -0.12275934219360352, 0.7999210357666016, 0.1742401123046875], "action_grad": [[0.0, 0.0, 0.0], [0.0, 0.0, 0.0], [0.0, 0.0, 0.0], [0.0, 0.0, 0.0], [0.0, 0.0, 0.0], [0.0, 0.0, 0.0], [0.0, 0.0, 0.0], [0.0, 0.0, 0.0], [0.0, 0.0, 0.0], [0.0, 0.0, 0.0], [0.0, 0.0, 0.0], [0.0, 0.0, 0.0], [0.0, 0.0, 0.0], [0.0, 0.0, 0.0], [0.0, 0.0, 0.0], [0.0, 0.0, 0.0]], "action_params_change": 0, "value_params_change": 0.34693078856304105}
{"iterations": 1, "type_itr": 0, "sub_iteration": 12, "sub_it_time": 0.12702488899230957, "total_time": 1.6805856227874756, "value_loss": 4.094639778137207, "action_loss": -0.3283482789993286, "action_probs": [[0.24243075149823268, 0.011953368227381578, 0.710579804977247, 0.03503607529713879], [0.03749328667217072, 0.036206721514010116, 0.4712351055615891, 0.4550648862522299], [2.0559701189252072e-05, 0.15262456715402115, 0.00011412983402764167, 0.8472407433107619], [0.09764006172634417, 0.01788536556669091, 0.7475423713900993, 0.13693220131686568], [0.9775625226290104, 0.0028781218098850436, 0.019501938308824126, 5.741725228040535e-05], [0.0065985658046415945, 0.00035486776765899727, 0.9423665369795954, 0.050680029448104125], [0.738554100351985, 0.030690554364024642, 0.22154889916075798, 0.009206446123232577], [0.019886600206546805, 0.6484947561915115, 0.009866773396985046, 0.3217518702049566], [0.13329156242201395, 0.043622449473701204, 0.6201341328846126, 0.20295185521967254], [0.47867379396582443, 0.0038561488491372004, 0.5133346836290757, 0.00413537355596241], [0.3869301760220225, 0.2627818188203227, 0.2086108930880105, 0.1416771120696443], [0.2292674061536455, 0.4373987039124919, 0.11463399020037154, 0.21869989973349094], [0.09090230951704682, 0.08631180155373555, 0.4220495596528911, 0.4007363292763264], [0.12617327222736308, 0.010553988407917476, 0.7966366461540911, 0.06663609321062822], [4.1895266345697204e-05, 0.01787190757343284, 0.002296819004454837, 0.9797893781557665], [0.03740686036239141, 0.13712117632955645, 0.1769246652274867, 0.6485472980805654]], "state_values": [-2.4985147917255377, -2.8956803604345116, -0.6053500603586474, 0.8729617678337688, 0.4358257370356138, 2.520630215806256, 1.2801861080870394, -3.7052751842730274, 3.119260539694105, -3.3353595653084978, -0.6744252288459937, 2.7523464789870005, 3.7858130678130797, 2.3456417392876725, 0.6354854394159167, 2.7001829083108264], "value_grad": [1.342440128326416, 1.1761198043823242, 0.02772045135498047, 0.17028045654296875, 0.6296398639678955, -1.8968400955200195, -1.916640281677246, -2.7482399940490723, -1.690920352935791, -0.693000316619873, 1.5087602138519287, 1.374119758605957, -1.8255598545074463, 0.8870401382446289, 1.5047998428344727, 0.3049197196960449], "action_grad": [[0.0, 0.0, 0.0], [0.0, 0.0, 0.0], [0.0, 0.0, 0.0], [0.0, 0.0, 0.0], [0.0, 0.0, 0.0], [0.0, 0.0, 0.0], [0.0, 0.0, 0.0], [0.0, 0.0, 0.0], [0.0, 0.0, 0.0], [0.0, 0.0, 0.0], [0.0, 0.0, 0.0], [0.0, 0.0, 0.0], [0.0, 0.0, 0.0], [0.0, 0.0, 0.0], [0.0, 0.0, 0.0], [0.0, 0.0, 0.0]], "action_params_change": 0, "value_params_change": 0.3290981445217458}
{"iterations": 1, "type_itr": 0, "sub_iteration": 13, "sub_it_time": 0.13101696968078613, "total_time": 1.8133201599121094, "value_loss": 4.142159938812256, "action_loss": -0.17404450476169586, "action_probs": [[0.24243075149823268, 0.011953368227381578, 0.710579804977247, 0.03503607529713879], [0.03749328667217072, 0.036206721514010116, 0.4712351055615891, 0.4550648862522299], [2.0559701189252072e-05, 0.15262456715402115, 0.00011412983402764167, 0.8472407433107619], [0.09764006172634417, 0.01788536556669091, 0.7475423713900993, 0.13693220131686568], [0.9775625226290104, 0.0028781218098850436, 0.019501938308824126, 5.741725228040535e-05], [0.0065985658046415945, 0.00035486776765899727, 0.9423665369795954, 0.050680029448104125], [0.738554100351985, 0.030690554364024642, 0.22154889916075798, 0.009206446123232577], [0.019886600206546805, 0.6484947561915115, 0.009866773396985046, 0.3217518702049566], [0.13329156242201395, 0.043622449473701204, 0.6201341328846126, 0.20295185521967254], [0.47867379396582443, 0.0038561488491372004, 0.5133346836290757, 0.00413537355596241], [0.3869301760220225, 0.2627818188203227, 0.2086108930880105, 0.1416771120696443], [0.2292674061536455, 0.4373987039124919, 0.11463399020037154, 0.21869989973349094], [0.09090230951704682, 0.08631180155373555, 0.4220495596528911, 0.4007363292763264], [0.12617327222736308, 0.010553988407917476, 0.7966366461540911, 0.06663609321062822], [4.1895266345697204e-05, 0.01787190757343284, 0.002296819004454837, 0.9797893781557665], [0.03740686036239141, 0.13712117632955645, 0.1769246652274867, 0.6485472980805654]], "state_values": [-2.7096159471458177, -3.3574411741667314, -0.8380954972229568, 1.2803669934081219, 0.3868655928326764, 1.7860273521413679, 0.583176349088388, -3.501951919051354, 2.904242180151542, -3.4381084339869465, -0.8106130331220216, 2.547445991037609, 3.253975161017486, 1.9000566694030845, 0.3355667377003464, 3.132401271332398], "value_grad": [-0.6454806327819824, -0.11880016326904297, -0.3643202781677246, -0.6058800220489502, 1.1365203857421875, -2.328479766845703, -1.5206403732299805, -1.180079698562622, -0.09504008293151855, 0.0831599235534668, -0.02772045135498047, 0.07523989677429199, -0.380159854888916, -0.811800479888916, 0.1742396354675293, -1.3186800479888916], "action_grad": [[0.0, 0.0, 0.0], [0.0, 0.0, 0.0], [0.0, 0.0, 0.0], [0.0, 0.0, 0.0], [0.0, 0.0, 0.0], [0.0, 0.0, 0.0], [0.0, 0.0, 0.0], [0.0, 0.0, 0.0], [0.0, 0.0, 0.0], [0.0, 0.0, 0.0], [0.0, 0.0, 0.0], [0.0, 0.0, 0.0], [0.0, 0.0, 0.0], [0.0, 0.0, 0.0], [0.0, 0.0, 0.0], [0.0, 0.0, 0.0]], "action_params_change": 0, "value_params_change": 0.3261909047102103}
