{"iterations": 0, "type_itr": 0, "sub_iteration": 0, "sub_it_time": 0, "total_time": 0, "value_loss": 0, "action_loss": 0, "action_probs": [[0.9012551954744487, 0.04055028808215905, 0.05568889883149432, 0.0025056176118979463], [0.009319120816125716, 0.024354552187423533, 0.2674288542308336, 0.6988974727656172], [0.04397567843959398, 4.448849817523119e-05, 0.9550136825449267, 0.000966150517304289], [0.013547512298100264, 0.02358264351753464, 0.35131797238687446, 0.6115518717974905], [0.05422735631102581, 0.1306513025963431, 0.239085872114088, 0.576035468978543], [0.013456295505587967, 0.009180088967180644, 0.5809979788409085, 0.3963656366863227], [0.6936173293064039, 0.058211349234302406, 0.22895632225037077, 0.019214999208922973], [0.5937119454825426, 0.014631175452132406, 0.3822371941581709, 0.00941968490715409], [0.3077709995981464, 0.5781341440280542, 0.039637525809408464, 0.0744573305643911], [0.270192638375849, 0.10789271613000082, 0.4444413329108343, 0.17747331258331572], [0.19659928046555053, 0.3741287761663792, 0.14787174769057898, 0.28140019567749136], [0.05052508520094286, 0.1441834529835392, 0.2089657705779211, 0.5963256912375969], [0.30863216846741903, 0.28400419367453517, 0.2121461505542753, 0.1952174873037704], [0.05802479248826676, 0.02619041093951074, 0.6309813504230722, 0.2848034461491501], [0.17038798399592223, 0.22304106467857843, 0.26269641729568377, 0.3438745340298156], [0.2349020405923301, 0.017547741879056434, 0.6955881277600813, 0.05196208976853212]], "state_values": [2.642113649961626, 4.618204837262099, 2.5899223298892364, 3.368408739045733, 3.7600605564623653, -2.948556106222386, 1.6461550295471061, 4.963836554555395, 4.8418802737909346, 2.6674667704741983, 4.786757115128649, -2.546486415769029, 3.934663237502893, 4.809148958081432, 3.122334531158009, 4.899698104157417], "value_grad": [0.0, 0.0, 0.0, 0.0, 0.0, 0.0, 0.0, 0.0, 0.0, 0.0, 0.0, 0.0, 0.0, 0.0, 0.0, 0.0], "action_grad": [[0.0, 0.0, 0.0], [0.0, 0.0, 0.0], [0.0, 0.0, 0.0], [0.0, 0.0, 0.0], [0.0, 0.0, 0.0], [0.0, 0.0, 0.0], [0.0, 0.0, 0.0], [0.0, 0.0, 0.0], [0.0, 0.0, 0.0], [0.0, 0.0, 0.0], [0.0, 0.0, 0.0], [0.0, 0.0, 0.0], [0.0, 0.0, 0.0], [0.0, 0.0, 0.0], [0.0, 0.0, 0.0], [0.0, 0.0, 0.0]], "action_params_change": 0, "value_params_change": 0}
{"iterations": 1, "type_itr": 0, "sub_iteration": 0, "sub_it_time": 0.09786581993103027, "total_time": 0.09926366806030273, "value_loss": 7.081684835203696, "action_loss": -2.2275041425207758, "action_probs": [[0.9012551954744487, 0.04055028808215905, 0.05568889883149432, 0.0025056176118979463], [0.009319120816125716, 0.024354552187423533, 0.2674288542308336, 0.6988974727656172], [0.04397567843959398, 4.448849817523119e-05, 0.9550136825449267, 0.000966150517304289], [0.013547512298100264, 0.02358264351753464, 0.35131797238687446, 0.6115518717974905], [0.05422735631102581, 0.1306513025963431, 0.239085872114088, 0.576035468978543], [0.013456295505587967, 0.009180088967180644, 0.5809979788409085, 0.3963656366863227], [0.6936173293064039, 0.058211349234302406, 0.22895632225037077, 0.019214999208922973], [0.5937119454825426, 0.014631175452132406, 0.3822371941581709, 0.00941968490715409], [0.3077709995981464, 0.5781341440280542, 0.039637525809408464, 0.0744573305643911], [0.270192638375849, 0.10789271613000082, 0.4444413329108343, 0.17747331258331572], [0.19659928046555053, 0.3741287761663792, 0.14787174769057898, 0.28140019567749136], [0.05052508520094286, 0.1441834529835392, 0.2089657705779211, 0.5963256912375969], [0.30863216846741903, 0.28400419367453517, 0.2121461505542753, 0.1952174873037704], [0.05802479248826676, 0.02619041093951074, 0.6309813504230722, 0.2848034461491501], [0.17038798399592223, 0.22304106467857843, 0.26269641729568377, 0.3438745340298156], [0.2349020405923301, 0.017547741879056434, 0.6955881277600813, 0.05196208976853212]], "state_values": [1.5097700255597606, 4.000537232443433, 1.451274464361855, 4.177877365484652, 2.8277886802263374, -1.8578579056008666, 2.7630352464007197, 4.661013317471395, 4.382727568106328, 1.5382651677098416, 4.2805412184780645, -1.4027547342583222, 3.0490550554171225, 4.321135698279153, 3.9914445600839987, 4.500847004276351], "value_grad": [-0.13292262275834688, 0.6341575999527906, -0.01271485977084108, 0.2060008589618718, -0.5368542925776767, 2.0650713891442436, 0.5142033131791317, 0.035313836163911816, 0.18209199310929858, 0.1336959082705853, -0.49658434755655634, 0.129863535289096, 0.032173699584118864, -0.18193531827516196, 0.23427948515895558, 0.27189776925571607], "action_grad": [[0.0, 0.0, 0.0], [0.0, 0.0, 0.0], [0.0, 0.0, 0.0], [0.0, 0.0, 0.0], [0.0, 0.0, 0.0], [0.0, 0.0, 0.0], [0.0, 0.0, 0.0], [0.0, 0.0, 0.0], [0.0, 0.0, 0.0], [0.0, 0.0, 0.0], [0.0, 0.0, 0.0], [0.0, 0.0, 0.0], [0.0, 0.0, 0.0], [0.0, 0.0, 0.0], [0.0, 0.0, 0.0], [0.0, 0.0, 0.0]], "action_params_change": 0, "value_params_change": 0.49999999757877633}
{"iterations": 1, "type_itr": 0, "sub_iteration": 1, "sub_it_time": 0.09834432601928711, "total_time": 0.2130904197692871, "value_loss": 4.623753148470434, "action_loss": -2.027592081791337, "action_probs": [[0.9012551954744487, 0.04055028808215905, 0.05568889883149432, 0.0025056176118979463], [0.009319120816125716, 0.024354552187423533, 0.2674288542308336, 0.6988974727656172], [0.04397567843959398, 4.448849817523119e-05, 0.9550136825449267, 0.000966150517304289], [0.013547512298100264, 0.02358264351753464, 0.35131797238687446, 0.6115518717974905], [0.05422735631102581, 0.1306513025963431, 0.239085872114088, 0.576035468978543], [0.013456295505587967, 0.009180088967180644, 0.5809979788409085, 0.3963656366863227], [0.6936173293064039, 0.058211349234302406, 0.22895632225037077, 0.019214999208922973], [0.5937119454825426, 0.014631175452132406, 0.3822371941581709, 0.00941968490715409], [0.3077709995981464, 0.5781341440280542, 0.039637525809408464, 0.0744573305643911], [0.270192638375849, 0.10789271613000082, 0.4444413329108343, 0.17747331258331572], [0.19659928046555053, 0.3741287761663792, 0.14787174769057898, 0.28140019567749136], [0.05052508520094286, 0.1441834529835392, 0.2089657705779211, 0.5963256912375969], [0.30863216846741903, 0.28400419367453517, 0.2121461505542753, 0.1952174873037704], [0.05802479248826676, 0.02619041093951074, 0.6309813504230722, 0.2848034461491501], [0.17038798399592223, 0.22304106467857843, 0.26269641729568377, 0.3438745340298156], [0.2349020405923301, 0.017547741879056434, 0.6955881277600813, 0.05196208976853212]], "state_values": [0.326137435536997, 3.1404583216053967, 2.287024710192398, 4.7113805954256955, 1.7335484181276064, -0.6638659739736543, 3.25097376878478, 4.122335049488694, 3.6931373575273163, 0.35435316811868633, 3.5116181685834773, -0.22111913696542193, 3.410233586458247, 3.589066251555925, 4.272465999150157, 3.8353313551962733], "value_grad": [-0.08529034496028665, 0.9112753936828959, 0.39716127873718765, 0.1267851129044173, -0.4298533593178755, 1.6962604116782174, -0.11623250712366318, 0.099968282228037, 0.4156308412240408, 0.08673384450543775, -0.6794026489205809, 0.07978650251532304, -0.06663348660708213, -0.34126398762664056, -0.07801266567063792, 0.44876629573474425], "action_grad": [[0.0, 0.0, 0.0], [0.0, 0.0, 0.0], [0.0, 0.0, 0.0], [0.0, 0.0, 0.0], [0.0, 0.0, 0.0], [0.0, 0.0, 0.0], [0.0, 0.0, 0.0], [0.0, 0.0, 0.0], [0.0, 0.0, 0.0], [0.0, 0.0, 0.0], [0.0, 0.0, 0.0], [0.0, 0.0, 0.0], [0.0, 0.0, 0.0], [0.0, 0.0, 0.0], [0.0, 0.0, 0.0], [0.0, 0.0, 0.0]], "action_params_change": 0, "value_params_change": 0.49807009758320975}
{"iterations": 1, "type_itr": 0, "sub_iteration": 2, "sub_it_time": 0.1036531925201416, "total_time": 0.3192558288574219, "value_loss": 2.544961267926795, "action_loss": -1.8444419690803193, "action_probs": [[0.9012551954744487, 0.04055028808215905, 0.05568889883149432, 0.0025056176118979463], [0.009319120816125716, 0.024354552187423533, 0.2674288542308336, 0.6988974727656172], [0.04397567843959398, 4.448849817523119e-05, 0.9550136825449267, 0.000966150517304289], [0.013547512298100264, 0.02358264351753464, 0.35131797238687446, 0.6115518717974905], [0.05422735631102581, 0.1306513025963431, 0.239085872114088, 0.576035468978543], [0.013456295505587967, 0.009180088967180644, 0.5809979788409085, 0.3963656366863227], [0.6936173293064039, 0.058211349234302406, 0.22895632225037077, 0.019214999208922973], [0.5937119454825426, 0.014631175452132406, 0.3822371941581709, 0.00941968490715409], [0.3077709995981464, 0.5781341440280542, 0.039637525809408464, 0.0744573305643911], [0.270192638375849, 0.10789271613000082, 0.4444413329108343, 0.17747331258331572], [0.19659928046555053, 0.3741287761663792, 0.14787174769057898, 0.28140019567749136], [0.05052508520094286, 0.1441834529835392, 0.2089657705779211, 0.5963256912375969], [0.30863216846741903, 0.28400419367453517, 0.2121461505542753, 0.1952174873037704], [0.05802479248826676, 0.02619041093951074, 0.6309813504230722, 0.2848034461491501], [0.17038798399592223, 0.22304106467857843, 0.26269641729568377, 0.3438745340298156], [0.2349020405923301, 0.017547741879056434, 0.6955881277600813, 0.05196208976853212]], "state_values": [-0.6946301362429875, 2.0823223745711115, 3.0238209216675846, 4.964056903484818, 0.6409438783141458, 0.504236931075467, 3.2986126476743527, 3.348439862604522, 2.792011806329999, -0.6739942132604743, 2.5222390725976127, 0.768829808205258, 3.0528666103598754, 2.631355182499527, 4.137660132692513, 2.9295264958486764], "value_grad": [-0.01928519489852798, 0.8520370020436343, 0.10012573904924782, 0.06668806831801843, -0.1821856583653112, 0.9633052215390903, -0.2653360127323787, 0.13824196587409077, 0.5894762813517138, 0.020945568349150623, -0.6410626737448131, 0.01309032596434756, 0.11340362505607438, -0.34610445240053567, -0.22352153721727008, 0.43316752648560986], "action_grad": [[0.0, 0.0, 0.0], [0.0, 0.0, 0.0], [0.0, 0.0, 0.0], [0.0, 0.0, 0.0], [0.0, 0.0, 0.0], [0.0, 0.0, 0.0], [0.0, 0.0, 0.0], [0.0, 0.0, 0.0], [0.0, 0.0, 0.0], [0.0, 0.0, 0.0], [0.0, 0.0, 0.0], [0.0, 0.0, 0.0], [0.0, 0.0, 0.0], [0.0, 0.0, 0.0], [0.0, 0.0, 0.0], [0.0, 0.0, 0.0]], "action_params_change": 0, "value_params_change": 0.49982823257240283}
{"iterations": 1, "type_itr": 0, "sub_iteration": 3, "sub_it_time": 0.10076236724853516, "total_time": 0.42797398567199707, "value_loss": 1.5980247606459892, "action_loss": -1.5357384055525771, "action_probs": [[0.9012551954744487, 0.04055028808215905, 0.05568889883149432, 0.0025056176118979463], [0.009319120816125716, 0.024354552187423533, 0.2674288542308336, 0.6988974727656172], [0.04397567843959398, 4.448849817523119e-05, 0.9550136825449267, 0.000966150517304289], [0.013547512298100264, 0.02358264351753464, 0.35131797238687446, 0.6115518717974905], [0.05422735631102581, 0.1306513025963431, 0.239085872114088, 0.576035468978543], [0.013456295505587967, 0.009180088967180644, 0.5809979788409085, 0.3963656366863227], [0.6936173293064039, 0.058211349234302406, 0.22895632225037077, 0.019214999208922973], [0.5937119454825426, 0.014631175452132406, 0.3822371941581709, 0.00941968490715409], [0.3077709995981464, 0.5781341440280542, 0.039637525809408464, 0.0744573305643911], [0.270192638375849, 0.10789271613000082, 0.4444413329108343, 0.17747331258331572], [0.19659928046555053, 0.3741287761663792, 0.14787174769057898, 0.28140019567749136], [0.05052508520094286, 0.1441834529835392, 0.2089657705779211, 0.5963256912375969], [0.30863216846741903, 0.28400419367453517, 0.2121461505542753, 0.1952174873037704], [0.05802479248826676, 0.02619041093951074, 0.6309813504230722, 0.2848034461491501], [0.17038798399592223, 0.22304106467857843, 0.26269641729568377, 0.3438745340298156], [0.2349020405923301, 0.017547741879056434, 0.6955881277600813, 0.05196208976853212]], "state_values": [-1.3126983221417485, 0.9291906970253956, 3.286578309561035, 4.986515248728004, -0.15405172327515568, 1.4693433154134843, 3.065577438715257, 2.3650417234541883, 1.716189369744749, -1.306565195324833, 1.4089888450205568, 1.3306343719319582, 2.368535482766077, 1.5123828861246338, 3.7220039558549955, 1.8750720781436943], "value_grad": [0.040763441475728523, 0.5298028444690286, -0.19165105641267677, 0.0220459199279055, 0.11411347301108532, 0.1087176248309294, -0.3212176301406928, 0.14735727715407232, 0.6885244897714526, -0.03957522449541173, -0.4036405911171774, -0.04501772569055973, 0.19802833925003482, -0.2856443267165447, -0.3668467650528824, 0.25688053468697447], "action_grad": [[0.0, 0.0, 0.0], [0.0, 0.0, 0.0], [0.0, 0.0, 0.0], [0.0, 0.0, 0.0], [0.0, 0.0, 0.0], [0.0, 0.0, 0.0], [0.0, 0.0, 0.0], [0.0, 0.0, 0.0], [0.0, 0.0, 0.0], [0.0, 0.0, 0.0], [0.0, 0.0, 0.0], [0.0, 0.0, 0.0], [0.0, 0.0, 0.0], [0.0, 0.0, 0.0], [0.0, 0.0, 0.0], [0.0, 0.0, 0.0]], "action_params_change": 0, "value_params_change": 0.4938386533626766}
{"iterations": 1, "type_itr": 0, "sub_iteration": 4, "sub_it_time": 0.10699343681335449, "total_time": 0.5461671352386475, "value_loss": 1.563113991777832, "action_loss": -1.1639810812714846, "action_probs": [[0.9012551954744487, 0.04055028808215905, 0.05568889883149432, 0.0025056176118979463], [0.009319120816125716, 0.024354552187423533, 0.2674288542308336, 0.6988974727656172], [0.04397567843959398, 4.448849817523119e-05, 0.9550136825449267, 0.000966150517304289], [0.013547512298100264, 0.02358264351753464, 0.35131797238687446, 0.6115518717974905], [0.05422735631102581, 0.1306513025963431, 0.239085872114088, 0.576035468978543], [0.013456295505587967, 0.009180088967180644, 0.5809979788409085, 0.3963656366863227], [0.6936173293064039, 0.058211349234302406, 0.22895632225037077, 0.019214999208922973], [0.5937119454825426, 0.014631175452132406, 0.3822371941581709, 0.00941968490715409], [0.3077709995981464, 0.5781341440280542, 0.039637525809408464, 0.0744573305643911], [0.270192638375849, 0.10789271613000082, 0.4444413329108343, 0.17747331258331572], [0.19659928046555053, 0.3741287761663792, 0.14787174769057898, 0.28140019567749136], [0.05052508520094286, 0.1441834529835392, 0.2089657705779211, 0.5963256912375969], [0.30863216846741903, 0.28400419367453517, 0.2121461505542753, 0.1952174873037704], [0.05802479248826676, 0.02619041093951074, 0.6309813504230722, 0.2848034461491501], [0.17038798399592223, 0.22304106467857843, 0.26269641729568377, 0.3438745340298156], [0.2349020405923301, 0.017547741879056434, 0.6955881277600813, 0.05196208976853212]], "state_values": [-1.50591813760106, -0.11296227823483362, 3.1237541766898347, 4.868950811836498, -0.5004979973366257, 2.1059661868707558, 2.605154706745816, 1.2301139379587034, 0.5223171799137032, -1.5141685255210535, 0.38157509218210256, 1.4695881741384964, 1.4759407436926333, 0.3682217709117484, 3.0731360863560315, 0.899056750140354], "value_grad": [0.07505955932272301, 0.049972552656635694, -0.3719135463353458, -0.013420897108682883, 0.3112920740130163, -0.5720637413209835, -0.38260403601345905, 0.12347883148979188, 0.6177460719625028, -0.07473464496809257, -0.03242343734089603, -0.07600760963317432, 0.2583636332420458, -0.13335659868831562, -0.5486711145791867, -0.0030597340358695657], "action_grad": [[0.0, 0.0, 0.0], [0.0, 0.0, 0.0], [0.0, 0.0, 0.0], [0.0, 0.0, 0.0], [0.0, 0.0, 0.0], [0.0, 0.0, 0.0], [0.0, 0.0, 0.0], [0.0, 0.0, 0.0], [0.0, 0.0, 0.0], [0.0, 0.0, 0.0], [0.0, 0.0, 0.0], [0.0, 0.0, 0.0], [0.0, 0.0, 0.0], [0.0, 0.0, 0.0], [0.0, 0.0, 0.0], [0.0, 0.0, 0.0]], "action_params_change": 0, "value_params_change": 0.4914153370136405}
{"iterations": 1, "type_itr": 0, "sub_iteration": 5, "sub_it_time": 0.09947443008422852, "total_time": 0.6471600532531738, "value_loss": 1.8509140698126245, "action_loss": -0.7848388995501149, "action_probs": [[0.9012551954744487, 0.04055028808215905, 0.05568889883149432, 0.0025056176118979463], [0.009319120816125716, 0.024354552187423533, 0.2674288542308336, 0.6988974727656172], [0.04397567843959398, 4.448849817523119e-05, 0.9550136825449267, 0.000966150517304289], [0.013547512298100264, 0.02358264351753464, 0.35131797238687446, 0.6115518717974905], [0.05422735631102581, 0.1306513025963431, 0.239085872114088, 0.576035468978543], [0.013456295505587967, 0.009180088967180644, 0.5809979788409085, 0.3963656366863227], [0.6936173293064039, 0.058211349234302406, 0.22895632225037077, 0.019214999208922973], [0.5937119454825426, 0.014631175452132406, 0.3822371941581709, 0.00941968490715409], [0.3077709995981464, 0.5781341440280542, 0.039637525809408464, 0.0744573305643911], [0.270192638375849, 0.10789271613000082, 0.4444413329108343, 0.17747331258331572], [0.19659928046555053, 0.3741287761663792, 0.14787174769057898, 0.28140019567749136], [0.05052508520094286, 0.1441834529835392, 0.2089657705779211, 0.5963256912375969], [0.30863216846741903, 0.28400419367453517, 0.2121461505542753, 0.1952174873037704], [0.05802479248826676, 0.02619041093951074, 0.6309813504230722, 0.2848034461491501], [0.17038798399592223, 0.22304106467857843, 0.26269641729568377, 0.3438745340298156], [0.2349020405923301, 0.017547741879056434, 0.6955881277600813, 0.05196208976853212]], "state_values": [-1.389454543795455, -0.8079190779566285, 2.668101146798878, 4.713943758227916, -0.5151470570732645, 2.421175033938618, 1.9463132830677365, 0.05621253858635678, -0.6744398630257631, -1.4091988298910996, -0.3085101903109438, 1.3103169421346132, 0.4377453352274622, -0.5594408867583015, 2.2242821619473676, 0.25802455163651944], "value_grad": [0.08509448733754699, -0.4091772802811757, -0.490976958619481, -0.04317616882688413, 0.33998455447546383, -0.9564299802552003, -0.4364805983897402, 0.07065398687485125, 0.3479558601931987, -0.08551378505757024, 0.3191505455468895, -0.08323881296290603, 0.2834644757143179, 0.06669511222495483, -0.7084434668194333, -0.22418794888709304], "action_grad": [[0.0, 0.0, 0.0], [0.0, 0.0, 0.0], [0.0, 0.0, 0.0], [0.0, 0.0, 0.0], [0.0, 0.0, 0.0], [0.0, 0.0, 0.0], [0.0, 0.0, 0.0], [0.0, 0.0, 0.0], [0.0, 0.0, 0.0], [0.0, 0.0, 0.0], [0.0, 0.0, 0.0], [0.0, 0.0, 0.0], [0.0, 0.0, 0.0], [0.0, 0.0, 0.0], [0.0, 0.0, 0.0], [0.0, 0.0, 0.0]], "action_params_change": 0, "value_params_change": 0.4799095415889232}
{"iterations": 1, "type_itr": 0, "sub_iteration": 6, "sub_it_time": 0.10197091102600098, "total_time": 0.7634320259094238, "value_loss": 1.939958866081659, "action_loss": -0.44363972084825554, "action_probs": [[0.9012551954744487, 0.04055028808215905, 0.05568889883149432, 0.0025056176118979463], [0.009319120816125716, 0.024354552187423533, 0.2674288542308336, 0.6988974727656172], [0.04397567843959398, 4.448849817523119e-05, 0.9550136825449267, 0.000966150517304289], [0.013547512298100264, 0.02358264351753464, 0.35131797238687446, 0.6115518717974905], [0.05422735631102581, 0.1306513025963431, 0.239085872114088, 0.576035468978543], [0.013456295505587967, 0.009180088967180644, 0.5809979788409085, 0.3963656366863227], [0.6936173293064039, 0.058211349234302406, 0.22895632225037077, 0.019214999208922973], [0.5937119454825426, 0.014631175452132406, 0.3822371941581709, 0.00941968490715409], [0.3077709995981464, 0.5781341440280542, 0.039637525809408464, 0.0744573305643911], [0.270192638375849, 0.10789271613000082, 0.4444413329108343, 0.17747331258331572], [0.19659928046555053, 0.3741287761663792, 0.14787174769057898, 0.28140019567749136], [0.05052508520094286, 0.1441834529835392, 0.2089657705779211, 0.5963256912375969], [0.30863216846741903, 0.28400419367453517, 0.2121461505542753, 0.1952174873037704], [0.05802479248826676, 0.02619041093951074, 0.6309813504230722, 0.2848034461491501], [0.17038798399592223, 0.22304106467857843, 0.26269641729568377, 0.3438745340298156], [0.2349020405923301, 0.017547741879056434, 0.6955881277600813, 0.05196208976853212]], "state_values": [-1.0673715301276487, -1.1011608136306366, 1.9902822397869897, 4.602592709366172, -0.35069104946026475, 2.4847954902775036, 1.131526570005692, -0.9814600093646703, -1.6763581966576269, -1.0955324042445844, -0.6203356088925559, 0.9575123661165269, -0.6739191566935727, -1.1182122513120902, 1.2111495678213455, -0.03073873094285471], "value_grad": [0.07909369617734541, -0.6918738287824384, -0.5540914490941893, -0.06634940981076531, 0.24925308651212408, -1.1121671941426012, -0.4267206771278713, 0.003330849286039328, -0.02835049674889678, -0.08012149648342426, 0.4894094318631528, -0.07493344524621204, 0.2394097708297802, 0.20518841816041578, -0.7373599024040736, -0.3034620830371293], "action_grad": [[0.0, 0.0, 0.0], [0.0, 0.0, 0.0], [0.0, 0.0, 0.0], [0.0, 0.0, 0.0], [0.0, 0.0, 0.0], [0.0, 0.0, 0.0], [0.0, 0.0, 0.0], [0.0, 0.0, 0.0], [0.0, 0.0, 0.0], [0.0, 0.0, 0.0], [0.0, 0.0, 0.0], [0.0, 0.0, 0.0], [0.0, 0.0, 0.0], [0.0, 0.0, 0.0], [0.0, 0.0, 0.0], [0.0, 0.0, 0.0]], "action_params_change": 0, "value_params_change": 0.44571319206075}
{"iterations": 1, "type_itr": 0, "sub_iteration": 7, "sub_it_time": 0.10040163993835449, "total_time": 0.8736612796783447, "value_loss": 1.6838731469066492, "action_loss": -0.16742595394147927, "action_probs": [[0.9012551954744487, 0.04055028808215905, 0.05568889883149432, 0.0025056176118979463], [0.009319120816125716, 0.024354552187423533, 0.2674288542308336, 0.6988974727656172], [0.04397567843959398, 4.448849817523119e-05, 0.9550136825449267, 0.000966150517304289], [0.013547512298100264, 0.02358264351753464, 0.35131797238687446, 0.6115518717974905], [0.05422735631102581, 0.1306513025963431, 0.239085872114088, 0.576035468978543], [0.013456295505587967, 0.009180088967180644, 0.5809979788409085, 0.3963656366863227], [0.6936173293064039, 0.058211349234302406, 0.22895632225037077, 0.019214999208922973], [0.5937119454825426, 0.014631175452132406, 0.3822371941581709, 0.00941968490715409], [0.3077709995981464, 0.5781341440280542, 0.039637525809408464, 0.0744573305643911], [0.270192638375849, 0.10789271613000082, 0.4444413329108343, 0.17747331258331572], [0.19659928046555053, 0.3741287761663792, 0.14787174769057898, 0.28140019567749136], [0.05052508520094286, 0.1441834529835392, 0.2089657705779211, 0.5963256912375969], [0.30863216846741903, 0.28400419367453517, 0.2121461505542753, 0.1952174873037704], [0.05802479248826676, 0.02619041093951074, 0.6309813504230722, 0.2848034461491501], [0.17038798399592223, 0.22304106467857843, 0.26269641729568377, 0.3438745340298156], [0.2349020405923301, 0.017547741879056434, 0.6955881277600813, 0.05196208976853212]], "state_values": [-0.6207986851300465, -1.0803459177995742, 1.1427103260978029, 4.571316444424192, -0.13044353958284788, 2.359134048295485, 0.23164913822668803, -1.7232936806090182, -2.318591726499311, -0.6538699902670576, -0.6674900754346481, 0.49425131649352244, -1.7277633626503839, -1.3764127576494156, 0.09895716362099445, -0.09860651705564089], "value_grad": [0.061792618048765346, -0.7849417617789454, -0.5341995718563197, -0.08033255132860218, 0.1099618373743898, -1.1324826384029203, -0.31657665287611647, -0.05702818956718714, -0.3589009346752201, -0.06334191490697472, 0.4627720964263462, -0.05569041379450823, 0.10664323278177612, 0.22550698811892644, -0.5708454541303387, -0.2425332024956468], "action_grad": [[0.0, 0.0, 0.0], [0.0, 0.0, 0.0], [0.0, 0.0, 0.0], [0.0, 0.0, 0.0], [0.0, 0.0, 0.0], [0.0, 0.0, 0.0], [0.0, 0.0, 0.0], [0.0, 0.0, 0.0], [0.0, 0.0, 0.0], [0.0, 0.0, 0.0], [0.0, 0.0, 0.0], [0.0, 0.0, 0.0], [0.0, 0.0, 0.0], [0.0, 0.0, 0.0], [0.0, 0.0, 0.0], [0.0, 0.0, 0.0]], "action_params_change": 0, "value_params_change": 0.4497416607106528}
{"iterations": 1, "type_itr": 0, "sub_iteration": 8, "sub_it_time": 0.1035451889038086, "total_time": 0.9852938652038574, "value_loss": 1.3209443482916028, "action_loss": 0.036609214672287234, "action_probs": [[0.9012551954744487, 0.04055028808215905, 0.05568889883149432, 0.0025056176118979463], [0.009319120816125716, 0.024354552187423533, 0.2674288542308336, 0.6988974727656172], [0.04397567843959398, 4.448849817523119e-05, 0.9550136825449267, 0.000966150517304289], [0.013547512298100264, 0.02358264351753464, 0.35131797238687446, 0.6115518717974905], [0.05422735631102581, 0.1306513025963431, 0.239085872114088, 0.576035468978543], [0.013456295505587967, 0.009180088967180644, 0.5809979788409085, 0.3963656366863227], [0.6936173293064039, 0.058211349234302406, 0.22895632225037077, 0.019214999208922973], [0.5937119454825426, 0.014631175452132406, 0.3822371941581709, 0.00941968490715409], [0.3077709995981464, 0.5781341440280542, 0.039637525809408464, 0.0744573305643911], [0.270192638375849, 0.10789271613000082, 0.4444413329108343, 0.17747331258331572], [0.19659928046555053, 0.3741287761663792, 0.14787174769057898, 0.28140019567749136], [0.05052508520094286, 0.1441834529835392, 0.2089657705779211, 0.5963256912375969], [0.30863216846741903, 0.28400419367453517, 0.2121461505542753, 0.1952174873037704], [0.05802479248826676, 0.02619041093951074, 0.6309813504230722, 0.2848034461491501], [0.17038798399592223, 0.22304106467857843, 0.26269641729568377, 0.3438745340298156], [0.2349020405923301, 0.017547741879056434, 0.6955881277600813, 0.05196208976853212]], "state_values": [-0.12656578259318838, -0.8422264281747971, 0.19265604877959544, 4.615384548282315, 0.05175196781163783, 2.087395629993263, -0.6376279408258284, -2.133561545630462, -2.603249871660368, -0.16007660285084424, -0.5736994998932202, 0.001238767011261798, -2.516593976026362, -1.4565243008414, -0.9838790732007002, -0.0895250903174663], "value_grad": [0.03650282581805531, -0.7399885668258146, -0.41685060260309115, -0.08404866256182775, -0.019791374515979232, -1.0690187320692721, -0.11676869868001183, -0.09586240555026504, -0.5594688723759382, -0.03841447466044956, 0.30805804194525943, -0.029145049986216476, -0.07229528799893936, 0.1679632262518651, -0.24467875230025693, -0.09680196049585144], "action_grad": [[0.0, 0.0, 0.0], [0.0, 0.0, 0.0], [0.0, 0.0, 0.0], [0.0, 0.0, 0.0], [0.0, 0.0, 0.0], [0.0, 0.0, 0.0], [0.0, 0.0, 0.0], [0.0, 0.0, 0.0], [0.0, 0.0, 0.0], [0.0, 0.0, 0.0], [0.0, 0.0, 0.0], [0.0, 0.0, 0.0], [0.0, 0.0, 0.0], [0.0, 0.0, 0.0], [0.0, 0.0, 0.0], [0.0, 0.0, 0.0]], "action_params_change": 0, "value_params_change": 0.4357221478022968}
{"iterations": 1, "type_itr": 0, "sub_iteration": 9, "sub_it_time": 0.09871816635131836, "total_time": 1.0860130786895752, "value_loss": 1.1212019539421274, "action_loss": 0.17119869442916455, "action_probs": [[0.9012551954744487, 0.04055028808215905, 0.05568889883149432, 0.0025056176118979463], [0.009319120816125716, 0.024354552187423533, 0.2674288542308336, 0.6988974727656172], [0.04397567843959398, 4.448849817523119e-05, 0.9550136825449267, 0.000966150517304289], [0.013547512298100264, 0.02358264351753464, 0.35131797238687446, 0.6115518717974905], [0.05422735631102581, 0.1306513025963431, 0.239085872114088, 0.576035468978543], [0.013456295505587967, 0.009180088967180644, 0.5809979788409085, 0.3963656366863227], [0.6936173293064039, 0.058211349234302406, 0.22895632225037077, 0.019214999208922973], [0.5937119454825426, 0.014631175452132406, 0.3822371941581709, 0.00941968490715409], [0.3077709995981464, 0.5781341440280542, 0.039637525809408464, 0.0744573305643911], [0.270192638375849, 0.10789271613000082, 0.4444413329108343, 0.17747331258331572], [0.19659928046555053, 0.3741287761663792, 0.14787174769057898, 0.28140019567749136], [0.05052508520094286, 0.1441834529835392, 0.2089657705779211, 0.5963256912375969], [0.30863216846741903, 0.28400419367453517, 0.2121461505542753, 0.1952174873037704], [0.05802479248826676, 0.02619041093951074, 0.6309813504230722, 0.2848034461491501], [0.17038798399592223, 0.22304106467857843, 0.26269641729568377, 0.3438745340298156], [0.2349020405923301, 0.017547741879056434, 0.6955881277600813, 0.05196208976853212]], "state_values": [0.33554104098101384, -0.46632890257791665, -0.7558137466310084, 4.707741034577901, 0.13957159400313163, 1.7031792922842828, -1.3337706245323533, -2.2660533826129567, -2.608804524543281, 0.3068528869196647, -0.4468322000404009, -0.4391228359330276, -2.9312672349075024, -1.4492875051230811, -1.859563121212443, -0.1314108615369363], "value_grad": [0.007497670615109975, -0.593063330297458, -0.2108196046720232, -0.07879016858147159, -0.10954543528828986, -0.9406345719979398, 0.10782205876974515, -0.11434282535737239, -0.6588429310483573, -0.009481005632847816, 0.09961084061541081, -7.340723221016532e-05, -0.21323381103537176, 0.0951454429628642, 0.12425254604545022, 0.07099324569632315], "action_grad": [[0.0, 0.0, 0.0], [0.0, 0.0, 0.0], [0.0, 0.0, 0.0], [0.0, 0.0, 0.0], [0.0, 0.0, 0.0], [0.0, 0.0, 0.0], [0.0, 0.0, 0.0], [0.0, 0.0, 0.0], [0.0, 0.0, 0.0], [0.0, 0.0, 0.0], [0.0, 0.0, 0.0], [0.0, 0.0, 0.0], [0.0, 0.0, 0.0], [0.0, 0.0, 0.0], [0.0, 0.0, 0.0], [0.0, 0.0, 0.0]], "action_params_change": 0, "value_params_change": 0.38057036718017123}
{"iterations": 1, "type_itr": 0, "sub_iteration": 10, "sub_it_time": 0.10209774971008301, "total_time": 1.1971814632415771, "value_loss": 1.1292052066418639, "action_loss": 0.24475826664394135, "action_probs": [[0.9012551954744487, 0.04055028808215905, 0.05568889883149432, 0.0025056176118979463], [0.009319120816125716, 0.024354552187423533, 0.2674288542308336, 0.6988974727656172], [0.04397567843959398, 4.448849817523119e-05, 0.9550136825449267, 0.000966150517304289], [0.013547512298100264, 0.02358264351753464, 0.35131797238687446, 0.6115518717974905], [0.05422735631102581, 0.1306513025963431, 0.239085872114088, 0.576035468978543], [0.013456295505587967, 0.009180088967180644, 0.5809979788409085, 0.3963656366863227], [0.6936173293064039, 0.058211349234302406, 0.22895632225037077, 0.019214999208922973], [0.5937119454825426, 0.014631175452132406, 0.3822371941581709, 0.00941968490715409], [0.3077709995981464, 0.5781341440280542, 0.039637525809408464, 0.0744573305643911], [0.270192638375849, 0.10789271613000082, 0.4444413329108343, 0.17747331258331572], [0.19659928046555053, 0.3741287761663792, 0.14787174769057898, 0.28140019567749136], [0.05052508520094286, 0.1441834529835392, 0.2089657705779211, 0.5963256912375969], [0.30863216846741903, 0.28400419367453517, 0.2121461505542753, 0.1952174873037704], [0.05802479248826676, 0.02619041093951074, 0.6309813504230722, 0.2848034461491501], [0.17038798399592223, 0.22304106467857843, 0.26269641729568377, 0.3438745340298156], [0.2349020405923301, 0.017547741879056434, 0.6955881277600813, 0.05196208976853212]], "state_values": [0.6935657814398826, -0.027300515696941897, -1.561524369941998, 4.8156934309480555, 0.11785674879402469, 1.2399068173499455, -1.773317213928462, -2.183219278634092, -2.39879997925167, 0.6744674601447926, -0.3716278272523496, -0.7578558735227583, -3.0298681136020242, -1.4048063866993545, -2.421498740552, -0.3030905935992097], "value_grad": [-0.019838770120437887, -0.3703002464635736, 0.044379683820837235, -0.06716730720697073, -0.15062666518204848, -0.7554975497243944, 0.2745716405061436, -0.11969986783154818, -0.6986012447253358, 0.018149307081512855, -0.08917511433059744, 0.025921126464120148, -0.28819798997565393, 0.04661959300286167, 0.40322793151072656, 0.19801893974120577], "action_grad": [[0.0, 0.0, 0.0], [0.0, 0.0, 0.0], [0.0, 0.0, 0.0], [0.0, 0.0, 0.0], [0.0, 0.0, 0.0], [0.0, 0.0, 0.0], [0.0, 0.0, 0.0], [0.0, 0.0, 0.0], [0.0, 0.0, 0.0], [0.0, 0.0, 0.0], [0.0, 0.0, 0.0], [0.0, 0.0, 0.0], [0.0, 0.0, 0.0], [0.0, 0.0, 0.0], [0.0, 0.0, 0.0], [0.0, 0.0, 0.0]], "action_params_change": 0, "value_params_change": 0.33174772815378617}
{"iterations": 1, "type_itr": 0, "sub_iteration": 11, "sub_it_time": 0.10049557685852051, "total_time": 1.3125200271606445, "value_loss": 1.2025811184051494, "action_loss": 0.27076576532693947, "action_probs": [[0.9012551954744487, 0.04055028808215905, 0.05568889883149432, 0.0025056176118979463], [0.009319120816125716, 0.024354552187423533, 0.2674288542308336, 0.6988974727656172], [0.04397567843959398, 4.448849817523119e-05, 0.9550136825449267, 0.000966150517304289], [0.013547512298100264, 0.02358264351753464, 0.35131797238687446, 0.6115518717974905], [0.05422735631102581, 0.1306513025963431, 0.239085872114088, 0.576035468978543], [0.013456295505587967, 0.009180088967180644, 0.5809979788409085, 0.3963656366863227], [0.6936173293064039, 0.058211349234302406, 0.22895632225037077, 0.019214999208922973], [0.5937119454825426, 0.014631175452132406, 0.3822371941581709, 0.00941968490715409], [0.3077709995981464, 0.5781341440280542, 0.039637525809408464, 0.0744573305643911], [0.270192638375849, 0.10789271613000082, 0.4444413329108343, 0.17747331258331572], [0.19659928046555053, 0.3741287761663792, 0.14787174769057898, 0.28140019567749136], [0.05052508520094286, 0.1441834529835392, 0.2089657705779211, 0.5963256912375969], [0.30863216846741903, 0.28400419367453517, 0.2121461505542753, 0.1952174873037704], [0.05802479248826676, 0.02619041093951074, 0.6309813504230722, 0.2848034461491501], [0.17038798399592223, 0.22304106467857843, 0.26269641729568377, 0.3438745340298156], [0.2349020405923301, 0.017547741879056434, 0.6955881277600813, 0.05196208976853212]], "state_values": [0.9029793850760147, 0.397429668458323, -2.105744280943075, 4.910914847786545, 0.003580175973839745, 0.7353251616367774, -1.9664155588218397, -1.9311546114296911, -2.015118824331104, 0.8962211247610595, -0.3918724519120112, -0.9189688074896512, -2.889007001815915, -1.3413541338474453, -2.6921368512304475, -0.6107723179956523], "value_grad": [-0.04070220762880461, -0.10705381411824466, 0.28156303114605397, -0.05191384859291315, -0.1459835727208012, -0.5277559240364451, 0.35288772242903677, -0.11638919558093597, -0.685954558171458, 0.039602497532482905, -0.2043286089778027, 0.04439038916972926, -0.32427745602245794, 0.028615553973030172, 0.5440945611493455, 0.24333688527430142], "action_grad": [[0.0, 0.0, 0.0], [0.0, 0.0, 0.0], [0.0, 0.0, 0.0], [0.0, 0.0, 0.0], [0.0, 0.0, 0.0], [0.0, 0.0, 0.0], [0.0, 0.0, 0.0], [0.0, 0.0, 0.0], [0.0, 0.0, 0.0], [0.0, 0.0, 0.0], [0.0, 0.0, 0.0], [0.0, 0.0, 0.0], [0.0, 0.0, 0.0], [0.0, 0.0, 0.0], [0.0, 0.0, 0.0], [0.0, 0.0, 0.0]], "action_params_change": 0, "value_params_change": 0.23418663556527264}
{"iterations": 1, "type_itr": 0, "sub_iteration": 12, "sub_it_time": 0.10236287117004395, "total_time": 1.4239962100982666, "value_loss": 1.2092962540908465, "action_loss": 0.26257775556901675, "action_probs": [[0.9012551954744487, 0.04055028808215905, 0.05568889883149432, 0.0025056176118979463], [0.009319120816125716, 0.024354552187423533, 0.2674288542308336, 0.6988974727656172], [0.04397567843959398, 4.448849817523119e-05, 0.9550136825449267, 0.000966150517304289], [0.013547512298100264, 0.02358264351753464, 0.35131797238687446, 0.6115518717974905], [0.05422735631102581, 0.1306513025963431, 0.239085872114088, 0.576035468978543], [0.013456295505587967, 0.009180088967180644, 0.5809979788409085, 0.3963656366863227], [0.6936173293064039, 0.058211349234302406, 0.22895632225037077, 0.019214999208922973], [0.5937119454825426, 0.014631175452132406, 0.3822371941581709, 0.00941968490715409], [0.3077709995981464, 0.5781341440280542, 0.039637525809408464, 0.0744573305643911], [0.270192638375849, 0.10789271613000082, 0.4444413329108343, 0.17747331258331572], [0.19659928046555053, 0.3741287761663792, 0.14787174769057898, 0.28140019567749136], [0.05052508520094286, 0.1441834529835392, 0.2089657705779211, 0.5963256912375969], [0.30863216846741903, 0.28400419367453517, 0.2121461505542753, 0.1952174873037704], [0.05802479248826676, 0.02619041093951074, 0.6309813504230722, 0.2848034461491501], [0.17038798399592223, 0.22304106467857843, 0.26269641729568377, 0.3438745340298156], [0.2349020405923301, 0.017547741879056434, 0.6955881277600813, 0.05196208976853212]], "state_values": [0.9541150401871628, 0.7347795448292055, -2.360978443548201, 4.974609211329251, -0.16639809313698822, 0.23048198187763033, -1.9608829598551167, -1.545612220262351, -1.4942849259760742, 0.9600834953899183, -0.5064821892869696, -0.9218035133608531, -2.5525806932752704, -1.2570448584035308, -2.7388656738265644, -1.0077247846868134], "value_grad": [-0.052629200234283635, 0.15104708708927883, 0.44919591190821073, -0.035206610150712914, -0.10440979648195436, -0.2826393880091498, 0.3652962320535862, -0.10555688612299918, -0.6107728827953895, 0.05224843186010819, -0.22933492832968638, 0.05352885825443776, -0.3398958741278606, 0.03282450315466501, 0.582082336971695, 0.20268286527867008], "action_grad": [[0.0, 0.0, 0.0], [0.0, 0.0, 0.0], [0.0, 0.0, 0.0], [0.0, 0.0, 0.0], [0.0, 0.0, 0.0], [0.0, 0.0, 0.0], [0.0, 0.0, 0.0], [0.0, 0.0, 0.0], [0.0, 0.0, 0.0], [0.0, 0.0, 0.0], [0.0, 0.0, 0.0], [0.0, 0.0, 0.0], [0.0, 0.0, 0.0], [0.0, 0.0, 0.0], [0.0, 0.0, 0.0], [0.0, 0.0, 0.0]], "action_params_change": 0, "value_params_change": 0.2226475087519666}
{"iterations": 1, "type_itr": 0, "sub_iteration": 13, "sub_it_time": 0.1028604507446289, "total_time": 1.536012887954712, "value_loss": 1.1146989322606353, "action_loss": 0.22955522879250145, "action_probs": [[0.9012551954744487, 0.04055028808215905, 0.05568889883149432, 0.0025056176118979463], [0.009319120816125716, 0.024354552187423533, 0.2674288542308336, 0.6988974727656172], [0.04397567843959398, 4.448849817523119e-05, 0.9550136825449267, 0.000966150517304289], [0.013547512298100264, 0.02358264351753464, 0.35131797238687446, 0.6115518717974905], [0.05422735631102581, 0.1306513025963431, 0.239085872114088, 0.576035468978543], [0.013456295505587967, 0.009180088967180644, 0.5809979788409085, 0.3963656366863227], [0.6936173293064039, 0.058211349234302406, 0.22895632225037077, 0.019214999208922973], [0.5937119454825426, 0.014631175452132406, 0.3822371941581709, 0.00941968490715409], [0.3077709995981464, 0.5781341440280542, 0.039637525809408464, 0.0744573305643911], [0.270192638375849, 0.10789271613000082, 0.4444413329108343, 0.17747331258331572], [0.19659928046555053, 0.3741287761663792, 0.14787174769057898, 0.28140019567749136], [0.05052508520094286, 0.1441834529835392, 0.2089657705779211, 0.5963256912375969], [0.30863216846741903, 0.28400419367453517, 0.2121461505542753, 0.1952174873037704], [0.05802479248826676, 0.02619041093951074, 0.6309813504230722, 0.2848034461491501], [0.17038798399592223, 0.22304106467857843, 0.26269641729568377, 0.3438745340298156], [0.2349020405923301, 0.017547741879056434, 0.6955881277600813, 0.05196208976853212]], "state_values": [0.8629430070310158, 0.9325727618436237, -2.3632792679075916, 4.9995032072110615, -0.3444660692539432, -0.23557358466428951, -1.8031905643521853, -1.0625224681237742, -0.8818642104500034, 0.8802760020206947, -0.682348274022367, -0.7886995657418865, -2.047101649241776, -1.1396236102764097, -2.6165579131238887, -1.418686759445853], "value_grad": [-0.05550030178522647, 0.36388308692013815, 0.5445365070833882, -0.018476152421763148, -0.038253171443821676, -0.049629808071521175, 0.33792719655528525, -0.08710447161568169, -0.46669454088793394, 0.055834238522922686, -0.1754713474073104, 0.0536881767811459, -0.33543966658599, 0.04968912312001228, 0.5595142842384372, 0.09681858449428127], "action_grad": [[0.0, 0.0, 0.0], [0.0, 0.0, 0.0], [0.0, 0.0, 0.0], [0.0, 0.0, 0.0], [0.0, 0.0, 0.0], [0.0, 0.0, 0.0], [0.0, 0.0, 0.0], [0.0, 0.0, 0.0], [0.0, 0.0, 0.0], [0.0, 0.0, 0.0], [0.0, 0.0, 0.0], [0.0, 0.0, 0.0], [0.0, 0.0, 0.0], [0.0, 0.0, 0.0], [0.0, 0.0, 0.0], [0.0, 0.0, 0.0]], "action_params_change": 0, "value_params_change": 0.25238874725056437}
