{"iterations": 0, "type_itr": 0, "sub_iteration": 0, "sub_it_time": 0, "total_time": 0, "value_loss": 0, "action_loss": 0, "action_probs": [[0.2818751676827752, 0.01761421144780585, 0.6593106883935236, 0.04119993247589514], [0.6116785022886738, 0.263613055889594, 0.08714978706642039, 0.03755865475531179], [0.020528454520107417, 0.002019716414142393, 0.8898981419416694, 0.08755368712408079], [0.03284786095901343, 0.0011660148826733246, 0.9328715740121616, 0.033114550146151736], [0.20489100836632862, 0.7287780882183519, 0.014556126722334714, 0.05177477669298486], [0.058654401369326814, 0.06317471727254198, 0.42279372879197247, 0.45537715256615885], [0.08676846126802998, 0.36508254594433026, 0.10526045951127164, 0.44288853327636796], [0.1676159414776962, 0.027756700426327045, 0.6903134996363647, 0.11431385845961214], [0.18596058645397548, 0.18827703344206762, 0.31094452561261, 0.314817854491347], [0.07108864735704043, 0.2587003445709344, 0.14446932788479555, 0.5257416801872298], [0.05058657839191568, 0.0007447540484264524, 0.9349046603307103, 0.01376400722894764], [0.10249462490233352, 0.29760171347578074, 0.15368023867632327, 0.4462234229455625], [0.32824296128562447, 0.4421548866190909, 0.09782645489766464, 0.1317756971976199], [0.778743456708214, 0.1413867070202728, 0.06759708010523464, 0.012272756166278443], [0.0013711692932540356, 0.0012890542238275474, 0.5140626972407455, 0.48327707924217284], [0.05023242490211911, 0.057396646198238435, 0.41648557599264324, 0.4758853529069992]], "state_values": [-1.3095237827880728, 4.996020169669492, -4.990992159809524, 3.4504682621454466, -2.8779882231910614, -2.6979218478827476, 0.7178266524381088, 4.6444932871064175, -4.986849231513507, 4.136542888546819, 4.998326082109912, 1.581726402789488, 3.907349271076561, 4.788717119023033, 3.739160209234186, 4.693954209915332], "value_grad": [0.0, 0.0, 0.0, 0.0, 0.0, 0.0, 0.0, 0.0, 0.0, 0.0, 0.0, 0.0, 0.0, 0.0, 0.0, 0.0], "action_grad": [[0.0, 0.0, 0.0], [0.0, 0.0, 0.0], [0.0, 0.0, 0.0], [0.0, 0.0, 0.0], [0.0, 0.0, 0.0], [0.0, 0.0, 0.0], [0.0, 0.0, 0.0], [0.0, 0.0, 0.0], [0.0, 0.0, 0.0], [0.0, 0.0, 0.0], [0.0, 0.0, 0.0], [0.0, 0.0, 0.0], [0.0, 0.0, 0.0], [0.0, 0.0, 0.0], [0.0, 0.0, 0.0], [0.0, 0.0, 0.0]], "action_params_change": 0, "value_params_change": 0}
{"iterations": 1, "type_itr": 0, "sub_iteration": 0, "sub_it_time": 2.6789698600769043, "total_time": 2.680878162384033, "value_loss": 11.71451187133789, "action_loss": -1.5007997751235962, "action_probs": [[0.2818751676827752, 0.01761421144780585, 0.6593106883935236, 0.04119993247589514], [0.6116785022886738, 0.263613055889594, 0.08714978706642039, 0.03755865475531179], [0.020528454520107417, 0.002019716414142393, 0.8898981419416694, 0.08755368712408079], [0.03284786095901343, 0.0011660148826733246, 0.9328715740121616, 0.033114550146151736], [0.20489100836632862, 0.7287780882183519, 0.014556126722334714, 0.05177477669298486], [0.058654401369326814, 0.06317471727254198, 0.42279372879197247, 0.45537715256615885], [0.08676846126802998, 0.36508254594433026, 0.10526045951127164, 0.44288853327636796], [0.1676159414776962, 0.027756700426327045, 0.6903134996363647, 0.11431385845961214], [0.18596058645397548, 0.18827703344206762, 0.31094452561261, 0.314817854491347], [0.07108864735704043, 0.2587003445709344, 0.14446932788479555, 0.5257416801872298], [0.05058657839191568, 0.0007447540484264524, 0.9349046603307103, 0.01376400722894764], [0.10249462490233352, 0.29760171347578074, 0.15368023867632327, 0.4462234229455625], [0.32824296128562447, 0.4421548866190909, 0.09782645489766464, 0.1317756971976199], [0.778743456708214, 0.1413867070202728, 0.06759708010523464, 0.012272756166278443], [0.0013711692932540356, 0.0012890542238275474, 0.5140626972407455, 0.48327707924217284], [0.05023242490211911, 0.057396646198238435, 0.41648557599264324, 0.4758853529069992]], "state_values": [-0.07497391735617344, 4.791360043639851, -4.76161425522462, 4.238453900725306, -1.7769666301030764, -1.5725640244032744, -0.5286940727749905, 4.04199682987823, -4.742160680763053, 3.3130548085727813, 4.810933842508369, 0.3590631438009734, 3.0140494191717657, 4.284051071725258, 4.444161259722527, 4.121892555158061], "value_grad": [-0.12366962432861328, -0.034847259521484375, -0.2893972396850586, 0.001781463623046875, 0.16711044311523438, -1.4886808395385742, 0.15610313415527344, 0.07223033905029297, -0.08759498596191406, -0.10513877868652344, 0.06347846984863281, 0.03682899475097656, 0.5896053314208984, -0.07512187957763672, -0.07575416564941406, 0.0862874984741211], "action_grad": [[0.0, 0.0, 0.0], [0.0, 0.0, 0.0], [0.0, 0.0, 0.0], [0.0, 0.0, 0.0], [0.0, 0.0, 0.0], [0.0, 0.0, 0.0], [0.0, 0.0, 0.0], [0.0, 0.0, 0.0], [0.0, 0.0, 0.0], [0.0, 0.0, 0.0], [0.0, 0.0, 0.0], [0.0, 0.0, 0.0], [0.0, 0.0, 0.0], [0.0, 0.0, 0.0], [0.0, 0.0, 0.0], [0.0, 0.0, 0.0]], "action_params_change": 0, "value_params_change": 0.4999999966413218}
{"iterations": 1, "type_itr": 0, "sub_iteration": 1, "sub_it_time": 2.3541905879974365, "total_time": 5.037113189697266, "value_loss": 9.569339752197266, "action_loss": -1.4418400526046753, "action_probs": [[0.2818751676827752, 0.01761421144780585, 0.6593106883935236, 0.04119993247589514], [0.6116785022886738, 0.263613055889594, 0.08714978706642039, 0.03755865475531179], [0.020528454520107417, 0.002019716414142393, 0.8898981419416694, 0.08755368712408079], [0.03284786095901343, 0.0011660148826733246, 0.9328715740121616, 0.033114550146151736], [0.20489100836632862, 0.7287780882183519, 0.014556126722334714, 0.05177477669298486], [0.058654401369326814, 0.06317471727254198, 0.42279372879197247, 0.45537715256615885], [0.08676846126802998, 0.36508254594433026, 0.10526045951127164, 0.44288853327636796], [0.1676159414776962, 0.027756700426327045, 0.6903134996363647, 0.11431385845961214], [0.18596058645397548, 0.18827703344206762, 0.31094452561261, 0.314817854491347], [0.07108864735704043, 0.2587003445709344, 0.14446932788479555, 0.5257416801872298], [0.05058657839191568, 0.0007447540484264524, 0.9349046603307103, 0.01376400722894764], [0.10249462490233352, 0.29760171347578074, 0.15368023867632327, 0.4462234229455625], [0.32824296128562447, 0.4421548866190909, 0.09782645489766464, 0.1317756971976199], [0.778743456708214, 0.1413867070202728, 0.06759708010523464, 0.012272756166278443], [0.0013711692932540356, 0.0012890542238275474, 0.5140626972407455, 0.48327707924217284], [0.05023242490211911, 0.057396646198238435, 0.41648557599264324, 0.4758853529069992]], "state_values": [0.6835207829871416, 4.426516060460246, -4.268655812769182, 4.6577343361386365, -0.5762175159150774, -0.38274172830044495, 0.18522623183500875, 3.212295101096998, -4.306354378017111, 2.2996186746530975, 4.409790504178964, -0.8638034894440723, 1.9318180347678333, 3.580654954200934, 4.147943305556181, 3.408319817995315], "value_grad": [0.009899139404296875, -0.735569953918457, -0.6594982147216797, 0.2994546890258789, 0.13959026336669922, -1.0187501907348633, -0.6670217514038086, 0.13131427764892578, -0.5389566421508789, -0.08153629302978516, 0.3218679428100586, 0.0619354248046875, 0.6644878387451172, -0.21538448333740234, 0.2048501968383789, 0.3718833923339844], "action_grad": [[0.0, 0.0, 0.0], [0.0, 0.0, 0.0], [0.0, 0.0, 0.0], [0.0, 0.0, 0.0], [0.0, 0.0, 0.0], [0.0, 0.0, 0.0], [0.0, 0.0, 0.0], [0.0, 0.0, 0.0], [0.0, 0.0, 0.0], [0.0, 0.0, 0.0], [0.0, 0.0, 0.0], [0.0, 0.0, 0.0], [0.0, 0.0, 0.0], [0.0, 0.0, 0.0], [0.0, 0.0, 0.0], [0.0, 0.0, 0.0]], "action_params_change": 0, "value_params_change": 0.5006646661830314}
{"iterations": 1, "type_itr": 0, "sub_iteration": 2, "sub_it_time": 2.6122357845306396, "total_time": 7.652066230773926, "value_loss": 7.09671688079834, "action_loss": -1.3097761869430542, "action_probs": [[0.2818751676827752, 0.01761421144780585, 0.6593106883935236, 0.04119993247589514], [0.6116785022886738, 0.263613055889594, 0.08714978706642039, 0.03755865475531179], [0.020528454520107417, 0.002019716414142393, 0.8898981419416694, 0.08755368712408079], [0.03284786095901343, 0.0011660148826733246, 0.9328715740121616, 0.033114550146151736], [0.20489100836632862, 0.7287780882183519, 0.014556126722334714, 0.05177477669298486], [0.058654401369326814, 0.06317471727254198, 0.42279372879197247, 0.45537715256615885], [0.08676846126802998, 0.36508254594433026, 0.10526045951127164, 0.44288853327636796], [0.1676159414776962, 0.027756700426327045, 0.6903134996363647, 0.11431385845961214], [0.18596058645397548, 0.18827703344206762, 0.31094452561261, 0.314817854491347], [0.07108864735704043, 0.2587003445709344, 0.14446932788479555, 0.5257416801872298], [0.05058657839191568, 0.0007447540484264524, 0.9349046603307103, 0.01376400722894764], [0.10249462490233352, 0.29760171347578074, 0.15368023867632327, 0.4462234229455625], [0.32824296128562447, 0.4421548866190909, 0.09782645489766464, 0.1317756971976199], [0.778743456708214, 0.1413867070202728, 0.06759708010523464, 0.012272756166278443], [0.0013711692932540356, 0.0012890542238275474, 0.5140626972407455, 0.48327707924217284], [0.05023242490211911, 0.057396646198238435, 0.41648557599264324, 0.4758853529069992]], "state_values": [1.388701111418975, 3.8184515265805588, -3.5420431220327386, 4.911029565441999, 0.6674640251739301, 0.7749556826796438, 1.001083952033174, 2.4012330074726664, -3.6490857761048012, 1.1636538270710828, 3.7917826835224275, -1.9911121723805725, 0.7298723133778185, 2.6805115813914377, 3.5864003781981295, 2.533861205723646], "value_grad": [-0.022572040557861328, -0.9339661598205566, -1.039896011352539, 0.0864858627319336, 0.1766953468322754, -0.6772394180297852, -0.2935943603515625, 0.00811767578125, -0.9434695243835449, -0.17071533203125, 0.6123743057250977, 0.1154336929321289, 0.6266303062438965, -0.33473873138427734, 0.23748111724853516, 0.16374588012695312], "action_grad": [[0.0, 0.0, 0.0], [0.0, 0.0, 0.0], [0.0, 0.0, 0.0], [0.0, 0.0, 0.0], [0.0, 0.0, 0.0], [0.0, 0.0, 0.0], [0.0, 0.0, 0.0], [0.0, 0.0, 0.0], [0.0, 0.0, 0.0], [0.0, 0.0, 0.0], [0.0, 0.0, 0.0], [0.0, 0.0, 0.0], [0.0, 0.0, 0.0], [0.0, 0.0, 0.0], [0.0, 0.0, 0.0], [0.0, 0.0, 0.0]], "action_params_change": 0, "value_params_change": 0.5003757226874588}
{"iterations": 1, "type_itr": 0, "sub_iteration": 3, "sub_it_time": 2.474358558654785, "total_time": 10.128308296203613, "value_loss": 4.818053245544434, "action_loss": -1.1263251304626465, "action_probs": [[0.2818751676827752, 0.01761421144780585, 0.6593106883935236, 0.04119993247589514], [0.6116785022886738, 0.263613055889594, 0.08714978706642039, 0.03755865475531179], [0.020528454520107417, 0.002019716414142393, 0.8898981419416694, 0.08755368712408079], [0.03284786095901343, 0.0011660148826733246, 0.9328715740121616, 0.033114550146151736], [0.20489100836632862, 0.7287780882183519, 0.014556126722334714, 0.05177477669298486], [0.058654401369326814, 0.06317471727254198, 0.42279372879197247, 0.45537715256615885], [0.08676846126802998, 0.36508254594433026, 0.10526045951127164, 0.44288853327636796], [0.1676159414776962, 0.027756700426327045, 0.6903134996363647, 0.11431385845961214], [0.18596058645397548, 0.18827703344206762, 0.31094452561261, 0.314817854491347], [0.07108864735704043, 0.2587003445709344, 0.14446932788479555, 0.5257416801872298], [0.05058657839191568, 0.0007447540484264524, 0.9349046603307103, 0.01376400722894764], [0.10249462490233352, 0.29760171347578074, 0.15368023867632327, 0.4462234229455625], [0.32824296128562447, 0.4421548866190909, 0.09782645489766464, 0.1317756971976199], [0.778743456708214, 0.1413867070202728, 0.06759708010523464, 0.012272756166278443], [0.0013711692932540356, 0.0012890542238275474, 0.5140626972407455, 0.48327707924217284], [0.05023242490211911, 0.057396646198238435, 0.41648557599264324, 0.4758853529069992]], "state_values": [1.5684877962656925, 2.9808786300312327, -2.6070194546943997, 4.999942911944651, 1.48320548721372, 1.766717804104693, 1.500366145945342, 1.4021445119530627, -2.7694923202521053, 0.51820149484974, 2.9454145258552917, -2.501395123908046, -0.43312863301516435, 1.635940836600975, 2.799271386269334, 1.489533633153568], "value_grad": [0.06565666198730469, -0.9467563629150391, -1.307314395904541, 0.1264033317565918, -0.06324052810668945, -0.22025537490844727, 0.15107393264770508, 0.12153244018554688, -0.9717049598693848, 0.0862879753112793, 0.5266804695129395, -0.06296396255493164, 0.26124095916748047, -0.17562627792358398, 0.2814769744873047, 0.2613201141357422], "action_grad": [[0.0, 0.0, 0.0], [0.0, 0.0, 0.0], [0.0, 0.0, 0.0], [0.0, 0.0, 0.0], [0.0, 0.0, 0.0], [0.0, 0.0, 0.0], [0.0, 0.0, 0.0], [0.0, 0.0, 0.0], [0.0, 0.0, 0.0], [0.0, 0.0, 0.0], [0.0, 0.0, 0.0], [0.0, 0.0, 0.0], [0.0, 0.0, 0.0], [0.0, 0.0, 0.0], [0.0, 0.0, 0.0], [0.0, 0.0, 0.0]], "action_params_change": 0, "value_params_change": 0.47749118351318387}
{"iterations": 1, "type_itr": 0, "sub_iteration": 4, "sub_it_time": 2.361015558242798, "total_time": 12.491189002990723, "value_loss": 2.8606646060943604, "action_loss": -0.9136104583740234, "action_probs": [[0.2818751676827752, 0.01761421144780585, 0.6593106883935236, 0.04119993247589514], [0.6116785022886738, 0.263613055889594, 0.08714978706642039, 0.03755865475531179], [0.020528454520107417, 0.002019716414142393, 0.8898981419416694, 0.08755368712408079], [0.03284786095901343, 0.0011660148826733246, 0.9328715740121616, 0.033114550146151736], [0.20489100836632862, 0.7287780882183519, 0.014556126722334714, 0.05177477669298486], [0.058654401369326814, 0.06317471727254198, 0.42279372879197247, 0.45537715256615885], [0.08676846126802998, 0.36508254594433026, 0.10526045951127164, 0.44288853327636796], [0.1676159414776962, 0.027756700426327045, 0.6903134996363647, 0.11431385845961214], [0.18596058645397548, 0.18827703344206762, 0.31094452561261, 0.314817854491347], [0.07108864735704043, 0.2587003445709344, 0.14446932788479555, 0.5257416801872298], [0.05058657839191568, 0.0007447540484264524, 0.9349046603307103, 0.01376400722894764], [0.10249462490233352, 0.29760171347578074, 0.15368023867632327, 0.4462234229455625], [0.32824296128562447, 0.4421548866190909, 0.09782645489766464, 0.1317756971976199], [0.778743456708214, 0.1413867070202728, 0.06759708010523464, 0.012272756166278443], [0.0013711692932540356, 0.0012890542238275474, 0.5140626972407455, 0.48327707924217284], [0.05023242490211911, 0.057396646198238435, 0.41648557599264324, 0.4758853529069992]], "state_values": [1.194601484190631, 1.9589679221407197, -1.501288982229022, 4.94140930561399, 1.4047686542759272, 2.4513066500741068, 1.848801376471674, 0.48772332156065734, -1.713231125718787, 0.3087590560304142, 1.9271843282106476, -2.3663315776613567, -1.4565114804787684, 0.5178798886178346, 1.834034951282609, 0.35073466942289966], "value_grad": [0.15166807174682617, -0.8264520168304443, -1.2636361122131348, -0.035561323165893555, -0.3522026538848877, 0.29430723190307617, 0.07187366485595703, 0.0048711299896240234, -0.8443515300750732, 0.10973143577575684, 0.4000391960144043, -0.15503406524658203, 0.10323715209960938, -0.14715313911437988, 0.24504542350769043, 0.21890878677368164], "action_grad": [[0.0, 0.0, 0.0], [0.0, 0.0, 0.0], [0.0, 0.0, 0.0], [0.0, 0.0, 0.0], [0.0, 0.0, 0.0], [0.0, 0.0, 0.0], [0.0, 0.0, 0.0], [0.0, 0.0, 0.0], [0.0, 0.0, 0.0], [0.0, 0.0, 0.0], [0.0, 0.0, 0.0], [0.0, 0.0, 0.0], [0.0, 0.0, 0.0], [0.0, 0.0, 0.0], [0.0, 0.0, 0.0], [0.0, 0.0, 0.0]], "action_params_change": 0, "value_params_change": 0.4870648906756312}
{"iterations": 1, "type_itr": 0, "sub_iteration": 5, "sub_it_time": 2.397122859954834, "total_time": 14.890080451965332, "value_loss": 1.5011569261550903, "action_loss": -0.6776090860366821, "action_probs": [[0.2818751676827752, 0.01761421144780585, 0.6593106883935236, 0.04119993247589514], [0.6116785022886738, 0.263613055889594, 0.08714978706642039, 0.03755865475531179], [0.020528454520107417, 0.002019716414142393, 0.8898981419416694, 0.08755368712408079], [0.03284786095901343, 0.0011660148826733246, 0.9328715740121616, 0.033114550146151736], [0.20489100836632862, 0.7287780882183519, 0.014556126722334714, 0.05177477669298486], [0.058654401369326814, 0.06317471727254198, 0.42279372879197247, 0.45537715256615885], [0.08676846126802998, 0.36508254594433026, 0.10526045951127164, 0.44288853327636796], [0.1676159414776962, 0.027756700426327045, 0.6903134996363647, 0.11431385845961214], [0.18596058645397548, 0.18827703344206762, 0.31094452561261, 0.314817854491347], [0.07108864735704043, 0.2587003445709344, 0.14446932788479555, 0.5257416801872298], [0.05058657839191568, 0.0007447540484264524, 0.9349046603307103, 0.01376400722894764], [0.10249462490233352, 0.29760171347578074, 0.15368023867632327, 0.4462234229455625], [0.32824296128562447, 0.4421548866190909, 0.09782645489766464, 0.1317756971976199], [0.778743456708214, 0.1413867070202728, 0.06759708010523464, 0.012272756166278443], [0.0013711692932540356, 0.0012890542238275474, 0.5140626972407455, 0.48327707924217284], [0.05023242490211911, 0.057396646198238435, 0.41648557599264324, 0.4758853529069992]], "state_values": [0.6294159839968204, 0.8418572281465374, -0.2967975305070639, 4.8136027590173125, 1.1438074329819474, 2.8331245113396575, 1.8281299736080583, -0.2968030671573609, -0.5889778075274004, 0.1848126142711598, 0.8159972831780564, -1.8847694822827483, -2.131468059648076, -0.5714322032543718, 0.7361521168217946, -0.7699760466587856], "value_grad": [0.09424805641174316, -0.5461630821228027, -1.048251748085022, -0.018374204635620117, -0.14846038818359375, 0.5522221326828003, 0.4017817974090576, -0.005346059799194336, -0.45943939685821533, 0.02229487895965576, 0.301316499710083, -0.19079291820526123, -0.267339825630188, -0.08597159385681152, 0.42977893352508545, 0.12648248672485352], "action_grad": [[0.0, 0.0, 0.0], [0.0, 0.0, 0.0], [0.0, 0.0, 0.0], [0.0, 0.0, 0.0], [0.0, 0.0, 0.0], [0.0, 0.0, 0.0], [0.0, 0.0, 0.0], [0.0, 0.0, 0.0], [0.0, 0.0, 0.0], [0.0, 0.0, 0.0], [0.0, 0.0, 0.0], [0.0, 0.0, 0.0], [0.0, 0.0, 0.0], [0.0, 0.0, 0.0], [0.0, 0.0, 0.0], [0.0, 0.0, 0.0]], "action_params_change": 0, "value_params_change": 0.4911369774875176}
{"iterations": 1, "type_itr": 0, "sub_iteration": 6, "sub_it_time": 2.396822214126587, "total_time": 17.288782835006714, "value_loss": 0.9400644302368164, "action_loss": -0.43223702907562256, "action_probs": [[0.2818751676827752, 0.01761421144780585, 0.6593106883935236, 0.04119993247589514], [0.6116785022886738, 0.263613055889594, 0.08714978706642039, 0.03755865475531179], [0.020528454520107417, 0.002019716414142393, 0.8898981419416694, 0.08755368712408079], [0.03284786095901343, 0.0011660148826733246, 0.9328715740121616, 0.033114550146151736], [0.20489100836632862, 0.7287780882183519, 0.014556126722334714, 0.05177477669298486], [0.058654401369326814, 0.06317471727254198, 0.42279372879197247, 0.45537715256615885], [0.08676846126802998, 0.36508254594433026, 0.10526045951127164, 0.44288853327636796], [0.1676159414776962, 0.027756700426327045, 0.6903134996363647, 0.11431385845961214], [0.18596058645397548, 0.18827703344206762, 0.31094452561261, 0.314817854491347], [0.07108864735704043, 0.2587003445709344, 0.14446932788479555, 0.5257416801872298], [0.05058657839191568, 0.0007447540484264524, 0.9349046603307103, 0.01376400722894764], [0.10249462490233352, 0.29760171347578074, 0.15368023867632327, 0.4462234229455625], [0.32824296128562447, 0.4421548866190909, 0.09782645489766464, 0.1317756971976199], [0.778743456708214, 0.1413867070202728, 0.06759708010523464, 0.012272756166278443], [0.0013711692932540356, 0.0012890542238275474, 0.5140626972407455, 0.48327707924217284], [0.05023242490211911, 0.057396646198238435, 0.41648557599264324, 0.4758853529069992]], "state_values": [0.6277945720853155, -0.12957633987440087, 0.8737398220257969, 4.62292662315848, 0.8101424310270284, 2.940785425400427, 1.4925256678651098, -0.6547892935020817, 0.41350794303650573, -0.32963887839462114, -0.2174165041022802, -1.3664299032032234, -2.5113746142085156, -1.2748852218903033, -0.4373843309156636, -1.7057044750333283], "value_grad": [-0.18010079860687256, 0.11899793148040771, -0.4871194362640381, 0.03227400779724121, -0.08272433280944824, 0.806612491607666, 0.5474304556846619, -0.08842670917510986, 0.019760489463806152, -0.2453615665435791, 0.04138195514678955, -0.04039192199707031, -0.3367980718612671, 0.15028202533721924, 0.4750416874885559, -0.012038350105285645], "action_grad": [[0.0, 0.0, 0.0], [0.0, 0.0, 0.0], [0.0, 0.0, 0.0], [0.0, 0.0, 0.0], [0.0, 0.0, 0.0], [0.0, 0.0, 0.0], [0.0, 0.0, 0.0], [0.0, 0.0, 0.0], [0.0, 0.0, 0.0], [0.0, 0.0, 0.0], [0.0, 0.0, 0.0], [0.0, 0.0, 0.0], [0.0, 0.0, 0.0], [0.0, 0.0, 0.0], [0.0, 0.0, 0.0], [0.0, 0.0, 0.0]], "action_params_change": 0, "value_params_change": 0.47071282228330524}
{"iterations": 1, "type_itr": 0, "sub_iteration": 7, "sub_it_time": 2.3598008155822754, "total_time": 19.65049147605896, "value_loss": 1.2106908559799194, "action_loss": -0.21283958852291107, "action_probs": [[0.2818751676827752, 0.01761421144780585, 0.6593106883935236, 0.04119993247589514], [0.6116785022886738, 0.263613055889594, 0.08714978706642039, 0.03755865475531179], [0.020528454520107417, 0.002019716414142393, 0.8898981419416694, 0.08755368712408079], [0.03284786095901343, 0.0011660148826733246, 0.9328715740121616, 0.033114550146151736], [0.20489100836632862, 0.7287780882183519, 0.014556126722334714, 0.05177477669298486], [0.058654401369326814, 0.06317471727254198, 0.42279372879197247, 0.45537715256615885], [0.08676846126802998, 0.36508254594433026, 0.10526045951127164, 0.44288853327636796], [0.1676159414776962, 0.027756700426327045, 0.6903134996363647, 0.11431385845961214], [0.18596058645397548, 0.18827703344206762, 0.31094452561261, 0.314817854491347], [0.07108864735704043, 0.2587003445709344, 0.14446932788479555, 0.5257416801872298], [0.05058657839191568, 0.0007447540484264524, 0.9349046603307103, 0.01376400722894764], [0.10249462490233352, 0.29760171347578074, 0.15368023867632327, 0.4462234229455625], [0.32824296128562447, 0.4421548866190909, 0.09782645489766464, 0.1317756971976199], [0.778743456708214, 0.1413867070202728, 0.06759708010523464, 0.012272756166278443], [0.0013711692932540356, 0.0012890542238275474, 0.5140626972407455, 0.48327707924217284], [0.05023242490211911, 0.057396646198238435, 0.41648557599264324, 0.4758853529069992]], "state_values": [0.7815326673772448, -0.817452121663507, 1.8715564614326519, 4.288390518287864, 0.6291694044674939, 2.830692088456822, 1.0001815189938468, -1.1842340703618135, 1.1555544925879624, -0.7991478988589613, -1.0127022972472317, -0.649143953910421, -2.618858044209059, -1.5652717807486727, -1.6088449427113585, -2.152019525263463], "value_grad": [-0.0758737325668335, 0.43556058406829834, -0.016156673431396484, 0.18041777610778809, 0.08913958072662354, 0.9265608191490173, 0.37588346004486084, 0.09278285503387451, 0.3362436294555664, -0.011008739471435547, -0.1642608642578125, -0.17364609241485596, -0.471754789352417, 0.2365703582763672, 0.36138975620269775, -0.2767246961593628], "action_grad": [[0.0, 0.0, 0.0], [0.0, 0.0, 0.0], [0.0, 0.0, 0.0], [0.0, 0.0, 0.0], [0.0, 0.0, 0.0], [0.0, 0.0, 0.0], [0.0, 0.0, 0.0], [0.0, 0.0, 0.0], [0.0, 0.0, 0.0], [0.0, 0.0, 0.0], [0.0, 0.0, 0.0], [0.0, 0.0, 0.0], [0.0, 0.0, 0.0], [0.0, 0.0, 0.0], [0.0, 0.0, 0.0], [0.0, 0.0, 0.0]], "action_params_change": 0, "value_params_change": 0.48001685833391816}
{"iterations": 1, "type_itr": 0, "sub_iteration": 8, "sub_it_time": 2.3917043209075928, "total_time": 22.04401469230652, "value_loss": 1.803581953048706, "action_loss": -0.045307714492082596, "action_probs": [[0.2818751676827752, 0.01761421144780585, 0.6593106883935236, 0.04119993247589514], [0.6116785022886738, 0.263613055889594, 0.08714978706642039, 0.03755865475531179], [0.020528454520107417, 0.002019716414142393, 0.8898981419416694, 0.08755368712408079], [0.03284786095901343, 0.0011660148826733246, 0.9328715740121616, 0.033114550146151736], [0.20489100836632862, 0.7287780882183519, 0.014556126722334714, 0.05177477669298486], [0.058654401369326814, 0.06317471727254198, 0.42279372879197247, 0.45537715256615885], [0.08676846126802998, 0.36508254594433026, 0.10526045951127164, 0.44288853327636796], [0.1676159414776962, 0.027756700426327045, 0.6903134996363647, 0.11431385845961214], [0.18596058645397548, 0.18827703344206762, 0.31094452561261, 0.314817854491347], [0.07108864735704043, 0.2587003445709344, 0.14446932788479555, 0.5257416801872298], [0.05058657839191568, 0.0007447540484264524, 0.9349046603307103, 0.01376400722894764], [0.10249462490233352, 0.29760171347578074, 0.15368023867632327, 0.4462234229455625], [0.32824296128562447, 0.4421548866190909, 0.09782645489766464, 0.1317756971976199], [0.778743456708214, 0.1413867070202728, 0.06759708010523464, 0.012272756166278443], [0.0013711692932540356, 0.0012890542238275474, 0.5140626972407455, 0.48327707924217284], [0.05023242490211911, 0.057396646198238435, 0.41648557599264324, 0.4758853529069992]], "state_values": [0.8088148078213018, -1.0788236392989428, 2.585334176032641, 4.021785231705528, 0.7889038501137888, 2.5429103082803755, 0.44570145573221465, -1.6806655212438413, 1.510618913500461, -0.8749060109085119, -1.5262564720212002, 0.2116063519505019, -2.4856626665285493, -1.6572319377988995, -2.436233096433482, -2.307957948144543], "value_grad": [0.05389547348022461, 0.9600626230239868, 0.45405375957489014, -0.10339546203613281, 0.2804868221282959, 0.966913104057312, 0.2130875587463379, 0.015602350234985352, 0.7727144956588745, 0.19348549842834473, -0.2704678773880005, -0.18212056159973145, -0.5940002202987671, 0.15103435516357422, -0.19732654094696045, -0.24433207511901855], "action_grad": [[0.0, 0.0, 0.0], [0.0, 0.0, 0.0], [0.0, 0.0, 0.0], [0.0, 0.0, 0.0], [0.0, 0.0, 0.0], [0.0, 0.0, 0.0], [0.0, 0.0, 0.0], [0.0, 0.0, 0.0], [0.0, 0.0, 0.0], [0.0, 0.0, 0.0], [0.0, 0.0, 0.0], [0.0, 0.0, 0.0], [0.0, 0.0, 0.0], [0.0, 0.0, 0.0], [0.0, 0.0, 0.0], [0.0, 0.0, 0.0]], "action_params_change": 0, "value_params_change": 0.3626734963228464}
{"iterations": 1, "type_itr": 0, "sub_iteration": 9, "sub_it_time": 2.3539795875549316, "total_time": 24.399856328964233, "value_loss": 2.2615163326263428, "action_loss": 0.024170633405447006, "action_probs": [[0.2818751676827752, 0.01761421144780585, 0.6593106883935236, 0.04119993247589514], [0.6116785022886738, 0.263613055889594, 0.08714978706642039, 0.03755865475531179], [0.020528454520107417, 0.002019716414142393, 0.8898981419416694, 0.08755368712408079], [0.03284786095901343, 0.0011660148826733246, 0.9328715740121616, 0.033114550146151736], [0.20489100836632862, 0.7287780882183519, 0.014556126722334714, 0.05177477669298486], [0.058654401369326814, 0.06317471727254198, 0.42279372879197247, 0.45537715256615885], [0.08676846126802998, 0.36508254594433026, 0.10526045951127164, 0.44288853327636796], [0.1676159414776962, 0.027756700426327045, 0.6903134996363647, 0.11431385845961214], [0.18596058645397548, 0.18827703344206762, 0.31094452561261, 0.314817854491347], [0.07108864735704043, 0.2587003445709344, 0.14446932788479555, 0.5257416801872298], [0.05058657839191568, 0.0007447540484264524, 0.9349046603307103, 0.01376400722894764], [0.10249462490233352, 0.29760171347578074, 0.15368023867632327, 0.4462234229455625], [0.32824296128562447, 0.4421548866190909, 0.09782645489766464, 0.1317756971976199], [0.778743456708214, 0.1413867070202728, 0.06759708010523464, 0.012272756166278443], [0.0013711692932540356, 0.0012890542238275474, 0.5140626972407455, 0.48327707924217284], [0.05023242490211911, 0.057396646198238435, 0.41648557599264324, 0.4758853529069992]], "state_values": [0.6020315695490244, -1.0317327727647858, 3.0272780780779684, 3.899469257411947, 1.065659107222278, 2.094149759489865, -0.032884897693837366, -1.83619185886561, 1.5985093760468507, -0.8047461261694073, -1.6880688034603166, 0.757525077552266, -2.2097761170930057, -1.6926549284907988, -2.86952037049035, -2.2320565842053184], "value_grad": [0.12612628936767578, 1.0078200101852417, 0.6691608428955078, -0.14192628860473633, 0.13626360893249512, 1.0186703205108643, -0.0382537841796875, -0.10703873634338379, 0.7351741790771484, 0.09472322463989258, -0.4954357147216797, 0.12279987335205078, -0.4430053234100342, 0.046015024185180664, -0.38023924827575684, -0.2708244323730469], "action_grad": [[0.0, 0.0, 0.0], [0.0, 0.0, 0.0], [0.0, 0.0, 0.0], [0.0, 0.0, 0.0], [0.0, 0.0, 0.0], [0.0, 0.0, 0.0], [0.0, 0.0, 0.0], [0.0, 0.0, 0.0], [0.0, 0.0, 0.0], [0.0, 0.0, 0.0], [0.0, 0.0, 0.0], [0.0, 0.0, 0.0], [0.0, 0.0, 0.0], [0.0, 0.0, 0.0], [0.0, 0.0, 0.0], [0.0, 0.0, 0.0]], "action_params_change": 0, "value_params_change": 0.21951354637104803}
{"iterations": 1, "type_itr": 0, "sub_iteration": 10, "sub_it_time": 2.375466823577881, "total_time": 26.777194023132324, "value_loss": 2.125490665435791, "action_loss": 0.036866284906864166, "action_probs": [[0.2818751676827752, 0.01761421144780585, 0.6593106883935236, 0.04119993247589514], [0.6116785022886738, 0.263613055889594, 0.08714978706642039, 0.03755865475531179], [0.020528454520107417, 0.002019716414142393, 0.8898981419416694, 0.08755368712408079], [0.03284786095901343, 0.0011660148826733246, 0.9328715740121616, 0.033114550146151736], [0.20489100836632862, 0.7287780882183519, 0.014556126722334714, 0.05177477669298486], [0.058654401369326814, 0.06317471727254198, 0.42279372879197247, 0.45537715256615885], [0.08676846126802998, 0.36508254594433026, 0.10526045951127164, 0.44288853327636796], [0.1676159414776962, 0.027756700426327045, 0.6903134996363647, 0.11431385845961214], [0.18596058645397548, 0.18827703344206762, 0.31094452561261, 0.314817854491347], [0.07108864735704043, 0.2587003445709344, 0.14446932788479555, 0.5257416801872298], [0.05058657839191568, 0.0007447540484264524, 0.9349046603307103, 0.01376400722894764], [0.10249462490233352, 0.29760171347578074, 0.15368023867632327, 0.4462234229455625], [0.32824296128562447, 0.4421548866190909, 0.09782645489766464, 0.1317756971976199], [0.778743456708214, 0.1413867070202728, 0.06759708010523464, 0.012272756166278443], [0.0013711692932540356, 0.0012890542238275474, 0.5140626972407455, 0.48327707924217284], [0.05023242490211911, 0.057396646198238435, 0.41648557599264324, 0.4758853529069992]], "state_values": [0.35303102531313907, -0.7661527169506717, 3.236205987834722, 3.920140347812121, 1.2247252450066208, 1.5224488518797845, -0.44429264562236004, -1.94357566744732, 1.471844608483259, -0.7061110434523584, -1.6822772650951998, 1.2446471126458207, -1.7590327227365012, -1.7082805011209556, -3.056684343570639, -2.045379143843978], "value_grad": [0.035204410552978516, 0.9605774879455566, 0.8558748960494995, -0.15044045448303223, -0.08434820175170898, 0.8636757135391235, -0.03171968460083008, -0.013860225677490234, 0.7725166082382202, 0.0249478816986084, -0.3075730800628662, -0.0037620067596435547, -0.6225118637084961, 0.016156911849975586, -0.3455495834350586, -0.16065716743469238], "action_grad": [[0.0, 0.0, 0.0], [0.0, 0.0, 0.0], [0.0, 0.0, 0.0], [0.0, 0.0, 0.0], [0.0, 0.0, 0.0], [0.0, 0.0, 0.0], [0.0, 0.0, 0.0], [0.0, 0.0, 0.0], [0.0, 0.0, 0.0], [0.0, 0.0, 0.0], [0.0, 0.0, 0.0], [0.0, 0.0, 0.0], [0.0, 0.0, 0.0], [0.0, 0.0, 0.0], [0.0, 0.0, 0.0], [0.0, 0.0, 0.0]], "action_params_change": 0, "value_params_change": 0.2455074223011282}
{"iterations": 1, "type_itr": 0, "sub_iteration": 11, "sub_it_time": 2.3734066486358643, "total_time": 29.152371406555176, "value_loss": 1.9815444946289062, "action_loss": 0.0348360650241375, "action_probs": [[0.2818751676827752, 0.01761421144780585, 0.6593106883935236, 0.04119993247589514], [0.6116785022886738, 0.263613055889594, 0.08714978706642039, 0.03755865475531179], [0.020528454520107417, 0.002019716414142393, 0.8898981419416694, 0.08755368712408079], [0.03284786095901343, 0.0011660148826733246, 0.9328715740121616, 0.033114550146151736], [0.20489100836632862, 0.7287780882183519, 0.014556126722334714, 0.05177477669298486], [0.058654401369326814, 0.06317471727254198, 0.42279372879197247, 0.45537715256615885], [0.08676846126802998, 0.36508254594433026, 0.10526045951127164, 0.44288853327636796], [0.1676159414776962, 0.027756700426327045, 0.6903134996363647, 0.11431385845961214], [0.18596058645397548, 0.18827703344206762, 0.31094452561261, 0.314817854491347], [0.07108864735704043, 0.2587003445709344, 0.14446932788479555, 0.5257416801872298], [0.05058657839191568, 0.0007447540484264524, 0.9349046603307103, 0.01376400722894764], [0.10249462490233352, 0.29760171347578074, 0.15368023867632327, 0.4462234229455625], [0.32824296128562447, 0.4421548866190909, 0.09782645489766464, 0.1317756971976199], [0.778743456708214, 0.1413867070202728, 0.06759708010523464, 0.012272756166278443], [0.0013711692932540356, 0.0012890542238275474, 0.5140626972407455, 0.48327707924217284], [0.05023242490211911, 0.057396646198238435, 0.41648557599264324, 0.4758853529069992]], "state_values": [-0.1367371393381738, -0.3555810037353413, 3.2609358533907113, 3.951931897433555, 1.2640963906694025, 0.8695821240482998, -0.657438506061482, -1.8538398885552787, 1.2117020235218592, -0.48497603787952465, -1.6065231463760778, 1.5827052341990306, -1.2137079913293816, -1.58037289389547, -3.030754956423554, -1.6212346950449072], "value_grad": [0.18524885177612305, 0.7972272634506226, 0.9454498291015625, -0.016196489334106445, -0.10323715209960938, 0.6655178070068359, -0.27486371994018555, -0.08779287338256836, 0.5862382650375366, 0.09602999687194824, -0.1503610610961914, 0.06070709228515625, -0.3914062976837158, 0.14671802520751953, -0.42217564582824707, -0.41049373149871826], "action_grad": [[0.0, 0.0, 0.0], [0.0, 0.0, 0.0], [0.0, 0.0, 0.0], [0.0, 0.0, 0.0], [0.0, 0.0, 0.0], [0.0, 0.0, 0.0], [0.0, 0.0, 0.0], [0.0, 0.0, 0.0], [0.0, 0.0, 0.0], [0.0, 0.0, 0.0], [0.0, 0.0, 0.0], [0.0, 0.0, 0.0], [0.0, 0.0, 0.0], [0.0, 0.0, 0.0], [0.0, 0.0, 0.0], [0.0, 0.0, 0.0]], "action_params_change": 0, "value_params_change": 0.2691948019623869}
{"iterations": 1, "type_itr": 0, "sub_iteration": 12, "sub_it_time": 2.377814531326294, "total_time": 31.532074689865112, "value_loss": 1.6854948997497559, "action_loss": 0.002535507781431079, "action_probs": [[0.2818751676827752, 0.01761421144780585, 0.6593106883935236, 0.04119993247589514], [0.6116785022886738, 0.263613055889594, 0.08714978706642039, 0.03755865475531179], [0.020528454520107417, 0.002019716414142393, 0.8898981419416694, 0.08755368712408079], [0.03284786095901343, 0.0011660148826733246, 0.9328715740121616, 0.033114550146151736], [0.20489100836632862, 0.7287780882183519, 0.014556126722334714, 0.05177477669298486], [0.058654401369326814, 0.06317471727254198, 0.42279372879197247, 0.45537715256615885], [0.08676846126802998, 0.36508254594433026, 0.10526045951127164, 0.44288853327636796], [0.1676159414776962, 0.027756700426327045, 0.6903134996363647, 0.11431385845961214], [0.18596058645397548, 0.18827703344206762, 0.31094452561261, 0.314817854491347], [0.07108864735704043, 0.2587003445709344, 0.14446932788479555, 0.5257416801872298], [0.05058657839191568, 0.0007447540484264524, 0.9349046603307103, 0.01376400722894764], [0.10249462490233352, 0.29760171347578074, 0.15368023867632327, 0.4462234229455625], [0.32824296128562447, 0.4421548866190909, 0.09782645489766464, 0.1317756971976199], [0.778743456708214, 0.1413867070202728, 0.06759708010523464, 0.012272756166278443], [0.0013711692932540356, 0.0012890542238275474, 0.5140626972407455, 0.48327707924217284], [0.05023242490211911, 0.057396646198238435, 0.41648557599264324, 0.4758853529069992]], "state_values": [-0.5717543881312369, 0.15122777252168548, 3.1436509476560084, 4.060016462911305, 0.9901019849403284, 0.2061992144523102, -0.6516002780449602, -1.8172567842963714, 0.8824695861578451, -0.13405343635075898, -1.517564980588455, 1.720251695759702, -0.6100740904676758, -1.3075774552818913, -2.860346112719518, -1.136390700731083], "value_grad": [-0.0034848451614379883, 0.6565283536911011, 0.9147598743438721, -0.10327661037445068, -0.36214208602905273, 0.31901752948760986, -0.37750673294067383, 0.02150285243988037, 0.3702203035354614, 0.11590945720672607, -0.04296612739562988, 0.11254322528839111, -0.29969286918640137, 0.17059683799743652, -0.35739004611968994, -0.13994622230529785], "action_grad": [[0.0, 0.0, 0.0], [0.0, 0.0, 0.0], [0.0, 0.0, 0.0], [0.0, 0.0, 0.0], [0.0, 0.0, 0.0], [0.0, 0.0, 0.0], [0.0, 0.0, 0.0], [0.0, 0.0, 0.0], [0.0, 0.0, 0.0], [0.0, 0.0, 0.0], [0.0, 0.0, 0.0], [0.0, 0.0, 0.0], [0.0, 0.0, 0.0], [0.0, 0.0, 0.0], [0.0, 0.0, 0.0], [0.0, 0.0, 0.0]], "action_params_change": 0, "value_params_change": 0.26710755116572216}
{"iterations": 1, "type_itr": 0, "sub_iteration": 13, "sub_it_time": 2.3402211666107178, "total_time": 33.87420392036438, "value_loss": 1.3281445503234863, "action_loss": -0.050309911370277405, "action_probs": [[0.2818751676827752, 0.01761421144780585, 0.6593106883935236, 0.04119993247589514], [0.6116785022886738, 0.263613055889594, 0.08714978706642039, 0.03755865475531179], [0.020528454520107417, 0.002019716414142393, 0.8898981419416694, 0.08755368712408079], [0.03284786095901343, 0.0011660148826733246, 0.9328715740121616, 0.033114550146151736], [0.20489100836632862, 0.7287780882183519, 0.014556126722334714, 0.05177477669298486], [0.058654401369326814, 0.06317471727254198, 0.42279372879197247, 0.45537715256615885], [0.08676846126802998, 0.36508254594433026, 0.10526045951127164, 0.44288853327636796], [0.1676159414776962, 0.027756700426327045, 0.6903134996363647, 0.11431385845961214], [0.18596058645397548, 0.18827703344206762, 0.31094452561261, 0.314817854491347], [0.07108864735704043, 0.2587003445709344, 0.14446932788479555, 0.5257416801872298], [0.05058657839191568, 0.0007447540484264524, 0.9349046603307103, 0.01376400722894764], [0.10249462490233352, 0.29760171347578074, 0.15368023867632327, 0.4462234229455625], [0.32824296128562447, 0.4421548866190909, 0.09782645489766464, 0.1317756971976199], [0.778743456708214, 0.1413867070202728, 0.06759708010523464, 0.012272756166278443], [0.0013711692932540356, 0.0012890542238275474, 0.5140626972407455, 0.48327707924217284], [0.05023242490211911, 0.057396646198238435, 0.41648557599264324, 0.4758853529069992]], "state_values": [-1.0411600106226861, 0.6735392979851561, 2.9225354934545864, 4.164418877012165, 0.520403166998829, -0.39698456643081254, -0.589990719327859, -1.705479495095702, 0.5265150942742987, 0.3652626580390812, -1.3954420972056483, 1.4906022815700892, 0.003276719063077572, -0.9734958279771854, -2.5001467264407773, -0.681711192183605], "value_grad": [0.054291486740112305, 0.3129589557647705, 0.7489945292472839, -0.015562653541564941, -0.30567240715026855, 0.0019006729125976562, -0.11325597763061523, -0.03809511661529541, 0.2179187536239624, 0.15483593940734863, -0.0868825912475586, 0.2995741367340088, -0.17578446865081787, 0.09068405628204346, -0.5451730489730835, -0.009384989738464355], "action_grad": [[0.0, 0.0, 0.0], [0.0, 0.0, 0.0], [0.0, 0.0, 0.0], [0.0, 0.0, 0.0], [0.0, 0.0, 0.0], [0.0, 0.0, 0.0], [0.0, 0.0, 0.0], [0.0, 0.0, 0.0], [0.0, 0.0, 0.0], [0.0, 0.0, 0.0], [0.0, 0.0, 0.0], [0.0, 0.0, 0.0], [0.0, 0.0, 0.0], [0.0, 0.0, 0.0], [0.0, 0.0, 0.0], [0.0, 0.0, 0.0]], "action_params_change": 0, "value_params_change": 0.2459499199928148}
