{"iterations": 0, "type_itr": 0, "sub_iteration": 0, "sub_it_time": 0, "total_time": 0, "value_loss": 0, "action_loss": 0, "action_probs": [[0.059480773204215395, 0.0037226593873963295, 0.8816195874130592, 0.05517697999532916], [0.5457504908177335, 0.1039095541946301, 0.2943050043718273, 0.05603495061580902], [0.2579857843883241, 0.6290497039969082, 0.03285464732649243, 0.08010986428827523], [0.4091430338503523, 0.2378343265786211, 0.22324854408534736, 0.12977409548567945], [0.8763038125364113, 0.03374777115348929, 0.08661282674171022, 0.003335589568389103], [0.016178407114826446, 0.04664761326011968, 0.2413328440876785, 0.6958411355373753], [0.08946509981558842, 0.0003058121502701927, 0.9071283162077833, 0.0031007718263579846], [0.8312516005299145, 0.14327110194422063, 0.02173170957616978, 0.0037455879496951037], [0.011820926576059147, 0.9880927178115726, 1.0208915129489735e-06, 8.533472085542814e-05], [0.23306808546477614, 0.6155247155267752, 0.04158435701699379, 0.10982284199145469], [0.00567887530256994, 8.369137465340164e-05, 0.9797978437809256, 0.014439589541850947], [0.05190367851365477, 0.017855696720189176, 0.6921350738356289, 0.23810555093052713], [0.02869788448136881, 0.14222249951409902, 0.1392041750069235, 0.6898754409976084], [0.8742826186420743, 0.11267900576212535, 0.011549815997776585, 0.0014885595980237017], [0.02585383132804736, 0.027810771012628265, 0.45591311001479734, 0.49042228764452706], [0.001089576260338466, 0.6764974321505974, 0.0005184478706048345, 0.3218945437184593]], "state_values": [4.969009797753304, -0.4001833665504256, 4.189777267639353, -2.3696688605136895, 2.2715878606833524, -4.5207504433457375, 3.77186308126844, -1.4895327402410168, 4.829222782574112, -4.663793411717932, 4.990662503634411, 4.999698122821954, 4.582588941665418, -4.582639402682537, -4.974415145512682, 2.1026301743301015], "value_grad": [0.0, 0.0, 0.0, 0.0, 0.0, 0.0, 0.0, 0.0, 0.0, 0.0, 0.0, 0.0, 0.0, 0.0, 0.0, 0.0], "action_grad": [[0.0, 0.0, 0.0], [0.0, 0.0, 0.0], [0.0, 0.0, 0.0], [0.0, 0.0, 0.0], [0.0, 0.0, 0.0], [0.0, 0.0, 0.0], [0.0, 0.0, 0.0], [0.0, 0.0, 0.0], [0.0, 0.0, 0.0], [0.0, 0.0, 0.0], [0.0, 0.0, 0.0], [0.0, 0.0, 0.0], [0.0, 0.0, 0.0], [0.0, 0.0, 0.0], [0.0, 0.0, 0.0], [0.0, 0.0, 0.0]], "action_params_change": 0, "value_params_change": 0}
{"iterations": 1, "type_itr": 0, "sub_iteration": 0, "sub_it_time": 0.1361091136932373, "total_time": 0.13767457008361816, "value_loss": 14.505480766296387, "action_loss": -0.1932419091463089, "action_probs": [[0.059480773204215395, 0.0037226593873963295, 0.8816195874130592, 0.05517697999532916], [0.5457504908177335, 0.1039095541946301, 0.2943050043718273, 0.05603495061580902], [0.2579857843883241, 0.6290497039969082, 0.03285464732649243, 0.08010986428827523], [0.4091430338503523, 0.2378343265786211, 0.22324854408534736, 0.12977409548567945], [0.8763038125364113, 0.03374777115348929, 0.08661282674171022, 0.003335589568389103], [0.016178407114826446, 0.04664761326011968, 0.2413328440876785, 0.6958411355373753], [0.08946509981558842, 0.0003058121502701927, 0.9071283162077833, 0.0031007718263579846], [0.8312516005299145, 0.14327110194422063, 0.02173170957616978, 0.0037455879496951037], [0.011820926576059147, 0.9880927178115726, 1.0208915129489735e-06, 8.533472085542814e-05], [0.23306808546477614, 0.6155247155267752, 0.04158435701699379, 0.10982284199145469], [0.00567887530256994, 8.369137465340164e-05, 0.9797978437809256, 0.014439589541850947], [0.05190367851365477, 0.017855696720189176, 0.6921350738356289, 0.23810555093052713], [0.02869788448136881, 0.14222249951409902, 0.1392041750069235, 0.6898754409976084], [0.8742826186420743, 0.11267900576212535, 0.011549815997776585, 0.0014885595980237017], [0.02585383132804736, 0.027810771012628265, 0.45591311001479734, 0.49042228764452706], [0.001089576260338466, 0.6764974321505974, 0.0005184478706048345, 0.3218945437184593]], "state_values": [4.677021975049553, 0.8453083135854321, 3.3844378016242165, -1.2067308678237503, 3.302956111835617, -3.851737908314185, 2.8425677400321114, -2.624079724036255, 4.3585547055593326, -4.964754687065218, 4.759950185255842, 4.830676634666668, 4.934927749651733, -3.9454047619496766, -4.944753007368002, 3.1595883853366615], "value_grad": [-0.5266819000244141, 0.031681060791015625, 0.1584005355834961, -0.36036014556884766, -0.1979990005493164, -1.987919807434082, 0.6969614028930664, -0.9424800872802734, -1.9522809982299805, -0.08315849304199219, -2.3720388412475586, -0.20195960998535156, 0.22967815399169922, 0.023759841918945312, 0.9068393707275391, -0.7524013519287109], "action_grad": [[0.0, 0.0, 0.0], [0.0, 0.0, 0.0], [0.0, 0.0, 0.0], [0.0, 0.0, 0.0], [0.0, 0.0, 0.0], [0.0, 0.0, 0.0], [0.0, 0.0, 0.0], [0.0, 0.0, 0.0], [0.0, 0.0, 0.0], [0.0, 0.0, 0.0], [0.0, 0.0, 0.0], [0.0, 0.0, 0.0], [0.0, 0.0, 0.0], [0.0, 0.0, 0.0], [0.0, 0.0, 0.0], [0.0, 0.0, 0.0]], "action_params_change": 0, "value_params_change": 0.4999999978921088}
{"iterations": 1, "type_itr": 0, "sub_iteration": 1, "sub_it_time": 0.15848207473754883, "total_time": 0.29813361167907715, "value_loss": 13.293720245361328, "action_loss": -0.16498912870883942, "action_probs": [[0.059480773204215395, 0.0037226593873963295, 0.8816195874130592, 0.05517697999532916], [0.5457504908177335, 0.1039095541946301, 0.2943050043718273, 0.05603495061580902], [0.2579857843883241, 0.6290497039969082, 0.03285464732649243, 0.08010986428827523], [0.4091430338503523, 0.2378343265786211, 0.22324854408534736, 0.12977409548567945], [0.8763038125364113, 0.03374777115348929, 0.08661282674171022, 0.003335589568389103], [0.016178407114826446, 0.04664761326011968, 0.2413328440876785, 0.6958411355373753], [0.08946509981558842, 0.0003058121502701927, 0.9071283162077833, 0.0031007718263579846], [0.8312516005299145, 0.14327110194422063, 0.02173170957616978, 0.0037455879496951037], [0.011820926576059147, 0.9880927178115726, 1.0208915129489735e-06, 8.533472085542814e-05], [0.23306808546477614, 0.6155247155267752, 0.04158435701699379, 0.10982284199145469], [0.00567887530256994, 8.369137465340164e-05, 0.9797978437809256, 0.014439589541850947], [0.05190367851365477, 0.017855696720189176, 0.6921350738356289, 0.23810555093052713], [0.02869788448136881, 0.14222249951409902, 0.1392041750069235, 0.6898754409976084], [0.8742826186420743, 0.11267900576212535, 0.011549815997776585, 0.0014885595980237017], [0.02585383132804736, 0.027810771012628265, 0.45591311001479734, 0.49042228764452706], [0.001089576260338466, 0.6764974321505974, 0.0005184478706048345, 0.3218945437184593]], "state_values": [4.114203317555036, 1.7641851907096928, 2.594966452646415, -0.11136833992580397, 2.667209988495735, -3.0679421324646268, 2.05227146021752, -3.1937081483460217, 4.0351332129671835, -4.835946728426606, 4.439546217878106, 4.9242969509938535, 4.7395597251586885, -4.424710232908188, -4.620706530421466, 2.6389366364177578], "value_grad": [-0.3563995361328125, 1.1127595901489258, 2.1463193893432617, -1.4216384887695312, 1.3107585906982422, -0.6811199188232422, 0.05544090270996094, 0.13068008422851562, 0.4672813415527344, 0.3207588195800781, 0.007921218872070312, 0.38411712646484375, -1.7503204345703125, -0.4553976058959961, 1.682999610900879, 2.4235191345214844], "action_grad": [[0.0, 0.0, 0.0], [0.0, 0.0, 0.0], [0.0, 0.0, 0.0], [0.0, 0.0, 0.0], [0.0, 0.0, 0.0], [0.0, 0.0, 0.0], [0.0, 0.0, 0.0], [0.0, 0.0, 0.0], [0.0, 0.0, 0.0], [0.0, 0.0, 0.0], [0.0, 0.0, 0.0], [0.0, 0.0, 0.0], [0.0, 0.0, 0.0], [0.0, 0.0, 0.0], [0.0, 0.0, 0.0], [0.0, 0.0, 0.0]], "action_params_change": 0, "value_params_change": 0.48644121027272647}
{"iterations": 1, "type_itr": 0, "sub_iteration": 2, "sub_it_time": 0.13683748245239258, "total_time": 0.4367244243621826, "value_loss": 10.893960952758789, "action_loss": -0.1450672745704651, "action_probs": [[0.059480773204215395, 0.0037226593873963295, 0.8816195874130592, 0.05517697999532916], [0.5457504908177335, 0.1039095541946301, 0.2943050043718273, 0.05603495061580902], [0.2579857843883241, 0.6290497039969082, 0.03285464732649243, 0.08010986428827523], [0.4091430338503523, 0.2378343265786211, 0.22324854408534736, 0.12977409548567945], [0.8763038125364113, 0.03374777115348929, 0.08661282674171022, 0.003335589568389103], [0.016178407114826446, 0.04664761326011968, 0.2413328440876785, 0.6958411355373753], [0.08946509981558842, 0.0003058121502701927, 0.9071283162077833, 0.0031007718263579846], [0.8312516005299145, 0.14327110194422063, 0.02173170957616978, 0.0037455879496951037], [0.011820926576059147, 0.9880927178115726, 1.0208915129489735e-06, 8.533472085542814e-05], [0.23306808546477614, 0.6155247155267752, 0.04158435701699379, 0.10982284199145469], [0.00567887530256994, 8.369137465340164e-05, 0.9797978437809256, 0.014439589541850947], [0.05190367851365477, 0.017855696720189176, 0.6921350738356289, 0.23810555093052713], [0.02869788448136881, 0.14222249951409902, 0.1392041750069235, 0.6898754409976084], [0.8742826186420743, 0.11267900576212535, 0.011549815997776585, 0.0014885595980237017], [0.02585383132804736, 0.027810771012628265, 0.45591311001479734, 0.49042228764452706], [0.001089576260338466, 0.6764974321505974, 0.0005184478706048345, 0.3218945437184593]], "state_values": [3.9837031324065673, 2.4913630837059952, 2.060839044142274, 0.9298900228531319, 2.1772840621562, -2.23615547885038, 1.6455888061094812, -2.957895700534811, 3.751644445686777, -4.514057058099636, 4.044083407122752, 4.842848484875633, 4.672256850297156, -4.809293115373068, -4.448512717496533, 1.913298155772349], "value_grad": [0.5187616348266602, 0.0989999771118164, -0.40392017364501953, -0.4316387176513672, -0.08711910247802734, -0.4158010482788086, -0.21383953094482422, 1.2276010513305664, 0.02376079559326172, 0.8434810638427734, -0.34451961517333984, -0.5029191970825195, 0.8949613571166992, -0.7603206634521484, -1.1127605438232422, 1.3820419311523438], "action_grad": [[0.0, 0.0, 0.0], [0.0, 0.0, 0.0], [0.0, 0.0, 0.0], [0.0, 0.0, 0.0], [0.0, 0.0, 0.0], [0.0, 0.0, 0.0], [0.0, 0.0, 0.0], [0.0, 0.0, 0.0], [0.0, 0.0, 0.0], [0.0, 0.0, 0.0], [0.0, 0.0, 0.0], [0.0, 0.0, 0.0], [0.0, 0.0, 0.0], [0.0, 0.0, 0.0], [0.0, 0.0, 0.0], [0.0, 0.0, 0.0]], "action_params_change": 0, "value_params_change": 0.4186852975010704}
{"iterations": 1, "type_itr": 0, "sub_iteration": 3, "sub_it_time": 0.15189862251281738, "total_time": 0.5906593799591064, "value_loss": 9.09216022491455, "action_loss": -0.22348688542842865, "action_probs": [[0.059480773204215395, 0.0037226593873963295, 0.8816195874130592, 0.05517697999532916], [0.5457504908177335, 0.1039095541946301, 0.2943050043718273, 0.05603495061580902], [0.2579857843883241, 0.6290497039969082, 0.03285464732649243, 0.08010986428827523], [0.4091430338503523, 0.2378343265786211, 0.22324854408534736, 0.12977409548567945], [0.8763038125364113, 0.03374777115348929, 0.08661282674171022, 0.003335589568389103], [0.016178407114826446, 0.04664761326011968, 0.2413328440876785, 0.6958411355373753], [0.08946509981558842, 0.0003058121502701927, 0.9071283162077833, 0.0031007718263579846], [0.8312516005299145, 0.14327110194422063, 0.02173170957616978, 0.0037455879496951037], [0.011820926576059147, 0.9880927178115726, 1.0208915129489735e-06, 8.533472085542814e-05], [0.23306808546477614, 0.6155247155267752, 0.04158435701699379, 0.10982284199145469], [0.00567887530256994, 8.369137465340164e-05, 0.9797978437809256, 0.014439589541850947], [0.05190367851365477, 0.017855696720189176, 0.6921350738356289, 0.23810555093052713], [0.02869788448136881, 0.14222249951409902, 0.1392041750069235, 0.6898754409976084], [0.8742826186420743, 0.11267900576212535, 0.011549815997776585, 0.0014885595980237017], [0.02585383132804736, 0.027810771012628265, 0.45591311001479734, 0.49042228764452706], [0.001089576260338466, 0.6764974321505974, 0.0005184478706048345, 0.3218945437184593]], "state_values": [4.303197693067363, 3.2877333782231677, 1.6068016749290466, 1.8172426242457687, 1.648645056744885, -1.6171077187539702, 0.8651445767511551, -2.464127431166245, 3.173229086584403, -4.5952603376418155, 3.5300507812239283, 4.58645818377458, 4.5327891620359955, -4.870047523875649, -4.131751943771653, 1.3769915953723604], "value_grad": [1.682999610900879, 1.1087994575500488, -0.019799232482910156, -0.1504802703857422, 0.22175979614257812, 0.36827945709228516, 1.2117595672607422, 0.9504003524780273, -2.7323999404907227, -1.4137210845947266, -0.677159309387207, -1.7899198532104492, -0.5702390670776367, 0.6652793884277344, 1.0771193504333496, -0.3801584243774414], "action_grad": [[0.0, 0.0, 0.0], [0.0, 0.0, 0.0], [0.0, 0.0, 0.0], [0.0, 0.0, 0.0], [0.0, 0.0, 0.0], [0.0, 0.0, 0.0], [0.0, 0.0, 0.0], [0.0, 0.0, 0.0], [0.0, 0.0, 0.0], [0.0, 0.0, 0.0], [0.0, 0.0, 0.0], [0.0, 0.0, 0.0], [0.0, 0.0, 0.0], [0.0, 0.0, 0.0], [0.0, 0.0, 0.0], [0.0, 0.0, 0.0]], "action_params_change": 0, "value_params_change": 0.3919050527190897}
{"iterations": 1, "type_itr": 0, "sub_iteration": 4, "sub_it_time": 0.1487877368927002, "total_time": 0.7412924766540527, "value_loss": 7.81704044342041, "action_loss": -0.22855792939662933, "action_probs": [[0.059480773204215395, 0.0037226593873963295, 0.8816195874130592, 0.05517697999532916], [0.5457504908177335, 0.1039095541946301, 0.2943050043718273, 0.05603495061580902], [0.2579857843883241, 0.6290497039969082, 0.03285464732649243, 0.08010986428827523], [0.4091430338503523, 0.2378343265786211, 0.22324854408534736, 0.12977409548567945], [0.8763038125364113, 0.03374777115348929, 0.08661282674171022, 0.003335589568389103], [0.016178407114826446, 0.04664761326011968, 0.2413328440876785, 0.6958411355373753], [0.08946509981558842, 0.0003058121502701927, 0.9071283162077833, 0.0031007718263579846], [0.8312516005299145, 0.14327110194422063, 0.02173170957616978, 0.0037455879496951037], [0.011820926576059147, 0.9880927178115726, 1.0208915129489735e-06, 8.533472085542814e-05], [0.23306808546477614, 0.6155247155267752, 0.04158435701699379, 0.10982284199145469], [0.00567887530256994, 8.369137465340164e-05, 0.9797978437809256, 0.014439589541850947], [0.05190367851365477, 0.017855696720189176, 0.6921350738356289, 0.23810555093052713], [0.02869788448136881, 0.14222249951409902, 0.1392041750069235, 0.6898754409976084], [0.8742826186420743, 0.11267900576212535, 0.011549815997776585, 0.0014885595980237017], [0.02585383132804736, 0.027810771012628265, 0.45591311001479734, 0.49042228764452706], [0.001089576260338466, 0.6764974321505974, 0.0005184478706048345, 0.3218945437184593]], "state_values": [4.598990770736111, 3.2271809285980586, 1.5903331422337688, 2.7232475243125793, 2.005462315924823, -0.7647511086037919, -0.033605423786614574, -2.2477626952973995, 2.6319953652964316, -4.537553936826406, 2.801786189803815, 4.235454820031611, 4.176855682148848, -4.876501207436406, -3.6196158967290226, 0.8043810178242845], "value_grad": [0.5425195693969727, -2.2294797897338867, -1.2592802047729492, -0.9108004570007324, -2.601719379425049, -1.9800009727478027, 0.6415205001831055, -0.6335997581481934, 0.07127857208251953, 0.7959609031677246, -1.8889188766479492, -0.2574005126953125, -2.8947601318359375, 0.28511953353881836, 1.6513195037841797, 0.4910402297973633], "action_grad": [[0.0, 0.0, 0.0], [0.0, 0.0, 0.0], [0.0, 0.0, 0.0], [0.0, 0.0, 0.0], [0.0, 0.0, 0.0], [0.0, 0.0, 0.0], [0.0, 0.0, 0.0], [0.0, 0.0, 0.0], [0.0, 0.0, 0.0], [0.0, 0.0, 0.0], [0.0, 0.0, 0.0], [0.0, 0.0, 0.0], [0.0, 0.0, 0.0], [0.0, 0.0, 0.0], [0.0, 0.0, 0.0], [0.0, 0.0, 0.0]], "action_params_change": 0, "value_params_change": 0.4080084765019494}
{"iterations": 1, "type_itr": 0, "sub_iteration": 5, "sub_it_time": 0.15052294731140137, "total_time": 0.8936285972595215, "value_loss": 5.761800765991211, "action_loss": -0.31168636679649353, "action_probs": [[0.059480773204215395, 0.0037226593873963295, 0.8816195874130592, 0.05517697999532916], [0.5457504908177335, 0.1039095541946301, 0.2943050043718273, 0.05603495061580902], [0.2579857843883241, 0.6290497039969082, 0.03285464732649243, 0.08010986428827523], [0.4091430338503523, 0.2378343265786211, 0.22324854408534736, 0.12977409548567945], [0.8763038125364113, 0.03374777115348929, 0.08661282674171022, 0.003335589568389103], [0.016178407114826446, 0.04664761326011968, 0.2413328440876785, 0.6958411355373753], [0.08946509981558842, 0.0003058121502701927, 0.9071283162077833, 0.0031007718263579846], [0.8312516005299145, 0.14327110194422063, 0.02173170957616978, 0.0037455879496951037], [0.011820926576059147, 0.9880927178115726, 1.0208915129489735e-06, 8.533472085542814e-05], [0.23306808546477614, 0.6155247155267752, 0.04158435701699379, 0.10982284199145469], [0.00567887530256994, 8.369137465340164e-05, 0.9797978437809256, 0.014439589541850947], [0.05190367851365477, 0.017855696720189176, 0.6921350738356289, 0.23810555093052713], [0.02869788448136881, 0.14222249951409902, 0.1392041750069235, 0.6898754409976084], [0.8742826186420743, 0.11267900576212535, 0.011549815997776585, 0.0014885595980237017], [0.02585383132804736, 0.027810771012628265, 0.45591311001479734, 0.49042228764452706], [0.001089576260338466, 0.6764974321505974, 0.0005184478706048345, 0.3218945437184593]], "state_values": [4.820104054340144, 2.9899553848190403, 1.3659326312175537, 3.3709848174093504, 1.9935402600139223, -0.035394659654124465, -1.0381006235594303, -1.8183802586376472, 2.127738072207879, -4.5330756853036025, 1.8867954141478878, 4.020918769450042, 3.641473277403481, -4.762678385191168, -3.111616285580823, 0.17402114758482007], "value_grad": [0.3484807014465332, -1.0731596946716309, 0.9068398475646973, 0.15443992614746094, 1.5483598709106445, 0.11088037490844727, 1.5443997383117676, 0.9107999801635742, 0.0, -0.3167996406555176, -2.0592002868652344, 0.7167606353759766, -1.9206008911132812, 1.0929598808288574, -0.06335973739624023, 0.645479679107666], "action_grad": [[0.0, 0.0, 0.0], [0.0, 0.0, 0.0], [0.0, 0.0, 0.0], [0.0, 0.0, 0.0], [0.0, 0.0, 0.0], [0.0, 0.0, 0.0], [0.0, 0.0, 0.0], [0.0, 0.0, 0.0], [0.0, 0.0, 0.0], [0.0, 0.0, 0.0], [0.0, 0.0, 0.0], [0.0, 0.0, 0.0], [0.0, 0.0, 0.0], [0.0, 0.0, 0.0], [0.0, 0.0, 0.0], [0.0, 0.0, 0.0]], "action_params_change": 0, "value_params_change": 0.41574835082991735}
{"iterations": 1, "type_itr": 0, "sub_iteration": 6, "sub_it_time": 0.13296723365783691, "total_time": 1.0283548831939697, "value_loss": 4.158000469207764, "action_loss": -0.3145841062068939, "action_probs": [[0.059480773204215395, 0.0037226593873963295, 0.8816195874130592, 0.05517697999532916], [0.5457504908177335, 0.1039095541946301, 0.2943050043718273, 0.05603495061580902], [0.2579857843883241, 0.6290497039969082, 0.03285464732649243, 0.08010986428827523], [0.4091430338503523, 0.2378343265786211, 0.22324854408534736, 0.12977409548567945], [0.8763038125364113, 0.03374777115348929, 0.08661282674171022, 0.003335589568389103], [0.016178407114826446, 0.04664761326011968, 0.2413328440876785, 0.6958411355373753], [0.08946509981558842, 0.0003058121502701927, 0.9071283162077833, 0.0031007718263579846], [0.8312516005299145, 0.14327110194422063, 0.02173170957616978, 0.0037455879496951037], [0.011820926576059147, 0.9880927178115726, 1.0208915129489735e-06, 8.533472085542814e-05], [0.23306808546477614, 0.6155247155267752, 0.04158435701699379, 0.10982284199145469], [0.00567887530256994, 8.369137465340164e-05, 0.9797978437809256, 0.014439589541850947], [0.05190367851365477, 0.017855696720189176, 0.6921350738356289, 0.23810555093052713], [0.02869788448136881, 0.14222249951409902, 0.1392041750069235, 0.6898754409976084], [0.8742826186420743, 0.11267900576212535, 0.011549815997776585, 0.0014885595980237017], [0.02585383132804736, 0.027810771012628265, 0.45591311001479734, 0.49042228764452706], [0.001089576260338466, 0.6764974321505974, 0.0005184478706048345, 0.3218945437184593]], "state_values": [4.963498277428394, 2.638008227851025, 1.399308991339821, 4.008314791464426, 1.8531688309918921, 0.7683911569890816, -1.406230024942801, -1.5067802561320174, 1.4678560593886414, -4.555200641149464, 0.8245491769864931, 3.6843356040773885, 3.0587781686576565, -4.6011741787992415, -2.458698810198124, -0.16102805451467028], "value_grad": [0.5821194648742676, -0.8236799240112305, -1.0256400108337402, -1.920600414276123, 0.7563591003417969, -0.9781203269958496, -1.4731197357177734, -0.26136016845703125, -1.4295601844787598, -0.18611955642700195, -2.498760223388672, -0.7484397888183594, -0.21383953094482422, 0.22571992874145508, 1.1325602531433105, -0.9622807502746582], "action_grad": [[0.0, 0.0, 0.0], [0.0, 0.0, 0.0], [0.0, 0.0, 0.0], [0.0, 0.0, 0.0], [0.0, 0.0, 0.0], [0.0, 0.0, 0.0], [0.0, 0.0, 0.0], [0.0, 0.0, 0.0], [0.0, 0.0, 0.0], [0.0, 0.0, 0.0], [0.0, 0.0, 0.0], [0.0, 0.0, 0.0], [0.0, 0.0, 0.0], [0.0, 0.0, 0.0], [0.0, 0.0, 0.0], [0.0, 0.0, 0.0]], "action_params_change": 0, "value_params_change": 0.4425525666782706}
{"iterations": 1, "type_itr": 0, "sub_iteration": 7, "sub_it_time": 0.13851141929626465, "total_time": 1.1686804294586182, "value_loss": 4.431240081787109, "action_loss": -0.39064931869506836, "action_probs": [[0.059480773204215395, 0.0037226593873963295, 0.8816195874130592, 0.05517697999532916], [0.5457504908177335, 0.1039095541946301, 0.2943050043718273, 0.05603495061580902], [0.2579857843883241, 0.6290497039969082, 0.03285464732649243, 0.08010986428827523], [0.4091430338503523, 0.2378343265786211, 0.22324854408534736, 0.12977409548567945], [0.8763038125364113, 0.03374777115348929, 0.08661282674171022, 0.003335589568389103], [0.016178407114826446, 0.04664761326011968, 0.2413328440876785, 0.6958411355373753], [0.08946509981558842, 0.0003058121502701927, 0.9071283162077833, 0.0031007718263579846], [0.8312516005299145, 0.14327110194422063, 0.02173170957616978, 0.0037455879496951037], [0.011820926576059147, 0.9880927178115726, 1.0208915129489735e-06, 8.533472085542814e-05], [0.23306808546477614, 0.6155247155267752, 0.04158435701699379, 0.10982284199145469], [0.00567887530256994, 8.369137465340164e-05, 0.9797978437809256, 0.014439589541850947], [0.05190367851365477, 0.017855696720189176, 0.6921350738356289, 0.23810555093052713], [0.02869788448136881, 0.14222249951409902, 0.1392041750069235, 0.6898754409976084], [0.8742826186420743, 0.11267900576212535, 0.011549815997776585, 0.0014885595980237017], [0.02585383132804736, 0.027810771012628265, 0.45591311001479734, 0.49042228764452706], [0.001089576260338466, 0.6764974321505974, 0.0005184478706048345, 0.3218945437184593]], "state_values": [4.978432265751048, 2.2571286837035154, 1.579912083099301, 4.526849475779651, 1.6989800689840047, 1.042817614902643, -1.224788261396903, -1.0281869815773121, 0.7404871615247571, -4.479841098432391, -0.29402023161354596, 3.247021648969961, 2.5403733005141658, -4.280741843901112, -1.7802133794967554, -0.2805676865125961], "value_grad": [-1.5839998722076416, -0.31283998489379883, -0.764279842376709, -1.0771205425262451, 0.17027974128723145, 1.912679672241211, -2.5343997478485107, 0.8276402950286865, -0.8395199775695801, 0.7167603969573975, -1.5206403732299805, -0.5702400207519531, 0.41976022720336914, 1.2553203105926514, 0.3009605407714844, -0.8751602172851562], "action_grad": [[0.0, 0.0, 0.0], [0.0, 0.0, 0.0], [0.0, 0.0, 0.0], [0.0, 0.0, 0.0], [0.0, 0.0, 0.0], [0.0, 0.0, 0.0], [0.0, 0.0, 0.0], [0.0, 0.0, 0.0], [0.0, 0.0, 0.0], [0.0, 0.0, 0.0], [0.0, 0.0, 0.0], [0.0, 0.0, 0.0], [0.0, 0.0, 0.0], [0.0, 0.0, 0.0], [0.0, 0.0, 0.0], [0.0, 0.0, 0.0]], "action_params_change": 0, "value_params_change": 0.4490091669401739}
{"iterations": 1, "type_itr": 0, "sub_iteration": 8, "sub_it_time": 0.13364028930664062, "total_time": 1.304093360900879, "value_loss": 2.3601601123809814, "action_loss": -0.3901059627532959, "action_probs": [[0.059480773204215395, 0.0037226593873963295, 0.8816195874130592, 0.05517697999532916], [0.5457504908177335, 0.1039095541946301, 0.2943050043718273, 0.05603495061580902], [0.2579857843883241, 0.6290497039969082, 0.03285464732649243, 0.08010986428827523], [0.4091430338503523, 0.2378343265786211, 0.22324854408534736, 0.12977409548567945], [0.8763038125364113, 0.03374777115348929, 0.08661282674171022, 0.003335589568389103], [0.016178407114826446, 0.04664761326011968, 0.2413328440876785, 0.6958411355373753], [0.08946509981558842, 0.0003058121502701927, 0.9071283162077833, 0.0031007718263579846], [0.8312516005299145, 0.14327110194422063, 0.02173170957616978, 0.0037455879496951037], [0.011820926576059147, 0.9880927178115726, 1.0208915129489735e-06, 8.533472085542814e-05], [0.23306808546477614, 0.6155247155267752, 0.04158435701699379, 0.10982284199145469], [0.00567887530256994, 8.369137465340164e-05, 0.9797978437809256, 0.014439589541850947], [0.05190367851365477, 0.017855696720189176, 0.6921350738356289, 0.23810555093052713], [0.02869788448136881, 0.14222249951409902, 0.1392041750069235, 0.6898754409976084], [0.8742826186420743, 0.11267900576212535, 0.011549815997776585, 0.0014885595980237017], [0.02585383132804736, 0.027810771012628265, 0.45591311001479734, 0.49042228764452706], [0.001089576260338466, 0.6764974321505974, 0.0005184478706048345, 0.3218945437184593]], "state_values": [4.995319064322588, 1.9044721680118624, 1.8906019702316177, 4.84004168210176, 1.5564886524429822, 1.335863226847209, -1.165071577484157, -0.5936909671138598, 0.021868630938877545, -4.347298627045234, -1.2331979971179556, 2.7232104479386217, 1.9369629231428758, -3.8192387401805017, -1.1150562041011602, -0.5933284765796509], "value_grad": [0.5504395961761475, 0.0, -0.8593201637268066, -0.13067984580993652, 0.023760080337524414, -0.32867956161499023, 0.6256799697875977, 0.0039598941802978516, -0.38412022590637207, 0.4395596981048584, 0.32868027687072754, -0.47520017623901367, -0.9028799533843994, 0.7128000259399414, 0.158400297164917, 1.231560230255127], "action_grad": [[0.0, 0.0, 0.0], [0.0, 0.0, 0.0], [0.0, 0.0, 0.0], [0.0, 0.0, 0.0], [0.0, 0.0, 0.0], [0.0, 0.0, 0.0], [0.0, 0.0, 0.0], [0.0, 0.0, 0.0], [0.0, 0.0, 0.0], [0.0, 0.0, 0.0], [0.0, 0.0, 0.0], [0.0, 0.0, 0.0], [0.0, 0.0, 0.0], [0.0, 0.0, 0.0], [0.0, 0.0, 0.0], [0.0, 0.0, 0.0]], "action_params_change": 0, "value_params_change": 0.3807464118971464}
{"iterations": 1, "type_itr": 0, "sub_iteration": 9, "sub_it_time": 0.1408529281616211, "total_time": 1.4472072124481201, "value_loss": 2.3284802436828613, "action_loss": -0.3901059627532959, "action_probs": [[0.059480773204215395, 0.0037226593873963295, 0.8816195874130592, 0.05517697999532916], [0.5457504908177335, 0.1039095541946301, 0.2943050043718273, 0.05603495061580902], [0.2579857843883241, 0.6290497039969082, 0.03285464732649243, 0.08010986428827523], [0.4091430338503523, 0.2378343265786211, 0.22324854408534736, 0.12977409548567945], [0.8763038125364113, 0.03374777115348929, 0.08661282674171022, 0.003335589568389103], [0.016178407114826446, 0.04664761326011968, 0.2413328440876785, 0.6958411355373753], [0.08946509981558842, 0.0003058121502701927, 0.9071283162077833, 0.0031007718263579846], [0.8312516005299145, 0.14327110194422063, 0.02173170957616978, 0.0037455879496951037], [0.011820926576059147, 0.9880927178115726, 1.0208915129489735e-06, 8.533472085542814e-05], [0.23306808546477614, 0.6155247155267752, 0.04158435701699379, 0.10982284199145469], [0.00567887530256994, 8.369137465340164e-05, 0.9797978437809256, 0.014439589541850947], [0.05190367851365477, 0.017855696720189176, 0.6921350738356289, 0.23810555093052713], [0.02869788448136881, 0.14222249951409902, 0.1392041750069235, 0.6898754409976084], [0.8742826186420743, 0.11267900576212535, 0.011549815997776585, 0.0014885595980237017], [0.02585383132804736, 0.027810771012628265, 0.45591311001479734, 0.49042228764452706], [0.001089576260338466, 0.6764974321505974, 0.0005184478706048345, 0.3218945437184593]], "state_values": [4.996857513870246, 1.5972490245869944, 2.1871579871568017, 4.989582650243665, 1.4987939571585764, 1.5643530709024973, -1.1229844641649729, 0.03332990961178996, -0.5906678979521546, -4.32297581528673, -2.0273118167183974, 2.1452180024739844, 1.1640972864334076, -3.592108174251431, -0.5172377264686449, -0.9719963052516417], "value_grad": [-0.7920000553131104, 0.0910799503326416, -0.15047979354858398, -0.693000316619873, -0.41183996200561523, 0.1821599006652832, 0.07128000259399414, 1.1959199905395508, 0.1821603775024414, -0.68507981300354, 0.06335973739624023, -0.3247201442718506, -2.154240608215332, -1.148400068283081, -0.07523989677429199, 0.6336002349853516], "action_grad": [[0.0, 0.0, 0.0], [0.0, 0.0, 0.0], [0.0, 0.0, 0.0], [0.0, 0.0, 0.0], [0.0, 0.0, 0.0], [0.0, 0.0, 0.0], [0.0, 0.0, 0.0], [0.0, 0.0, 0.0], [0.0, 0.0, 0.0], [0.0, 0.0, 0.0], [0.0, 0.0, 0.0], [0.0, 0.0, 0.0], [0.0, 0.0, 0.0], [0.0, 0.0, 0.0], [0.0, 0.0, 0.0], [0.0, 0.0, 0.0]], "action_params_change": 0, "value_params_change": 0.37813092547688343}
{"iterations": 1, "type_itr": 0, "sub_iteration": 10, "sub_it_time": 0.14257121086120605, "total_time": 1.591578483581543, "value_loss": 2.570040225982666, "action_loss": -0.36873528361320496, "action_probs": [[0.059480773204215395, 0.0037226593873963295, 0.8816195874130592, 0.05517697999532916], [0.5457504908177335, 0.1039095541946301, 0.2943050043718273, 0.05603495061580902], [0.2579857843883241, 0.6290497039969082, 0.03285464732649243, 0.08010986428827523], [0.4091430338503523, 0.2378343265786211, 0.22324854408534736, 0.12977409548567945], [0.8763038125364113, 0.03374777115348929, 0.08661282674171022, 0.003335589568389103], [0.016178407114826446, 0.04664761326011968, 0.2413328440876785, 0.6958411355373753], [0.08946509981558842, 0.0003058121502701927, 0.9071283162077833, 0.0031007718263579846], [0.8312516005299145, 0.14327110194422063, 0.02173170957616978, 0.0037455879496951037], [0.011820926576059147, 0.9880927178115726, 1.0208915129489735e-06, 8.533472085542814e-05], [0.23306808546477614, 0.6155247155267752, 0.04158435701699379, 0.10982284199145469], [0.00567887530256994, 8.369137465340164e-05, 0.9797978437809256, 0.014439589541850947], [0.05190367851365477, 0.017855696720189176, 0.6921350738356289, 0.23810555093052713], [0.02869788448136881, 0.14222249951409902, 0.1392041750069235, 0.6898754409976084], [0.8742826186420743, 0.11267900576212535, 0.011549815997776585, 0.0014885595980237017], [0.02585383132804736, 0.027810771012628265, 0.45591311001479734, 0.49042228764452706], [0.001089576260338466, 0.6764974321505974, 0.0005184478706048345, 0.3218945437184593]], "state_values": [4.999595812908171, 1.5438172078041115, 2.297663347816623, 4.950394129418386, 1.5167951504929365, 1.5864614110827524, -0.9732977150896069, 0.16203696514754745, -0.9255210129608689, -4.379348491271759, -2.620704006655988, 1.678013902249897, 0.47231051959626086, -3.4576744646624813, 0.060222180085661416, -1.339569535342832], "value_grad": [1.0177199840545654, 1.1840400695800781, 0.8355598449707031, -1.4691600799560547, -0.4158003330230713, 1.148400068283081, -0.7207200527191162, -1.7503199577331543, 1.2196800708770752, -0.5860803127288818, 0.609839916229248, 0.32076001167297363, 0.20988011360168457, -0.4474794864654541, 0.190079927444458, 0.20591998100280762], "action_grad": [[0.0, 0.0, 0.0], [0.0, 0.0, 0.0], [0.0, 0.0, 0.0], [0.0, 0.0, 0.0], [0.0, 0.0, 0.0], [0.0, 0.0, 0.0], [0.0, 0.0, 0.0], [0.0, 0.0, 0.0], [0.0, 0.0, 0.0], [0.0, 0.0, 0.0], [0.0, 0.0, 0.0], [0.0, 0.0, 0.0], [0.0, 0.0, 0.0], [0.0, 0.0, 0.0], [0.0, 0.0, 0.0], [0.0, 0.0, 0.0]], "action_params_change": 0, "value_params_change": 0.4110852865230989}
{"iterations": 1, "type_itr": 0, "sub_iteration": 11, "sub_it_time": 0.14333057403564453, "total_time": 1.736917495727539, "value_loss": 3.6313204765319824, "action_loss": -0.3640264570713043, "action_probs": [[0.059480773204215395, 0.0037226593873963295, 0.8816195874130592, 0.05517697999532916], [0.5457504908177335, 0.1039095541946301, 0.2943050043718273, 0.05603495061580902], [0.2579857843883241, 0.6290497039969082, 0.03285464732649243, 0.08010986428827523], [0.4091430338503523, 0.2378343265786211, 0.22324854408534736, 0.12977409548567945], [0.8763038125364113, 0.03374777115348929, 0.08661282674171022, 0.003335589568389103], [0.016178407114826446, 0.04664761326011968, 0.2413328440876785, 0.6958411355373753], [0.08946509981558842, 0.0003058121502701927, 0.9071283162077833, 0.0031007718263579846], [0.8312516005299145, 0.14327110194422063, 0.02173170957616978, 0.0037455879496951037], [0.011820926576059147, 0.9880927178115726, 1.0208915129489735e-06, 8.533472085542814e-05], [0.23306808546477614, 0.6155247155267752, 0.04158435701699379, 0.10982284199145469], [0.00567887530256994, 8.369137465340164e-05, 0.9797978437809256, 0.014439589541850947], [0.05190367851365477, 0.017855696720189176, 0.6921350738356289, 0.23810555093052713], [0.02869788448136881, 0.14222249951409902, 0.1392041750069235, 0.6898754409976084], [0.8742826186420743, 0.11267900576212535, 0.011549815997776585, 0.0014885595980237017], [0.02585383132804736, 0.027810771012628265, 0.45591311001479734, 0.49042228764452706], [0.001089576260338466, 0.6764974321505974, 0.0005184478706048345, 0.3218945437184593]], "state_values": [4.993833253296152, 1.6763576581947435, 2.1776495637815354, 4.766669539521698, 1.5605702822136271, 1.5673643341840129, -0.9397240889601864, 0.18513908543947702, -0.9282420799501779, -4.373967273664788, -3.0639234258090227, 1.569892047872049, -0.05566608108814291, -3.216543569703822, 0.41005383746115276, -1.525586674488987], "value_grad": [-0.15443968772888184, 1.077120304107666, 1.3661999702453613, 0.4712400436401367, -0.1663198471069336, 0.26135993003845215, 0.645479679107666, -0.4791600704193115, 1.9918800592422485, 0.42767977714538574, 0.48708009719848633, 1.267199993133545, 0.7444796562194824, 0.6811199188232422, -0.8355600833892822, -0.8316001892089844], "action_grad": [[0.0, 0.0, 0.0], [0.0, 0.0, 0.0], [0.0, 0.0, 0.0], [0.0, 0.0, 0.0], [0.0, 0.0, 0.0], [0.0, 0.0, 0.0], [0.0, 0.0, 0.0], [0.0, 0.0, 0.0], [0.0, 0.0, 0.0], [0.0, 0.0, 0.0], [0.0, 0.0, 0.0], [0.0, 0.0, 0.0], [0.0, 0.0, 0.0], [0.0, 0.0, 0.0], [0.0, 0.0, 0.0], [0.0, 0.0, 0.0]], "action_params_change": 0, "value_params_change": 0.3314485556424534}
{"iterations": 1, "type_itr": 0, "sub_iteration": 12, "sub_it_time": 0.1377713680267334, "total_time": 1.8764772415161133, "value_loss": 2.411639928817749, "action_loss": -0.333962619304657, "action_probs": [[0.059480773204215395, 0.0037226593873963295, 0.8816195874130592, 0.05517697999532916], [0.5457504908177335, 0.1039095541946301, 0.2943050043718273, 0.05603495061580902], [0.2579857843883241, 0.6290497039969082, 0.03285464732649243, 0.08010986428827523], [0.4091430338503523, 0.2378343265786211, 0.22324854408534736, 0.12977409548567945], [0.8763038125364113, 0.03374777115348929, 0.08661282674171022, 0.003335589568389103], [0.016178407114826446, 0.04664761326011968, 0.2413328440876785, 0.6958411355373753], [0.08946509981558842, 0.0003058121502701927, 0.9071283162077833, 0.0031007718263579846], [0.8312516005299145, 0.14327110194422063, 0.02173170957616978, 0.0037455879496951037], [0.011820926576059147, 0.9880927178115726, 1.0208915129489735e-06, 8.533472085542814e-05], [0.23306808546477614, 0.6155247155267752, 0.04158435701699379, 0.10982284199145469], [0.00567887530256994, 8.369137465340164e-05, 0.9797978437809256, 0.014439589541850947], [0.05190367851365477, 0.017855696720189176, 0.6921350738356289, 0.23810555093052713], [0.02869788448136881, 0.14222249951409902, 0.1392041750069235, 0.6898754409976084], [0.8742826186420743, 0.11267900576212535, 0.011549815997776585, 0.0014885595980237017], [0.02585383132804736, 0.027810771012628265, 0.45591311001479734, 0.49042228764452706], [0.001089576260338466, 0.6764974321505974, 0.0005184478706048345, 0.3218945437184593]], "state_values": [4.9819127436295645, 1.6861149496775871, 1.9199490510726567, 4.5544022290280095, 1.4703962567766582, 1.3296851450531453, -0.7699149872434954, 0.1190376266053491, -0.9961285847573444, -4.218833073059974, -3.4113523194230613, 1.5393547577747728, -0.7088879232139937, -2.842829748561807, 0.62697305066007, -1.75587783234295], "value_grad": [0.05147981643676758, -0.6613199710845947, 0.997920036315918, 0.7563600540161133, 0.7920000553131104, 1.5958802700042725, -0.9305996894836426, -0.45936036109924316, -0.49500012397766113, 1.2869999408721924, 0.23364019393920898, 0.31283998489379883, -1.7463603019714355, 0.8712000846862793, -0.5187602043151855, 0.42767953872680664], "action_grad": [[0.0, 0.0, 0.0], [0.0, 0.0, 0.0], [0.0, 0.0, 0.0], [0.0, 0.0, 0.0], [0.0, 0.0, 0.0], [0.0, 0.0, 0.0], [0.0, 0.0, 0.0], [0.0, 0.0, 0.0], [0.0, 0.0, 0.0], [0.0, 0.0, 0.0], [0.0, 0.0, 0.0], [0.0, 0.0, 0.0], [0.0, 0.0, 0.0], [0.0, 0.0, 0.0], [0.0, 0.0, 0.0], [0.0, 0.0, 0.0]], "action_params_change": 0, "value_params_change": 0.26224692534091076}
{"iterations": 1, "type_itr": 0, "sub_iteration": 13, "sub_it_time": 0.14935946464538574, "total_time": 2.027712345123291, "value_loss": 3.611520290374756, "action_loss": -0.30733975768089294, "action_probs": [[0.059480773204215395, 0.0037226593873963295, 0.8816195874130592, 0.05517697999532916], [0.5457504908177335, 0.1039095541946301, 0.2943050043718273, 0.05603495061580902], [0.2579857843883241, 0.6290497039969082, 0.03285464732649243, 0.08010986428827523], [0.4091430338503523, 0.2378343265786211, 0.22324854408534736, 0.12977409548567945], [0.8763038125364113, 0.03374777115348929, 0.08661282674171022, 0.003335589568389103], [0.016178407114826446, 0.04664761326011968, 0.2413328440876785, 0.6958411355373753], [0.08946509981558842, 0.0003058121502701927, 0.9071283162077833, 0.0031007718263579846], [0.8312516005299145, 0.14327110194422063, 0.02173170957616978, 0.0037455879496951037], [0.011820926576059147, 0.9880927178115726, 1.0208915129489735e-06, 8.533472085542814e-05], [0.23306808546477614, 0.6155247155267752, 0.04158435701699379, 0.10982284199145469], [0.00567887530256994, 8.369137465340164e-05, 0.9797978437809256, 0.014439589541850947], [0.05190367851365477, 0.017855696720189176, 0.6921350738356289, 0.23810555093052713], [0.02869788448136881, 0.14222249951409902, 0.1392041750069235, 0.6898754409976084], [0.8742826186420743, 0.11267900576212535, 0.011549815997776585, 0.0014885595980237017], [0.02585383132804736, 0.027810771012628265, 0.45591311001479734, 0.49042228764452706], [0.001089576260338466, 0.6764974321505974, 0.0005184478706048345, 0.3218945437184593]], "state_values": [4.942566923222955, 1.839690704983791, 1.6559035499709698, 4.414457784951496, 1.3247894776673674, 1.114376093141982, -0.6054758488146842, 0.05780102542458843, -1.1374711035594387, -4.148337511263157, -3.6653421168269364, 1.2790761655250953, -1.23198040803612, -2.372929660332723, 0.6482675689460716, -1.724322375683945], "value_grad": [0.922680139541626, 0.9306004047393799, 0.1663200855255127, 1.1285998821258545, 0.3920400142669678, -0.015839815139770508, -0.06731986999511719, -0.007919788360595703, -0.617760181427002, -0.617760181427002, 0.4078795909881592, -1.188000202178955, 0.4712400436401367, 0.6336002349853516, -0.9622797966003418, -1.5642001628875732], "action_grad": [[0.0, 0.0, 0.0], [0.0, 0.0, 0.0], [0.0, 0.0, 0.0], [0.0, 0.0, 0.0], [0.0, 0.0, 0.0], [0.0, 0.0, 0.0], [0.0, 0.0, 0.0], [0.0, 0.0, 0.0], [0.0, 0.0, 0.0], [0.0, 0.0, 0.0], [0.0, 0.0, 0.0], [0.0, 0.0, 0.0], [0.0, 0.0, 0.0], [0.0, 0.0, 0.0], [0.0, 0.0, 0.0], [0.0, 0.0, 0.0]], "action_params_change": 0, "value_params_change": 0.22053603286213175}
