{"iterations": 0, "type_itr": 0, "sub_iteration": 0, "sub_it_time": 0, "total_time": 0, "value_loss": 0, "action_loss": 0, "action_probs": [[0.0038725953390856198, 0.40560944208222116, 0.005584706777200363, 0.584933255801493], [0.08847748805701343, 0.6176761260841926, 0.036817470837470126, 0.2570289150213237], [0.0635275306467581, 0.006153269563219685, 0.8481659409454558, 0.08215325884456662], [0.17500285533941096, 0.7918907699170168, 0.0059920863668174035, 0.027114288376754808], [0.6715777345004806, 0.32619564849287686, 0.0014986833988646488, 0.00072793360777778], [0.06510359035854694, 0.09662474104676311, 0.33744548556921844, 0.5008261830254717], [0.2854503958089272, 0.4389010573278426, 0.1086268088032783, 0.1670217380599519], [0.0021385266445085754, 0.007734320648817081, 0.2144683529082912, 0.7756587997983833], [0.253428970069736, 0.12314561203328286, 0.419555830588971, 0.20386958730801027], [0.14911850972577478, 0.8256484702558552, 0.003860112640552184, 0.021372907377817756], [0.5581574152233932, 0.021801056103178916, 0.40425186547335695, 0.01578966320007069], [5.406625650589454e-06, 0.22406751600316419, 1.8722240912845044e-05, 0.7759083551302723], [0.003679593116724778, 0.09114950832436844, 0.03512276882498886, 0.870048129733918], [0.09824515208315336, 0.48668751750448386, 0.06971461011035468, 0.34535272030200814], [0.09775341143445922, 0.27846188648639636, 0.16208028478866357, 0.4617044172904809], [0.14943795922922498, 0.000985213182969763, 0.8440124303140158, 0.0055643972737891715]], "state_values": [-0.6034061594206197, 2.327497751576794, 4.078569494839885, -2.806461503762299, 4.174776903548811, -0.0703361731979208, 4.961881743127072, 2.3527111716283327, 3.4692530007254874, 0.4220712696876703, 4.991960006371381, 3.2940555492591543, 3.0725279334389533, 4.877707300052205, 4.996114200252305, 4.298267864398617], "value_grad": [0.0, 0.0, 0.0, 0.0, 0.0, 0.0, 0.0, 0.0, 0.0, 0.0, 0.0, 0.0, 0.0, 0.0, 0.0, 0.0], "action_grad": [[0.0, 0.0, 0.0], [0.0, 0.0, 0.0], [0.0, 0.0, 0.0], [0.0, 0.0, 0.0], [0.0, 0.0, 0.0], [0.0, 0.0, 0.0], [0.0, 0.0, 0.0], [0.0, 0.0, 0.0], [0.0, 0.0, 0.0], [0.0, 0.0, 0.0], [0.0, 0.0, 0.0], [0.0, 0.0, 0.0], [0.0, 0.0, 0.0], [0.0, 0.0, 0.0], [0.0, 0.0, 0.0], [0.0, 0.0, 0.0]], "action_params_change": 0, "value_params_change": 0}
{"iterations": 1, "type_itr": 0, "sub_iteration": 0, "sub_it_time": 0.10230636596679688, "total_time": 0.10360217094421387, "value_loss": 11.880000114440918, "action_loss": -2.173292398452759, "action_probs": [[0.0038725953390856198, 0.40560944208222116, 0.005584706777200363, 0.584933255801493], [0.08847748805701343, 0.6176761260841926, 0.036817470837470126, 0.2570289150213237], [0.0635275306467581, 0.006153269563219685, 0.8481659409454558, 0.08215325884456662], [0.17500285533941096, 0.7918907699170168, 0.0059920863668174035, 0.027114288376754808], [0.6715777345004806, 0.32619564849287686, 0.0014986833988646488, 0.00072793360777778], [0.06510359035854694, 0.09662474104676311, 0.33744548556921844, 0.5008261830254717], [0.2854503958089272, 0.4389010573278426, 0.1086268088032783, 0.1670217380599519], [0.0021385266445085754, 0.007734320648817081, 0.2144683529082912, 0.7756587997983833], [0.253428970069736, 0.12314561203328286, 0.419555830588971, 0.20386958730801027], [0.14911850972577478, 0.8256484702558552, 0.003860112640552184, 0.021372907377817756], [0.5581574152233932, 0.021801056103178916, 0.40425186547335695, 0.01578966320007069], [5.406625650589454e-06, 0.22406751600316419, 1.8722240912845044e-05, 0.7759083551302723], [0.003679593116724778, 0.09114950832436844, 0.03512276882498886, 0.870048129733918], [0.09824515208315336, 0.48668751750448386, 0.06971461011035468, 0.34535272030200814], [0.09775341143445922, 0.27846188648639636, 0.16208028478866357, 0.4617044172904809], [0.14943795922922498, 0.000985213182969763, 0.8440124303140158, 0.0055643972737891715]], "state_values": [0.6433310805366044, 1.1603194424028833, 4.078569494839885, -1.695436011632818, 3.3642393769535435, 1.1687478016511665, 4.655173090789334, 1.1880526779337903, 4.252203758148626, -0.8236544626708668, 4.766649163721279, 4.122271717106887, 2.001110139159469, 4.997987333730997, 4.996114200252305, 4.796610602377385], "value_grad": [-31.68000030517578, 47.52000427246094, 0.0, -35.63999938964844, 23.76000213623047, -7.920001983642578, 23.760000228881836, -7.920000076293945, -3.9600000381469727, 11.880000114440918, 7.920001029968262, -39.599998474121094, -51.480003356933594, 63.36000442504883, 0.0, -3.9600000381469727], "action_grad": [[0.0, 0.0, 0.0], [0.0, 0.0, 0.0], [0.0, 0.0, 0.0], [0.0, 0.0, 0.0], [0.0, 0.0, 0.0], [0.0, 0.0, 0.0], [0.0, 0.0, 0.0], [0.0, 0.0, 0.0], [0.0, 0.0, 0.0], [0.0, 0.0, 0.0], [0.0, 0.0, 0.0], [0.0, 0.0, 0.0], [0.0, 0.0, 0.0], [0.0, 0.0, 0.0], [0.0, 0.0, 0.0], [0.0, 0.0, 0.0]], "action_params_change": 0, "value_params_change": 0.49999999992108585}
{"iterations": 1, "type_itr": 0, "sub_iteration": 1, "sub_it_time": 0.10065722465515137, "total_time": 0.21166205406188965, "value_loss": 35.6400032043457, "action_loss": -2.535507917404175, "action_probs": [[0.0038725953390856198, 0.40560944208222116, 0.005584706777200363, 0.584933255801493], [0.08847748805701343, 0.6176761260841926, 0.036817470837470126, 0.2570289150213237], [0.0635275306467581, 0.006153269563219685, 0.8481659409454558, 0.08215325884456662], [0.17500285533941096, 0.7918907699170168, 0.0059920863668174035, 0.027114288376754808], [0.6715777345004806, 0.32619564849287686, 0.0014986833988646488, 0.00072793360777778], [0.06510359035854694, 0.09662474104676311, 0.33744548556921844, 0.5008261830254717], [0.2854503958089272, 0.4389010573278426, 0.1086268088032783, 0.1670217380599519], [0.0021385266445085754, 0.007734320648817081, 0.2144683529082912, 0.7756587997983833], [0.253428970069736, 0.12314561203328286, 0.419555830588971, 0.20386958730801027], [0.14911850972577478, 0.8256484702558552, 0.003860112640552184, 0.021372907377817756], [0.5581574152233932, 0.021801056103178916, 0.40425186547335695, 0.01578966320007069], [5.406625650589454e-06, 0.22406751600316419, 1.8722240912845044e-05, 0.7759083551302723], [0.003679593116724778, 0.09114950832436844, 0.03512276882498886, 0.870048129733918], [0.09824515208315336, 0.48668751750448386, 0.06971461011035468, 0.34535272030200814], [0.09775341143445922, 0.27846188648639636, 0.16208028478866357, 0.4617044172904809], [0.14943795922922498, 0.000985213182969763, 0.8440124303140158, 0.0055643972737891715]], "state_values": [1.2195274693884666, -0.021252113766614816, 4.543160121629777, -0.4773070584539756, 2.8372979953748354, 1.1046817256695618, 4.44963052966899, -0.05047317684947153, 4.684373399528527, -1.9782737949388904, 4.949045960620426, 4.400800749232352, 1.1421424432956635, 4.937154607960982, 4.873455060352683, 4.980337352337573], "value_grad": [7.920000076293945, 27.720001220703125, -19.80000114440918, -39.60000228881836, -3.9600000381469727, 7.920000076293945, -7.920000076293945, -7.920000076293945, -59.400001525878906, 23.760000228881836, -63.36000061035156, 11.880001068115234, -3.9600000381469727, -11.880000114440918, 27.720001220703125, -55.44000244140625], "action_grad": [[0.0, 0.0, 0.0], [0.0, 0.0, 0.0], [0.0, 0.0, 0.0], [0.0, 0.0, 0.0], [0.0, 0.0, 0.0], [0.0, 0.0, 0.0], [0.0, 0.0, 0.0], [0.0, 0.0, 0.0], [0.0, 0.0, 0.0], [0.0, 0.0, 0.0], [0.0, 0.0, 0.0], [0.0, 0.0, 0.0], [0.0, 0.0, 0.0], [0.0, 0.0, 0.0], [0.0, 0.0, 0.0], [0.0, 0.0, 0.0]], "action_params_change": 0, "value_params_change": 0.5006788959478254}
{"iterations": 1, "type_itr": 0, "sub_iteration": 2, "sub_it_time": 0.1015937328338623, "total_time": 0.319683313369751, "value_loss": 0.0, "action_loss": -1.9921846389770508, "action_probs": [[0.0038725953390856198, 0.40560944208222116, 0.005584706777200363, 0.584933255801493], [0.08847748805701343, 0.6176761260841926, 0.036817470837470126, 0.2570289150213237], [0.0635275306467581, 0.006153269563219685, 0.8481659409454558, 0.08215325884456662], [0.17500285533941096, 0.7918907699170168, 0.0059920863668174035, 0.027114288376754808], [0.6715777345004806, 0.32619564849287686, 0.0014986833988646488, 0.00072793360777778], [0.06510359035854694, 0.09662474104676311, 0.33744548556921844, 0.5008261830254717], [0.2854503958089272, 0.4389010573278426, 0.1086268088032783, 0.1670217380599519], [0.0021385266445085754, 0.007734320648817081, 0.2144683529082912, 0.7756587997983833], [0.253428970069736, 0.12314561203328286, 0.419555830588971, 0.20386958730801027], [0.14911850972577478, 0.8256484702558552, 0.003860112640552184, 0.021372907377817756], [0.5581574152233932, 0.021801056103178916, 0.40425186547335695, 0.01578966320007069], [5.406625650589454e-06, 0.22406751600316419, 1.8722240912845044e-05, 0.7759083551302723], [0.003679593116724778, 0.09114950832436844, 0.03512276882498886, 0.870048129733918], [0.09824515208315336, 0.48668751750448386, 0.06971461011035468, 0.34535272030200814], [0.09775341143445922, 0.27846188648639636, 0.16208028478866357, 0.4617044172904809], [0.14943795922922498, 0.000985213182969763, 0.8440124303140158, 0.0055643972737891715]], "state_values": [2.0339553759584907, -0.9912492865718366, 4.880398238422799, 0.7283649317470365, 2.2857739721317176, 1.6298718824605194, 3.9898454177549425, -0.13182837422848845, 4.85748457105445, -2.9991862297528153, 4.999891230129365, 4.72729516804368, 0.15705962028749693, 4.739526127950233, 4.533681559423701, 4.970488195364646], "value_grad": [-27.720001220703125, 3.9600000381469727, -31.68000030517578, -23.760000228881836, 3.9600000381469727, -11.880000114440918, 31.680002212524414, 11.880000114440918, 11.880000114440918, 39.60000228881836, -3.9600000381469727, -31.68000030517578, -27.720001220703125, 35.63999938964844, 19.80000114440918, -19.80000114440918], "action_grad": [[0.0, 0.0, 0.0], [0.0, 0.0, 0.0], [0.0, 0.0, 0.0], [0.0, 0.0, 0.0], [0.0, 0.0, 0.0], [0.0, 0.0, 0.0], [0.0, 0.0, 0.0], [0.0, 0.0, 0.0], [0.0, 0.0, 0.0], [0.0, 0.0, 0.0], [0.0, 0.0, 0.0], [0.0, 0.0, 0.0], [0.0, 0.0, 0.0], [0.0, 0.0, 0.0], [0.0, 0.0, 0.0], [0.0, 0.0, 0.0]], "action_params_change": 0, "value_params_change": 0.4836003574302188}
{"iterations": 1, "type_itr": 0, "sub_iteration": 3, "sub_it_time": 0.1029198169708252, "total_time": 0.42896270751953125, "value_loss": 31.68000030517578, "action_loss": -3.2599387168884277, "action_probs": [[0.0038725953390856198, 0.40560944208222116, 0.005584706777200363, 0.584933255801493], [0.08847748805701343, 0.6176761260841926, 0.036817470837470126, 0.2570289150213237], [0.0635275306467581, 0.006153269563219685, 0.8481659409454558, 0.08215325884456662], [0.17500285533941096, 0.7918907699170168, 0.0059920863668174035, 0.027114288376754808], [0.6715777345004806, 0.32619564849287686, 0.0014986833988646488, 0.00072793360777778], [0.06510359035854694, 0.09662474104676311, 0.33744548556921844, 0.5008261830254717], [0.2854503958089272, 0.4389010573278426, 0.1086268088032783, 0.1670217380599519], [0.0021385266445085754, 0.007734320648817081, 0.2144683529082912, 0.7756587997983833], [0.253428970069736, 0.12314561203328286, 0.419555830588971, 0.20386958730801027], [0.14911850972577478, 0.8256484702558552, 0.003860112640552184, 0.021372907377817756], [0.5581574152233932, 0.021801056103178916, 0.40425186547335695, 0.01578966320007069], [5.406625650589454e-06, 0.22406751600316419, 1.8722240912845044e-05, 0.7759083551302723], [0.003679593116724778, 0.09114950832436844, 0.03512276882498886, 0.870048129733918], [0.09824515208315336, 0.48668751750448386, 0.06971461011035468, 0.34535272030200814], [0.09775341143445922, 0.27846188648639636, 0.16208028478866357, 0.4617044172904809], [0.14943795922922498, 0.000985213182969763, 0.8440124303140158, 0.0055643972737891715]], "state_values": [2.8570532539281666, -2.0189880096456694, 4.844667968498699, 1.687506472047032, 2.0364447645484773, 2.3859891563869438, 3.5234625258623913, -0.8458812107029946, 4.878384250338931, -3.858495038147835, 4.981379504718004, 4.9469592978950505, -0.2686282231584135, 4.4475394051491755, 3.9965470161788637, 4.8959389746023545], "value_grad": [-19.80000114440918, 51.480003356933594, 59.400001525878906, 0.0, -7.920001029968262, -15.840001106262207, 0.0, -59.400001525878906, 31.68000030517578, 23.760000228881836, 7.920000076293945, -27.720001220703125, 27.720001220703125, 7.920001029968262, 63.36000442504883, 23.76000213623047], "action_grad": [[0.0, 0.0, 0.0], [0.0, 0.0, 0.0], [0.0, 0.0, 0.0], [0.0, 0.0, 0.0], [0.0, 0.0, 0.0], [0.0, 0.0, 0.0], [0.0, 0.0, 0.0], [0.0, 0.0, 0.0], [0.0, 0.0, 0.0], [0.0, 0.0, 0.0], [0.0, 0.0, 0.0], [0.0, 0.0, 0.0], [0.0, 0.0, 0.0], [0.0, 0.0, 0.0], [0.0, 0.0, 0.0], [0.0, 0.0, 0.0]], "action_params_change": 0, "value_params_change": 0.47642120734355675}
{"iterations": 1, "type_itr": 0, "sub_iteration": 4, "sub_it_time": 0.1012887954711914, "total_time": 0.5368897914886475, "value_loss": 23.760000228881836, "action_loss": -0.9055385589599609, "action_probs": [[0.0038725953390856198, 0.40560944208222116, 0.005584706777200363, 0.584933255801493], [0.08847748805701343, 0.6176761260841926, 0.036817470837470126, 0.2570289150213237], [0.0635275306467581, 0.006153269563219685, 0.8481659409454558, 0.08215325884456662], [0.17500285533941096, 0.7918907699170168, 0.0059920863668174035, 0.027114288376754808], [0.6715777345004806, 0.32619564849287686, 0.0014986833988646488, 0.00072793360777778], [0.06510359035854694, 0.09662474104676311, 0.33744548556921844, 0.5008261830254717], [0.2854503958089272, 0.4389010573278426, 0.1086268088032783, 0.1670217380599519], [0.0021385266445085754, 0.007734320648817081, 0.2144683529082912, 0.7756587997983833], [0.253428970069736, 0.12314561203328286, 0.419555830588971, 0.20386958730801027], [0.14911850972577478, 0.8256484702558552, 0.003860112640552184, 0.021372907377817756], [0.5581574152233932, 0.021801056103178916, 0.40425186547335695, 0.01578966320007069], [5.406625650589454e-06, 0.22406751600316419, 1.8722240912845044e-05, 0.7759083551302723], [0.003679593116724778, 0.09114950832436844, 0.03512276882498886, 0.870048129733918], [0.09824515208315336, 0.48668751750448386, 0.06971461011035468, 0.34535272030200814], [0.09775341143445922, 0.27846188648639636, 0.16208028478866357, 0.4617044172904809], [0.14943795922922498, 0.000985213182969763, 0.8440124303140158, 0.0055643972737891715]], "state_values": [3.283460979270745, -2.7528889640220515, 4.85920935519062, 2.2645030034806433, 1.473288555327029, 2.975065014401171, 3.184828455306141, -1.6950537374617698, 4.894772495006985, -4.4956232837523995, 4.951901624786277, 4.993504795195587, -0.5421461212386608, 4.101960070711533, 3.354197550920712, 4.93182472546797], "value_grad": [15.84000015258789, -7.920000076293945, -19.799999237060547, 15.84000015258789, 19.80000114440918, 0.0, -7.920000076293945, -39.60000228881836, 0.0, 19.80000114440918, 11.880000114440918, 23.760000228881836, 7.920000076293945, 3.960000991821289, 7.920000076293945, 63.36000061035156], "action_grad": [[0.0, 0.0, 0.0], [0.0, 0.0, 0.0], [0.0, 0.0, 0.0], [0.0, 0.0, 0.0], [0.0, 0.0, 0.0], [0.0, 0.0, 0.0], [0.0, 0.0, 0.0], [0.0, 0.0, 0.0], [0.0, 0.0, 0.0], [0.0, 0.0, 0.0], [0.0, 0.0, 0.0], [0.0, 0.0, 0.0], [0.0, 0.0, 0.0], [0.0, 0.0, 0.0], [0.0, 0.0, 0.0], [0.0, 0.0, 0.0]], "action_params_change": 0, "value_params_change": 0.47251439847787324}
{"iterations": 1, "type_itr": 0, "sub_iteration": 5, "sub_it_time": 0.10156917572021484, "total_time": 0.6452112197875977, "value_loss": 0.0, "action_loss": -1.0866461992263794, "action_probs": [[0.0038725953390856198, 0.40560944208222116, 0.005584706777200363, 0.584933255801493], [0.08847748805701343, 0.6176761260841926, 0.036817470837470126, 0.2570289150213237], [0.0635275306467581, 0.006153269563219685, 0.8481659409454558, 0.08215325884456662], [0.17500285533941096, 0.7918907699170168, 0.0059920863668174035, 0.027114288376754808], [0.6715777345004806, 0.32619564849287686, 0.0014986833988646488, 0.00072793360777778], [0.06510359035854694, 0.09662474104676311, 0.33744548556921844, 0.5008261830254717], [0.2854503958089272, 0.4389010573278426, 0.1086268088032783, 0.1670217380599519], [0.0021385266445085754, 0.007734320648817081, 0.2144683529082912, 0.7756587997983833], [0.253428970069736, 0.12314561203328286, 0.419555830588971, 0.20386958730801027], [0.14911850972577478, 0.8256484702558552, 0.003860112640552184, 0.021372907377817756], [0.5581574152233932, 0.021801056103178916, 0.40425186547335695, 0.01578966320007069], [5.406625650589454e-06, 0.22406751600316419, 1.8722240912845044e-05, 0.7759083551302723], [0.003679593116724778, 0.09114950832436844, 0.03512276882498886, 0.870048129733918], [0.09824515208315336, 0.48668751750448386, 0.06971461011035468, 0.34535272030200814], [0.09775341143445922, 0.27846188648639636, 0.16208028478866357, 0.4617044172904809], [0.14943795922922498, 0.000985213182969763, 0.8440124303140158, 0.0055643972737891715]], "state_values": [3.3152513009727764, -3.3243753618318546, 4.863044946318658, 2.7334265598412197, 0.7803593875627043, 3.565963660462927, 3.1293344502437743, -2.4687807653442304, 4.892963507714613, -4.833249762288951, 4.93613181487514, 4.982300340489133, -0.3768794180439501, 3.891277738882683, 2.904657792070237, 4.9776343133782985], "value_grad": [31.68000030517578, 0.0, 3.9600000381469727, 0.0, 11.880001068115234, -7.920000076293945, -19.80000114440918, -11.880001068115234, 7.920000076293945, -3.9600000381469727, 11.880000114440918, -35.63999938964844, 43.560001373291016, -23.760000228881836, -23.760000228881836, 27.720001220703125], "action_grad": [[0.0, 0.0, 0.0], [0.0, 0.0, 0.0], [0.0, 0.0, 0.0], [0.0, 0.0, 0.0], [0.0, 0.0, 0.0], [0.0, 0.0, 0.0], [0.0, 0.0, 0.0], [0.0, 0.0, 0.0], [0.0, 0.0, 0.0], [0.0, 0.0, 0.0], [0.0, 0.0, 0.0], [0.0, 0.0, 0.0], [0.0, 0.0, 0.0], [0.0, 0.0, 0.0], [0.0, 0.0, 0.0], [0.0, 0.0, 0.0]], "action_params_change": 0, "value_params_change": 0.3880880560648672}
{"iterations": 1, "type_itr": 0, "sub_iteration": 6, "sub_it_time": 0.10172486305236816, "total_time": 0.7536990642547607, "value_loss": 27.720001220703125, "action_loss": 0.5433230996131897, "action_probs": [[0.0038725953390856198, 0.40560944208222116, 0.005584706777200363, 0.584933255801493], [0.08847748805701343, 0.6176761260841926, 0.036817470837470126, 0.2570289150213237], [0.0635275306467581, 0.006153269563219685, 0.8481659409454558, 0.08215325884456662], [0.17500285533941096, 0.7918907699170168, 0.0059920863668174035, 0.027114288376754808], [0.6715777345004806, 0.32619564849287686, 0.0014986833988646488, 0.00072793360777778], [0.06510359035854694, 0.09662474104676311, 0.33744548556921844, 0.5008261830254717], [0.2854503958089272, 0.4389010573278426, 0.1086268088032783, 0.1670217380599519], [0.0021385266445085754, 0.007734320648817081, 0.2144683529082912, 0.7756587997983833], [0.253428970069736, 0.12314561203328286, 0.419555830588971, 0.20386958730801027], [0.14911850972577478, 0.8256484702558552, 0.003860112640552184, 0.021372907377817756], [0.5581574152233932, 0.021801056103178916, 0.40425186547335695, 0.01578966320007069], [5.406625650589454e-06, 0.22406751600316419, 1.8722240912845044e-05, 0.7759083551302723], [0.003679593116724778, 0.09114950832436844, 0.03512276882498886, 0.870048129733918], [0.09824515208315336, 0.48668751750448386, 0.06971461011035468, 0.34535272030200814], [0.09775341143445922, 0.27846188648639636, 0.16208028478866357, 0.4617044172904809], [0.14943795922922498, 0.000985213182969763, 0.8440124303140158, 0.0055643972737891715]], "state_values": [3.4623216453330485, -3.7449372325532866, 4.82544632396537, 3.1484182060525385, 0.7514513304807985, 4.106469345061435, 3.278910250884092, -3.112294358109233, 4.9350214356173066, -4.9646410095223645, 4.920547076227364, 4.835703397461022, -0.2642994574526189, 3.6700298068604886, 2.9387448659931197, 4.9673726225157555], "value_grad": [-15.84000015258789, -3.9600000381469727, 19.800003051757812, -3.9599990844726562, -31.68000030517578, -7.920000076293945, -19.80000114440918, -3.9600000381469727, -27.720001220703125, -11.880000114440918, 0.0, -71.27999877929688, -3.9600000381469727, 3.960000991821289, -67.31999969482422, -63.36000061035156], "action_grad": [[0.0, 0.0, 0.0], [0.0, 0.0, 0.0], [0.0, 0.0, 0.0], [0.0, 0.0, 0.0], [0.0, 0.0, 0.0], [0.0, 0.0, 0.0], [0.0, 0.0, 0.0], [0.0, 0.0, 0.0], [0.0, 0.0, 0.0], [0.0, 0.0, 0.0], [0.0, 0.0, 0.0], [0.0, 0.0, 0.0], [0.0, 0.0, 0.0], [0.0, 0.0, 0.0], [0.0, 0.0, 0.0], [0.0, 0.0, 0.0]], "action_params_change": 0, "value_params_change": 0.3457938420815494}
{"iterations": 1, "type_itr": 0, "sub_iteration": 7, "sub_it_time": 0.10215568542480469, "total_time": 0.8623049259185791, "value_loss": 27.720001220703125, "action_loss": -1.9921846389770508, "action_probs": [[0.0038725953390856198, 0.40560944208222116, 0.005584706777200363, 0.584933255801493], [0.08847748805701343, 0.6176761260841926, 0.036817470837470126, 0.2570289150213237], [0.0635275306467581, 0.006153269563219685, 0.8481659409454558, 0.08215325884456662], [0.17500285533941096, 0.7918907699170168, 0.0059920863668174035, 0.027114288376754808], [0.6715777345004806, 0.32619564849287686, 0.0014986833988646488, 0.00072793360777778], [0.06510359035854694, 0.09662474104676311, 0.33744548556921844, 0.5008261830254717], [0.2854503958089272, 0.4389010573278426, 0.1086268088032783, 0.1670217380599519], [0.0021385266445085754, 0.007734320648817081, 0.2144683529082912, 0.7756587997983833], [0.253428970069736, 0.12314561203328286, 0.419555830588971, 0.20386958730801027], [0.14911850972577478, 0.8256484702558552, 0.003860112640552184, 0.021372907377817756], [0.5581574152233932, 0.021801056103178916, 0.40425186547335695, 0.01578966320007069], [5.406625650589454e-06, 0.22406751600316419, 1.8722240912845044e-05, 0.7759083551302723], [0.003679593116724778, 0.09114950832436844, 0.03512276882498886, 0.870048129733918], [0.09824515208315336, 0.48668751750448386, 0.06971461011035468, 0.34535272030200814], [0.09775341143445922, 0.27846188648639636, 0.16208028478866357, 0.4617044172904809], [0.14943795922922498, 0.000985213182969763, 0.8440124303140158, 0.0055643972737891715]], "state_values": [3.641530067233835, -4.1512156077733815, 4.872510754066779, 3.3938946132984196, 0.9232914429577864, 4.272699773788965, 3.0629385856015823, -3.617788122863579, 4.9503369345531665, -4.970393659700156, 4.890799271130847, 4.596395942188436, -0.16493999107557503, 3.4839661977910588, 3.0626948401307783, 4.956730179500044], "value_grad": [-7.920001983642578, 19.80000114440918, -43.560001373291016, 11.880001068115234, -15.840001106262207, 15.84000015258789, 43.560001373291016, 0.0, 11.880000114440918, -51.480003356933594, -7.920000076293945, 3.9599990844726562, 0.0, -3.9599990844726562, -19.799999237060547, 0.0], "action_grad": [[0.0, 0.0, 0.0], [0.0, 0.0, 0.0], [0.0, 0.0, 0.0], [0.0, 0.0, 0.0], [0.0, 0.0, 0.0], [0.0, 0.0, 0.0], [0.0, 0.0, 0.0], [0.0, 0.0, 0.0], [0.0, 0.0, 0.0], [0.0, 0.0, 0.0], [0.0, 0.0, 0.0], [0.0, 0.0, 0.0], [0.0, 0.0, 0.0], [0.0, 0.0, 0.0], [0.0, 0.0, 0.0], [0.0, 0.0, 0.0]], "action_params_change": 0, "value_params_change": 0.29497477742091316}
{"iterations": 1, "type_itr": 0, "sub_iteration": 8, "sub_it_time": 0.10247969627380371, "total_time": 0.9719557762145996, "value_loss": 15.84000015258789, "action_loss": -1.2677539587020874, "action_probs": [[0.0038725953390856198, 0.40560944208222116, 0.005584706777200363, 0.584933255801493], [0.08847748805701343, 0.6176761260841926, 0.036817470837470126, 0.2570289150213237], [0.0635275306467581, 0.006153269563219685, 0.8481659409454558, 0.08215325884456662], [0.17500285533941096, 0.7918907699170168, 0.0059920863668174035, 0.027114288376754808], [0.6715777345004806, 0.32619564849287686, 0.0014986833988646488, 0.00072793360777778], [0.06510359035854694, 0.09662474104676311, 0.33744548556921844, 0.5008261830254717], [0.2854503958089272, 0.4389010573278426, 0.1086268088032783, 0.1670217380599519], [0.0021385266445085754, 0.007734320648817081, 0.2144683529082912, 0.7756587997983833], [0.253428970069736, 0.12314561203328286, 0.419555830588971, 0.20386958730801027], [0.14911850972577478, 0.8256484702558552, 0.003860112640552184, 0.021372907377817756], [0.5581574152233932, 0.021801056103178916, 0.40425186547335695, 0.01578966320007069], [5.406625650589454e-06, 0.22406751600316419, 1.8722240912845044e-05, 0.7759083551302723], [0.003679593116724778, 0.09114950832436844, 0.03512276882498886, 0.870048129733918], [0.09824515208315336, 0.48668751750448386, 0.06971461011035468, 0.34535272030200814], [0.09775341143445922, 0.27846188648639636, 0.16208028478866357, 0.4617044172904809], [0.14943795922922498, 0.000985213182969763, 0.8440124303140158, 0.0055643972737891715]], "state_values": [3.740130152293503, -4.354513399708832, 4.897183705144012, 3.6519351870253707, 1.1673140001427993, 4.367290793005344, 2.777086484622242, -4.112264174288421, 4.972920658996051, -4.968475461216588, 4.868885611162452, 4.416889715791766, -0.04596526393874658, 3.333916398852979, 3.302098444624574, 4.9521315355543365], "value_grad": [7.920001029968262, -23.760000228881836, 7.920000076293945, -7.920001983642578, -7.920000076293945, 3.9600000381469727, 11.880002975463867, -27.720003128051758, -11.880000114440918, -7.920001029968262, 3.9600000381469727, 35.63999938964844, 3.9600000381469727, -3.9599990844726562, -31.68000030517578, 7.920001983642578], "action_grad": [[0.0, 0.0, 0.0], [0.0, 0.0, 0.0], [0.0, 0.0, 0.0], [0.0, 0.0, 0.0], [0.0, 0.0, 0.0], [0.0, 0.0, 0.0], [0.0, 0.0, 0.0], [0.0, 0.0, 0.0], [0.0, 0.0, 0.0], [0.0, 0.0, 0.0], [0.0, 0.0, 0.0], [0.0, 0.0, 0.0], [0.0, 0.0, 0.0], [0.0, 0.0, 0.0], [0.0, 0.0, 0.0], [0.0, 0.0, 0.0]], "action_params_change": 0, "value_params_change": 0.3135344374030362}
{"iterations": 1, "type_itr": 0, "sub_iteration": 9, "sub_it_time": 0.10040974617004395, "total_time": 1.0791723728179932, "value_loss": 7.920000076293945, "action_loss": -1.4488615989685059, "action_probs": [[0.0038725953390856198, 0.40560944208222116, 0.005584706777200363, 0.584933255801493], [0.08847748805701343, 0.6176761260841926, 0.036817470837470126, 0.2570289150213237], [0.0635275306467581, 0.006153269563219685, 0.8481659409454558, 0.08215325884456662], [0.17500285533941096, 0.7918907699170168, 0.0059920863668174035, 0.027114288376754808], [0.6715777345004806, 0.32619564849287686, 0.0014986833988646488, 0.00072793360777778], [0.06510359035854694, 0.09662474104676311, 0.33744548556921844, 0.5008261830254717], [0.2854503958089272, 0.4389010573278426, 0.1086268088032783, 0.1670217380599519], [0.0021385266445085754, 0.007734320648817081, 0.2144683529082912, 0.7756587997983833], [0.253428970069736, 0.12314561203328286, 0.419555830588971, 0.20386958730801027], [0.14911850972577478, 0.8256484702558552, 0.003860112640552184, 0.021372907377817756], [0.5581574152233932, 0.021801056103178916, 0.40425186547335695, 0.01578966320007069], [5.406625650589454e-06, 0.22406751600316419, 1.8722240912845044e-05, 0.7759083551302723], [0.003679593116724778, 0.09114950832436844, 0.03512276882498886, 0.870048129733918], [0.09824515208315336, 0.48668751750448386, 0.06971461011035468, 0.34535272030200814], [0.09775341143445922, 0.27846188648639636, 0.16208028478866357, 0.4617044172904809], [0.14943795922922498, 0.000985213182969763, 0.8440124303140158, 0.0055643972737891715]], "state_values": [3.7243759293142826, -4.4877830098143505, 4.946187923921078, 3.6854783952915584, 1.0708729787089126, 4.220462593840738, 2.7276063674434945, -4.5597463523377275, 4.979639802461818, -4.986061703445864, 4.7955524031903645, 4.230822184533674, 0.32152522389189153, 3.2898960969753106, 3.3897860357570413, 4.94783225395963], "value_grad": [15.840001106262207, -7.920000076293945, -27.720003128051758, 27.720001220703125, 27.720001220703125, 27.720001220703125, -27.720001220703125, -47.52000045776367, 11.879999160766602, 27.719999313354492, -23.76000213623047, 0.0, 39.60000228881836, -15.840001106262207, 27.720001220703125, 0.0], "action_grad": [[0.0, 0.0, 0.0], [0.0, 0.0, 0.0], [0.0, 0.0, 0.0], [0.0, 0.0, 0.0], [0.0, 0.0, 0.0], [0.0, 0.0, 0.0], [0.0, 0.0, 0.0], [0.0, 0.0, 0.0], [0.0, 0.0, 0.0], [0.0, 0.0, 0.0], [0.0, 0.0, 0.0], [0.0, 0.0, 0.0], [0.0, 0.0, 0.0], [0.0, 0.0, 0.0], [0.0, 0.0, 0.0], [0.0, 0.0, 0.0]], "action_params_change": 0, "value_params_change": 0.3646006952081491}
{"iterations": 1, "type_itr": 0, "sub_iteration": 10, "sub_it_time": 0.10584068298339844, "total_time": 1.193082571029663, "value_loss": 15.84000015258789, "action_loss": -0.9055385589599609, "action_probs": [[0.0038725953390856198, 0.40560944208222116, 0.005584706777200363, 0.584933255801493], [0.08847748805701343, 0.6176761260841926, 0.036817470837470126, 0.2570289150213237], [0.0635275306467581, 0.006153269563219685, 0.8481659409454558, 0.08215325884456662], [0.17500285533941096, 0.7918907699170168, 0.0059920863668174035, 0.027114288376754808], [0.6715777345004806, 0.32619564849287686, 0.0014986833988646488, 0.00072793360777778], [0.06510359035854694, 0.09662474104676311, 0.33744548556921844, 0.5008261830254717], [0.2854503958089272, 0.4389010573278426, 0.1086268088032783, 0.1670217380599519], [0.0021385266445085754, 0.007734320648817081, 0.2144683529082912, 0.7756587997983833], [0.253428970069736, 0.12314561203328286, 0.419555830588971, 0.20386958730801027], [0.14911850972577478, 0.8256484702558552, 0.003860112640552184, 0.021372907377817756], [0.5581574152233932, 0.021801056103178916, 0.40425186547335695, 0.01578966320007069], [5.406625650589454e-06, 0.22406751600316419, 1.8722240912845044e-05, 0.7759083551302723], [0.003679593116724778, 0.09114950832436844, 0.03512276882498886, 0.870048129733918], [0.09824515208315336, 0.48668751750448386, 0.06971461011035468, 0.34535272030200814], [0.09775341143445922, 0.27846188648639636, 0.16208028478866357, 0.4617044172904809], [0.14943795922922498, 0.000985213182969763, 0.8440124303140158, 0.0055643972737891715]], "state_values": [3.7101862252154976, -4.521831281321129, 4.96543807460873, 3.469482989257657, 0.6414823664215018, 4.077054216572305, 2.6277679225607296, -4.8693391479442605, 4.984850152213138, -4.997811644324491, 4.683669745983798, 4.123543566928601, 0.8801486149148912, 3.098967595300508, 3.5545327889448846, 4.967766200924218], "value_grad": [0.0, -23.76000213623047, 15.84000015258789, 47.52000427246094, 43.560001373291016, 0.0, 7.920000076293945, -31.68000030517578, 0.0, 7.920000076293945, -11.880000114440918, 23.760000228881836, 43.560001373291016, 27.720001220703125, -23.76000213623047, 35.63999938964844], "action_grad": [[0.0, 0.0, 0.0], [0.0, 0.0, 0.0], [0.0, 0.0, 0.0], [0.0, 0.0, 0.0], [0.0, 0.0, 0.0], [0.0, 0.0, 0.0], [0.0, 0.0, 0.0], [0.0, 0.0, 0.0], [0.0, 0.0, 0.0], [0.0, 0.0, 0.0], [0.0, 0.0, 0.0], [0.0, 0.0, 0.0], [0.0, 0.0, 0.0], [0.0, 0.0, 0.0], [0.0, 0.0, 0.0], [0.0, 0.0, 0.0]], "action_params_change": 0, "value_params_change": 0.38734301339357824}
{"iterations": 1, "type_itr": 0, "sub_iteration": 11, "sub_it_time": 0.10132694244384766, "total_time": 1.295926809310913, "value_loss": -3.9600000381469727, "action_loss": -1.8110771179199219, "action_probs": [[0.0038725953390856198, 0.40560944208222116, 0.005584706777200363, 0.584933255801493], [0.08847748805701343, 0.6176761260841926, 0.036817470837470126, 0.2570289150213237], [0.0635275306467581, 0.006153269563219685, 0.8481659409454558, 0.08215325884456662], [0.17500285533941096, 0.7918907699170168, 0.0059920863668174035, 0.027114288376754808], [0.6715777345004806, 0.32619564849287686, 0.0014986833988646488, 0.00072793360777778], [0.06510359035854694, 0.09662474104676311, 0.33744548556921844, 0.5008261830254717], [0.2854503958089272, 0.4389010573278426, 0.1086268088032783, 0.1670217380599519], [0.0021385266445085754, 0.007734320648817081, 0.2144683529082912, 0.7756587997983833], [0.253428970069736, 0.12314561203328286, 0.419555830588971, 0.20386958730801027], [0.14911850972577478, 0.8256484702558552, 0.003860112640552184, 0.021372907377817756], [0.5581574152233932, 0.021801056103178916, 0.40425186547335695, 0.01578966320007069], [5.406625650589454e-06, 0.22406751600316419, 1.8722240912845044e-05, 0.7759083551302723], [0.003679593116724778, 0.09114950832436844, 0.03512276882498886, 0.870048129733918], [0.09824515208315336, 0.48668751750448386, 0.06971461011035468, 0.34535272030200814], [0.09775341143445922, 0.27846188648639636, 0.16208028478866357, 0.4617044172904809], [0.14943795922922498, 0.000985213182969763, 0.8440124303140158, 0.0055643972737891715]], "state_values": [3.495407506229667, -4.640472283922808, 4.953692992927696, 3.200872207431761, 0.06080980809570887, 4.218083712531522, 2.481075238690725, -4.983025190710042, 4.9975006116779745, -4.991348497977667, 4.427481546138936, 3.8942233056752795, 1.3248385273171726, 2.990421009558427, 3.7372987558112896, 4.9848708518240965], "value_grad": [35.6400032043457, 35.6400032043457, 35.6400032043457, 11.880000114440918, 27.720003128051758, -39.60000228881836, 7.920000076293945, 19.799999237060547, -23.760000228881836, 39.599998474121094, -59.400001525878906, -43.560001373291016, -7.920000076293945, -11.880001068115234, -11.880000114440918, 7.920001029968262], "action_grad": [[0.0, 0.0, 0.0], [0.0, 0.0, 0.0], [0.0, 0.0, 0.0], [0.0, 0.0, 0.0], [0.0, 0.0, 0.0], [0.0, 0.0, 0.0], [0.0, 0.0, 0.0], [0.0, 0.0, 0.0], [0.0, 0.0, 0.0], [0.0, 0.0, 0.0], [0.0, 0.0, 0.0], [0.0, 0.0, 0.0], [0.0, 0.0, 0.0], [0.0, 0.0, 0.0], [0.0, 0.0, 0.0], [0.0, 0.0, 0.0]], "action_params_change": 0, "value_params_change": 0.293380861419557}
{"iterations": 1, "type_itr": 0, "sub_iteration": 12, "sub_it_time": 0.10303282737731934, "total_time": 1.4057738780975342, "value_loss": 11.880000114440918, "action_loss": -0.18110769987106323, "action_probs": [[0.0038725953390856198, 0.40560944208222116, 0.005584706777200363, 0.584933255801493], [0.08847748805701343, 0.6176761260841926, 0.036817470837470126, 0.2570289150213237], [0.0635275306467581, 0.006153269563219685, 0.8481659409454558, 0.08215325884456662], [0.17500285533941096, 0.7918907699170168, 0.0059920863668174035, 0.027114288376754808], [0.6715777345004806, 0.32619564849287686, 0.0014986833988646488, 0.00072793360777778], [0.06510359035854694, 0.09662474104676311, 0.33744548556921844, 0.5008261830254717], [0.2854503958089272, 0.4389010573278426, 0.1086268088032783, 0.1670217380599519], [0.0021385266445085754, 0.007734320648817081, 0.2144683529082912, 0.7756587997983833], [0.253428970069736, 0.12314561203328286, 0.419555830588971, 0.20386958730801027], [0.14911850972577478, 0.8256484702558552, 0.003860112640552184, 0.021372907377817756], [0.5581574152233932, 0.021801056103178916, 0.40425186547335695, 0.01578966320007069], [5.406625650589454e-06, 0.22406751600316419, 1.8722240912845044e-05, 0.7759083551302723], [0.003679593116724778, 0.09114950832436844, 0.03512276882498886, 0.870048129733918], [0.09824515208315336, 0.48668751750448386, 0.06971461011035468, 0.34535272030200814], [0.09775341143445922, 0.27846188648639636, 0.16208028478866357, 0.4617044172904809], [0.14943795922922498, 0.000985213182969763, 0.8440124303140158, 0.0055643972737891715]], "state_values": [3.219625826104339, -4.733422835626089, 4.986216190193187, 2.758327842535924, -0.6796871359230874, 4.27084570135553, 2.5888577986691357, -4.998958885588729, 4.989239970370166, -4.952087470612455, 4.083694068006777, 3.6028528151098564, 1.4062094936388245, 2.9593277424457063, 3.866345861848086, 4.999986007705419], "value_grad": [11.880000114440918, 0.0, -79.20000457763672, 39.60000228881836, 39.60000228881836, 11.879999160766602, -35.63999938964844, 51.480003356933594, -47.52000045776367, 0.0, -15.84000015258789, -19.799999237060547, -51.480003356933594, -11.880000114440918, 7.920000076293945, 55.44000244140625], "action_grad": [[0.0, 0.0, 0.0], [0.0, 0.0, 0.0], [0.0, 0.0, 0.0], [0.0, 0.0, 0.0], [0.0, 0.0, 0.0], [0.0, 0.0, 0.0], [0.0, 0.0, 0.0], [0.0, 0.0, 0.0], [0.0, 0.0, 0.0], [0.0, 0.0, 0.0], [0.0, 0.0, 0.0], [0.0, 0.0, 0.0], [0.0, 0.0, 0.0], [0.0, 0.0, 0.0], [0.0, 0.0, 0.0], [0.0, 0.0, 0.0]], "action_params_change": 0, "value_params_change": 0.29704374620972374}
{"iterations": 1, "type_itr": 0, "sub_iteration": 13, "sub_it_time": 0.10500359535217285, "total_time": 1.5176701545715332, "value_loss": 35.6400032043457, "action_loss": -1.2677539587020874, "action_probs": [[0.0038725953390856198, 0.40560944208222116, 0.005584706777200363, 0.584933255801493], [0.08847748805701343, 0.6176761260841926, 0.036817470837470126, 0.2570289150213237], [0.0635275306467581, 0.006153269563219685, 0.8481659409454558, 0.08215325884456662], [0.17500285533941096, 0.7918907699170168, 0.0059920863668174035, 0.027114288376754808], [0.6715777345004806, 0.32619564849287686, 0.0014986833988646488, 0.00072793360777778], [0.06510359035854694, 0.09662474104676311, 0.33744548556921844, 0.5008261830254717], [0.2854503958089272, 0.4389010573278426, 0.1086268088032783, 0.1670217380599519], [0.0021385266445085754, 0.007734320648817081, 0.2144683529082912, 0.7756587997983833], [0.253428970069736, 0.12314561203328286, 0.419555830588971, 0.20386958730801027], [0.14911850972577478, 0.8256484702558552, 0.003860112640552184, 0.021372907377817756], [0.5581574152233932, 0.021801056103178916, 0.40425186547335695, 0.01578966320007069], [5.406625650589454e-06, 0.22406751600316419, 1.8722240912845044e-05, 0.7759083551302723], [0.003679593116724778, 0.09114950832436844, 0.03512276882498886, 0.870048129733918], [0.09824515208315336, 0.48668751750448386, 0.06971461011035468, 0.34535272030200814], [0.09775341143445922, 0.27846188648639636, 0.16208028478866357, 0.4617044172904809], [0.14943795922922498, 0.000985213182969763, 0.8440124303140158, 0.0055643972737891715]], "state_values": [3.0620664997314955, -4.728330257332645, 4.998778027770377, 2.209460264824771, -1.0948636258693052, 4.2748380572392675, 2.3437049455692653, -4.997549591935598, 4.96982572686844, -4.900418724506614, 3.9904152803701876, 3.469162724273272, 1.5600930277864054, 2.9760990783560866, 3.801313795741858, 4.987361298612356], "value_grad": [-15.84000015258789, -39.60000228881836, 3.9599990844726562, 23.760000228881836, -31.68000030517578, 7.920000076293945, 63.36000442504883, 3.9600000381469727, 31.68000030517578, -7.920000076293945, 63.36000061035156, 39.599998474121094, 15.840002059936523, -7.9199981689453125, 55.44000244140625, -3.9600000381469727], "action_grad": [[0.0, 0.0, 0.0], [0.0, 0.0, 0.0], [0.0, 0.0, 0.0], [0.0, 0.0, 0.0], [0.0, 0.0, 0.0], [0.0, 0.0, 0.0], [0.0, 0.0, 0.0], [0.0, 0.0, 0.0], [0.0, 0.0, 0.0], [0.0, 0.0, 0.0], [0.0, 0.0, 0.0], [0.0, 0.0, 0.0], [0.0, 0.0, 0.0], [0.0, 0.0, 0.0], [0.0, 0.0, 0.0], [0.0, 0.0, 0.0]], "action_params_change": 0, "value_params_change": 0.2533062359685294}
