{"iterations": 0, "type_itr": 0, "sub_iteration": 0, "sub_it_time": 0, "total_time": 0, "value_loss": 0, "action_loss": 0, "action_probs": [[0.20450007293165834, 0.5942460755507616, 0.05152629204074103, 0.14972755947683905], [0.1331157810403337, 0.715147667192019, 0.023811623196788628, 0.1279249285708587], [0.24944337456251078, 0.6550946384810351, 0.026325438870985207, 0.06913654808546885], [0.009542357108546153, 0.9451614539616502, 0.00045273979784352255, 0.0448434491319601], [0.8218641551889216, 0.012935199427893227, 0.1626408646624283, 0.0025597807207565883], [0.6020462663599276, 0.005054214903089999, 0.38962856332794343, 0.0032709554090388296], [0.07601531743136615, 0.015464325337493739, 0.7549380524176265, 0.15358230481351368], [0.16189832570902163, 0.05164785868558292, 0.5962436479722095, 0.19021016763318585], [0.1224539193087155, 0.37465849905368565, 0.12387651780268469, 0.3790110638349143], [0.058341317391018124, 0.0005771259769281736, 0.9318633461415192, 0.009218210490534414], [0.04281337493556944, 0.6756874632582194, 0.01677371621271135, 0.2647254455934998], [0.8195896502889727, 0.10412163026844999, 0.06768938109233, 0.008599338350247373], [0.03505861170619453, 0.1051430409678392, 0.21499986504874902, 0.6447984822772174], [0.01932712902508027, 0.04339349564125946, 0.28881918054846833, 0.648460194785192], [0.1763796182563522, 0.7417189578004789, 0.015734412694322245, 0.06616701124884658], [0.0023417498754092843, 0.018124322644612435, 0.1120793181198486, 0.8674546093601296]], "state_values": [-3.6961552834644853, 4.6880891506017806, 4.885284995817354, 1.711813825218247, 3.28079685707531, 4.999680811814149, 3.086325492842352, -1.2917753303580686, 4.678929972391621, -3.1950331667587357, 3.2007283810708866, 4.989155024514645, 3.417606052032434, 1.4622377562672977, 4.430548743396593, -1.1597910756232954], "value_grad": [0.0, 0.0, 0.0, 0.0, 0.0, 0.0, 0.0, 0.0, 0.0, 0.0, 0.0, 0.0, 0.0, 0.0, 0.0, 0.0], "action_grad": [[0.0, 0.0, 0.0], [0.0, 0.0, 0.0], [0.0, 0.0, 0.0], [0.0, 0.0, 0.0], [0.0, 0.0, 0.0], [0.0, 0.0, 0.0], [0.0, 0.0, 0.0], [0.0, 0.0, 0.0], [0.0, 0.0, 0.0], [0.0, 0.0, 0.0], [0.0, 0.0, 0.0], [0.0, 0.0, 0.0], [0.0, 0.0, 0.0], [0.0, 0.0, 0.0], [0.0, 0.0, 0.0], [0.0, 0.0, 0.0]], "action_params_change": 0, "value_params_change": 0}
{"iterations": 1, "type_itr": 0, "sub_iteration": 0, "sub_it_time": 3.9442129135131836, "total_time": 3.945932388305664, "value_loss": 7.192978563327551, "action_loss": -1.2410435163845563, "action_probs": [[0.20450007293165834, 0.5942460755507616, 0.05152629204074103, 0.14972755947683905], [0.1331157810403337, 0.715147667192019, 0.023811623196788628, 0.1279249285708587], [0.24944337456251078, 0.6550946384810351, 0.026325438870985207, 0.06913654808546885], [0.009542357108546153, 0.9451614539616502, 0.00045273979784352255, 0.0448434491319601], [0.8218641551889216, 0.012935199427893227, 0.1626408646624283, 0.0025597807207565883], [0.6020462663599276, 0.005054214903089999, 0.38962856332794343, 0.0032709554090388296], [0.07601531743136615, 0.015464325337493739, 0.7549380524176265, 0.15358230481351368], [0.16189832570902163, 0.05164785868558292, 0.5962436479722095, 0.19021016763318585], [0.1224539193087155, 0.37465849905368565, 0.12387651780268469, 0.3790110638349143], [0.058341317391018124, 0.0005771259769281736, 0.9318633461415192, 0.009218210490534414], [0.04281337493556944, 0.6756874632582194, 0.01677371621271135, 0.2647254455934998], [0.8195896502889727, 0.10412163026844999, 0.06768938109233, 0.008599338350247373], [0.03505861170619453, 0.1051430409678392, 0.21499986504874902, 0.6447984822772174], [0.01932712902508027, 0.04339349564125946, 0.28881918054846833, 0.648460194785192], [0.1763796182563522, 0.7417189578004789, 0.015734412694322245, 0.06616701124884658], [0.0023417498754092843, 0.018124322644612435, 0.1120793181198486, 0.8674546093601296]], "state_values": [-2.7481775188145563, 4.112276046162265, 4.469955379570134, 2.820861674044977, 2.245322072980774, 4.830275718786538, 3.9636108262932437, -0.056594317470981266, 4.097339127163421, -4.0472244640409665, 2.1508806606568567, 4.752624317806672, 2.4084228688792964, 2.5997194999274424, 3.7194853909019523, 0.0795450157878819], "value_grad": [-0.15176172403531574, -0.41735774772952094, 0.13279498268883394, -0.3414553496429402, -0.5311658876529544, 0.01897110205879482, -0.0948499043573321, -0.07587897553808798, 0.4742709572734016, 205.23091939452172, -0.5501351164846406, 0.018970646568298832, -0.01897004838270977, -0.20866679990967896, 0.6639769040495089, 0.8536393477811561], "action_grad": [[0.0, 0.0, 0.0], [0.0, 0.0, 0.0], [0.0, 0.0, 0.0], [0.0, 0.0, 0.0], [0.0, 0.0, 0.0], [0.0, 0.0, 0.0], [0.0, 0.0, 0.0], [0.0, 0.0, 0.0], [0.0, 0.0, 0.0], [0.0, 0.0, 0.0], [0.0, 0.0, 0.0], [0.0, 0.0, 0.0], [0.0, 0.0, 0.0], [0.0, 0.0, 0.0], [0.0, 0.0, 0.0], [0.0, 0.0, 0.0]], "action_params_change": 0, "value_params_change": 0.49999999997563727}
{"iterations": 1, "type_itr": 0, "sub_iteration": 1, "sub_it_time": 4.385606050491333, "total_time": 8.333283185958862, "value_loss": 5.751043758731208, "action_loss": -1.2754335925286615, "action_probs": [[0.20450007293165834, 0.5942460755507616, 0.05152629204074103, 0.14972755947683905], [0.1331157810403337, 0.715147667192019, 0.023811623196788628, 0.1279249285708587], [0.24944337456251078, 0.6550946384810351, 0.026325438870985207, 0.06913654808546885], [0.009542357108546153, 0.9451614539616502, 0.00045273979784352255, 0.0448434491319601], [0.8218641551889216, 0.012935199427893227, 0.1626408646624283, 0.0025597807207565883], [0.6020462663599276, 0.005054214903089999, 0.38962856332794343, 0.0032709554090388296], [0.07601531743136615, 0.015464325337493739, 0.7549380524176265, 0.15358230481351368], [0.16189832570902163, 0.05164785868558292, 0.5962436479722095, 0.19021016763318585], [0.1224539193087155, 0.37465849905368565, 0.12387651780268469, 0.3790110638349143], [0.058341317391018124, 0.0005771259769281736, 0.9318633461415192, 0.009218210490534414], [0.04281337493556944, 0.6756874632582194, 0.01677371621271135, 0.2647254455934998], [0.8195896502889727, 0.10412163026844999, 0.06768938109233, 0.008599338350247373], [0.03505861170619453, 0.1051430409678392, 0.21499986504874902, 0.6447984822772174], [0.01932712902508027, 0.04339349564125946, 0.28881918054846833, 0.648460194785192], [0.1763796182563522, 0.7417189578004789, 0.015734412694322245, 0.06616701124884658], [0.0023417498754092843, 0.018124322644612435, 0.1120793181198486, 0.8674546093601296]], "state_values": [-1.6360301249682698, 3.281647893224022, 3.7777401626718508, 3.7428020998735367, 1.1662213232157606, 4.491117651120173, 3.614209022622754, 0.7778054223434334, 3.2818459436616525, -4.4796741020293185, 1.0442755765070235, 4.296330526744254, 1.2916184855891142, 2.315618461205462, 2.777156696255656, 1.2733889220274208], "value_grad": [-0.1328210660976703, -0.5312969555111806, 0.17077382774750927, -0.26564173407897407, -0.24666697069333132, 0.39848213485936235, 0.227697469776996, 0.0, 0.8348995146756693, -0.208722976807735, -0.2846157293111853, 0.0758995873978714, -0.03794871220853402, 0.3225654165876737, 0.6641182817661715, 0.5502521505675579], "action_grad": [[0.0, 0.0, 0.0], [0.0, 0.0, 0.0], [0.0, 0.0, 0.0], [0.0, 0.0, 0.0], [0.0, 0.0, 0.0], [0.0, 0.0, 0.0], [0.0, 0.0, 0.0], [0.0, 0.0, 0.0], [0.0, 0.0, 0.0], [0.0, 0.0, 0.0], [0.0, 0.0, 0.0], [0.0, 0.0, 0.0], [0.0, 0.0, 0.0], [0.0, 0.0, 0.0], [0.0, 0.0, 0.0], [0.0, 0.0, 0.0]], "action_params_change": 0, "value_params_change": 0.5000027643661495}
{"iterations": 1, "type_itr": 0, "sub_iteration": 2, "sub_it_time": 3.715855360031128, "total_time": 12.050720691680908, "value_loss": 4.6693880941728745, "action_loss": -1.163599882760849, "action_probs": [[0.20450007293165834, 0.5942460755507616, 0.05152629204074103, 0.14972755947683905], [0.1331157810403337, 0.715147667192019, 0.023811623196788628, 0.1279249285708587], [0.24944337456251078, 0.6550946384810351, 0.026325438870985207, 0.06913654808546885], [0.009542357108546153, 0.9451614539616502, 0.00045273979784352255, 0.0448434491319601], [0.8218641551889216, 0.012935199427893227, 0.1626408646624283, 0.0025597807207565883], [0.6020462663599276, 0.005054214903089999, 0.38962856332794343, 0.0032709554090388296], [0.07601531743136615, 0.015464325337493739, 0.7549380524176265, 0.15358230481351368], [0.16189832570902163, 0.05164785868558292, 0.5962436479722095, 0.19021016763318585], [0.1224539193087155, 0.37465849905368565, 0.12387651780268469, 0.3790110638349143], [0.058341317391018124, 0.0005771259769281736, 0.9318633461415192, 0.009218210490534414], [0.04281337493556944, 0.6756874632582194, 0.01677371621271135, 0.2647254455934998], [0.8195896502889727, 0.10412163026844999, 0.06768938109233, 0.008599338350247373], [0.03505861170619453, 0.1051430409678392, 0.21499986504874902, 0.6447984822772174], [0.01932712902508027, 0.04339349564125946, 0.28881918054846833, 0.648460194785192], [0.1763796182563522, 0.7417189578004789, 0.015734412694322245, 0.06616701124884658], [0.0023417498754092843, 0.018124322644612435, 0.1120793181198486, 0.8674546093601296]], "state_values": [-0.4566866908140344, 2.2458217629038044, 2.887125302393295, 4.413926083743672, 0.5754248648067062, 3.9310981459259207, 2.945080355703917, 0.9957026396258676, 2.26675016952164, -4.728547452871395, 0.14648944588140672, 3.6471353258394275, 1.6950321561598223, 1.544493625320008, 1.6803047668423485, 2.2459132320798325], "value_grad": [-0.09488613773591936, -0.4934141490319677, 0.09488746981789387, -0.1707966490396009, 0.18977159416787792, 0.7591190237782319, 0.3415952467490371, 0.03795432022912859, 1.0437657762850616, -0.1328433724968887, -6.661338147750939e-14, 0.17079822869877592, 0.11386295929161427, 1.1955138258970068, 0.5123898199545938, 0.15181727742746798], "action_grad": [[0.0, 0.0, 0.0], [0.0, 0.0, 0.0], [0.0, 0.0, 0.0], [0.0, 0.0, 0.0], [0.0, 0.0, 0.0], [0.0, 0.0, 0.0], [0.0, 0.0, 0.0], [0.0, 0.0, 0.0], [0.0, 0.0, 0.0], [0.0, 0.0, 0.0], [0.0, 0.0, 0.0], [0.0, 0.0, 0.0], [0.0, 0.0, 0.0], [0.0, 0.0, 0.0], [0.0, 0.0, 0.0], [0.0, 0.0, 0.0]], "action_params_change": 0, "value_params_change": 0.5002274340974036}
{"iterations": 1, "type_itr": 0, "sub_iteration": 3, "sub_it_time": 4.340264797210693, "total_time": 16.39269495010376, "value_loss": 3.701471758361972, "action_loss": -1.0377873835055291, "action_probs": [[0.20450007293165834, 0.5942460755507616, 0.05152629204074103, 0.14972755947683905], [0.1331157810403337, 0.715147667192019, 0.023811623196788628, 0.1279249285708587], [0.24944337456251078, 0.6550946384810351, 0.026325438870985207, 0.06913654808546885], [0.009542357108546153, 0.9451614539616502, 0.00045273979784352255, 0.0448434491319601], [0.8218641551889216, 0.012935199427893227, 0.1626408646624283, 0.0025597807207565883], [0.6020462663599276, 0.005054214903089999, 0.38962856332794343, 0.0032709554090388296], [0.07601531743136615, 0.015464325337493739, 0.7549380524176265, 0.15358230481351368], [0.16189832570902163, 0.05164785868558292, 0.5962436479722095, 0.19021016763318585], [0.1224539193087155, 0.37465849905368565, 0.12387651780268469, 0.3790110638349143], [0.058341317391018124, 0.0005771259769281736, 0.9318633461415192, 0.009218210490534414], [0.04281337493556944, 0.6756874632582194, 0.01677371621271135, 0.2647254455934998], [0.8195896502889727, 0.10412163026844999, 0.06768938109233, 0.008599338350247373], [0.03505861170619453, 0.1051430409678392, 0.21499986504874902, 0.6447984822772174], [0.01932712902508027, 0.04339349564125946, 0.28881918054846833, 0.648460194785192], [0.1763796182563522, 0.7417189578004789, 0.015734412694322245, 0.06616701124884658], [0.0023417498754092843, 0.018124322644612435, 0.1120793181198486, 0.8674546093601296]], "state_values": [0.5900894902068112, 1.1311338639017257, 2.274248376839735, 4.81797394273621, 0.5767047269441977, 3.1588391695585223, 2.05807917761769, 0.7450114694698899, 1.103514605950402, -4.873731170713107, -0.4256268448722794, 2.7748633162252743, 1.5300264014753, 0.7150513578036799, 0.5667064299954205, 2.8782068263756337], "value_grad": [-0.018979292088523003, -0.24673217621746169, -0.07591766805564415, -0.09489787283314755, 0.4175439519089079, 1.1008267602832817, 0.37958969422566513, 0.05693787609170986, 0.967952008933131, -0.07591891486995994, 0.13285478936224404, 0.1518364555559475, -0.09489663928192238, 0.34162818459510147, 0.24673124852532924, -0.15183504927212965], "action_grad": [[0.0, 0.0, 0.0], [0.0, 0.0, 0.0], [0.0, 0.0, 0.0], [0.0, 0.0, 0.0], [0.0, 0.0, 0.0], [0.0, 0.0, 0.0], [0.0, 0.0, 0.0], [0.0, 0.0, 0.0], [0.0, 0.0, 0.0], [0.0, 0.0, 0.0], [0.0, 0.0, 0.0], [0.0, 0.0, 0.0], [0.0, 0.0, 0.0], [0.0, 0.0, 0.0], [0.0, 0.0, 0.0], [0.0, 0.0, 0.0]], "action_params_change": 0, "value_params_change": 0.4959702269061905}
{"iterations": 1, "type_itr": 0, "sub_iteration": 4, "sub_it_time": 4.492167234420776, "total_time": 20.88665747642517, "value_loss": 2.8853157351702676, "action_loss": -0.8141148334919459, "action_probs": [[0.20450007293165834, 0.5942460755507616, 0.05152629204074103, 0.14972755947683905], [0.1331157810403337, 0.715147667192019, 0.023811623196788628, 0.1279249285708587], [0.24944337456251078, 0.6550946384810351, 0.026325438870985207, 0.06913654808546885], [0.009542357108546153, 0.9451614539616502, 0.00045273979784352255, 0.0448434491319601], [0.8218641551889216, 0.012935199427893227, 0.1626408646624283, 0.0025597807207565883], [0.6020462663599276, 0.005054214903089999, 0.38962856332794343, 0.0032709554090388296], [0.07601531743136615, 0.015464325337493739, 0.7549380524176265, 0.15358230481351368], [0.16189832570902163, 0.05164785868558292, 0.5962436479722095, 0.19021016763318585], [0.1224539193087155, 0.37465849905368565, 0.12387651780268469, 0.3790110638349143], [0.058341317391018124, 0.0005771259769281736, 0.9318633461415192, 0.009218210490534414], [0.04281337493556944, 0.6756874632582194, 0.01677371621271135, 0.2647254455934998], [0.8195896502889727, 0.10412163026844999, 0.06768938109233, 0.008599338350247373], [0.03505861170619453, 0.1051430409678392, 0.21499986504874902, 0.6447984822772174], [0.01932712902508027, 0.04339349564125946, 0.28881918054846833, 0.648460194785192], [0.1763796182563522, 0.7417189578004789, 0.015734412694322245, 0.06616701124884658], [0.0023417498754092843, 0.018124322644612435, 0.1120793181198486, 0.8674546093601296]], "state_values": [1.3347521465458978, 0.19971233856056586, 2.2150020164559616, 4.983699314745817, 0.8331287766279767, 2.190630861286314, 1.0310899302595087, 0.30814639038856745, -0.11769971381823707, -4.953954647984002, -0.7566932629100722, 1.72804391627747, 0.9272780882870774, -0.09412441929335734, -0.2837871975897803, 3.1578233590202336], "value_grad": [0.03796080231716159, 0.07592184436960459, -0.18980490230622138, -0.01898076486268563, 0.3036868707913829, 1.2147697218758133, 0.28470800427135234, 0.03796092235922188, 0.7212582575030502, -0.056942461392299304, 0.13286291131495798, 0.13286394947119318, -0.18980490230615565, 0.18980460481790118, -0.1708240111206374, -0.3796121060101454], "action_grad": [[0.0, 0.0, 0.0], [0.0, 0.0, 0.0], [0.0, 0.0, 0.0], [0.0, 0.0, 0.0], [0.0, 0.0, 0.0], [0.0, 0.0, 0.0], [0.0, 0.0, 0.0], [0.0, 0.0, 0.0], [0.0, 0.0, 0.0], [0.0, 0.0, 0.0], [0.0, 0.0, 0.0], [0.0, 0.0, 0.0], [0.0, 0.0, 0.0], [0.0, 0.0, 0.0], [0.0, 0.0, 0.0], [0.0, 0.0, 0.0]], "action_params_change": 0, "value_params_change": 0.4921544436612062}
{"iterations": 1, "type_itr": 0, "sub_iteration": 5, "sub_it_time": 3.258167266845703, "total_time": 24.146556854248047, "value_loss": 2.6195792634414263, "action_loss": -0.5370844232326878, "action_probs": [[0.20450007293165834, 0.5942460755507616, 0.05152629204074103, 0.14972755947683905], [0.1331157810403337, 0.715147667192019, 0.023811623196788628, 0.1279249285708587], [0.24944337456251078, 0.6550946384810351, 0.026325438870985207, 0.06913654808546885], [0.009542357108546153, 0.9451614539616502, 0.00045273979784352255, 0.0448434491319601], [0.8218641551889216, 0.012935199427893227, 0.1626408646624283, 0.0025597807207565883], [0.6020462663599276, 0.005054214903089999, 0.38962856332794343, 0.0032709554090388296], [0.07601531743136615, 0.015464325337493739, 0.7549380524176265, 0.15358230481351368], [0.16189832570902163, 0.05164785868558292, 0.5962436479722095, 0.19021016763318585], [0.1224539193087155, 0.37465849905368565, 0.12387651780268469, 0.3790110638349143], [0.058341317391018124, 0.0005771259769281736, 0.9318633461415192, 0.009218210490534414], [0.04281337493556944, 0.6756874632582194, 0.01677371621271135, 0.2647254455934998], [0.8195896502889727, 0.10412163026844999, 0.06768938109233, 0.008599338350247373], [0.03505861170619453, 0.1051430409678392, 0.21499986504874902, 0.6447984822772174], [0.01932712902508027, 0.04339349564125946, 0.28881918054846833, 0.648460194785192], [0.1763796182563522, 0.7417189578004789, 0.015734412694322245, 0.06616701124884658], [0.0023417498754092843, 0.018124322644612435, 0.1120793181198486, 0.8674546093601296]], "state_values": [1.7280089113457826, -0.2342007773162431, 2.366224197170103, 4.982833020227747, 1.096953730840055, 1.0720177721052617, 0.10548077193927932, -0.17689291247866917, -1.2730719237063073, -4.991289443325489, -1.0205002404445287, 0.5911572488357489, 0.10093588983108025, -0.8433828089230887, -0.7383185210762176, 3.165192684460421], "value_grad": [0.07592430106067738, 0.43656374388706265, -0.11388660618198232, 0.0, 0.05694318688603861, 1.3096997636117664, 4.39648317751562e-14, 0.018981036181203503, 0.3796209277723883, -0.41758527956764535, 0.01898106235340169, 0.09490544088413566, -0.2087916762926656, 0.11388629420852503, -0.41758300711555263, -0.4935118061510124], "action_grad": [[0.0, 0.0, 0.0], [0.0, 0.0, 0.0], [0.0, 0.0, 0.0], [0.0, 0.0, 0.0], [0.0, 0.0, 0.0], [0.0, 0.0, 0.0], [0.0, 0.0, 0.0], [0.0, 0.0, 0.0], [0.0, 0.0, 0.0], [0.0, 0.0, 0.0], [0.0, 0.0, 0.0], [0.0, 0.0, 0.0], [0.0, 0.0, 0.0], [0.0, 0.0, 0.0], [0.0, 0.0, 0.0], [0.0, 0.0, 0.0]], "action_params_change": 0, "value_params_change": 0.47486384333987575}
{"iterations": 1, "type_itr": 0, "sub_iteration": 6, "sub_it_time": 3.3850295543670654, "total_time": 27.533207178115845, "value_loss": 2.372819732262724, "action_loss": -0.24219171164486877, "action_probs": [[0.20450007293165834, 0.5942460755507616, 0.05152629204074103, 0.14972755947683905], [0.1331157810403337, 0.715147667192019, 0.023811623196788628, 0.1279249285708587], [0.24944337456251078, 0.6550946384810351, 0.026325438870985207, 0.06913654808546885], [0.009542357108546153, 0.9451614539616502, 0.00045273979784352255, 0.0448434491319601], [0.8218641551889216, 0.012935199427893227, 0.1626408646624283, 0.0025597807207565883], [0.6020462663599276, 0.005054214903089999, 0.38962856332794343, 0.0032709554090388296], [0.07601531743136615, 0.015464325337493739, 0.7549380524176265, 0.15358230481351368], [0.16189832570902163, 0.05164785868558292, 0.5962436479722095, 0.19021016763318585], [0.1224539193087155, 0.37465849905368565, 0.12387651780268469, 0.3790110638349143], [0.058341317391018124, 0.0005771259769281736, 0.9318633461415192, 0.009218210490534414], [0.04281337493556944, 0.6756874632582194, 0.01677371621271135, 0.2647254455934998], [0.8195896502889727, 0.10412163026844999, 0.06768938109233, 0.008599338350247373], [0.03505861170619453, 0.1051430409678392, 0.21499986504874902, 0.6447984822772174], [0.01932712902508027, 0.04339349564125946, 0.28881918054846833, 0.648460194785192], [0.1763796182563522, 0.7417189578004789, 0.015734412694322245, 0.06616701124884658], [0.0023417498754092843, 0.018124322644612435, 0.1120793181198486, 0.8674546093601296]], "state_values": [1.8228838661410993, -0.22172696581648244, 2.464463195785912, 4.878795821506787, 1.2071545982846148, -0.1261067615316589, -0.46956508339900804, -0.5992753989555352, -2.2440206619543543, -4.9998397461783695, -1.3512270436565954, -0.5032807181315855, -0.8336608477824038, -1.4826614493348498, -0.8616973652002168, 2.9577774888967365], "value_grad": [0.09490705135643696, 0.6074037551660569, 0.01898143400094021, 0.01898163814636078, -0.15185174838887727, 1.043976365419025, -0.20879498133557295, 0.0, 0.056944159973816966, -0.018981681592759703, -0.11388824718836466, 0.037962749527936435, -0.17083226007339647, -1.0969003483296547e-13, -0.49351561684846423, -0.5694459391409468], "action_grad": [[0.0, 0.0, 0.0], [0.0, 0.0, 0.0], [0.0, 0.0, 0.0], [0.0, 0.0, 0.0], [0.0, 0.0, 0.0], [0.0, 0.0, 0.0], [0.0, 0.0, 0.0], [0.0, 0.0, 0.0], [0.0, 0.0, 0.0], [0.0, 0.0, 0.0], [0.0, 0.0, 0.0], [0.0, 0.0, 0.0], [0.0, 0.0, 0.0], [0.0, 0.0, 0.0], [0.0, 0.0, 0.0], [0.0, 0.0, 0.0]], "action_params_change": 0, "value_params_change": 0.4826103396907553}
{"iterations": 1, "type_itr": 0, "sub_iteration": 7, "sub_it_time": 3.3774585723876953, "total_time": 30.91238784790039, "value_loss": 2.18300218001283, "action_loss": 0.04861752032981439, "action_probs": [[0.20450007293165834, 0.5942460755507616, 0.05152629204074103, 0.14972755947683905], [0.1331157810403337, 0.715147667192019, 0.023811623196788628, 0.1279249285708587], [0.24944337456251078, 0.6550946384810351, 0.026325438870985207, 0.06913654808546885], [0.009542357108546153, 0.9451614539616502, 0.00045273979784352255, 0.0448434491319601], [0.8218641551889216, 0.012935199427893227, 0.1626408646624283, 0.0025597807207565883], [0.6020462663599276, 0.005054214903089999, 0.38962856332794343, 0.0032709554090388296], [0.07601531743136615, 0.015464325337493739, 0.7549380524176265, 0.15358230481351368], [0.16189832570902163, 0.05164785868558292, 0.5962436479722095, 0.19021016763318585], [0.1224539193087155, 0.37465849905368565, 0.12387651780268469, 0.3790110638349143], [0.058341317391018124, 0.0005771259769281736, 0.9318633461415192, 0.009218210490534414], [0.04281337493556944, 0.6756874632582194, 0.01677371621271135, 0.2647254455934998], [0.8195896502889727, 0.10412163026844999, 0.06768938109233, 0.008599338350247373], [0.03505861170619453, 0.1051430409678392, 0.21499986504874902, 0.6447984822772174], [0.01932712902508027, 0.04339349564125946, 0.28881918054846833, 0.648460194785192], [0.1763796182563522, 0.7417189578004789, 0.015734412694322245, 0.06616701124884658], [0.0023417498754092843, 0.018124322644612435, 0.1120793181198486, 0.8674546093601296]], "state_values": [1.7003323083297412, 0.06317900728106791, 2.3705012633186273, 4.735998395637758, 0.9085134268354417, -1.2889643421324368, -0.7098727923744521, -0.7495544625405915, -2.9507877657489234, -4.98874547178793, -1.7478573251828684, -1.3658354666339934, -1.7371278040936622, -2.0087586927376893, -0.7840509690476506, 2.5549434440527996], "value_grad": [0.09490818985945504, 0.5694479570402025, 0.11388989291382323, 0.05694548430338475, -0.6453765215991241, 0.5884291977142801, -0.265742451603193, -0.03796321016352611, -0.24676212382848917, 0.0, -0.13287131068736624, -0.03796321016359183, -0.07592641997801497, -0.03796321016352611, -0.3986138722172563, -0.6643622390025075], "action_grad": [[0.0, 0.0, 0.0], [0.0, 0.0, 0.0], [0.0, 0.0, 0.0], [0.0, 0.0, 0.0], [0.0, 0.0, 0.0], [0.0, 0.0, 0.0], [0.0, 0.0, 0.0], [0.0, 0.0, 0.0], [0.0, 0.0, 0.0], [0.0, 0.0, 0.0], [0.0, 0.0, 0.0], [0.0, 0.0, 0.0], [0.0, 0.0, 0.0], [0.0, 0.0, 0.0], [0.0, 0.0, 0.0], [0.0, 0.0, 0.0]], "action_params_change": 0, "value_params_change": 0.4710262709415516}
{"iterations": 1, "type_itr": 0, "sub_iteration": 8, "sub_it_time": 3.6062471866607666, "total_time": 34.520296812057495, "value_loss": 1.9931826211944945, "action_loss": 0.30814233297952337, "action_probs": [[0.20450007293165834, 0.5942460755507616, 0.05152629204074103, 0.14972755947683905], [0.1331157810403337, 0.715147667192019, 0.023811623196788628, 0.1279249285708587], [0.24944337456251078, 0.6550946384810351, 0.026325438870985207, 0.06913654808546885], [0.009542357108546153, 0.9451614539616502, 0.00045273979784352255, 0.0448434491319601], [0.8218641551889216, 0.012935199427893227, 0.1626408646624283, 0.0025597807207565883], [0.6020462663599276, 0.005054214903089999, 0.38962856332794343, 0.0032709554090388296], [0.07601531743136615, 0.015464325337493739, 0.7549380524176265, 0.15358230481351368], [0.16189832570902163, 0.05164785868558292, 0.5962436479722095, 0.19021016763318585], [0.1224539193087155, 0.37465849905368565, 0.12387651780268469, 0.3790110638349143], [0.058341317391018124, 0.0005771259769281736, 0.9318633461415192, 0.009218210490534414], [0.04281337493556944, 0.6756874632582194, 0.01677371621271135, 0.2647254455934998], [0.8195896502889727, 0.10412163026844999, 0.06768938109233, 0.008599338350247373], [0.03505861170619453, 0.1051430409678392, 0.21499986504874902, 0.6447984822772174], [0.01932712902508027, 0.04339349564125946, 0.28881918054846833, 0.648460194785192], [0.1763796182563522, 0.7417189578004789, 0.015734412694322245, 0.06616701124884658], [0.0023417498754092843, 0.018124322644612435, 0.1120793181198486, 0.8674546093601296]], "state_values": [1.4056597157360842, 0.4987762411968127, 2.2280596515135622, 4.584958045586508, 0.3559244899437814, -2.2754663228719996, -0.7765868540757904, -0.5309173721698451, -3.4303729319961285, -4.964283646401032, -2.164246448381133, -1.9356088479738283, -2.46115334316293, -2.39892927996733, -0.6308715823052671, 2.00061079320391], "value_grad": [0.0949092411248813, 0.4365814898414069, 0.0379637568213651, 0.03796406391426421, -0.6643643825388978, 0.05694548430345048, -0.17083644819919064, -0.07592735276848561, -0.3226924016487416, 0.0379641733161975, -0.09490924112481558, -0.07592735276848561, 0.018981848399529877, -0.1328730768131754, -0.18981817254047284, -0.5884401401235029], "action_grad": [[0.0, 0.0, 0.0], [0.0, 0.0, 0.0], [0.0, 0.0, 0.0], [0.0, 0.0, 0.0], [0.0, 0.0, 0.0], [0.0, 0.0, 0.0], [0.0, 0.0, 0.0], [0.0, 0.0, 0.0], [0.0, 0.0, 0.0], [0.0, 0.0, 0.0], [0.0, 0.0, 0.0], [0.0, 0.0, 0.0], [0.0, 0.0, 0.0], [0.0, 0.0, 0.0], [0.0, 0.0, 0.0], [0.0, 0.0, 0.0]], "action_params_change": 0, "value_params_change": 0.4234795765205073}
{"iterations": 1, "type_itr": 0, "sub_iteration": 9, "sub_it_time": 3.3132519721984863, "total_time": 37.83523201942444, "value_loss": 1.8982721438463592, "action_loss": 0.5110828635517531, "action_probs": [[0.20450007293165834, 0.5942460755507616, 0.05152629204074103, 0.14972755947683905], [0.1331157810403337, 0.715147667192019, 0.023811623196788628, 0.1279249285708587], [0.24944337456251078, 0.6550946384810351, 0.026325438870985207, 0.06913654808546885], [0.009542357108546153, 0.9451614539616502, 0.00045273979784352255, 0.0448434491319601], [0.8218641551889216, 0.012935199427893227, 0.1626408646624283, 0.0025597807207565883], [0.6020462663599276, 0.005054214903089999, 0.38962856332794343, 0.0032709554090388296], [0.07601531743136615, 0.015464325337493739, 0.7549380524176265, 0.15358230481351368], [0.16189832570902163, 0.05164785868558292, 0.5962436479722095, 0.19021016763318585], [0.1224539193087155, 0.37465849905368565, 0.12387651780268469, 0.3790110638349143], [0.058341317391018124, 0.0005771259769281736, 0.9318633461415192, 0.009218210490534414], [0.04281337493556944, 0.6756874632582194, 0.01677371621271135, 0.2647254455934998], [0.8195896502889727, 0.10412163026844999, 0.06768938109233, 0.008599338350247373], [0.03505861170619453, 0.1051430409678392, 0.21499986504874902, 0.6447984822772174], [0.01932712902508027, 0.04339349564125946, 0.28881918054846833, 0.648460194785192], [0.1763796182563522, 0.7417189578004789, 0.015734412694322245, 0.06616701124884658], [0.0023417498754092843, 0.018124322644612435, 0.1120793181198486, 0.8674546093601296]], "state_values": [0.996814914561005, 0.9633616611531531, 2.1286483573948947, 4.479781524121275, -0.3648335655966465, -2.996781397079284, -0.8206140497599336, -0.18262510737542342, -3.7434444158412172, -4.930882735126117, -2.4910069857761177, -2.2026486021666054, -2.916906261637414, -2.663920207458654, -0.4936477868576705, 1.3319104210437915], "value_grad": [0.0759277488478749, 0.1898191714628874, -0.018981966176522036, 0.0949104773480034, -0.6453849219551571, -0.3606576689829333, -0.01898192761525408, -0.037963835688359815, -0.3226946648881355, 0.037964348673819925, 0.03796395137168096, -0.11389173808270625, 0.09490992510377305, -0.17083786152272284, 0.0, -0.493531240810966], "action_grad": [[0.0, 0.0, 0.0], [0.0, 0.0, 0.0], [0.0, 0.0, 0.0], [0.0, 0.0, 0.0], [0.0, 0.0, 0.0], [0.0, 0.0, 0.0], [0.0, 0.0, 0.0], [0.0, 0.0, 0.0], [0.0, 0.0, 0.0], [0.0, 0.0, 0.0], [0.0, 0.0, 0.0], [0.0, 0.0, 0.0], [0.0, 0.0, 0.0], [0.0, 0.0, 0.0], [0.0, 0.0, 0.0], [0.0, 0.0, 0.0]], "action_params_change": 0, "value_params_change": 0.34043949974383736}
{"iterations": 1, "type_itr": 0, "sub_iteration": 10, "sub_it_time": 3.162079095840454, "total_time": 40.999183654785156, "value_loss": 1.9172542749109824, "action_loss": 0.6574969328699471, "action_probs": [[0.20450007293165834, 0.5942460755507616, 0.05152629204074103, 0.14972755947683905], [0.1331157810403337, 0.715147667192019, 0.023811623196788628, 0.1279249285708587], [0.24944337456251078, 0.6550946384810351, 0.026325438870985207, 0.06913654808546885], [0.009542357108546153, 0.9451614539616502, 0.00045273979784352255, 0.0448434491319601], [0.8218641551889216, 0.012935199427893227, 0.1626408646624283, 0.0025597807207565883], [0.6020462663599276, 0.005054214903089999, 0.38962856332794343, 0.0032709554090388296], [0.07601531743136615, 0.015464325337493739, 0.7549380524176265, 0.15358230481351368], [0.16189832570902163, 0.05164785868558292, 0.5962436479722095, 0.19021016763318585], [0.1224539193087155, 0.37465849905368565, 0.12387651780268469, 0.3790110638349143], [0.058341317391018124, 0.0005771259769281736, 0.9318633461415192, 0.009218210490534414], [0.04281337493556944, 0.6756874632582194, 0.01677371621271135, 0.2647254455934998], [0.8195896502889727, 0.10412163026844999, 0.06768938109233, 0.008599338350247373], [0.03505861170619453, 0.1051430409678392, 0.21499986504874902, 0.6447984822772174], [0.01932712902508027, 0.04339349564125946, 0.28881918054846833, 0.648460194785192], [0.1763796182563522, 0.7417189578004789, 0.015734412694322245, 0.06616701124884658], [0.0023417498754092843, 0.018124322644612435, 0.1120793181198486, 0.8674546093601296]], "state_values": [0.5189504627434685, 1.348111924282605, 2.155624821110529, 4.432500037777836, -1.1691259408855725, -3.4614496879824386, -0.9354266406784999, 0.1303171031213109, -3.943256955388283, -4.891710451484434, -2.6994728982212246, -2.2467020814097474, -3.124718298891341, -2.820895645247386, -0.46330191152060934, 0.597790120810703], "value_grad": [0.05694572404475551, -0.05694572404468978, -0.0759277488478749, 0.09491038748834968, -0.5125108427239671, -0.5884424876386871, 0.09490953949302572, -6.572520305780927e-14, -0.28473086845876594, 0.05694644536478122, 0.09490983000960052, -0.11389173808270625, 0.13287389392399662, -0.18981974987909678, 0.2088007623234236, -0.36065657496500525], "action_grad": [[0.0, 0.0, 0.0], [0.0, 0.0, 0.0], [0.0, 0.0, 0.0], [0.0, 0.0, 0.0], [0.0, 0.0, 0.0], [0.0, 0.0, 0.0], [0.0, 0.0, 0.0], [0.0, 0.0, 0.0], [0.0, 0.0, 0.0], [0.0, 0.0, 0.0], [0.0, 0.0, 0.0], [0.0, 0.0, 0.0], [0.0, 0.0, 0.0], [0.0, 0.0, 0.0], [0.0, 0.0, 0.0], [0.0, 0.0, 0.0]], "action_params_change": 0, "value_params_change": 0.3259569363928123}
{"iterations": 1, "type_itr": 0, "sub_iteration": 11, "sub_it_time": 3.5602355003356934, "total_time": 44.56118893623352, "value_loss": 1.9742005616687421, "action_loss": 0.7656824590980801, "action_probs": [[0.20450007293165834, 0.5942460755507616, 0.05152629204074103, 0.14972755947683905], [0.1331157810403337, 0.715147667192019, 0.023811623196788628, 0.1279249285708587], [0.24944337456251078, 0.6550946384810351, 0.026325438870985207, 0.06913654808546885], [0.009542357108546153, 0.9451614539616502, 0.00045273979784352255, 0.0448434491319601], [0.8218641551889216, 0.012935199427893227, 0.1626408646624283, 0.0025597807207565883], [0.6020462663599276, 0.005054214903089999, 0.38962856332794343, 0.0032709554090388296], [0.07601531743136615, 0.015464325337493739, 0.7549380524176265, 0.15358230481351368], [0.16189832570902163, 0.05164785868558292, 0.5962436479722095, 0.19021016763318585], [0.1224539193087155, 0.37465849905368565, 0.12387651780268469, 0.3790110638349143], [0.058341317391018124, 0.0005771259769281736, 0.9318633461415192, 0.009218210490534414], [0.04281337493556944, 0.6756874632582194, 0.01677371621271135, 0.2647254455934998], [0.8195896502889727, 0.10412163026844999, 0.06768938109233, 0.008599338350247373], [0.03505861170619453, 0.1051430409678392, 0.21499986504874902, 0.6447984822772174], [0.01932712902508027, 0.04339349564125946, 0.28881918054846833, 0.648460194785192], [0.1763796182563522, 0.7417189578004789, 0.015734412694322245, 0.06616701124884658], [0.0023417498754092843, 0.018124322644612435, 0.1120793181198486, 0.8674546093601296]], "state_values": [0.013861701652540142, 1.5805188508228898, 2.290040269983577, 4.452324754402041, -1.8444897923368544, -3.7225152452772914, -1.1119050782047946, 0.4112938146113995, -4.065757855614243, -4.849067044930825, -2.7552013868100067, -2.1146248873920865, -3.131438859231647, -2.8891283882994196, -0.581719194470253, -0.14206964426460522], "value_grad": [0.03796367655881605, -0.24676427416920665, -0.07592751329389058, 0.11389207885123809, 0.056944914264476676, -0.7023344722734668, 0.09490924112481558, -1.1013412404281553e-13, -0.24676627934497408, 0.056946286757715736, 0.1708373433034911, -0.1138913878922696, 0.15185564914846283, -0.1898193660129177, 0.3416730471539653, -0.2088003227975035], "action_grad": [[0.0, 0.0, 0.0], [0.0, 0.0, 0.0], [0.0, 0.0, 0.0], [0.0, 0.0, 0.0], [0.0, 0.0, 0.0], [0.0, 0.0, 0.0], [0.0, 0.0, 0.0], [0.0, 0.0, 0.0], [0.0, 0.0, 0.0], [0.0, 0.0, 0.0], [0.0, 0.0, 0.0], [0.0, 0.0, 0.0], [0.0, 0.0, 0.0], [0.0, 0.0, 0.0], [0.0, 0.0, 0.0], [0.0, 0.0, 0.0]], "action_params_change": 0, "value_params_change": 0.2965249101762746}
{"iterations": 1, "type_itr": 0, "sub_iteration": 12, "sub_it_time": 3.7204489707946777, "total_time": 48.28329157829285, "value_loss": 2.012164662399332, "action_loss": 0.835728935662004, "action_probs": [[0.20450007293165834, 0.5942460755507616, 0.05152629204074103, 0.14972755947683905], [0.1331157810403337, 0.715147667192019, 0.023811623196788628, 0.1279249285708587], [0.24944337456251078, 0.6550946384810351, 0.026325438870985207, 0.06913654808546885], [0.009542357108546153, 0.9451614539616502, 0.00045273979784352255, 0.0448434491319601], [0.8218641551889216, 0.012935199427893227, 0.1626408646624283, 0.0025597807207565883], [0.6020462663599276, 0.005054214903089999, 0.38962856332794343, 0.0032709554090388296], [0.07601531743136615, 0.015464325337493739, 0.7549380524176265, 0.15358230481351368], [0.16189832570902163, 0.05164785868558292, 0.5962436479722095, 0.19021016763318585], [0.1224539193087155, 0.37465849905368565, 0.12387651780268469, 0.3790110638349143], [0.058341317391018124, 0.0005771259769281736, 0.9318633461415192, 0.009218210490534414], [0.04281337493556944, 0.6756874632582194, 0.01677371621271135, 0.2647254455934998], [0.8195896502889727, 0.10412163026844999, 0.06768938109233, 0.008599338350247373], [0.03505861170619453, 0.1051430409678392, 0.21499986504874902, 0.6447984822772174], [0.01932712902508027, 0.04339349564125946, 0.28881918054846833, 0.648460194785192], [0.1763796182563522, 0.7417189578004789, 0.015734412694322245, 0.06616701124884658], [0.0023417498754092843, 0.018124322644612435, 0.1120793181198486, 0.8674546093601296]], "state_values": [-0.4417442251515052, 1.6456384207241712, 1.7393829792695534, 4.518020585080338, -2.4725724390065182, -3.839176388840144, -1.2990695253747508, 0.5832064671816286, -4.131651528887349, -4.804628287826585, -2.684620334415513, -1.8329328375055056, -2.9976026241285365, -2.874850421219613, -0.8527808797246371, -0.8323502758879853], "value_grad": [0.0, -0.3416730471539653, 200.1640203115479, 0.09490992510377305, -0.15185454012608446, -0.7023344722734668, 0.037963635904030735, 0.018981807744634427, -0.22778392319518415, 0.05694617840280469, 0.17083716742334687, -0.11389114919792132, 0.13287335406865974, -0.20880097920752183, 0.41759946713198026, -0.0759271894512481], "action_grad": [[0.0, 0.0, 0.0], [0.0, 0.0, 0.0], [0.0, 0.0, 0.0], [0.0, 0.0, 0.0], [0.0, 0.0, 0.0], [0.0, 0.0, 0.0], [0.0, 0.0, 0.0], [0.0, 0.0, 0.0], [0.0, 0.0, 0.0], [0.0, 0.0, 0.0], [0.0, 0.0, 0.0], [0.0, 0.0, 0.0], [0.0, 0.0, 0.0], [0.0, 0.0, 0.0], [0.0, 0.0, 0.0], [0.0, 0.0, 0.0]], "action_params_change": 0, "value_params_change": 0.2789061498423391}
{"iterations": 1, "type_itr": 0, "sub_iteration": 13, "sub_it_time": 3.6600215435028076, "total_time": 51.94493055343628, "value_loss": 1.9362363883525446, "action_loss": 0.9143628003546681, "action_probs": [[0.20450007293165834, 0.5942460755507616, 0.05152629204074103, 0.14972755947683905], [0.1331157810403337, 0.715147667192019, 0.023811623196788628, 0.1279249285708587], [0.24944337456251078, 0.6550946384810351, 0.026325438870985207, 0.06913654808546885], [0.009542357108546153, 0.9451614539616502, 0.00045273979784352255, 0.0448434491319601], [0.8218641551889216, 0.012935199427893227, 0.1626408646624283, 0.0025597807207565883], [0.6020462663599276, 0.005054214903089999, 0.38962856332794343, 0.0032709554090388296], [0.07601531743136615, 0.015464325337493739, 0.7549380524176265, 0.15358230481351368], [0.16189832570902163, 0.05164785868558292, 0.5962436479722095, 0.19021016763318585], [0.1224539193087155, 0.37465849905368565, 0.12387651780268469, 0.3790110638349143], [0.058341317391018124, 0.0005771259769281736, 0.9318633461415192, 0.009218210490534414], [0.04281337493556944, 0.6756874632582194, 0.01677371621271135, 0.2647254455934998], [0.8195896502889727, 0.10412163026844999, 0.06768938109233, 0.008599338350247373], [0.03505861170619453, 0.1051430409678392, 0.21499986504874902, 0.6447984822772174], [0.01932712902508027, 0.04339349564125946, 0.28881918054846833, 0.648460194785192], [0.1763796182563522, 0.7417189578004789, 0.015734412694322245, 0.06616701124884658], [0.0023417498754092843, 0.018124322644612435, 0.1120793181198486, 0.8674546093601296]], "state_values": [-0.6946681926289889, 1.5141434763046184, 1.2206780814563933, 4.616042163240074, -2.9865416378935103, -3.838331953351394, -1.4810863005222095, 0.5812721675478532, -4.151382801700384, -4.759597388419626, -2.4903525761720626, -1.440746223454923, -2.774025452495364, -2.7871166029975303, -1.2285884295028042, -1.4296679644614874], "value_grad": [-0.07592735276855178, -0.49352973692948665, -0.2277827663630081, 0.09491020515163995, 0.03796387459837902, -0.7592844260069174, 0.018981888356329524, 0.03796375682149655, -0.22778481097373482, 0.07592848866331203, 0.1898195588184013, -0.09490953949291558, 0.09490983000960052, -0.20880161834408795, 0.36065545111142105, 0.03796375682149655], "action_grad": [[0.0, 0.0, 0.0], [0.0, 0.0, 0.0], [0.0, 0.0, 0.0], [0.0, 0.0, 0.0], [0.0, 0.0, 0.0], [0.0, 0.0, 0.0], [0.0, 0.0, 0.0], [0.0, 0.0, 0.0], [0.0, 0.0, 0.0], [0.0, 0.0, 0.0], [0.0, 0.0, 0.0], [0.0, 0.0, 0.0], [0.0, 0.0, 0.0], [0.0, 0.0, 0.0], [0.0, 0.0, 0.0], [0.0, 0.0, 0.0]], "action_params_change": 0, "value_params_change": 0.24572919388802372}
