{"iterations": 0, "type_itr": 0, "sub_iteration": 0, "sub_it_time": 0, "total_time": 0, "value_loss": 0, "action_loss": 0, "action_probs": [[0.038927055153865686, 0.42597622605000846, 0.044804457889155824, 0.49029226090697003], [0.124139456903706, 0.0034840926406274502, 0.8485607802150151, 0.023815670240651433], [0.3040707871224899, 0.06771770728888836, 0.5137888069563956, 0.11442269863222587], [0.10882652303234691, 0.7986905064043929, 0.011090260347344894, 0.08139271021591536], [0.648510145467706, 0.2722750520695144, 0.05579108266046618, 0.02342371980231334], [0.3671436736061769, 0.6244374174055741, 0.003117192533943852, 0.005301716454304957], [0.014214454266638015, 0.21277715967769056, 0.04840660040423726, 0.7246017856514342], [0.020672192947632468, 0.48909879288044106, 0.01987972844909531, 0.4703492857228312], [0.9078717666865871, 0.026646085549226668, 0.06361504281044232, 0.001867104953743911], [0.20212421951864992, 0.0037082454728317644, 0.7798599369991998, 0.01430759800931878], [0.051501070311535654, 0.06872605762279789, 0.37686373550554125, 0.5029091365601251], [0.0002017165559785405, 0.047610048247452984, 0.004017256678074996, 0.9481709785184936], [0.001568231599894077, 0.09582223351237339, 0.014534285192548471, 0.888075249695184], [0.21469773583033114, 0.010639828799827052, 0.7380849756661301, 0.03657745970371199], [0.9082655936052436, 0.030358182373970012, 0.05939111491750922, 0.0019851091032771087], [0.385864830152102, 0.40861544010956896, 0.09981724981322307, 0.10570247992510584]], "state_values": [4.806726183341293, 4.353899487368425, -4.980970159037796, 4.999958871633237, 0.30816292210873253, 2.868951853693416, 3.973106314227039, 4.631173749509658, -0.7383903757743508, -3.172861454556823, 4.728346435017958, 0.5874977847931517, -2.113705632713735, 2.397899140131996, -4.146731049743496, 4.971801247681736], "value_grad": [0.0, 0.0, 0.0, 0.0, 0.0, 0.0, 0.0, 0.0, 0.0, 0.0, 0.0, 0.0, 0.0, 0.0, 0.0, 0.0], "action_grad": [[0.0, 0.0, 0.0], [0.0, 0.0, 0.0], [0.0, 0.0, 0.0], [0.0, 0.0, 0.0], [0.0, 0.0, 0.0], [0.0, 0.0, 0.0], [0.0, 0.0, 0.0], [0.0, 0.0, 0.0], [0.0, 0.0, 0.0], [0.0, 0.0, 0.0], [0.0, 0.0, 0.0], [0.0, 0.0, 0.0], [0.0, 0.0, 0.0], [0.0, 0.0, 0.0], [0.0, 0.0, 0.0], [0.0, 0.0, 0.0]], "action_params_change": 0, "value_params_change": 0}
{"iterations": 1, "type_itr": 0, "sub_iteration": 0, "sub_it_time": 0.31179165840148926, "total_time": 0.3138151168823242, "value_loss": 20.195999145507812, "action_loss": -1.3220860958099365, "action_probs": [[0.038927055153865686, 0.42597622605000846, 0.044804457889155824, 0.49029226090697003], [0.124139456903706, 0.0034840926406274502, 0.8485607802150151, 0.023815670240651433], [0.3040707871224899, 0.06771770728888836, 0.5137888069563956, 0.11442269863222587], [0.10882652303234691, 0.7986905064043929, 0.011090260347344894, 0.08139271021591536], [0.648510145467706, 0.2722750520695144, 0.05579108266046618, 0.02342371980231334], [0.3671436736061769, 0.6244374174055741, 0.003117192533943852, 0.005301716454304957], [0.014214454266638015, 0.21277715967769056, 0.04840660040423726, 0.7246017856514342], [0.020672192947632468, 0.48909879288044106, 0.01987972844909531, 0.4703492857228312], [0.9078717666865871, 0.026646085549226668, 0.06361504281044232, 0.001867104953743911], [0.20212421951864992, 0.0037082454728317644, 0.7798599369991998, 0.01430759800931878], [0.051501070311535654, 0.06872605762279789, 0.37686373550554125, 0.5029091365601251], [0.0002017165559785405, 0.047610048247452984, 0.004017256678074996, 0.9481709785184936], [0.001568231599894077, 0.09582223351237339, 0.014534285192548471, 0.888075249695184], [0.21469773583033114, 0.010639828799827052, 0.7380849756661301, 0.03657745970371199], [0.9082655936052436, 0.030358182373970012, 0.05939111491750922, 0.0019851091032771087], [0.385864830152102, 0.40861544010956896, 0.09981724981322307, 0.10570247992510584]], "state_values": [4.316688442969945, 3.610338023765215, -4.7183010604272075, 4.849539633088, 1.5332509574524864, 1.766641149203177, 4.600593541436319, 4.953492915619026, -1.9388920767061786, -2.1181774167507066, 4.179161192338896, -0.6592169774701059, -0.9269458580415089, 1.2378715513320389, -4.708985549763973, 4.948432303470296], "value_grad": [-7.920000076293945, 7.52400016784668, 6.732000350952148, 14.256002426147461, -0.3959999084472656, -18.611997604370117, 5.544000148773193, 10.296000480651855, 6.335999965667725, 2.3759994506835938, -6.732001304626465, -15.840001106262207, -3.167999267578125, 6.731999397277832, -12.276001930236816, -5.148000717163086], "action_grad": [[0.0, 0.0, 0.0], [0.0, 0.0, 0.0], [0.0, 0.0, 0.0], [0.0, 0.0, 0.0], [0.0, 0.0, 0.0], [0.0, 0.0, 0.0], [0.0, 0.0, 0.0], [0.0, 0.0, 0.0], [0.0, 0.0, 0.0], [0.0, 0.0, 0.0], [0.0, 0.0, 0.0], [0.0, 0.0, 0.0], [0.0, 0.0, 0.0], [0.0, 0.0, 0.0], [0.0, 0.0, 0.0], [0.0, 0.0, 0.0]], "action_params_change": 0, "value_params_change": 0.4999999997313562}
{"iterations": 1, "type_itr": 0, "sub_iteration": 1, "sub_it_time": 0.10870671272277832, "total_time": 0.42427897453308105, "value_loss": 1.187999963760376, "action_loss": -1.1953108310699463, "action_probs": [[0.038927055153865686, 0.42597622605000846, 0.044804457889155824, 0.49029226090697003], [0.124139456903706, 0.0034840926406274502, 0.8485607802150151, 0.023815670240651433], [0.3040707871224899, 0.06771770728888836, 0.5137888069563956, 0.11442269863222587], [0.10882652303234691, 0.7986905064043929, 0.011090260347344894, 0.08139271021591536], [0.648510145467706, 0.2722750520695144, 0.05579108266046618, 0.02342371980231334], [0.3671436736061769, 0.6244374174055741, 0.003117192533943852, 0.005301716454304957], [0.014214454266638015, 0.21277715967769056, 0.04840660040423726, 0.7246017856514342], [0.020672192947632468, 0.48909879288044106, 0.01987972844909531, 0.4703492857228312], [0.9078717666865871, 0.026646085549226668, 0.06361504281044232, 0.001867104953743911], [0.20212421951864992, 0.0037082454728317644, 0.7798599369991998, 0.01430759800931878], [0.051501070311535654, 0.06872605762279789, 0.37686373550554125, 0.5029091365601251], [0.0002017165559785405, 0.047610048247452984, 0.004017256678074996, 0.9481709785184936], [0.001568231599894077, 0.09582223351237339, 0.014534285192548471, 0.888075249695184], [0.21469773583033114, 0.010639828799827052, 0.7380849756661301, 0.03657745970371199], [0.9082655936052436, 0.030358182373970012, 0.05939111491750922, 0.0019851091032771087], [0.385864830152102, 0.40861544010956896, 0.09981724981322307, 0.10570247992510584]], "state_values": [4.404080314329411, 2.983055776578295, -4.834567063008652, 4.4327972399244615, 0.6486978514606229, 0.9054570676879513, 4.909814706259808, 4.98466618055157, -3.0199589494470906, -1.097745208268313, 3.9340520771789365, -1.8019131380597848, 0.12751664197957083, 0.8846411600012226, -4.941663824171312, 4.942808795520371], "value_grad": [9.503999710083008, 0.0, -11.879999160766602, 7.5239996910095215, 15.048001289367676, -1.1879997253417969, 1.583998680114746, 3.168001174926758, 6.732002258300781, 11.484001159667969, 2.7720000743865967, -8.711999893188477, -18.216001510620117, -3.168001174926758, -1.5839996337890625, 4.3560004234313965], "action_grad": [[0.0, 0.0, 0.0], [0.0, 0.0, 0.0], [0.0, 0.0, 0.0], [0.0, 0.0, 0.0], [0.0, 0.0, 0.0], [0.0, 0.0, 0.0], [0.0, 0.0, 0.0], [0.0, 0.0, 0.0], [0.0, 0.0, 0.0], [0.0, 0.0, 0.0], [0.0, 0.0, 0.0], [0.0, 0.0, 0.0], [0.0, 0.0, 0.0], [0.0, 0.0, 0.0], [0.0, 0.0, 0.0], [0.0, 0.0, 0.0]], "action_params_change": 0, "value_params_change": 0.5005600919239743}
{"iterations": 1, "type_itr": 0, "sub_iteration": 2, "sub_it_time": 0.11587977409362793, "total_time": 0.5426831245422363, "value_loss": 0.7920000553131104, "action_loss": -1.521304726600647, "action_probs": [[0.038927055153865686, 0.42597622605000846, 0.044804457889155824, 0.49029226090697003], [0.124139456903706, 0.0034840926406274502, 0.8485607802150151, 0.023815670240651433], [0.3040707871224899, 0.06771770728888836, 0.5137888069563956, 0.11442269863222587], [0.10882652303234691, 0.7986905064043929, 0.011090260347344894, 0.08139271021591536], [0.648510145467706, 0.2722750520695144, 0.05579108266046618, 0.02342371980231334], [0.3671436736061769, 0.6244374174055741, 0.003117192533943852, 0.005301716454304957], [0.014214454266638015, 0.21277715967769056, 0.04840660040423726, 0.7246017856514342], [0.020672192947632468, 0.48909879288044106, 0.01987972844909531, 0.4703492857228312], [0.9078717666865871, 0.026646085549226668, 0.06361504281044232, 0.001867104953743911], [0.20212421951864992, 0.0037082454728317644, 0.7798599369991998, 0.01430759800931878], [0.051501070311535654, 0.06872605762279789, 0.37686373550554125, 0.5029091365601251], [0.0002017165559785405, 0.047610048247452984, 0.004017256678074996, 0.9481709785184936], [0.001568231599894077, 0.09582223351237339, 0.014534285192548471, 0.888075249695184], [0.21469773583033114, 0.010639828799827052, 0.7380849756661301, 0.03657745970371199], [0.9082655936052436, 0.030358182373970012, 0.05939111491750922, 0.0019851091032771087], [0.385864830152102, 0.40861544010956896, 0.09981724981322307, 0.10570247992510584]], "state_values": [4.396924856082993, 2.106013631511234, -4.937501714181833, 3.856214971000037, 0.44279137168830557, 0.008666977181196188, 4.998285084883167, 4.950785482434581, -3.882967900159243, -0.07534204694229618, 3.6413017594596813, -2.489239661388112, 1.061807343907788, 1.1049922036326825, -4.999248857608518, 4.938263605398971], "value_grad": [-2.3759994506835938, 7.523998260498047, -3.564000129699707, 3.168001174926758, -8.711999893188477, -5.940000057220459, 0.0, -6.336000442504883, 3.9599990844726562, 3.5640010833740234, -1.188002586364746, 3.168001174926758, -3.168001174926758, -5.147998809814453, -1.9800004959106445, 0.0], "action_grad": [[0.0, 0.0, 0.0], [0.0, 0.0, 0.0], [0.0, 0.0, 0.0], [0.0, 0.0, 0.0], [0.0, 0.0, 0.0], [0.0, 0.0, 0.0], [0.0, 0.0, 0.0], [0.0, 0.0, 0.0], [0.0, 0.0, 0.0], [0.0, 0.0, 0.0], [0.0, 0.0, 0.0], [0.0, 0.0, 0.0], [0.0, 0.0, 0.0], [0.0, 0.0, 0.0], [0.0, 0.0, 0.0], [0.0, 0.0, 0.0]], "action_params_change": 0, "value_params_change": 0.48148082424754257}
{"iterations": 1, "type_itr": 0, "sub_iteration": 3, "sub_it_time": 0.11062002182006836, "total_time": 0.6550357341766357, "value_loss": 29.30400276184082, "action_loss": -0.8330954313278198, "action_probs": [[0.038927055153865686, 0.42597622605000846, 0.044804457889155824, 0.49029226090697003], [0.124139456903706, 0.0034840926406274502, 0.8485607802150151, 0.023815670240651433], [0.3040707871224899, 0.06771770728888836, 0.5137888069563956, 0.11442269863222587], [0.10882652303234691, 0.7986905064043929, 0.011090260347344894, 0.08139271021591536], [0.648510145467706, 0.2722750520695144, 0.05579108266046618, 0.02342371980231334], [0.3671436736061769, 0.6244374174055741, 0.003117192533943852, 0.005301716454304957], [0.014214454266638015, 0.21277715967769056, 0.04840660040423726, 0.7246017856514342], [0.020672192947632468, 0.48909879288044106, 0.01987972844909531, 0.4703492857228312], [0.9078717666865871, 0.026646085549226668, 0.06361504281044232, 0.001867104953743911], [0.20212421951864992, 0.0037082454728317644, 0.7798599369991998, 0.01430759800931878], [0.051501070311535654, 0.06872605762279789, 0.37686373550554125, 0.5029091365601251], [0.0002017165559785405, 0.047610048247452984, 0.004017256678074996, 0.9481709785184936], [0.001568231599894077, 0.09582223351237339, 0.014534285192548471, 0.888075249695184], [0.21469773583033114, 0.010639828799827052, 0.7380849756661301, 0.03657745970371199], [0.9082655936052436, 0.030358182373970012, 0.05939111491750922, 0.0019851091032771087], [0.385864830152102, 0.40861544010956896, 0.09981724981322307, 0.10570247992510584]], "state_values": [4.482457938891217, 2.0374075864803496, -4.999974180750226, 3.692078215783783, -0.1422231302732894, -0.45259823877930905, 4.9497494944097244, 4.944276035385595, -4.524182670841601, 1.0310547640012535, 3.9243561586993265, -3.11998909880832, 1.978292526305093, 1.34435297200934, -4.9315326199451786, 4.941122197745695], "value_grad": [3.5640010833740234, -10.692004203796387, -11.483999252319336, -12.2760009765625, 13.860000610351562, 6.732000350952148, 1.5840015411376953, -3.5639991760253906, 5.148000717163086, 11.088000297546387, 12.275999069213867, -3.9600000381469727, -6.33599853515625, -0.7919988632202148, -0.7919988632202148, 0.3959999084472656], "action_grad": [[0.0, 0.0, 0.0], [0.0, 0.0, 0.0], [0.0, 0.0, 0.0], [0.0, 0.0, 0.0], [0.0, 0.0, 0.0], [0.0, 0.0, 0.0], [0.0, 0.0, 0.0], [0.0, 0.0, 0.0], [0.0, 0.0, 0.0], [0.0, 0.0, 0.0], [0.0, 0.0, 0.0], [0.0, 0.0, 0.0], [0.0, 0.0, 0.0], [0.0, 0.0, 0.0], [0.0, 0.0, 0.0], [0.0, 0.0, 0.0]], "action_params_change": 0, "value_params_change": 0.4835099481094902}
{"iterations": 1, "type_itr": 0, "sub_iteration": 4, "sub_it_time": 0.11495780944824219, "total_time": 0.7719385623931885, "value_loss": 14.65200138092041, "action_loss": -1.3039753437042236, "action_probs": [[0.038927055153865686, 0.42597622605000846, 0.044804457889155824, 0.49029226090697003], [0.124139456903706, 0.0034840926406274502, 0.8485607802150151, 0.023815670240651433], [0.3040707871224899, 0.06771770728888836, 0.5137888069563956, 0.11442269863222587], [0.10882652303234691, 0.7986905064043929, 0.011090260347344894, 0.08139271021591536], [0.648510145467706, 0.2722750520695144, 0.05579108266046618, 0.02342371980231334], [0.3671436736061769, 0.6244374174055741, 0.003117192533943852, 0.005301716454304957], [0.014214454266638015, 0.21277715967769056, 0.04840660040423726, 0.7246017856514342], [0.020672192947632468, 0.48909879288044106, 0.01987972844909531, 0.4703492857228312], [0.9078717666865871, 0.026646085549226668, 0.06361504281044232, 0.001867104953743911], [0.20212421951864992, 0.0037082454728317644, 0.7798599369991998, 0.01430759800931878], [0.051501070311535654, 0.06872605762279789, 0.37686373550554125, 0.5029091365601251], [0.0002017165559785405, 0.047610048247452984, 0.004017256678074996, 0.9481709785184936], [0.001568231599894077, 0.09582223351237339, 0.014534285192548471, 0.888075249695184], [0.21469773583033114, 0.010639828799827052, 0.7380849756661301, 0.03657745970371199], [0.9082655936052436, 0.030358182373970012, 0.05939111491750922, 0.0019851091032771087], [0.385864830152102, 0.40861544010956896, 0.09981724981322307, 0.10570247992510584]], "state_values": [4.381242382809855, 1.6055435528956674, -4.983053520179226, 3.724653537754836, -0.4307006329927876, -0.7870674829031693, 4.851620008132329, 4.981996308118537, -4.829226220430798, 2.1170742156314764, 3.8273297514112206, -3.606905114777834, 2.8679942135343888, 0.9809200579465893, -4.760436510526878, 4.92432537320731], "value_grad": [-7.920001029968262, 11.48399829864502, 5.543998718261719, -7.919999122619629, -6.336001873016357, 1.5840015411376953, -1.583998680114746, -7.920001029968262, -1.9799995422363281, 8.315999984741211, -11.880001068115234, -0.3959980010986328, -8.71200180053711, 10.295999526977539, -1.9800004959106445, -1.1880006790161133], "action_grad": [[0.0, 0.0, 0.0], [0.0, 0.0, 0.0], [0.0, 0.0, 0.0], [0.0, 0.0, 0.0], [0.0, 0.0, 0.0], [0.0, 0.0, 0.0], [0.0, 0.0, 0.0], [0.0, 0.0, 0.0], [0.0, 0.0, 0.0], [0.0, 0.0, 0.0], [0.0, 0.0, 0.0], [0.0, 0.0, 0.0], [0.0, 0.0, 0.0], [0.0, 0.0, 0.0], [0.0, 0.0, 0.0], [0.0, 0.0, 0.0]], "action_params_change": 0, "value_params_change": 0.45902065316850704}
{"iterations": 1, "type_itr": 0, "sub_iteration": 5, "sub_it_time": 0.11707639694213867, "total_time": 0.8908238410949707, "value_loss": 6.336000442504883, "action_loss": -1.1953108310699463, "action_probs": [[0.038927055153865686, 0.42597622605000846, 0.044804457889155824, 0.49029226090697003], [0.124139456903706, 0.0034840926406274502, 0.8485607802150151, 0.023815670240651433], [0.3040707871224899, 0.06771770728888836, 0.5137888069563956, 0.11442269863222587], [0.10882652303234691, 0.7986905064043929, 0.011090260347344894, 0.08139271021591536], [0.648510145467706, 0.2722750520695144, 0.05579108266046618, 0.02342371980231334], [0.3671436736061769, 0.6244374174055741, 0.003117192533943852, 0.005301716454304957], [0.014214454266638015, 0.21277715967769056, 0.04840660040423726, 0.7246017856514342], [0.020672192947632468, 0.48909879288044106, 0.01987972844909531, 0.4703492857228312], [0.9078717666865871, 0.026646085549226668, 0.06361504281044232, 0.001867104953743911], [0.20212421951864992, 0.0037082454728317644, 0.7798599369991998, 0.01430759800931878], [0.051501070311535654, 0.06872605762279789, 0.37686373550554125, 0.5029091365601251], [0.0002017165559785405, 0.047610048247452984, 0.004017256678074996, 0.9481709785184936], [0.001568231599894077, 0.09582223351237339, 0.014534285192548471, 0.888075249695184], [0.21469773583033114, 0.010639828799827052, 0.7380849756661301, 0.03657745970371199], [0.9082655936052436, 0.030358182373970012, 0.05939111491750922, 0.0019851091032771087], [0.385864830152102, 0.40861544010956896, 0.09981724981322307, 0.10570247992510584]], "state_values": [4.417279375045933, 1.1959839866685007, -4.976227132826192, 3.621974583542466, -0.8658649536919459, -0.8850569727372825, 4.621582328975197, 4.959206977508084, -4.9875349630546015, 2.763415311259148, 3.865442311098477, -4.023091291100017, 3.5724127131181134, 0.27349200572209564, -4.40801663301372, 4.972028288902581], "value_grad": [6.336000442504883, 0.7919998168945312, 8.315999031066895, 6.731998443603516, 7.523998260498047, 5.939999580383301, 4.355999946594238, 13.068000793457031, 4.752002716064453, -5.940000534057617, 5.543999671936035, -2.3760013580322266, -1.5840015411376953, 17.82000160217285, -12.67199993133545, 5.544002532958984], "action_grad": [[0.0, 0.0, 0.0], [0.0, 0.0, 0.0], [0.0, 0.0, 0.0], [0.0, 0.0, 0.0], [0.0, 0.0, 0.0], [0.0, 0.0, 0.0], [0.0, 0.0, 0.0], [0.0, 0.0, 0.0], [0.0, 0.0, 0.0], [0.0, 0.0, 0.0], [0.0, 0.0, 0.0], [0.0, 0.0, 0.0], [0.0, 0.0, 0.0], [0.0, 0.0, 0.0], [0.0, 0.0, 0.0], [0.0, 0.0, 0.0]], "action_params_change": 0, "value_params_change": 0.38296831314041935}
{"iterations": 1, "type_itr": 0, "sub_iteration": 6, "sub_it_time": 0.11254215240478516, "total_time": 1.0050430297851562, "value_loss": 20.988000869750977, "action_loss": -1.5756369829177856, "action_probs": [[0.038927055153865686, 0.42597622605000846, 0.044804457889155824, 0.49029226090697003], [0.124139456903706, 0.0034840926406274502, 0.8485607802150151, 0.023815670240651433], [0.3040707871224899, 0.06771770728888836, 0.5137888069563956, 0.11442269863222587], [0.10882652303234691, 0.7986905064043929, 0.011090260347344894, 0.08139271021591536], [0.648510145467706, 0.2722750520695144, 0.05579108266046618, 0.02342371980231334], [0.3671436736061769, 0.6244374174055741, 0.003117192533943852, 0.005301716454304957], [0.014214454266638015, 0.21277715967769056, 0.04840660040423726, 0.7246017856514342], [0.020672192947632468, 0.48909879288044106, 0.01987972844909531, 0.4703492857228312], [0.9078717666865871, 0.026646085549226668, 0.06361504281044232, 0.001867104953743911], [0.20212421951864992, 0.0037082454728317644, 0.7798599369991998, 0.01430759800931878], [0.051501070311535654, 0.06872605762279789, 0.37686373550554125, 0.5029091365601251], [0.0002017165559785405, 0.047610048247452984, 0.004017256678074996, 0.9481709785184936], [0.001568231599894077, 0.09582223351237339, 0.014534285192548471, 0.888075249695184], [0.21469773583033114, 0.010639828799827052, 0.7380849756661301, 0.03657745970371199], [0.9082655936052436, 0.030358182373970012, 0.05939111491750922, 0.0019851091032771087], [0.385864830152102, 0.40861544010956896, 0.09981724981322307, 0.10570247992510584]], "state_values": [4.405744768060776, 0.9799000471379314, -4.948897247628524, 3.5373279619280025, -0.9599655898062937, -0.8452568630185948, 4.204542889882514, 4.964986402692045, -4.956000618293554, 3.306862743532252, 3.7015245181280316, -4.25923447646397, 3.8684873398740836, 0.3049902240985684, -3.9578622672697183, 4.987937807492529], "value_grad": [-2.3760013580322266, -4.355998992919922, -5.543997764587402, -0.3959989547729492, -10.691999435424805, 4.355999946594238, 6.732000350952148, -7.52400016784668, 15.444000244140625, 1.1880016326904297, -10.296001434326172, 3.9599990844726562, 10.691999435424805, -23.759998321533203, -1.187997817993164, -1.583998680114746], "action_grad": [[0.0, 0.0, 0.0], [0.0, 0.0, 0.0], [0.0, 0.0, 0.0], [0.0, 0.0, 0.0], [0.0, 0.0, 0.0], [0.0, 0.0, 0.0], [0.0, 0.0, 0.0], [0.0, 0.0, 0.0], [0.0, 0.0, 0.0], [0.0, 0.0, 0.0], [0.0, 0.0, 0.0], [0.0, 0.0, 0.0], [0.0, 0.0, 0.0], [0.0, 0.0, 0.0], [0.0, 0.0, 0.0], [0.0, 0.0, 0.0]], "action_params_change": 0, "value_params_change": 0.40677586903845153}
{"iterations": 1, "type_itr": 0, "sub_iteration": 7, "sub_it_time": 0.11397528648376465, "total_time": 1.1208117008209229, "value_loss": 18.612001419067383, "action_loss": -1.0685354471206665, "action_probs": [[0.038927055153865686, 0.42597622605000846, 0.044804457889155824, 0.49029226090697003], [0.124139456903706, 0.0034840926406274502, 0.8485607802150151, 0.023815670240651433], [0.3040707871224899, 0.06771770728888836, 0.5137888069563956, 0.11442269863222587], [0.10882652303234691, 0.7986905064043929, 0.011090260347344894, 0.08139271021591536], [0.648510145467706, 0.2722750520695144, 0.05579108266046618, 0.02342371980231334], [0.3671436736061769, 0.6244374174055741, 0.003117192533943852, 0.005301716454304957], [0.014214454266638015, 0.21277715967769056, 0.04840660040423726, 0.7246017856514342], [0.020672192947632468, 0.48909879288044106, 0.01987972844909531, 0.4703492857228312], [0.9078717666865871, 0.026646085549226668, 0.06361504281044232, 0.001867104953743911], [0.20212421951864992, 0.0037082454728317644, 0.7798599369991998, 0.01430759800931878], [0.051501070311535654, 0.06872605762279789, 0.37686373550554125, 0.5029091365601251], [0.0002017165559785405, 0.047610048247452984, 0.004017256678074996, 0.9481709785184936], [0.001568231599894077, 0.09582223351237339, 0.014534285192548471, 0.888075249695184], [0.21469773583033114, 0.010639828799827052, 0.7380849756661301, 0.03657745970371199], [0.9082655936052436, 0.030358182373970012, 0.05939111491750922, 0.0019851091032771087], [0.385864830152102, 0.40861544010956896, 0.09981724981322307, 0.10570247992510584]], "state_values": [4.563389556892147, 1.1238953095556492, -4.893141480530399, 3.4532632448607186, -1.0516713946679637, -0.5078934438398283, 3.886221357816526, 4.989772515697365, -4.6978540452522495, 3.6332523854093304, 3.6666857624335125, -4.448060883917222, 3.923011134732478, 0.3848751969151576, -3.8792675401752095, 4.999536242400088], "value_grad": [12.671998977661133, -11.484002113342285, -4.356000900268555, 0.39600181579589844, 0.3959989547729492, 12.67199993133545, -3.563998222351074, -8.711999893188477, 10.692001342773438, -4.355998992919922, 5.940001487731934, -0.3959989547729492, 11.484001159667969, -2.7719993591308594, 16.23600196838379, 4.355999946594238], "action_grad": [[0.0, 0.0, 0.0], [0.0, 0.0, 0.0], [0.0, 0.0, 0.0], [0.0, 0.0, 0.0], [0.0, 0.0, 0.0], [0.0, 0.0, 0.0], [0.0, 0.0, 0.0], [0.0, 0.0, 0.0], [0.0, 0.0, 0.0], [0.0, 0.0, 0.0], [0.0, 0.0, 0.0], [0.0, 0.0, 0.0], [0.0, 0.0, 0.0], [0.0, 0.0, 0.0], [0.0, 0.0, 0.0], [0.0, 0.0, 0.0]], "action_params_change": 0, "value_params_change": 0.4333205835505778}
{"iterations": 1, "type_itr": 0, "sub_iteration": 8, "sub_it_time": 0.10874319076538086, "total_time": 1.2313473224639893, "value_loss": 10.296000480651855, "action_loss": -1.140978455543518, "action_probs": [[0.038927055153865686, 0.42597622605000846, 0.044804457889155824, 0.49029226090697003], [0.124139456903706, 0.0034840926406274502, 0.8485607802150151, 0.023815670240651433], [0.3040707871224899, 0.06771770728888836, 0.5137888069563956, 0.11442269863222587], [0.10882652303234691, 0.7986905064043929, 0.011090260347344894, 0.08139271021591536], [0.648510145467706, 0.2722750520695144, 0.05579108266046618, 0.02342371980231334], [0.3671436736061769, 0.6244374174055741, 0.003117192533943852, 0.005301716454304957], [0.014214454266638015, 0.21277715967769056, 0.04840660040423726, 0.7246017856514342], [0.020672192947632468, 0.48909879288044106, 0.01987972844909531, 0.4703492857228312], [0.9078717666865871, 0.026646085549226668, 0.06361504281044232, 0.001867104953743911], [0.20212421951864992, 0.0037082454728317644, 0.7798599369991998, 0.01430759800931878], [0.051501070311535654, 0.06872605762279789, 0.37686373550554125, 0.5029091365601251], [0.0002017165559785405, 0.047610048247452984, 0.004017256678074996, 0.9481709785184936], [0.001568231599894077, 0.09582223351237339, 0.014534285192548471, 0.888075249695184], [0.21469773583033114, 0.010639828799827052, 0.7380849756661301, 0.03657745970371199], [0.9082655936052436, 0.030358182373970012, 0.05939111491750922, 0.0019851091032771087], [0.385864830152102, 0.40861544010956896, 0.09981724981322307, 0.10570247992510584]], "state_values": [4.6363552135478265, 1.1055395174509495, -4.790594849180863, 3.2011238473036334, -0.8328061317516766, -0.392421564334019, 3.445176683932089, 4.997560184401219, -4.498634751088162, 3.9607030570456705, 3.584472289645409, -4.64203295658111, 3.9148029280455057, 0.5138579356165296, -3.8268537813192856, 4.999471327813627], "value_grad": [-4.355998992919922, 5.544000625610352, -5.148000717163086, 9.899999618530273, -14.651999473571777, -7.52400016784668, 3.563997268676758, -10.691999435424805, -13.464001655578613, 3.5640015602111816, -2.772000312805176, -4.355999946594238, 3.9599990844726562, -3.167999267578125, 1.1880006790161133, -9.107999801635742], "action_grad": [[0.0, 0.0, 0.0], [0.0, 0.0, 0.0], [0.0, 0.0, 0.0], [0.0, 0.0, 0.0], [0.0, 0.0, 0.0], [0.0, 0.0, 0.0], [0.0, 0.0, 0.0], [0.0, 0.0, 0.0], [0.0, 0.0, 0.0], [0.0, 0.0, 0.0], [0.0, 0.0, 0.0], [0.0, 0.0, 0.0], [0.0, 0.0, 0.0], [0.0, 0.0, 0.0], [0.0, 0.0, 0.0], [0.0, 0.0, 0.0]], "action_params_change": 0, "value_params_change": 0.2602340213017733}
{"iterations": 1, "type_itr": 0, "sub_iteration": 9, "sub_it_time": 0.1134488582611084, "total_time": 1.3464174270629883, "value_loss": 7.920000076293945, "action_loss": -1.4669723510742188, "action_probs": [[0.038927055153865686, 0.42597622605000846, 0.044804457889155824, 0.49029226090697003], [0.124139456903706, 0.0034840926406274502, 0.8485607802150151, 0.023815670240651433], [0.3040707871224899, 0.06771770728888836, 0.5137888069563956, 0.11442269863222587], [0.10882652303234691, 0.7986905064043929, 0.011090260347344894, 0.08139271021591536], [0.648510145467706, 0.2722750520695144, 0.05579108266046618, 0.02342371980231334], [0.3671436736061769, 0.6244374174055741, 0.003117192533943852, 0.005301716454304957], [0.014214454266638015, 0.21277715967769056, 0.04840660040423726, 0.7246017856514342], [0.020672192947632468, 0.48909879288044106, 0.01987972844909531, 0.4703492857228312], [0.9078717666865871, 0.026646085549226668, 0.06361504281044232, 0.001867104953743911], [0.20212421951864992, 0.0037082454728317644, 0.7798599369991998, 0.01430759800931878], [0.051501070311535654, 0.06872605762279789, 0.37686373550554125, 0.5029091365601251], [0.0002017165559785405, 0.047610048247452984, 0.004017256678074996, 0.9481709785184936], [0.001568231599894077, 0.09582223351237339, 0.014534285192548471, 0.888075249695184], [0.21469773583033114, 0.010639828799827052, 0.7380849756661301, 0.03657745970371199], [0.9082655936052436, 0.030358182373970012, 0.05939111491750922, 0.0019851091032771087], [0.385864830152102, 0.40861544010956896, 0.09981724981322307, 0.10570247992510584]], "state_values": [4.635666353675424, 0.7403510711214246, -4.697891169247057, 3.1351514872667146, -0.7394234274082147, 0.11928564814679947, 2.82708277969354, 4.961866939689663, -4.39257076407721, 4.164950773940482, 3.7455166596755087, -4.73793451300974, 3.907454189048739, 0.5129408716850155, -3.7727154171252852, 4.985677047745625], "value_grad": [-5.940000534057617, 17.02800178527832, 2.7719993591308594, -8.711999893188477, 5.148001670837402, 28.116003036499023, 23.760000228881836, -1.5839996337890625, -9.107999801635742, -3.1679983139038086, 14.652002334594727, 4.355999946594238, 0.0, 6.33599853515625, -0.3959999084472656, -4.355999946594238], "action_grad": [[0.0, 0.0, 0.0], [0.0, 0.0, 0.0], [0.0, 0.0, 0.0], [0.0, 0.0, 0.0], [0.0, 0.0, 0.0], [0.0, 0.0, 0.0], [0.0, 0.0, 0.0], [0.0, 0.0, 0.0], [0.0, 0.0, 0.0], [0.0, 0.0, 0.0], [0.0, 0.0, 0.0], [0.0, 0.0, 0.0], [0.0, 0.0, 0.0], [0.0, 0.0, 0.0], [0.0, 0.0, 0.0], [0.0, 0.0, 0.0]], "action_params_change": 0, "value_params_change": 0.3184378753629826}
{"iterations": 1, "type_itr": 0, "sub_iteration": 10, "sub_it_time": 0.11274147033691406, "total_time": 1.4609620571136475, "value_loss": 7.52400016784668, "action_loss": -0.9960923194885254, "action_probs": [[0.038927055153865686, 0.42597622605000846, 0.044804457889155824, 0.49029226090697003], [0.124139456903706, 0.0034840926406274502, 0.8485607802150151, 0.023815670240651433], [0.3040707871224899, 0.06771770728888836, 0.5137888069563956, 0.11442269863222587], [0.10882652303234691, 0.7986905064043929, 0.011090260347344894, 0.08139271021591536], [0.648510145467706, 0.2722750520695144, 0.05579108266046618, 0.02342371980231334], [0.3671436736061769, 0.6244374174055741, 0.003117192533943852, 0.005301716454304957], [0.014214454266638015, 0.21277715967769056, 0.04840660040423726, 0.7246017856514342], [0.020672192947632468, 0.48909879288044106, 0.01987972844909531, 0.4703492857228312], [0.9078717666865871, 0.026646085549226668, 0.06361504281044232, 0.001867104953743911], [0.20212421951864992, 0.0037082454728317644, 0.7798599369991998, 0.01430759800931878], [0.051501070311535654, 0.06872605762279789, 0.37686373550554125, 0.5029091365601251], [0.0002017165559785405, 0.047610048247452984, 0.004017256678074996, 0.9481709785184936], [0.001568231599894077, 0.09582223351237339, 0.014534285192548471, 0.888075249695184], [0.21469773583033114, 0.010639828799827052, 0.7380849756661301, 0.03657745970371199], [0.9082655936052436, 0.030358182373970012, 0.05939111491750922, 0.0019851091032771087], [0.385864830152102, 0.40861544010956896, 0.09981724981322307, 0.10570247992510584]], "state_values": [4.6430709454777315, 0.4515357852579527, -4.580496449014193, 3.1930049707887553, -0.7629102450263608, 0.5769668393091167, 2.5404076209009347, 4.954378741733206, -4.195451959749351, 4.324723214912762, 3.779947120768005, -4.847937686994195, 3.813347142214584, 0.3420476666183126, -3.8367273664124792, 4.8939866161928], "value_grad": [0.7920007705688477, -1.980001449584961, -1.9800004959106445, -6.732000350952148, 5.544000625610352, 0.0, -14.256002426147461, 14.652000427246094, 9.108001708984375, -0.3959999084472656, -7.128000259399414, -5.148001670837402, 6.336000442504883, 9.899999618530273, 7.127999305725098, -20.988000869750977], "action_grad": [[0.0, 0.0, 0.0], [0.0, 0.0, 0.0], [0.0, 0.0, 0.0], [0.0, 0.0, 0.0], [0.0, 0.0, 0.0], [0.0, 0.0, 0.0], [0.0, 0.0, 0.0], [0.0, 0.0, 0.0], [0.0, 0.0, 0.0], [0.0, 0.0, 0.0], [0.0, 0.0, 0.0], [0.0, 0.0, 0.0], [0.0, 0.0, 0.0], [0.0, 0.0, 0.0], [0.0, 0.0, 0.0], [0.0, 0.0, 0.0]], "action_params_change": 0, "value_params_change": 0.2611635265605232}
{"iterations": 1, "type_itr": 0, "sub_iteration": 11, "sub_it_time": 0.11284017562866211, "total_time": 1.5755743980407715, "value_loss": -5.148000240325928, "action_loss": -1.3583077192306519, "action_probs": [[0.038927055153865686, 0.42597622605000846, 0.044804457889155824, 0.49029226090697003], [0.124139456903706, 0.0034840926406274502, 0.8485607802150151, 0.023815670240651433], [0.3040707871224899, 0.06771770728888836, 0.5137888069563956, 0.11442269863222587], [0.10882652303234691, 0.7986905064043929, 0.011090260347344894, 0.08139271021591536], [0.648510145467706, 0.2722750520695144, 0.05579108266046618, 0.02342371980231334], [0.3671436736061769, 0.6244374174055741, 0.003117192533943852, 0.005301716454304957], [0.014214454266638015, 0.21277715967769056, 0.04840660040423726, 0.7246017856514342], [0.020672192947632468, 0.48909879288044106, 0.01987972844909531, 0.4703492857228312], [0.9078717666865871, 0.026646085549226668, 0.06361504281044232, 0.001867104953743911], [0.20212421951864992, 0.0037082454728317644, 0.7798599369991998, 0.01430759800931878], [0.051501070311535654, 0.06872605762279789, 0.37686373550554125, 0.5029091365601251], [0.0002017165559785405, 0.047610048247452984, 0.004017256678074996, 0.9481709785184936], [0.001568231599894077, 0.09582223351237339, 0.014534285192548471, 0.888075249695184], [0.21469773583033114, 0.010639828799827052, 0.7380849756661301, 0.03657745970371199], [0.9082655936052436, 0.030358182373970012, 0.05939111491750922, 0.0019851091032771087], [0.385864830152102, 0.40861544010956896, 0.09981724981322307, 0.10570247992510584]], "state_values": [4.722795992049258, 0.11110229079292004, -4.409272001093318, 3.1975804033025375, -0.8875956195330377, 1.079731346073093, 2.1851351132968584, 4.932320174635591, -3.9321128088891046, 4.305632664697564, 3.9396853736533255, -4.833075934742698, 3.8161924621439534, 0.23609295430422858, -3.7019585670385413, 4.731478053750129], "value_grad": [8.315999984741211, 3.960000991821289, -4.35599946975708, 2.772000789642334, 5.544001579284668, 6.732000350952148, 5.1479997634887695, -4.752001762390137, 5.544000625610352, -10.691999435424805, 10.295999526977539, 14.651999473571777, -6.335999488830566, -2.772001266479492, -13.464001655578613, -1.1879997253417969], "action_grad": [[0.0, 0.0, 0.0], [0.0, 0.0, 0.0], [0.0, 0.0, 0.0], [0.0, 0.0, 0.0], [0.0, 0.0, 0.0], [0.0, 0.0, 0.0], [0.0, 0.0, 0.0], [0.0, 0.0, 0.0], [0.0, 0.0, 0.0], [0.0, 0.0, 0.0], [0.0, 0.0, 0.0], [0.0, 0.0, 0.0], [0.0, 0.0, 0.0], [0.0, 0.0, 0.0], [0.0, 0.0, 0.0], [0.0, 0.0, 0.0]], "action_params_change": 0, "value_params_change": 0.24585264889496328}
{"iterations": 1, "type_itr": 0, "sub_iteration": 12, "sub_it_time": 0.10823726654052734, "total_time": 1.6858887672424316, "value_loss": 15.84000015258789, "action_loss": -1.0866461992263794, "action_probs": [[0.038927055153865686, 0.42597622605000846, 0.044804457889155824, 0.49029226090697003], [0.124139456903706, 0.0034840926406274502, 0.8485607802150151, 0.023815670240651433], [0.3040707871224899, 0.06771770728888836, 0.5137888069563956, 0.11442269863222587], [0.10882652303234691, 0.7986905064043929, 0.011090260347344894, 0.08139271021591536], [0.648510145467706, 0.2722750520695144, 0.05579108266046618, 0.02342371980231334], [0.3671436736061769, 0.6244374174055741, 0.003117192533943852, 0.005301716454304957], [0.014214454266638015, 0.21277715967769056, 0.04840660040423726, 0.7246017856514342], [0.020672192947632468, 0.48909879288044106, 0.01987972844909531, 0.4703492857228312], [0.9078717666865871, 0.026646085549226668, 0.06361504281044232, 0.001867104953743911], [0.20212421951864992, 0.0037082454728317644, 0.7798599369991998, 0.01430759800931878], [0.051501070311535654, 0.06872605762279789, 0.37686373550554125, 0.5029091365601251], [0.0002017165559785405, 0.047610048247452984, 0.004017256678074996, 0.9481709785184936], [0.001568231599894077, 0.09582223351237339, 0.014534285192548471, 0.888075249695184], [0.21469773583033114, 0.010639828799827052, 0.7380849756661301, 0.03657745970371199], [0.9082655936052436, 0.030358182373970012, 0.05939111491750922, 0.0019851091032771087], [0.385864830152102, 0.40861544010956896, 0.09981724981322307, 0.10570247992510584]], "state_values": [4.849192460210421, -0.2964566896892067, -4.248281668523833, 3.2674145105938783, -0.7161882504295637, 1.6545630375656586, 1.9200548153563408, 4.924852086500248, -3.5956994265121747, 4.282883332036867, 3.9554194797069564, -4.8013969872933515, 3.7223535846418865, 0.4944605500458754, -3.3962846893889678, 4.507996138911773], "value_grad": [11.088001251220703, 5.148000717163086, 1.1879997253417969, -3.9600000381469727, -16.236000061035156, 10.296001434326172, -3.564000129699707, 4.355998992919922, 5.544001579284668, -0.3959999084472656, -9.900002479553223, 2.771998405456543, 7.128000259399414, -23.76000213623047, -14.256000518798828, -1.5839996337890625], "action_grad": [[0.0, 0.0, 0.0], [0.0, 0.0, 0.0], [0.0, 0.0, 0.0], [0.0, 0.0, 0.0], [0.0, 0.0, 0.0], [0.0, 0.0, 0.0], [0.0, 0.0, 0.0], [0.0, 0.0, 0.0], [0.0, 0.0, 0.0], [0.0, 0.0, 0.0], [0.0, 0.0, 0.0], [0.0, 0.0, 0.0], [0.0, 0.0, 0.0], [0.0, 0.0, 0.0], [0.0, 0.0, 0.0], [0.0, 0.0, 0.0]], "action_params_change": 0, "value_params_change": 0.2392192832301996}
{"iterations": 1, "type_itr": 0, "sub_iteration": 13, "sub_it_time": 0.11248087882995605, "total_time": 1.8003137111663818, "value_loss": 5.148000240325928, "action_loss": -1.41264009475708, "action_probs": [[0.038927055153865686, 0.42597622605000846, 0.044804457889155824, 0.49029226090697003], [0.124139456903706, 0.0034840926406274502, 0.8485607802150151, 0.023815670240651433], [0.3040707871224899, 0.06771770728888836, 0.5137888069563956, 0.11442269863222587], [0.10882652303234691, 0.7986905064043929, 0.011090260347344894, 0.08139271021591536], [0.648510145467706, 0.2722750520695144, 0.05579108266046618, 0.02342371980231334], [0.3671436736061769, 0.6244374174055741, 0.003117192533943852, 0.005301716454304957], [0.014214454266638015, 0.21277715967769056, 0.04840660040423726, 0.7246017856514342], [0.020672192947632468, 0.48909879288044106, 0.01987972844909531, 0.4703492857228312], [0.9078717666865871, 0.026646085549226668, 0.06361504281044232, 0.001867104953743911], [0.20212421951864992, 0.0037082454728317644, 0.7798599369991998, 0.01430759800931878], [0.051501070311535654, 0.06872605762279789, 0.37686373550554125, 0.5029091365601251], [0.0002017165559785405, 0.047610048247452984, 0.004017256678074996, 0.9481709785184936], [0.001568231599894077, 0.09582223351237339, 0.014534285192548471, 0.888075249695184], [0.21469773583033114, 0.010639828799827052, 0.7380849756661301, 0.03657745970371199], [0.9082655936052436, 0.030358182373970012, 0.05939111491750922, 0.0019851091032771087], [0.385864830152102, 0.40861544010956896, 0.09981724981322307, 0.10570247992510584]], "state_values": [4.869545192477138, -0.520452223115657, -4.266831753966216, 3.1595156150555233, -0.5014000601474042, 2.3000033585252746, 1.742545430397205, 4.887877819025563, -3.2414599796204797, 4.3711443675123185, 4.072825708586598, -4.778813189117561, 3.7793817225829147, 0.5897497932883119, -3.0157466693620787, 4.4409352911281985], "value_grad": [-13.068000793457031, -6.732001304626465, 12.67199993133545, 10.692001342773438, -3.564000129699707, 13.464000701904297, -3.564000129699707, -7.9200005531311035, 1.1880006790161133, 8.712000846862793, 9.50400161743164, -1.1879997253417969, -10.692000389099121, 9.504000663757324, -5.939999580383301, 15.048002243041992], "action_grad": [[0.0, 0.0, 0.0], [0.0, 0.0, 0.0], [0.0, 0.0, 0.0], [0.0, 0.0, 0.0], [0.0, 0.0, 0.0], [0.0, 0.0, 0.0], [0.0, 0.0, 0.0], [0.0, 0.0, 0.0], [0.0, 0.0, 0.0], [0.0, 0.0, 0.0], [0.0, 0.0, 0.0], [0.0, 0.0, 0.0], [0.0, 0.0, 0.0], [0.0, 0.0, 0.0], [0.0, 0.0, 0.0], [0.0, 0.0, 0.0]], "action_params_change": 0, "value_params_change": 0.28145090302365317}
