{"iterations": 0, "type_itr": 0, "sub_iteration": 0, "sub_it_time": 0, "total_time": 0, "value_loss": 0, "action_loss": 0, "action_probs": [[0.00576988058344897, 0.9510544481145141, 0.0002603596711028404, 0.042915311630934073], [0.008105068600415327, 0.47431091236458284, 0.008695926640667682, 0.508888092394334], [0.04526894129416304, 0.09737192864145562, 0.2720941070004478, 0.5852650230639337], [0.0036935790361126873, 0.17401567012624122, 0.017090814874292388, 0.8051999359633535], [0.21853136554419939, 0.7745669176756892, 0.0015187233912709673, 0.00538299338884055], [0.00571712561280941, 0.008422738611705978, 0.3986096431617579, 0.5872504926137267], [0.12032828592970213, 0.1809834472814941, 0.2790198730261965, 0.4196683937626072], [0.0935889993179992, 0.8018644619377832, 0.010926760983770321, 0.09361977776044741], [0.048056608510123784, 0.3559229874033106, 0.07090140074641664, 0.525119003340149], [0.35683010089997375, 0.10680575752958406, 0.4128042887019005, 0.12355985286854158], [0.6770783645404376, 0.2727906009025391, 0.03573402240251137, 0.014397012154512124], [0.004814476508767899, 0.3836287318110558, 0.007579810238045069, 0.6039769814421313], [0.06090862621117352, 0.2493261686887378, 0.13542211170887183, 0.5543430933912168], [0.006592994561627555, 0.025403060341295036, 0.19946348901520664, 0.7685404560818706], [0.04668177566548888, 0.2733860268202325, 0.09916787026249044, 0.5807643272517882], [0.5491431517513292, 0.20046955650049966, 0.18342600790444216, 0.06696128384372894]], "state_values": [4.814756139312444, 1.012738411841224, 4.225313306224356, 2.345697712814152, 4.886172802198377, 3.9072718536844664, 3.0197299381659146, 3.999062106472566, 4.618308663412989, 0.2773929311982129, 4.920006017443934, 4.239725956702423, 0.5902009122651726, 3.8002006408986455, 1.2699490956380575, -0.30971805161560106], "value_grad": [0.0, 0.0, 0.0, 0.0, 0.0, 0.0, 0.0, 0.0, 0.0, 0.0, 0.0, 0.0, 0.0, 0.0, 0.0, 0.0], "action_grad": [[0.0, 0.0, 0.0], [0.0, 0.0, 0.0], [0.0, 0.0, 0.0], [0.0, 0.0, 0.0], [0.0, 0.0, 0.0], [0.0, 0.0, 0.0], [0.0, 0.0, 0.0], [0.0, 0.0, 0.0], [0.0, 0.0, 0.0], [0.0, 0.0, 0.0], [0.0, 0.0, 0.0], [0.0, 0.0, 0.0], [0.0, 0.0, 0.0], [0.0, 0.0, 0.0], [0.0, 0.0, 0.0], [0.0, 0.0, 0.0]], "action_params_change": 0, "value_params_change": 0}
{"iterations": 1, "type_itr": 0, "sub_iteration": 0, "sub_it_time": 0.3693108558654785, "total_time": 0.3707845211029053, "value_loss": 3.606572862217843, "action_loss": -2.359914875030018, "action_probs": [[0.00576988058344897, 0.9510544481145141, 0.0002603596711028404, 0.042915311630934073], [0.008105068600415327, 0.47431091236458284, 0.008695926640667682, 0.508888092394334], [0.04526894129416304, 0.09737192864145562, 0.2720941070004478, 0.5852650230639337], [0.0036935790361126873, 0.17401567012624122, 0.017090814874292388, 0.8051999359633535], [0.21853136554419939, 0.7745669176756892, 0.0015187233912709673, 0.00538299338884055], [0.00571712561280941, 0.008422738611705978, 0.3986096431617579, 0.5872504926137267], [0.12032828592970213, 0.1809834472814941, 0.2790198730261965, 0.4196683937626072], [0.0935889993179992, 0.8018644619377832, 0.010926760983770321, 0.09361977776044741], [0.048056608510123784, 0.3559229874033106, 0.07090140074641664, 0.525119003340149], [0.35683010089997375, 0.10680575752958406, 0.4128042887019005, 0.12355985286854158], [0.6770783645404376, 0.2727906009025391, 0.03573402240251137, 0.014397012154512124], [0.004814476508767899, 0.3836287318110558, 0.007579810238045069, 0.6039769814421313], [0.06090862621117352, 0.2493261686887378, 0.13542211170887183, 0.5543430933912168], [0.006592994561627555, 0.025403060341295036, 0.19946348901520664, 0.7685404560818706], [0.04668177566548888, 0.2733860268202325, 0.09916787026249044, 0.5807643272517882], [0.5491431517513292, 0.20046955650049966, 0.18342600790444216, 0.06696128384372894]], "state_values": [4.998671094737259, 2.192634162410134, 3.432564540290452, 3.3652175548357866, 4.471825280162231, 3.01395042338551, 3.9117898215265914, 3.132219861674965, 4.000699746567154, -0.9663445310152319, 4.546665280756019, 3.45219892082045, 1.8002245406759163, 2.8781519660583053, 0.03401538136827303, -1.5347339535512852], "value_grad": [201.5496331253258, 0.9869305059385107, 201.8153493090527, 0.30367233185052767, -0.0948997249150616, -0.4934754417022704, 0.22775509196037858, 0.1328584533806625, -0.41755979148991473, 0.01897947005499656, -0.20878081123143089, 0.1328586878787874, 0.5314245093614565, 0.6263346645451091, -201.7014717583622, 201.4926930947864], "action_grad": [[0.0, 0.0, 0.0], [0.0, 0.0, 0.0], [0.0, 0.0, 0.0], [0.0, 0.0, 0.0], [0.0, 0.0, 0.0], [0.0, 0.0, 0.0], [0.0, 0.0, 0.0], [0.0, 0.0, 0.0], [0.0, 0.0, 0.0], [0.0, 0.0, 0.0], [0.0, 0.0, 0.0], [0.0, 0.0, 0.0], [0.0, 0.0, 0.0], [0.0, 0.0, 0.0], [0.0, 0.0, 0.0], [0.0, 0.0, 0.0]], "action_params_change": 0, "value_params_change": 0.4999999999752247}
{"iterations": 1, "type_itr": 0, "sub_iteration": 1, "sub_it_time": 0.3561258316040039, "total_time": 0.7287890911102295, "value_loss": 2.8473536891545557, "action_loss": -2.0956987311991866, "action_probs": [[0.00576988058344897, 0.9510544481145141, 0.0002603596711028404, 0.042915311630934073], [0.008105068600415327, 0.47431091236458284, 0.008695926640667682, 0.508888092394334], [0.04526894129416304, 0.09737192864145562, 0.2720941070004478, 0.5852650230639337], [0.0036935790361126873, 0.17401567012624122, 0.017090814874292388, 0.8051999359633535], [0.21853136554419939, 0.7745669176756892, 0.0015187233912709673, 0.00538299338884055], [0.00571712561280941, 0.008422738611705978, 0.3986096431617579, 0.5872504926137267], [0.12032828592970213, 0.1809834472814941, 0.2790198730261965, 0.4196683937626072], [0.0935889993179992, 0.8018644619377832, 0.010926760983770321, 0.09361977776044741], [0.048056608510123784, 0.3559229874033106, 0.07090140074641664, 0.525119003340149], [0.35683010089997375, 0.10680575752958406, 0.4128042887019005, 0.12355985286854158], [0.6770783645404376, 0.2727906009025391, 0.03573402240251137, 0.014397012154512124], [0.004814476508767899, 0.3836287318110558, 0.007579810238045069, 0.6039769814421313], [0.06090862621117352, 0.2493261686887378, 0.13542211170887183, 0.5543430933912168], [0.006592994561627555, 0.025403060341295036, 0.19946348901520664, 0.7685404560818706], [0.04668177566548888, 0.2733860268202325, 0.09916787026249044, 0.5807643272517882], [0.5491431517513292, 0.20046955650049966, 0.18342600790444216, 0.06696128384372894]], "state_values": [4.947932689871011, 3.1327235282310335, 2.7778373013179642, 4.157394753598905, 3.7991374205038806, 3.698469620871683, 4.420738902552062, 2.0692062224703363, 3.139590606257731, -0.3544075424392298, 4.852791607826472, 2.4486660014636694, 2.723233081017422, 1.779623401379026, -0.7982855114613026, -2.664210735844944], "value_grad": [-0.018981114174594804, 0.37961551885169875, 0.1328663164776578, 0.20878962072607843, -0.17082955594739335, 200.7714292844517, 200.7714292844517, 0.1518471092572864, -0.5884127166160562, -0.056942210139726335, 200.52467221208508, 0.15184732631216624, 0.1328653515971463, 0.5884077674485604, 0.398595405029607, 200.65754191665525], "action_grad": [[0.0, 0.0, 0.0], [0.0, 0.0, 0.0], [0.0, 0.0, 0.0], [0.0, 0.0, 0.0], [0.0, 0.0, 0.0], [0.0, 0.0, 0.0], [0.0, 0.0, 0.0], [0.0, 0.0, 0.0], [0.0, 0.0, 0.0], [0.0, 0.0, 0.0], [0.0, 0.0, 0.0], [0.0, 0.0, 0.0], [0.0, 0.0, 0.0], [0.0, 0.0, 0.0], [0.0, 0.0, 0.0], [0.0, 0.0, 0.0]], "action_params_change": 0, "value_params_change": 0.5006262133266306}
{"iterations": 1, "type_itr": 0, "sub_iteration": 2, "sub_it_time": 0.3575458526611328, "total_time": 1.0880887508392334, "value_loss": 2.8093915384496766, "action_loss": -1.9772688957984212, "action_probs": [[0.00576988058344897, 0.9510544481145141, 0.0002603596711028404, 0.042915311630934073], [0.008105068600415327, 0.47431091236458284, 0.008695926640667682, 0.508888092394334], [0.04526894129416304, 0.09737192864145562, 0.2720941070004478, 0.5852650230639337], [0.0036935790361126873, 0.17401567012624122, 0.017090814874292388, 0.8051999359633535], [0.21853136554419939, 0.7745669176756892, 0.0015187233912709673, 0.00538299338884055], [0.00571712561280941, 0.008422738611705978, 0.3986096431617579, 0.5872504926137267], [0.12032828592970213, 0.1809834472814941, 0.2790198730261965, 0.4196683937626072], [0.0935889993179992, 0.8018644619377832, 0.010926760983770321, 0.09361977776044741], [0.048056608510123784, 0.3559229874033106, 0.07090140074641664, 0.525119003340149], [0.35683010089997375, 0.10680575752958406, 0.4128042887019005, 0.12355985286854158], [0.6770783645404376, 0.2727906009025391, 0.03573402240251137, 0.014397012154512124], [0.004814476508767899, 0.3836287318110558, 0.007579810238045069, 0.6039769814421313], [0.06090862621117352, 0.2493261686887378, 0.13542211170887183, 0.5543430933912168], [0.006592994561627555, 0.025403060341295036, 0.19946348901520664, 0.7685404560818706], [0.04668177566548888, 0.2733860268202325, 0.09916787026249044, 0.5807643272517882], [0.5491431517513292, 0.20046955650049966, 0.18342600790444216, 0.06696128384372894]], "state_values": [4.813553428787351, 3.76447876408054, 2.217326922060341, 4.6758476853261515, 2.975137145516969, 3.6588755391680388, 4.709750229289302, 0.8934308124056223, 2.086718183708025, 0.4433713467944235, 4.975097925904015, 1.3084128850528796, 3.1010499960077453, 0.6424553046262786, -0.6923005582112102, -3.425599792227894], "value_grad": [0.03796230512130494, 0.01898090270285291, 0.0, 0.11388597804779144, -0.0569429497654772, -201.09410505456745, -0.2847166881935599, 0.11388500444177785, -0.47452380203600564, -201.05614360929044, -0.32268147706939043, 0.11388516932631765, -0.2087899201358816, 0.3036933195893985, 201.2459496841038, -0.7402558292147865], "action_grad": [[0.0, 0.0, 0.0], [0.0, 0.0, 0.0], [0.0, 0.0, 0.0], [0.0, 0.0, 0.0], [0.0, 0.0, 0.0], [0.0, 0.0, 0.0], [0.0, 0.0, 0.0], [0.0, 0.0, 0.0], [0.0, 0.0, 0.0], [0.0, 0.0, 0.0], [0.0, 0.0, 0.0], [0.0, 0.0, 0.0], [0.0, 0.0, 0.0], [0.0, 0.0, 0.0], [0.0, 0.0, 0.0], [0.0, 0.0, 0.0]], "action_params_change": 0, "value_params_change": 0.4967101762011905}
{"iterations": 1, "type_itr": 0, "sub_iteration": 3, "sub_it_time": 0.3539285659790039, "total_time": 1.443767786026001, "value_loss": 3.0751243460618376, "action_loss": -1.8006646265485553, "action_probs": [[0.00576988058344897, 0.9510544481145141, 0.0002603596711028404, 0.042915311630934073], [0.008105068600415327, 0.47431091236458284, 0.008695926640667682, 0.508888092394334], [0.04526894129416304, 0.09737192864145562, 0.2720941070004478, 0.5852650230639337], [0.0036935790361126873, 0.17401567012624122, 0.017090814874292388, 0.8051999359633535], [0.21853136554419939, 0.7745669176756892, 0.0015187233912709673, 0.00538299338884055], [0.00571712561280941, 0.008422738611705978, 0.3986096431617579, 0.5872504926137267], [0.12032828592970213, 0.1809834472814941, 0.2790198730261965, 0.4196683937626072], [0.0935889993179992, 0.8018644619377832, 0.010926760983770321, 0.09361977776044741], [0.048056608510123784, 0.3559229874033106, 0.07090140074641664, 0.525119003340149], [0.35683010089997375, 0.10680575752958406, 0.4128042887019005, 0.12355985286854158], [0.6770783645404376, 0.2727906009025391, 0.03573402240251137, 0.014397012154512124], [0.004814476508767899, 0.3836287318110558, 0.007579810238045069, 0.6039769814421313], [0.06090862621117352, 0.2493261686887378, 0.13542211170887183, 0.5543430933912168], [0.006592994561627555, 0.025403060341295036, 0.19946348901520664, 0.7685404560818706], [0.04668177566548888, 0.2733860268202325, 0.09916787026249044, 0.5807643272517882], [0.5491431517513292, 0.20046955650049966, 0.18342600790444216, 0.06696128384372894]], "state_values": [4.8490588302192466, 4.11908917087359, 1.7321659705465877, 4.938588978579119, 2.5327569173318136, 3.6253005326218584, 4.874088824493458, -0.2575891565195974, 1.0067641505477858, 1.0892259496528696, 4.999232688235604, 1.9921955404338438, 3.0269124220953962, -0.22079825463408415, -0.6047641113122106, -3.954775971163497], "value_grad": [-200.9992012311257, -0.18980636357839265, -0.626353475287099, 0.05694204002101921, 0.09490252792421394, -0.43655489507811707, -0.30369331958933277, 0.05694124857880167, -0.17082427964512448, 0.03796080231716159, -0.15184775623445246, -201.2459496841038, -0.3985924004744765, -0.11388240555564533, 0.1898040046071161, -0.6643234908584259], "action_grad": [[0.0, 0.0, 0.0], [0.0, 0.0, 0.0], [0.0, 0.0, 0.0], [0.0, 0.0, 0.0], [0.0, 0.0, 0.0], [0.0, 0.0, 0.0], [0.0, 0.0, 0.0], [0.0, 0.0, 0.0], [0.0, 0.0, 0.0], [0.0, 0.0, 0.0], [0.0, 0.0, 0.0], [0.0, 0.0, 0.0], [0.0, 0.0, 0.0], [0.0, 0.0, 0.0], [0.0, 0.0, 0.0], [0.0, 0.0, 0.0]], "action_params_change": 0, "value_params_change": 0.4623832162676629}
{"iterations": 1, "type_itr": 0, "sub_iteration": 4, "sub_it_time": 0.3661932945251465, "total_time": 1.8117449283599854, "value_loss": 3.7394310798789934, "action_loss": -1.7555472314081768, "action_probs": [[0.00576988058344897, 0.9510544481145141, 0.0002603596711028404, 0.042915311630934073], [0.008105068600415327, 0.47431091236458284, 0.008695926640667682, 0.508888092394334], [0.04526894129416304, 0.09737192864145562, 0.2720941070004478, 0.5852650230639337], [0.0036935790361126873, 0.17401567012624122, 0.017090814874292388, 0.8051999359633535], [0.21853136554419939, 0.7745669176756892, 0.0015187233912709673, 0.00538299338884055], [0.00571712561280941, 0.008422738611705978, 0.3986096431617579, 0.5872504926137267], [0.12032828592970213, 0.1809834472814941, 0.2790198730261965, 0.4196683937626072], [0.0935889993179992, 0.8018644619377832, 0.010926760983770321, 0.09361977776044741], [0.048056608510123784, 0.3559229874033106, 0.07090140074641664, 0.525119003340149], [0.35683010089997375, 0.10680575752958406, 0.4128042887019005, 0.12355985286854158], [0.6770783645404376, 0.2727906009025391, 0.03573402240251137, 0.014397012154512124], [0.004814476508767899, 0.3836287318110558, 0.007579810238045069, 0.6039769814421313], [0.06090862621117352, 0.2493261686887378, 0.13542211170887183, 0.5543430933912168], [0.006592994561627555, 0.025403060341295036, 0.19946348901520664, 0.7685404560818706], [0.04668177566548888, 0.2733860268202325, 0.09916787026249044, 0.5807643272517882], [0.5491431517513292, 0.20046955650049966, 0.18342600790444216, 0.06696128384372894]], "state_values": [4.876147709532396, 4.280337943971653, 1.309774809160909, 4.997906280816609, 2.6493461048868365, 3.5960167302046293, 4.960526576427648, -0.9351766973900194, 1.659289009226734, 1.6208589001185087, 4.965972455117777, 2.5377412805648842, 2.6450455845406347, -0.6023198547681715, -0.5306277297443266, -4.325221885845957], "value_grad": [0.07591864268489568, -0.2846935966927764, -0.9110008670349115, 0.03795918402870413, 0.20877220338040736, -0.3795896942255994, -0.2467375518638959, 201.967184072881, 202.06207962081453, 0.0569376588685766, 0.018979879379165343, 0.11387564278663076, -0.5124445970058318, -0.41754235510283255, 0.0, -0.7022464474782635], "action_grad": [[0.0, 0.0, 0.0], [0.0, 0.0, 0.0], [0.0, 0.0, 0.0], [0.0, 0.0, 0.0], [0.0, 0.0, 0.0], [0.0, 0.0, 0.0], [0.0, 0.0, 0.0], [0.0, 0.0, 0.0], [0.0, 0.0, 0.0], [0.0, 0.0, 0.0], [0.0, 0.0, 0.0], [0.0, 0.0, 0.0], [0.0, 0.0, 0.0], [0.0, 0.0, 0.0], [0.0, 0.0, 0.0], [0.0, 0.0, 0.0]], "action_params_change": 0, "value_params_change": 0.3716632387412184}
{"iterations": 1, "type_itr": 0, "sub_iteration": 5, "sub_it_time": 0.36595726013183594, "total_time": 2.179534912109375, "value_loss": 4.137995388128116, "action_loss": -1.7759834354093111, "action_probs": [[0.00576988058344897, 0.9510544481145141, 0.0002603596711028404, 0.042915311630934073], [0.008105068600415327, 0.47431091236458284, 0.008695926640667682, 0.508888092394334], [0.04526894129416304, 0.09737192864145562, 0.2720941070004478, 0.5852650230639337], [0.0036935790361126873, 0.17401567012624122, 0.017090814874292388, 0.8051999359633535], [0.21853136554419939, 0.7745669176756892, 0.0015187233912709673, 0.00538299338884055], [0.00571712561280941, 0.008422738611705978, 0.3986096431617579, 0.5872504926137267], [0.12032828592970213, 0.1809834472814941, 0.2790198730261965, 0.4196683937626072], [0.0935889993179992, 0.8018644619377832, 0.010926760983770321, 0.09361977776044741], [0.048056608510123784, 0.3559229874033106, 0.07090140074641664, 0.525119003340149], [0.35683010089997375, 0.10680575752958406, 0.4128042887019005, 0.12355985286854158], [0.6770783645404376, 0.2727906009025391, 0.03573402240251137, 0.014397012154512124], [0.004814476508767899, 0.3836287318110558, 0.007579810238045069, 0.6039769814421313], [0.06090862621117352, 0.2493261686887378, 0.13542211170887183, 0.5543430933912168], [0.006592994561627555, 0.025403060341295036, 0.19946348901520664, 0.7685404560818706], [0.04668177566548888, 0.2733860268202325, 0.09916787026249044, 0.5807643272517882], [0.5491431517513292, 0.20046955650049966, 0.18342600790444216, 0.06696128384372894]], "state_values": [4.8973453154256035, 4.3185932185548195, 0.940908260166747, 4.910866039270956, 3.0146902445724693, 3.5700818849426534, 4.99592451390072, -1.5054734231136646, 2.1978017610387623, 2.063138703382245, 4.8979946930244145, 2.9772949320464965, 2.0687040416758404, -0.6005085905458859, -0.46689654122496027, -4.583527868734761], "value_grad": [0.05693676904260592, -0.30366182978747736, -1.119722758995254, -1.3145040611561853e-13, 0.1897851611039405, -0.3036593731820698, -0.15183302185800507, -0.0569352516382029, 0.037956874496276605, 0.0948922852545051, 0.15183302185800507, 0.15182844712365995, -202.51756487286835, -0.512417123442094, -0.11387038184277198, 0.0], "action_grad": [[0.0, 0.0, 0.0], [0.0, 0.0, 0.0], [0.0, 0.0, 0.0], [0.0, 0.0, 0.0], [0.0, 0.0, 0.0], [0.0, 0.0, 0.0], [0.0, 0.0, 0.0], [0.0, 0.0, 0.0], [0.0, 0.0, 0.0], [0.0, 0.0, 0.0], [0.0, 0.0, 0.0], [0.0, 0.0, 0.0], [0.0, 0.0, 0.0], [0.0, 0.0, 0.0], [0.0, 0.0, 0.0], [0.0, 0.0, 0.0]], "action_params_change": 0, "value_params_change": 0.32032563227709226}
{"iterations": 1, "type_itr": 0, "sub_iteration": 6, "sub_it_time": 0.3727428913116455, "total_time": 2.5540096759796143, "value_loss": 4.3847173711384375, "action_loss": 9.055385138137419, "action_probs": [[0.00576988058344897, 0.9510544481145141, 0.0002603596711028404, 0.042915311630934073], [0.008105068600415327, 0.47431091236458284, 0.008695926640667682, 0.508888092394334], [0.04526894129416304, 0.09737192864145562, 0.2720941070004478, 0.5852650230639337], [0.0036935790361126873, 0.17401567012624122, 0.017090814874292388, 0.8051999359633535], [0.21853136554419939, 0.7745669176756892, 0.0015187233912709673, 0.00538299338884055], [0.00571712561280941, 0.008422738611705978, 0.3986096431617579, 0.5872504926137267], [0.12032828592970213, 0.1809834472814941, 0.2790198730261965, 0.4196683937626072], [0.0935889993179992, 0.8018644619377832, 0.010926760983770321, 0.09361977776044741], [0.048056608510123784, 0.3559229874033106, 0.07090140074641664, 0.525119003340149], [0.35683010089997375, 0.10680575752958406, 0.4128042887019005, 0.12355985286854158], [0.6770783645404376, 0.2727906009025391, 0.03573402240251137, 0.014397012154512124], [0.004814476508767899, 0.3836287318110558, 0.007579810238045069, 0.6039769814421313], [0.06090862621117352, 0.2493261686887378, 0.13542211170887183, 0.5543430933912168], [0.006592994561627555, 0.025403060341295036, 0.19946348901520664, 0.7685404560818706], [0.04668177566548888, 0.2733860268202325, 0.09916787026249044, 0.5807643272517882], [0.5491431517513292, 0.20046955650049966, 0.18342600790444216, 0.06696128384372894]], "state_values": [4.966819810411116, 4.258134336768567, 0.6182648377454361, 4.752311043814655, 3.4049555748068623, 3.5469129907570887, 4.97399987051086, -1.9864696209975974, 2.643565556763705, 2.4339204190997097, 4.809080674108806, 3.3338813001273864, 1.5350121641491803, -0.35504239347389427, -0.05470771772009702, -4.759714325476662], "value_grad": [-202.3277821195003, -0.3416111078479487, -1.2715130670616337, -0.037956633199189405, 0.0759121155750071, -0.22773832036281405, 202.21391054687305, -0.09488962017942981, -0.0948898304184187, 0.11386792177337579, 0.20876475869262645, 0.151824561252611, -0.3605821047826767, -0.47444693631524526, 202.51756487286835, -0.5503785281581921], "action_grad": [[0.0, 0.0, 0.0], [0.0, 0.0, 0.0], [0.0, 0.0, 0.0], [0.0, 0.0, 0.0], [0.0, 0.0, 0.0], [0.0, 0.0, 0.0], [0.0, 0.0, 0.0], [0.0, 0.0, 0.0], [0.0, 0.0, 0.0], [0.0, 0.0, 0.0], [0.0, 0.0, 0.0], [0.0, 0.0, 0.0], [0.0, 0.0, 0.0], [0.0, 0.0, 0.0], [0.0, 0.0, 0.0], [0.0, 0.0, 0.0]], "action_params_change": 0, "value_params_change": 0.2848065945590683}
{"iterations": 1, "type_itr": 0, "sub_iteration": 7, "sub_it_time": 0.3734605312347412, "total_time": 2.929234266281128, "value_loss": 4.574498897088235, "action_loss": -1.8227807624211445, "action_probs": [[0.00576988058344897, 0.9510544481145141, 0.0002603596711028404, 0.042915311630934073], [0.008105068600415327, 0.47431091236458284, 0.008695926640667682, 0.508888092394334], [0.04526894129416304, 0.09737192864145562, 0.2720941070004478, 0.5852650230639337], [0.0036935790361126873, 0.17401567012624122, 0.017090814874292388, 0.8051999359633535], [0.21853136554419939, 0.7745669176756892, 0.0015187233912709673, 0.00538299338884055], [0.00571712561280941, 0.008422738611705978, 0.3986096431617579, 0.5872504926137267], [0.12032828592970213, 0.1809834472814941, 0.2790198730261965, 0.4196683937626072], [0.0935889993179992, 0.8018644619377832, 0.010926760983770321, 0.09361977776044741], [0.048056608510123784, 0.3559229874033106, 0.07090140074641664, 0.525119003340149], [0.35683010089997375, 0.10680575752958406, 0.4128042887019005, 0.12355985286854158], [0.6770783645404376, 0.2727906009025391, 0.03573402240251137, 0.014397012154512124], [0.004814476508767899, 0.3836287318110558, 0.007579810238045069, 0.6039769814421313], [0.06090862621117352, 0.2493261686887378, 0.13542211170887183, 0.5543430933912168], [0.006592994561627555, 0.025403060341295036, 0.19946348901520664, 0.7685404560818706], [0.04668177566548888, 0.2733860268202325, 0.09916787026249044, 0.5807643272517882], [0.5491431517513292, 0.20046955650049966, 0.18342600790444216, 0.06696128384372894]], "state_values": [4.996399219703127, 4.549193034501779, 0.3359257781906745, 4.907783556838477, 3.7198041204720256, 3.526124818093546, 4.871031317629817, -2.3929805602442036, 3.013433879208662, 2.746653221592759, 4.581949570387877, 3.62459877999793, 1.0469362133329092, 0.035804720860842694, 0.3085242836724411, -4.875603972139226], "value_grad": [0.0379560579619449, 202.403695707977, -1.4043234634844435, -202.65041033989831, 0.0, -0.15182185902837286, 0.1328477875167824, -0.11386509480912732, -0.1897760257190102, 0.11386535703905842, 202.63143254287823, 0.151821514970635, -0.2277296536457385, -0.3795485044524449, -0.30363882030803246, -0.4554775472999575], "action_grad": [[0.0, 0.0, 0.0], [0.0, 0.0, 0.0], [0.0, 0.0, 0.0], [0.0, 0.0, 0.0], [0.0, 0.0, 0.0], [0.0, 0.0, 0.0], [0.0, 0.0, 0.0], [0.0, 0.0, 0.0], [0.0, 0.0, 0.0], [0.0, 0.0, 0.0], [0.0, 0.0, 0.0], [0.0, 0.0, 0.0], [0.0, 0.0, 0.0], [0.0, 0.0, 0.0], [0.0, 0.0, 0.0], [0.0, 0.0, 0.0]], "action_params_change": 0, "value_params_change": 0.2691914034853813}
{"iterations": 1, "type_itr": 0, "sub_iteration": 8, "sub_it_time": 0.35251808166503906, "total_time": 3.28340744972229, "value_loss": 4.897117747818613, "action_loss": -1.8763226191674016, "action_probs": [[0.00576988058344897, 0.9510544481145141, 0.0002603596711028404, 0.042915311630934073], [0.008105068600415327, 0.47431091236458284, 0.008695926640667682, 0.508888092394334], [0.04526894129416304, 0.09737192864145562, 0.2720941070004478, 0.5852650230639337], [0.0036935790361126873, 0.17401567012624122, 0.017090814874292388, 0.8051999359633535], [0.21853136554419939, 0.7745669176756892, 0.0015187233912709673, 0.00538299338884055], [0.00571712561280941, 0.008422738611705978, 0.3986096431617579, 0.5872504926137267], [0.12032828592970213, 0.1809834472814941, 0.2790198730261965, 0.4196683937626072], [0.0935889993179992, 0.8018644619377832, 0.010926760983770321, 0.09361977776044741], [0.048056608510123784, 0.3559229874033106, 0.07090140074641664, 0.525119003340149], [0.35683010089997375, 0.10680575752958406, 0.4128042887019005, 0.12355985286854158], [0.6770783645404376, 0.2727906009025391, 0.03573402240251137, 0.014397012154512124], [0.004814476508767899, 0.3836287318110558, 0.007579810238045069, 0.6039769814421313], [0.06090862621117352, 0.2493261686887378, 0.13542211170887183, 0.5543430933912168], [0.006592994561627555, 0.025403060341295036, 0.19946348901520664, 0.7685404560818706], [0.04668177566548888, 0.2733860268202325, 0.09916787026249044, 0.5807643272517882], [0.5491431517513292, 0.20046955650049966, 0.18342600790444216, 0.06696128384372894]], "state_values": [4.9959743238693175, 4.749009836620109, 0.08908474219307681, 4.98299395484048, 3.285384533276973, 3.5074223275424137, 4.715016688708884, -2.737211753509989, 3.320927685980391, 3.0116926786423353, 4.3103562839428875, 3.862542181574123, 0.6043663101167627, 0.4838341875954059, 0.6289472088907874, -4.946962998646673], "value_grad": [202.85916324753669, -0.3415920685920195, -1.5560814998413806, -0.03795432022912859, -203.01098016276498, -0.0948847742557346, 0.32261810922831824, -0.1328377118170856, -0.26567702840289353, 0.13283803667788785, 0.3226143572371942, 0.13283900393491788, -0.056930027975643505, -0.22771981775116146, -0.41748627818010053, -0.3415960334386563], "action_grad": [[0.0, 0.0, 0.0], [0.0, 0.0, 0.0], [0.0, 0.0, 0.0], [0.0, 0.0, 0.0], [0.0, 0.0, 0.0], [0.0, 0.0, 0.0], [0.0, 0.0, 0.0], [0.0, 0.0, 0.0], [0.0, 0.0, 0.0], [0.0, 0.0, 0.0], [0.0, 0.0, 0.0], [0.0, 0.0, 0.0], [0.0, 0.0, 0.0], [0.0, 0.0, 0.0], [0.0, 0.0, 0.0], [0.0, 0.0, 0.0]], "action_params_change": 0, "value_params_change": 0.2440877452103818}
{"iterations": 1, "type_itr": 0, "sub_iteration": 9, "sub_it_time": 0.3607480525970459, "total_time": 3.645840883255005, "value_loss": -198.00000000000009, "action_loss": -1.888211582307055, "action_probs": [[0.00576988058344897, 0.9510544481145141, 0.0002603596711028404, 0.042915311630934073], [0.008105068600415327, 0.47431091236458284, 0.008695926640667682, 0.508888092394334], [0.04526894129416304, 0.09737192864145562, 0.2720941070004478, 0.5852650230639337], [0.0036935790361126873, 0.17401567012624122, 0.017090814874292388, 0.8051999359633535], [0.21853136554419939, 0.7745669176756892, 0.0015187233912709673, 0.00538299338884055], [0.00571712561280941, 0.008422738611705978, 0.3986096431617579, 0.5872504926137267], [0.12032828592970213, 0.1809834472814941, 0.2790198730261965, 0.4196683937626072], [0.0935889993179992, 0.8018644619377832, 0.010926760983770321, 0.09361977776044741], [0.048056608510123784, 0.3559229874033106, 0.07090140074641664, 0.525119003340149], [0.35683010089997375, 0.10680575752958406, 0.4128042887019005, 0.12355985286854158], [0.6770783645404376, 0.2727906009025391, 0.03573402240251137, 0.014397012154512124], [0.004814476508767899, 0.3836287318110558, 0.007579810238045069, 0.6039769814421313], [0.06090862621117352, 0.2493261686887378, 0.13542211170887183, 0.5543430933912168], [0.006592994561627555, 0.025403060341295036, 0.19946348901520664, 0.7685404560818706], [0.04668177566548888, 0.2733860268202325, 0.09916787026249044, 0.5807643272517882], [0.5491431517513292, 0.20046955650049966, 0.18342600790444216, 0.06696128384372894]], "state_values": [4.976789410365141, 4.933485510018409, -0.12637898976824455, 4.975470041536992, 2.856235457953012, 3.4904743843034995, 4.525685557304893, -3.02929862033633, 3.576963886925508, 3.2372637109900717, 4.015392320720844, 4.057863246975084, 0.20544693111162368, 1.083997204692166, 0.911913381445221, -4.985380200032366], "value_grad": [203.16279413016267, 202.97302620682828, -1.6698721790089053, 203.20074715094776, 0.01897614828577865, -0.11385732745164212, 0.49339649182446177, -0.13283269238169826, -0.34157194467886764, 0.1328330355575904, 0.3226002362370872, 0.1328340577595153, 0.09487950620663188, -203.4474370627885, -0.4933739562262218, -0.22772261797287818], "action_grad": [[0.0, 0.0, 0.0], [0.0, 0.0, 0.0], [0.0, 0.0, 0.0], [0.0, 0.0, 0.0], [0.0, 0.0, 0.0], [0.0, 0.0, 0.0], [0.0, 0.0, 0.0], [0.0, 0.0, 0.0], [0.0, 0.0, 0.0], [0.0, 0.0, 0.0], [0.0, 0.0, 0.0], [0.0, 0.0, 0.0], [0.0, 0.0, 0.0], [0.0, 0.0, 0.0], [0.0, 0.0, 0.0], [0.0, 0.0, 0.0]], "action_params_change": 0, "value_params_change": 0.3097996650438681}
{"iterations": 1, "type_itr": 0, "sub_iteration": 10, "sub_it_time": 0.3653569221496582, "total_time": 4.012965202331543, "value_loss": 5.54231556581739, "action_loss": -1.8958526921793704, "action_probs": [[0.00576988058344897, 0.9510544481145141, 0.0002603596711028404, 0.042915311630934073], [0.008105068600415327, 0.47431091236458284, 0.008695926640667682, 0.508888092394334], [0.04526894129416304, 0.09737192864145562, 0.2720941070004478, 0.5852650230639337], [0.0036935790361126873, 0.17401567012624122, 0.017090814874292388, 0.8051999359633535], [0.21853136554419939, 0.7745669176756892, 0.0015187233912709673, 0.00538299338884055], [0.00571712561280941, 0.008422738611705978, 0.3986096431617579, 0.5872504926137267], [0.12032828592970213, 0.1809834472814941, 0.2790198730261965, 0.4196683937626072], [0.0935889993179992, 0.8018644619377832, 0.010926760983770321, 0.09361977776044741], [0.048056608510123784, 0.3559229874033106, 0.07090140074641664, 0.525119003340149], [0.35683010089997375, 0.10680575752958406, 0.4128042887019005, 0.12355985286854158], [0.6770783645404376, 0.2727906009025391, 0.03573402240251137, 0.014397012154512124], [0.004814476508767899, 0.3836287318110558, 0.007579810238045069, 0.6039769814421313], [0.06090862621117352, 0.2493261686887378, 0.13542211170887183, 0.5543430933912168], [0.006592994561627555, 0.025403060341295036, 0.19946348901520664, 0.7685404560818706], [0.04668177566548888, 0.2733860268202325, 0.09916787026249044, 0.5807643272517882], [0.5491431517513292, 0.20046955650049966, 0.18342600790444216, 0.06696128384372894]], "state_values": [4.946208121360692, 4.998493719664944, -0.3140523438855866, 4.9675673472335315, 2.44316430435902, 3.4750156514371833, 4.316955103775494, -3.277594486788548, 3.7904579390841233, 3.4299583823088104, 3.5318554402575923, 4.218542197317698, -0.47431278266464383, 1.608133616464669, 1.16209492053315, -4.999477527127351], "value_grad": [0.018975650185161896, -0.17078265843364449, -1.7456897493517145, -0.018975497353953763, 0.17077620655362846, -0.1328270355170318, 0.6451778157539669, -0.1518017010265389, -0.39848321932951425, 0.13282667158510097, 203.73206872928998, 0.15180335913418563, -203.63719279525193, 0.1328248336115898, -0.5312999255697237, -0.1518081995033418], "action_grad": [[0.0, 0.0, 0.0], [0.0, 0.0, 0.0], [0.0, 0.0, 0.0], [0.0, 0.0, 0.0], [0.0, 0.0, 0.0], [0.0, 0.0, 0.0], [0.0, 0.0, 0.0], [0.0, 0.0, 0.0], [0.0, 0.0, 0.0], [0.0, 0.0, 0.0], [0.0, 0.0, 0.0], [0.0, 0.0, 0.0], [0.0, 0.0, 0.0], [0.0, 0.0, 0.0], [0.0, 0.0, 0.0], [0.0, 0.0, 0.0]], "action_params_change": 0, "value_params_change": 0.2961708174853288}
{"iterations": 1, "type_itr": 0, "sub_iteration": 11, "sub_it_time": 0.3521535396575928, "total_time": 4.366817951202393, "value_loss": 5.978739938882209, "action_loss": -1.8729251507361484, "action_probs": [[0.00576988058344897, 0.9510544481145141, 0.0002603596711028404, 0.042915311630934073], [0.008105068600415327, 0.47431091236458284, 0.008695926640667682, 0.508888092394334], [0.04526894129416304, 0.09737192864145562, 0.2720941070004478, 0.5852650230639337], [0.0036935790361126873, 0.17401567012624122, 0.017090814874292388, 0.8051999359633535], [0.21853136554419939, 0.7745669176756892, 0.0015187233912709673, 0.00538299338884055], [0.00571712561280941, 0.008422738611705978, 0.3986096431617579, 0.5872504926137267], [0.12032828592970213, 0.1809834472814941, 0.2790198730261965, 0.4196683937626072], [0.0935889993179992, 0.8018644619377832, 0.010926760983770321, 0.09361977776044741], [0.048056608510123784, 0.3559229874033106, 0.07090140074641664, 0.525119003340149], [0.35683010089997375, 0.10680575752958406, 0.4128042887019005, 0.12355985286854158], [0.6770783645404376, 0.2727906009025391, 0.03573402240251137, 0.014397012154512124], [0.004814476508767899, 0.3836287318110558, 0.007579810238045069, 0.6039769814421313], [0.06090862621117352, 0.2493261686887378, 0.13542211170887183, 0.5543430933912168], [0.006592994561627555, 0.025403060341295036, 0.19946348901520664, 0.7685404560818706], [0.04668177566548888, 0.2733860268202325, 0.09916787026249044, 0.5807643272517882], [0.5491431517513292, 0.20046955650049966, 0.18342600790444216, 0.06696128384372894]], "state_values": [4.859360155140909, 4.974925870098536, -0.4770400548641765, 4.959529593096903, 2.0526475145126373, 3.46085709504724, 4.098680694052885, -3.10323779926156, 3.9686927900409774, 3.595079715445633, 3.0305361142950424, 4.3510032090957615, -0.6221906127921709, 2.062436236748478, 1.3834874414090426, -4.995733885230365], "value_grad": [203.97873993888228, -0.03794936539340199, -1.802496468073108, -0.01897432862676407, 0.30358073599581736, -0.13281835619631632, 0.7210334344902636, -204.1684807233828, -0.4553818005151289, 0.15179262969315843, 0.15179262969322416, 0.13281952490794335, 204.4530812145058, 0.3225540456038196, -0.5881866376606455, -0.01897487033108547], "action_grad": [[0.0, 0.0, 0.0], [0.0, 0.0, 0.0], [0.0, 0.0, 0.0], [0.0, 0.0, 0.0], [0.0, 0.0, 0.0], [0.0, 0.0, 0.0], [0.0, 0.0, 0.0], [0.0, 0.0, 0.0], [0.0, 0.0, 0.0], [0.0, 0.0, 0.0], [0.0, 0.0, 0.0], [0.0, 0.0, 0.0], [0.0, 0.0, 0.0], [0.0, 0.0, 0.0], [0.0, 0.0, 0.0], [0.0, 0.0, 0.0]], "action_params_change": 0, "value_params_change": 0.26640216754007495}
{"iterations": 1, "type_itr": 0, "sub_iteration": 12, "sub_it_time": 0.35761260986328125, "total_time": 4.726209402084351, "value_loss": -198.00000000000009, "action_loss": -1.888211582307055, "action_probs": [[0.00576988058344897, 0.9510544481145141, 0.0002603596711028404, 0.042915311630934073], [0.008105068600415327, 0.47431091236458284, 0.008695926640667682, 0.508888092394334], [0.04526894129416304, 0.09737192864145562, 0.2720941070004478, 0.5852650230639337], [0.0036935790361126873, 0.17401567012624122, 0.017090814874292388, 0.8051999359633535], [0.21853136554419939, 0.7745669176756892, 0.0015187233912709673, 0.00538299338884055], [0.00571712561280941, 0.008422738611705978, 0.3986096431617579, 0.5872504926137267], [0.12032828592970213, 0.1809834472814941, 0.2790198730261965, 0.4196683937626072], [0.0935889993179992, 0.8018644619377832, 0.010926760983770321, 0.09361977776044741], [0.048056608510123784, 0.3559229874033106, 0.07090140074641664, 0.525119003340149], [0.35683010089997375, 0.10680575752958406, 0.4128042887019005, 0.12355985286854158], [0.6770783645404376, 0.2727906009025391, 0.03573402240251137, 0.014397012154512124], [0.004814476508767899, 0.3836287318110558, 0.007579810238045069, 0.6039769814421313], [0.06090862621117352, 0.2493261686887378, 0.13542211170887183, 0.5543430933912168], [0.006592994561627555, 0.025403060341295036, 0.19946348901520664, 0.7685404560818706], [0.04668177566548888, 0.2733860268202325, 0.09916787026249044, 0.5807643272517882], [0.5491431517513292, 0.20046955650049966, 0.18342600790444216, 0.06696128384372894]], "state_values": [4.746600736595979, 4.887334704070129, -0.6180523303420543, 4.951530585710851, 1.6882740842742017, 3.4477837075512645, 3.693855040873653, -2.940361184167178, 4.1177389301650695, 3.7370044457499763, 2.3383984317127684, 4.4604002201963935, -0.7540388369864724, 2.454108677851349, 1.5795712816403624, -4.979029109867308], "value_grad": [0.07589473598505769, 0.11384380146996254, -1.8403702344960937, -0.01897359833681289, 0.43637793145749537, -0.17075978124037938, 204.5858902455585, -0.13281234782844376, -0.4553655715629752, 0.15178670575444908, 204.37718903084436, 0.1138410715298992, 0.5881614624780074, 0.43638064792913145, -0.6261092842397424, 0.07589653920243578], "action_grad": [[0.0, 0.0, 0.0], [0.0, 0.0, 0.0], [0.0, 0.0, 0.0], [0.0, 0.0, 0.0], [0.0, 0.0, 0.0], [0.0, 0.0, 0.0], [0.0, 0.0, 0.0], [0.0, 0.0, 0.0], [0.0, 0.0, 0.0], [0.0, 0.0, 0.0], [0.0, 0.0, 0.0], [0.0, 0.0, 0.0], [0.0, 0.0, 0.0], [0.0, 0.0, 0.0], [0.0, 0.0, 0.0], [0.0, 0.0, 0.0]], "action_params_change": 0, "value_params_change": 0.3289866711549849}
{"iterations": 1, "type_itr": 0, "sub_iteration": 13, "sub_it_time": 0.3560512065887451, "total_time": 5.083934307098389, "value_loss": 6.415135240608165, "action_loss": 9.055385138137419, "action_probs": [[0.00576988058344897, 0.9510544481145141, 0.0002603596711028404, 0.042915311630934073], [0.008105068600415327, 0.47431091236458284, 0.008695926640667682, 0.508888092394334], [0.04526894129416304, 0.09737192864145562, 0.2720941070004478, 0.5852650230639337], [0.0036935790361126873, 0.17401567012624122, 0.017090814874292388, 0.8051999359633535], [0.21853136554419939, 0.7745669176756892, 0.0015187233912709673, 0.00538299338884055], [0.00571712561280941, 0.008422738611705978, 0.3986096431617579, 0.5872504926137267], [0.12032828592970213, 0.1809834472814941, 0.2790198730261965, 0.4196683937626072], [0.0935889993179992, 0.8018644619377832, 0.010926760983770321, 0.09361977776044741], [0.048056608510123784, 0.3559229874033106, 0.07090140074641664, 0.525119003340149], [0.35683010089997375, 0.10680575752958406, 0.4128042887019005, 0.12355985286854158], [0.6770783645404376, 0.2727906009025391, 0.03573402240251137, 0.014397012154512124], [0.004814476508767899, 0.3836287318110558, 0.007579810238045069, 0.6039769814421313], [0.06090862621117352, 0.2493261686887378, 0.13542211170887183, 0.5543430933912168], [0.006592994561627555, 0.025403060341295036, 0.19946348901520664, 0.7685404560818706], [0.04668177566548888, 0.2733860268202325, 0.09916787026249044, 0.5807643272517882], [0.5491431517513292, 0.20046955650049966, 0.18342600790444216, 0.06696128384372894]], "state_values": [4.617244393630013, 4.754870506579192, -0.7395871242345837, 4.94369957402939, 1.856889234036002, 3.43563929463282, 3.2733745041980624, -2.788747745923028, 4.242544660503651, 3.859335386535987, 1.9869120027701925, 4.550869142979595, -0.8715722378247486, 2.790493281664495, 1.7533550586837496, -4.953053728139698], "value_grad": [0.09486537655712546, 0.24665376426348207, -1.8213427087701168, -0.03794597389754362, 204.90841399588334, -0.18972748292279373, 0.9107054059000008, -0.1328081896511195, -0.47432677378770904, 0.15178246644156612, -204.7376683596801, 0.11383792029753881, 0.6640321619179765, 0.512260026673462, -0.6640364177532829, 0.17076237979943532], "action_grad": [[0.0, 0.0, 0.0], [0.0, 0.0, 0.0], [0.0, 0.0, 0.0], [0.0, 0.0, 0.0], [0.0, 0.0, 0.0], [0.0, 0.0, 0.0], [0.0, 0.0, 0.0], [0.0, 0.0, 0.0], [0.0, 0.0, 0.0], [0.0, 0.0, 0.0], [0.0, 0.0, 0.0], [0.0, 0.0, 0.0], [0.0, 0.0, 0.0], [0.0, 0.0, 0.0], [0.0, 0.0, 0.0], [0.0, 0.0, 0.0]], "action_params_change": 0, "value_params_change": 0.23498503873953647}
