{"iterations": 0, "type_itr": 0, "sub_iteration": 0, "sub_it_time": 0, "total_time": 0, "value_loss": 0, "action_loss": 0, "action_probs": [[0.6559121435973642, 0.008045913969017564, 0.3319697506317556, 0.004072191801862614], [0.03367789681550915, 0.6251606103637584, 0.01743917732105998, 0.3237223154996725], [0.12807307364703652, 0.8509288513938823, 0.0027469690629750177, 0.018251105896106113], [0.01892384040533878, 0.062398672503107856, 0.21377728660783346, 0.7049002004837199], [0.0009466336700740378, 0.004392199758474445, 0.1763643243778169, 0.8182968421936346], [0.01790572267127455, 0.017091031791339303, 0.4937337977991959, 0.4712694477381902], [0.0025548579245708238, 0.8913836862552011, 0.00030312145354740954, 0.10575833436668053], [0.19091992278965828, 0.008077526405755053, 0.7684889719554043, 0.032513578849182205], [0.9219046126569127, 0.01863460150263222, 0.05828270837968645, 0.0011780774607684538], [0.2936259651179996, 0.706318499187528, 1.6307627543402505e-05, 3.922806692908222e-05], [0.1881128868779631, 0.8102652843855084, 0.00030558248811060504, 0.0013162462484178515], [0.6121782538362247, 0.2324121517440236, 0.11264439367614848, 0.042765200743603085], [0.11186957849561574, 0.0566581096326897, 0.5519357566279868, 0.27953655524370796], [0.3621786671568164, 0.5182447306503912, 0.049190076630391696, 0.07038652556240063], [0.10960432567847025, 0.7412821735486075, 0.019207596684890613, 0.12990590408803165], [0.9127294001794231, 0.059342646002899395, 0.026223019822818956, 0.0017049339948583386]], "state_values": [4.912267148816369, -1.128428731284094, 4.126639507168551, -0.6789680658416113, 0.41493641636290735, -1.6512872959354072, 3.9195474836262507, 3.9437506186106903, -0.5629821762460899, 2.180776114021236, -0.9535436479770092, 3.7542486283731686, -2.4936832096946757, 4.983258263180978, 4.476336549447052, -0.016799463341479318], "value_grad": [0.0, 0.0, 0.0, 0.0, 0.0, 0.0, 0.0, 0.0, 0.0, 0.0, 0.0, 0.0, 0.0, 0.0, 0.0, 0.0], "action_grad": [[0.0, 0.0, 0.0], [0.0, 0.0, 0.0], [0.0, 0.0, 0.0], [0.0, 0.0, 0.0], [0.0, 0.0, 0.0], [0.0, 0.0, 0.0], [0.0, 0.0, 0.0], [0.0, 0.0, 0.0], [0.0, 0.0, 0.0], [0.0, 0.0, 0.0], [0.0, 0.0, 0.0], [0.0, 0.0, 0.0], [0.0, 0.0, 0.0], [0.0, 0.0, 0.0], [0.0, 0.0, 0.0], [0.0, 0.0, 0.0]], "action_params_change": 0, "value_params_change": 0}
{"iterations": 1, "type_itr": 0, "sub_iteration": 0, "sub_it_time": 0.10693049430847168, "total_time": 0.1082313060760498, "value_loss": 8.316000938415527, "action_loss": -1.9016306400299072, "action_probs": [[0.6559121435973642, 0.008045913969017564, 0.3319697506317556, 0.004072191801862614], [0.03367789681550915, 0.6251606103637584, 0.01743917732105998, 0.3237223154996725], [0.12807307364703652, 0.8509288513938823, 0.0027469690629750177, 0.018251105896106113], [0.01892384040533878, 0.062398672503107856, 0.21377728660783346, 0.7049002004837199], [0.0009466336700740378, 0.004392199758474445, 0.1763643243778169, 0.8182968421936346], [0.01790572267127455, 0.017091031791339303, 0.4937337977991959, 0.4712694477381902], [0.0025548579245708238, 0.8913836862552011, 0.00030312145354740954, 0.10575833436668053], [0.19091992278965828, 0.008077526405755053, 0.7684889719554043, 0.032513578849182205], [0.9219046126569127, 0.01863460150263222, 0.05828270837968645, 0.0011780774607684538], [0.2936259651179996, 0.706318499187528, 1.6307627543402505e-05, 3.922806692908222e-05], [0.1881128868779631, 0.8102652843855084, 0.00030558248811060504, 0.0013162462484178515], [0.6121782538362247, 0.2324121517440236, 0.11264439367614848, 0.042765200743603085], [0.11186957849561574, 0.0566581096326897, 0.5519357566279868, 0.27953655524370796], [0.3621786671568164, 0.5182447306503912, 0.049190076630391696, 0.07038652556240063], [0.10960432567847025, 0.7412821735486075, 0.019207596684890613, 0.12990590408803165], [0.9127294001794231, 0.059342646002899395, 0.026223019822818956, 0.0017049339948583386]], "state_values": [4.990270827981189, -2.2984534916939956, 3.2998644149658256, 0.5677008697933039, -0.8307157764246856, -2.7675644876535905, 3.029663444253459, 3.0607356359467723, 0.683672913832467, 3.226139859676466, -2.1382166433620453, 2.820519856494002, -3.4883519686147206, 4.929485514395737, 3.786049403049094, -1.2532900204965896], "value_grad": [-18.612001419067383, 7.128000259399414, 11.088001251220703, -11.088000297546387, 3.564000368118286, -17.027999877929688, 14.255999565124512, -15.047999382019043, -2.772000312805176, -17.423999786376953, 3.9599995613098145, -8.711999893188477, 6.336000442504883, -4.3560004234313965, 10.295999526977539, -5.544000148773193], "action_grad": [[0.0, 0.0, 0.0], [0.0, 0.0, 0.0], [0.0, 0.0, 0.0], [0.0, 0.0, 0.0], [0.0, 0.0, 0.0], [0.0, 0.0, 0.0], [0.0, 0.0, 0.0], [0.0, 0.0, 0.0], [0.0, 0.0, 0.0], [0.0, 0.0, 0.0], [0.0, 0.0, 0.0], [0.0, 0.0, 0.0], [0.0, 0.0, 0.0], [0.0, 0.0, 0.0], [0.0, 0.0, 0.0], [0.0, 0.0, 0.0]], "action_params_change": 0, "value_params_change": 0.4999999997313561}
{"iterations": 1, "type_itr": 0, "sub_iteration": 1, "sub_it_time": 0.10452604293823242, "total_time": 0.21423816680908203, "value_loss": 16.236000061035156, "action_loss": -1.2858647108078003, "action_probs": [[0.6559121435973642, 0.008045913969017564, 0.3319697506317556, 0.004072191801862614], [0.03367789681550915, 0.6251606103637584, 0.01743917732105998, 0.3237223154996725], [0.12807307364703652, 0.8509288513938823, 0.0027469690629750177, 0.018251105896106113], [0.01892384040533878, 0.062398672503107856, 0.21377728660783346, 0.7049002004837199], [0.0009466336700740378, 0.004392199758474445, 0.1763643243778169, 0.8182968421936346], [0.01790572267127455, 0.017091031791339303, 0.4937337977991959, 0.4712694477381902], [0.0025548579245708238, 0.8913836862552011, 0.00030312145354740954, 0.10575833436668053], [0.19091992278965828, 0.008077526405755053, 0.7684889719554043, 0.032513578849182205], [0.9219046126569127, 0.01863460150263222, 0.05828270837968645, 0.0011780774607684538], [0.2936259651179996, 0.706318499187528, 1.6307627543402505e-05, 3.922806692908222e-05], [0.1881128868779631, 0.8102652843855084, 0.00030558248811060504, 0.0013162462484178515], [0.6121782538362247, 0.2324121517440236, 0.11264439367614848, 0.042765200743603085], [0.11186957849561574, 0.0566581096326897, 0.5519357566279868, 0.27953655524370796], [0.3621786671568164, 0.5182447306503912, 0.049190076630391696, 0.07038652556240063], [0.10960432567847025, 0.7412821735486075, 0.019207596684890613, 0.12990590408803165], [0.9127294001794231, 0.059342646002899395, 0.026223019822818956, 0.0017049339948583386]], "state_values": [4.821630655293682, -3.046699196648701, 3.2365864344635753, 1.1454979451204539, -1.7330767110578185, -3.357126482067308, 2.072380178682884, 2.871905470956136, 0.12227179297556143, 3.7606770838539614, -2.9965717979093274, 1.7437185238474926, -4.266131903480962, 4.804199913862248, 3.303563354159797, -2.39815817525116], "value_grad": [-4.355999946594238, 0.3959999084472656, -8.71200180053711, 2.772001266479492, 0.3959999084472656, 1.5839996337890625, 5.543999671936035, 9.108001708984375, 7.128000259399414, 1.584000587463379, 0.7920002937316895, -16.23600196838379, 6.336002349853516, 1.187999963760376, -1.5840015411376953, -8.711999893188477], "action_grad": [[0.0, 0.0, 0.0], [0.0, 0.0, 0.0], [0.0, 0.0, 0.0], [0.0, 0.0, 0.0], [0.0, 0.0, 0.0], [0.0, 0.0, 0.0], [0.0, 0.0, 0.0], [0.0, 0.0, 0.0], [0.0, 0.0, 0.0], [0.0, 0.0, 0.0], [0.0, 0.0, 0.0], [0.0, 0.0, 0.0], [0.0, 0.0, 0.0], [0.0, 0.0, 0.0], [0.0, 0.0, 0.0], [0.0, 0.0, 0.0]], "action_params_change": 0, "value_params_change": 0.5000000031341685}
{"iterations": 1, "type_itr": 0, "sub_iteration": 2, "sub_it_time": 0.10665416717529297, "total_time": 0.32246851921081543, "value_loss": 10.296000480651855, "action_loss": -1.0685354471206665, "action_probs": [[0.6559121435973642, 0.008045913969017564, 0.3319697506317556, 0.004072191801862614], [0.03367789681550915, 0.6251606103637584, 0.01743917732105998, 0.3237223154996725], [0.12807307364703652, 0.8509288513938823, 0.0027469690629750177, 0.018251105896106113], [0.01892384040533878, 0.062398672503107856, 0.21377728660783346, 0.7049002004837199], [0.0009466336700740378, 0.004392199758474445, 0.1763643243778169, 0.8182968421936346], [0.01790572267127455, 0.017091031791339303, 0.4937337977991959, 0.4712694477381902], [0.0025548579245708238, 0.8913836862552011, 0.00030312145354740954, 0.10575833436668053], [0.19091992278965828, 0.008077526405755053, 0.7684889719554043, 0.032513578849182205], [0.9219046126569127, 0.01863460150263222, 0.05828270837968645, 0.0011780774607684538], [0.2936259651179996, 0.706318499187528, 1.6307627543402505e-05, 3.922806692908222e-05], [0.1881128868779631, 0.8102652843855084, 0.00030558248811060504, 0.0013162462484178515], [0.6121782538362247, 0.2324121517440236, 0.11264439367614848, 0.042765200743603085], [0.11186957849561574, 0.0566581096326897, 0.5519357566279868, 0.27953655524370796], [0.3621786671568164, 0.5182447306503912, 0.049190076630391696, 0.07038652556240063], [0.10960432567847025, 0.7412821735486075, 0.019207596684890613, 0.12990590408803165], [0.9127294001794231, 0.059342646002899395, 0.026223019822818956, 0.0017049339948583386]], "state_values": [4.703414782936813, -3.6450474366730283, 3.3961942257434945, 1.4731681006884865, -2.616755658157431, -3.2868536448828047, 0.9868400059840604, 2.5901978066026836, -0.09917108330632488, 4.24066217392519, -2.5018465760194495, 1.7145044355995451, -4.777667623433468, 4.616612400796791, 2.8390790749061523, -3.251890524395784], "value_grad": [8.71200180053711, 1.1880006790161133, -5.148000717163086, 1.5839996337890625, 1.584000587463379, 15.04800033569336, 22.968000411987305, -3.5640010833740234, -1.9799985885620117, -5.940000534057617, -16.631999969482422, 20.59200096130371, 5.940000057220459, -0.7920007705688477, 0.7920007705688477, -1.1879992485046387], "action_grad": [[0.0, 0.0, 0.0], [0.0, 0.0, 0.0], [0.0, 0.0, 0.0], [0.0, 0.0, 0.0], [0.0, 0.0, 0.0], [0.0, 0.0, 0.0], [0.0, 0.0, 0.0], [0.0, 0.0, 0.0], [0.0, 0.0, 0.0], [0.0, 0.0, 0.0], [0.0, 0.0, 0.0], [0.0, 0.0, 0.0], [0.0, 0.0, 0.0], [0.0, 0.0, 0.0], [0.0, 0.0, 0.0], [0.0, 0.0, 0.0]], "action_params_change": 0, "value_params_change": 0.49864639705100267}
{"iterations": 1, "type_itr": 0, "sub_iteration": 3, "sub_it_time": 0.10533928871154785, "total_time": 0.4293956756591797, "value_loss": -1.187999963760376, "action_loss": -0.5071015954017639, "action_probs": [[0.6559121435973642, 0.008045913969017564, 0.3319697506317556, 0.004072191801862614], [0.03367789681550915, 0.6251606103637584, 0.01743917732105998, 0.3237223154996725], [0.12807307364703652, 0.8509288513938823, 0.0027469690629750177, 0.018251105896106113], [0.01892384040533878, 0.062398672503107856, 0.21377728660783346, 0.7049002004837199], [0.0009466336700740378, 0.004392199758474445, 0.1763643243778169, 0.8182968421936346], [0.01790572267127455, 0.017091031791339303, 0.4937337977991959, 0.4712694477381902], [0.0025548579245708238, 0.8913836862552011, 0.00030312145354740954, 0.10575833436668053], [0.19091992278965828, 0.008077526405755053, 0.7684889719554043, 0.032513578849182205], [0.9219046126569127, 0.01863460150263222, 0.05828270837968645, 0.0011780774607684538], [0.2936259651179996, 0.706318499187528, 1.6307627543402505e-05, 3.922806692908222e-05], [0.1881128868779631, 0.8102652843855084, 0.00030558248811060504, 0.0013162462484178515], [0.6121782538362247, 0.2324121517440236, 0.11264439367614848, 0.042765200743603085], [0.11186957849561574, 0.0566581096326897, 0.5519357566279868, 0.27953655524370796], [0.3621786671568164, 0.5182447306503912, 0.049190076630391696, 0.07038652556240063], [0.10960432567847025, 0.7412821735486075, 0.019207596684890613, 0.12990590408803165], [0.9127294001794231, 0.059342646002899395, 0.026223019822818956, 0.0017049339948583386]], "state_values": [4.639240567964644, -3.8805374331774645, 3.852561399497957, 1.4326431455318365, -3.3179129157078573, -2.9400375900635445, 0.481964835561624, 2.493412875078219, 0.12010828943781332, 4.465188228100053, -2.0700719190940813, 1.5933621189183622, -4.990286814575566, 4.478280096030544, 2.156233676730086, -3.750154958531079], "value_grad": [3.9600014686584473, -2.7720000743865967, -17.423999786376953, 5.1479997634887695, 19.00800132751465, 13.860001564025879, -13.860001564025879, 3.960002899169922, -4.752000331878662, 4.751999855041504, 0.0, -3.95999813079834, 3.1680009365081787, 0.7920007705688477, 6.335999011993408, 1.980001449584961], "action_grad": [[0.0, 0.0, 0.0], [0.0, 0.0, 0.0], [0.0, 0.0, 0.0], [0.0, 0.0, 0.0], [0.0, 0.0, 0.0], [0.0, 0.0, 0.0], [0.0, 0.0, 0.0], [0.0, 0.0, 0.0], [0.0, 0.0, 0.0], [0.0, 0.0, 0.0], [0.0, 0.0, 0.0], [0.0, 0.0, 0.0], [0.0, 0.0, 0.0], [0.0, 0.0, 0.0], [0.0, 0.0, 0.0], [0.0, 0.0, 0.0]], "action_params_change": 0, "value_params_change": 0.4739809516899127}
{"iterations": 1, "type_itr": 0, "sub_iteration": 4, "sub_it_time": 0.10564351081848145, "total_time": 0.5367133617401123, "value_loss": 7.127999782562256, "action_loss": -0.887427806854248, "action_probs": [[0.6559121435973642, 0.008045913969017564, 0.3319697506317556, 0.004072191801862614], [0.03367789681550915, 0.6251606103637584, 0.01743917732105998, 0.3237223154996725], [0.12807307364703652, 0.8509288513938823, 0.0027469690629750177, 0.018251105896106113], [0.01892384040533878, 0.062398672503107856, 0.21377728660783346, 0.7049002004837199], [0.0009466336700740378, 0.004392199758474445, 0.1763643243778169, 0.8182968421936346], [0.01790572267127455, 0.017091031791339303, 0.4937337977991959, 0.4712694477381902], [0.0025548579245708238, 0.8913836862552011, 0.00030312145354740954, 0.10575833436668053], [0.19091992278965828, 0.008077526405755053, 0.7684889719554043, 0.032513578849182205], [0.9219046126569127, 0.01863460150263222, 0.05828270837968645, 0.0011780774607684538], [0.2936259651179996, 0.706318499187528, 1.6307627543402505e-05, 3.922806692908222e-05], [0.1881128868779631, 0.8102652843855084, 0.00030558248811060504, 0.0013162462484178515], [0.6121782538362247, 0.2324121517440236, 0.11264439367614848, 0.042765200743603085], [0.11186957849561574, 0.0566581096326897, 0.5519357566279868, 0.27953655524370796], [0.3621786671568164, 0.5182447306503912, 0.049190076630391696, 0.07038652556240063], [0.10960432567847025, 0.7412821735486075, 0.019207596684890613, 0.12990590408803165], [0.9127294001794231, 0.059342646002899395, 0.026223019822818956, 0.0017049339948583386]], "state_values": [4.5904227110689595, -3.8739079653305843, 4.116486037634438, 1.8042018428562214, -3.6024727114400474, -2.6373985870213605, -0.24235744240525517, 2.3095621431348237, 0.6437226902598286, 4.519405512996554, -2.3240414729130956, 1.5456884910694622, -4.965885936634322, 4.560119156975076, 1.4079466413105477, -3.836549634416505], "value_grad": [0.7919988632202148, -3.563999652862549, 3.960000991821289, -9.899999618530273, -8.712000846862793, -0.39600181579589844, 19.007999420166016, -3.1679983139038086, -5.940001487731934, 7.127999305725098, 21.78000259399414, 2.3759994506835938, -1.583998680114746, 3.563999652862549, 2.772000312805176, 6.731999397277832], "action_grad": [[0.0, 0.0, 0.0], [0.0, 0.0, 0.0], [0.0, 0.0, 0.0], [0.0, 0.0, 0.0], [0.0, 0.0, 0.0], [0.0, 0.0, 0.0], [0.0, 0.0, 0.0], [0.0, 0.0, 0.0], [0.0, 0.0, 0.0], [0.0, 0.0, 0.0], [0.0, 0.0, 0.0], [0.0, 0.0, 0.0], [0.0, 0.0, 0.0], [0.0, 0.0, 0.0], [0.0, 0.0, 0.0], [0.0, 0.0, 0.0]], "action_params_change": 0, "value_params_change": 0.358446145744705}
{"iterations": 1, "type_itr": 0, "sub_iteration": 5, "sub_it_time": 0.10410881042480469, "total_time": 0.6423244476318359, "value_loss": 9.90000057220459, "action_loss": -0.9236493110656738, "action_probs": [[0.6559121435973642, 0.008045913969017564, 0.3319697506317556, 0.004072191801862614], [0.03367789681550915, 0.6251606103637584, 0.01743917732105998, 0.3237223154996725], [0.12807307364703652, 0.8509288513938823, 0.0027469690629750177, 0.018251105896106113], [0.01892384040533878, 0.062398672503107856, 0.21377728660783346, 0.7049002004837199], [0.0009466336700740378, 0.004392199758474445, 0.1763643243778169, 0.8182968421936346], [0.01790572267127455, 0.017091031791339303, 0.4937337977991959, 0.4712694477381902], [0.0025548579245708238, 0.8913836862552011, 0.00030312145354740954, 0.10575833436668053], [0.19091992278965828, 0.008077526405755053, 0.7684889719554043, 0.032513578849182205], [0.9219046126569127, 0.01863460150263222, 0.05828270837968645, 0.0011780774607684538], [0.2936259651179996, 0.706318499187528, 1.6307627543402505e-05, 3.922806692908222e-05], [0.1881128868779631, 0.8102652843855084, 0.00030558248811060504, 0.0013162462484178515], [0.6121782538362247, 0.2324121517440236, 0.11264439367614848, 0.042765200743603085], [0.11186957849561574, 0.0566581096326897, 0.5519357566279868, 0.27953655524370796], [0.3621786671568164, 0.5182447306503912, 0.049190076630391696, 0.07038652556240063], [0.10960432567847025, 0.7412821735486075, 0.019207596684890613, 0.12990590408803165], [0.9127294001794231, 0.059342646002899395, 0.026223019822818956, 0.0017049339948583386]], "state_values": [4.421981733594647, -3.8681805149384183, 4.424689012112128, 2.393270345930053, -3.901954010816464, -2.5303422114747827, -0.9807467639643033, 1.8079627488543444, 1.2641990566907049, 4.589204058577678, -2.743896777528055, 1.4173771760871972, -4.805141361251602, 4.790396058213295, 0.7754231557633778, -3.9216430565343092], "value_grad": [-10.691999435424805, 0.0, -9.503999710083008, -11.08799934387207, 3.9600000381469727, -7.52400016784668, 7.523999214172363, -15.048002243041992, -3.56400203704834, -1.9799995422363281, 12.276000022888184, -3.9600000381469727, 0.7919988632202148, 12.2760009765625, -0.7920017242431641, -0.39600038528442383], "action_grad": [[0.0, 0.0, 0.0], [0.0, 0.0, 0.0], [0.0, 0.0, 0.0], [0.0, 0.0, 0.0], [0.0, 0.0, 0.0], [0.0, 0.0, 0.0], [0.0, 0.0, 0.0], [0.0, 0.0, 0.0], [0.0, 0.0, 0.0], [0.0, 0.0, 0.0], [0.0, 0.0, 0.0], [0.0, 0.0, 0.0], [0.0, 0.0, 0.0], [0.0, 0.0, 0.0], [0.0, 0.0, 0.0], [0.0, 0.0, 0.0]], "action_params_change": 0, "value_params_change": 0.3264345480175752}
{"iterations": 1, "type_itr": 0, "sub_iteration": 6, "sub_it_time": 0.10374045372009277, "total_time": 0.7476656436920166, "value_loss": 20.59200096130371, "action_loss": -0.5795446634292603, "action_probs": [[0.6559121435973642, 0.008045913969017564, 0.3319697506317556, 0.004072191801862614], [0.03367789681550915, 0.6251606103637584, 0.01743917732105998, 0.3237223154996725], [0.12807307364703652, 0.8509288513938823, 0.0027469690629750177, 0.018251105896106113], [0.01892384040533878, 0.062398672503107856, 0.21377728660783346, 0.7049002004837199], [0.0009466336700740378, 0.004392199758474445, 0.1763643243778169, 0.8182968421936346], [0.01790572267127455, 0.017091031791339303, 0.4937337977991959, 0.4712694477381902], [0.0025548579245708238, 0.8913836862552011, 0.00030312145354740954, 0.10575833436668053], [0.19091992278965828, 0.008077526405755053, 0.7684889719554043, 0.032513578849182205], [0.9219046126569127, 0.01863460150263222, 0.05828270837968645, 0.0011780774607684538], [0.2936259651179996, 0.706318499187528, 1.6307627543402505e-05, 3.922806692908222e-05], [0.1881128868779631, 0.8102652843855084, 0.00030558248811060504, 0.0013162462484178515], [0.6121782538362247, 0.2324121517440236, 0.11264439367614848, 0.042765200743603085], [0.11186957849561574, 0.0566581096326897, 0.5519357566279868, 0.27953655524370796], [0.3621786671568164, 0.5182447306503912, 0.049190076630391696, 0.07038652556240063], [0.10960432567847025, 0.7412821735486075, 0.019207596684890613, 0.12990590408803165], [0.9127294001794231, 0.059342646002899395, 0.026223019822818956, 0.0017049339948583386]], "state_values": [4.406739102236033, -3.484760698374505, 4.514343441456146, 2.7013053544027574, -4.032399251051846, -2.4830860126068828, -1.6334459400579346, 1.2033736718842436, 1.145683519952338, 4.709715671764625, -3.102267089052384, 1.1076369563442385, -4.560053323520599, 4.888949165169125, -0.058384237277157656, -4.092887776336398], "value_grad": [11.484001159667969, -16.631999969482422, 11.879999160766602, 5.939999580383301, -5.940000534057617, -2.3760008811950684, 1.5839991569519043, -6.732000827789307, 13.464000701904297, -6.33599853515625, 0.7920007705688477, -9.90000057220459, 0.0, -3.5640010833740234, 9.90000057220459, -3.564000129699707], "action_grad": [[0.0, 0.0, 0.0], [0.0, 0.0, 0.0], [0.0, 0.0, 0.0], [0.0, 0.0, 0.0], [0.0, 0.0, 0.0], [0.0, 0.0, 0.0], [0.0, 0.0, 0.0], [0.0, 0.0, 0.0], [0.0, 0.0, 0.0], [0.0, 0.0, 0.0], [0.0, 0.0, 0.0], [0.0, 0.0, 0.0], [0.0, 0.0, 0.0], [0.0, 0.0, 0.0], [0.0, 0.0, 0.0], [0.0, 0.0, 0.0]], "action_params_change": 0, "value_params_change": 0.3347804664462819}
{"iterations": 1, "type_itr": 0, "sub_iteration": 7, "sub_it_time": 0.10494422912597656, "total_time": 0.8540916442871094, "value_loss": 7.920000076293945, "action_loss": -0.5433230996131897, "action_probs": [[0.6559121435973642, 0.008045913969017564, 0.3319697506317556, 0.004072191801862614], [0.03367789681550915, 0.6251606103637584, 0.01743917732105998, 0.3237223154996725], [0.12807307364703652, 0.8509288513938823, 0.0027469690629750177, 0.018251105896106113], [0.01892384040533878, 0.062398672503107856, 0.21377728660783346, 0.7049002004837199], [0.0009466336700740378, 0.004392199758474445, 0.1763643243778169, 0.8182968421936346], [0.01790572267127455, 0.017091031791339303, 0.4937337977991959, 0.4712694477381902], [0.0025548579245708238, 0.8913836862552011, 0.00030312145354740954, 0.10575833436668053], [0.19091992278965828, 0.008077526405755053, 0.7684889719554043, 0.032513578849182205], [0.9219046126569127, 0.01863460150263222, 0.05828270837968645, 0.0011780774607684538], [0.2936259651179996, 0.706318499187528, 1.6307627543402505e-05, 3.922806692908222e-05], [0.1881128868779631, 0.8102652843855084, 0.00030558248811060504, 0.0013162462484178515], [0.6121782538362247, 0.2324121517440236, 0.11264439367614848, 0.042765200743603085], [0.11186957849561574, 0.0566581096326897, 0.5519357566279868, 0.27953655524370796], [0.3621786671568164, 0.5182447306503912, 0.049190076630391696, 0.07038652556240063], [0.10960432567847025, 0.7412821735486075, 0.019207596684890613, 0.12990590408803165], [0.9127294001794231, 0.059342646002899395, 0.026223019822818956, 0.0017049339948583386]], "state_values": [4.419389637993498, -2.933336537462554, 4.587383369244814, 2.8604777068057663, -3.9917923164106686, -2.5617091700350865, -1.9793462418024559, 0.6252806388630643, 0.7331521162679748, 4.85257934297506, -3.297703501192264, 1.0282266986383881, -4.146814061963907, 4.9020152445798315, -0.3420622413745634, -4.09687104976019], "value_grad": [2.3759984970092773, -9.107999801635742, 0.0, 3.9600002765655518, -9.50400161743164, -6.336002349853516, -12.276001930236816, -1.1879997253417969, 11.088000297546387, -8.315998077392578, -6.335999488830566, 9.50400161743164, 6.335999488830566, -6.335999011993408, -10.296001434326172, 5.148001670837402], "action_grad": [[0.0, 0.0, 0.0], [0.0, 0.0, 0.0], [0.0, 0.0, 0.0], [0.0, 0.0, 0.0], [0.0, 0.0, 0.0], [0.0, 0.0, 0.0], [0.0, 0.0, 0.0], [0.0, 0.0, 0.0], [0.0, 0.0, 0.0], [0.0, 0.0, 0.0], [0.0, 0.0, 0.0], [0.0, 0.0, 0.0], [0.0, 0.0, 0.0], [0.0, 0.0, 0.0], [0.0, 0.0, 0.0], [0.0, 0.0, 0.0]], "action_params_change": 0, "value_params_change": 0.340386932674555}
{"iterations": 1, "type_itr": 0, "sub_iteration": 8, "sub_it_time": 0.10611152648925781, "total_time": 0.9617993831634521, "value_loss": 9.107999801635742, "action_loss": -1.0504246950149536, "action_probs": [[0.6559121435973642, 0.008045913969017564, 0.3319697506317556, 0.004072191801862614], [0.03367789681550915, 0.6251606103637584, 0.01743917732105998, 0.3237223154996725], [0.12807307364703652, 0.8509288513938823, 0.0027469690629750177, 0.018251105896106113], [0.01892384040533878, 0.062398672503107856, 0.21377728660783346, 0.7049002004837199], [0.0009466336700740378, 0.004392199758474445, 0.1763643243778169, 0.8182968421936346], [0.01790572267127455, 0.017091031791339303, 0.4937337977991959, 0.4712694477381902], [0.0025548579245708238, 0.8913836862552011, 0.00030312145354740954, 0.10575833436668053], [0.19091992278965828, 0.008077526405755053, 0.7684889719554043, 0.032513578849182205], [0.9219046126569127, 0.01863460150263222, 0.05828270837968645, 0.0011780774607684538], [0.2936259651179996, 0.706318499187528, 1.6307627543402505e-05, 3.922806692908222e-05], [0.1881128868779631, 0.8102652843855084, 0.00030558248811060504, 0.0013162462484178515], [0.6121782538362247, 0.2324121517440236, 0.11264439367614848, 0.042765200743603085], [0.11186957849561574, 0.0566581096326897, 0.5519357566279868, 0.27953655524370796], [0.3621786671568164, 0.5182447306503912, 0.049190076630391696, 0.07038652556240063], [0.10960432567847025, 0.7412821735486075, 0.019207596684890613, 0.12990590408803165], [0.9127294001794231, 0.059342646002899395, 0.026223019822818956, 0.0017049339948583386]], "state_values": [4.379438346208862, -2.3822756626509403, 4.551442980453566, 3.016808734340863, -3.752643113961133, -2.3981608451106835, -2.237902088104041, -0.17277741975836944, 0.4702390557334918, 4.9472674470847116, -3.4412216717326243, 0.934844304187829, -3.5359814815366875, 4.829114947241151, -0.5802871352780566, -4.264721723362436], "value_grad": [-4.75200080871582, -0.3960001468658447, 11.483999252319336, -0.7919998168945312, -15.444001197814941, 13.464000701904297, -2.7719998359680176, -23.760000228881836, -3.56400203704834, -1.980001449584961, -1.5839996337890625, -1.188000202178955, 13.860000610351562, -11.484001159667969, -0.3959989547729492, -7.920001983642578], "action_grad": [[0.0, 0.0, 0.0], [0.0, 0.0, 0.0], [0.0, 0.0, 0.0], [0.0, 0.0, 0.0], [0.0, 0.0, 0.0], [0.0, 0.0, 0.0], [0.0, 0.0, 0.0], [0.0, 0.0, 0.0], [0.0, 0.0, 0.0], [0.0, 0.0, 0.0], [0.0, 0.0, 0.0], [0.0, 0.0, 0.0], [0.0, 0.0, 0.0], [0.0, 0.0, 0.0], [0.0, 0.0, 0.0], [0.0, 0.0, 0.0]], "action_params_change": 0, "value_params_change": 0.3848829818149824}
{"iterations": 1, "type_itr": 0, "sub_iteration": 9, "sub_it_time": 0.10306882858276367, "total_time": 1.0663559436798096, "value_loss": 8.711999893188477, "action_loss": -0.8330954313278198, "action_probs": [[0.6559121435973642, 0.008045913969017564, 0.3319697506317556, 0.004072191801862614], [0.03367789681550915, 0.6251606103637584, 0.01743917732105998, 0.3237223154996725], [0.12807307364703652, 0.8509288513938823, 0.0027469690629750177, 0.018251105896106113], [0.01892384040533878, 0.062398672503107856, 0.21377728660783346, 0.7049002004837199], [0.0009466336700740378, 0.004392199758474445, 0.1763643243778169, 0.8182968421936346], [0.01790572267127455, 0.017091031791339303, 0.4937337977991959, 0.4712694477381902], [0.0025548579245708238, 0.8913836862552011, 0.00030312145354740954, 0.10575833436668053], [0.19091992278965828, 0.008077526405755053, 0.7684889719554043, 0.032513578849182205], [0.9219046126569127, 0.01863460150263222, 0.05828270837968645, 0.0011780774607684538], [0.2936259651179996, 0.706318499187528, 1.6307627543402505e-05, 3.922806692908222e-05], [0.1881128868779631, 0.8102652843855084, 0.00030558248811060504, 0.0013162462484178515], [0.6121782538362247, 0.2324121517440236, 0.11264439367614848, 0.042765200743603085], [0.11186957849561574, 0.0566581096326897, 0.5519357566279868, 0.27953655524370796], [0.3621786671568164, 0.5182447306503912, 0.049190076630391696, 0.07038652556240063], [0.10960432567847025, 0.7412821735486075, 0.019207596684890613, 0.12990590408803165], [0.9127294001794231, 0.059342646002899395, 0.026223019822818956, 0.0017049339948583386]], "state_values": [4.253308179214321, -1.6267014310232515, 4.567807984484926, 3.2132520803813103, -3.475142750259544, -2.176241058510737, -2.5144246832193518, -0.6230991634949544, 0.24581087065606613, 4.995565718772198, -3.6693757220626937, 0.9779939692781391, -2.7208552961584047, 4.763079725365193, -0.9199456049247057, -4.379292533236017], "value_grad": [-8.315999984741211, -15.048001289367676, -5.940000534057617, -2.772000312805176, -3.168001174926758, 4.3560004234313965, 3.960000514984131, 13.068000793457031, -0.3959994316101074, -3.1680006980895996, 8.316000938415527, 6.731998443603516, 13.860000610351562, 1.5840015411376953, 4.3560004234313965, 1.188000202178955], "action_grad": [[0.0, 0.0, 0.0], [0.0, 0.0, 0.0], [0.0, 0.0, 0.0], [0.0, 0.0, 0.0], [0.0, 0.0, 0.0], [0.0, 0.0, 0.0], [0.0, 0.0, 0.0], [0.0, 0.0, 0.0], [0.0, 0.0, 0.0], [0.0, 0.0, 0.0], [0.0, 0.0, 0.0], [0.0, 0.0, 0.0], [0.0, 0.0, 0.0], [0.0, 0.0, 0.0], [0.0, 0.0, 0.0], [0.0, 0.0, 0.0]], "action_params_change": 0, "value_params_change": 0.42024801572599735}
{"iterations": 1, "type_itr": 0, "sub_iteration": 10, "sub_it_time": 0.10654497146606445, "total_time": 1.174410343170166, "value_loss": 12.275999069213867, "action_loss": -1.1047569513320923, "action_probs": [[0.6559121435973642, 0.008045913969017564, 0.3319697506317556, 0.004072191801862614], [0.03367789681550915, 0.6251606103637584, 0.01743917732105998, 0.3237223154996725], [0.12807307364703652, 0.8509288513938823, 0.0027469690629750177, 0.018251105896106113], [0.01892384040533878, 0.062398672503107856, 0.21377728660783346, 0.7049002004837199], [0.0009466336700740378, 0.004392199758474445, 0.1763643243778169, 0.8182968421936346], [0.01790572267127455, 0.017091031791339303, 0.4937337977991959, 0.4712694477381902], [0.0025548579245708238, 0.8913836862552011, 0.00030312145354740954, 0.10575833436668053], [0.19091992278965828, 0.008077526405755053, 0.7684889719554043, 0.032513578849182205], [0.9219046126569127, 0.01863460150263222, 0.05828270837968645, 0.0011780774607684538], [0.2936259651179996, 0.706318499187528, 1.6307627543402505e-05, 3.922806692908222e-05], [0.1881128868779631, 0.8102652843855084, 0.00030558248811060504, 0.0013162462484178515], [0.6121782538362247, 0.2324121517440236, 0.11264439367614848, 0.042765200743603085], [0.11186957849561574, 0.0566581096326897, 0.5519357566279868, 0.27953655524370796], [0.3621786671568164, 0.5182447306503912, 0.049190076630391696, 0.07038652556240063], [0.10960432567847025, 0.7412821735486075, 0.019207596684890613, 0.12990590408803165], [0.9127294001794231, 0.059342646002899395, 0.026223019822818956, 0.0017049339948583386]], "state_values": [4.0343456573326435, -0.7107597178851871, 4.572816818798493, 3.3990761503838067, -3.239390905821891, -2.0426602360581216, -2.7176665753598694, -1.2043819521437653, -0.23082917665345495, 4.999568678448126, -3.897290911252837, 0.820885480938469, -1.7820872861513644, 4.759672084330328, -1.4389738346396435, -4.607001034664762], "value_grad": [-8.711999893188477, -15.04800033569336, 1.1879997253417969, -0.7919998168945312, 1.980001449584961, -3.9600000381469727, -2.7719993591308594, -13.860000610351562, 12.275999069213867, 6.732000350952148, 3.1679999828338623, -11.088001251220703, 5.543999671936035, 6.336000919342041, 9.107999801635742, -11.88000202178955], "action_grad": [[0.0, 0.0, 0.0], [0.0, 0.0, 0.0], [0.0, 0.0, 0.0], [0.0, 0.0, 0.0], [0.0, 0.0, 0.0], [0.0, 0.0, 0.0], [0.0, 0.0, 0.0], [0.0, 0.0, 0.0], [0.0, 0.0, 0.0], [0.0, 0.0, 0.0], [0.0, 0.0, 0.0], [0.0, 0.0, 0.0], [0.0, 0.0, 0.0], [0.0, 0.0, 0.0], [0.0, 0.0, 0.0], [0.0, 0.0, 0.0]], "action_params_change": 0, "value_params_change": 0.4219400772197517}
{"iterations": 1, "type_itr": 0, "sub_iteration": 11, "sub_it_time": 0.10621881484985352, "total_time": 1.282179355621338, "value_loss": 17.82000160217285, "action_loss": -0.5976554155349731, "action_probs": [[0.6559121435973642, 0.008045913969017564, 0.3319697506317556, 0.004072191801862614], [0.03367789681550915, 0.6251606103637584, 0.01743917732105998, 0.3237223154996725], [0.12807307364703652, 0.8509288513938823, 0.0027469690629750177, 0.018251105896106113], [0.01892384040533878, 0.062398672503107856, 0.21377728660783346, 0.7049002004837199], [0.0009466336700740378, 0.004392199758474445, 0.1763643243778169, 0.8182968421936346], [0.01790572267127455, 0.017091031791339303, 0.4937337977991959, 0.4712694477381902], [0.0025548579245708238, 0.8913836862552011, 0.00030312145354740954, 0.10575833436668053], [0.19091992278965828, 0.008077526405755053, 0.7684889719554043, 0.032513578849182205], [0.9219046126569127, 0.01863460150263222, 0.05828270837968645, 0.0011780774607684538], [0.2936259651179996, 0.706318499187528, 1.6307627543402505e-05, 3.922806692908222e-05], [0.1881128868779631, 0.8102652843855084, 0.00030558248811060504, 0.0013162462484178515], [0.6121782538362247, 0.2324121517440236, 0.11264439367614848, 0.042765200743603085], [0.11186957849561574, 0.0566581096326897, 0.5519357566279868, 0.27953655524370796], [0.3621786671568164, 0.5182447306503912, 0.049190076630391696, 0.07038652556240063], [0.10960432567847025, 0.7412821735486075, 0.019207596684890613, 0.12990590408803165], [0.9127294001794231, 0.059342646002899395, 0.026223019822818956, 0.0017049339948583386]], "state_values": [3.8587328461261357, 0.25700110400398085, 4.6018373176294, 3.5590437300024584, -2.8812227238425496, -1.9900578302140222, -2.8244409714564855, -1.7128829610398262, -0.372530095422326, 4.993553609831724, -4.218329339526061, 0.6719511138308637, -0.9208450924956091, 4.6782641394201905, -1.9120071028417025, -4.782557666023748], "value_grad": [3.168001174926758, -7.5239996910095215, -3.167999744415283, 0.0, -9.107999801635742, -3.9600000381469727, -5.543999671936035, 0.0, -11.088001251220703, 2.37600040435791, 16.236000061035156, -0.39600181579589844, -1.9800000190734863, -8.711999893188477, 0.7920007705688477, -1.5840015411376953], "action_grad": [[0.0, 0.0, 0.0], [0.0, 0.0, 0.0], [0.0, 0.0, 0.0], [0.0, 0.0, 0.0], [0.0, 0.0, 0.0], [0.0, 0.0, 0.0], [0.0, 0.0, 0.0], [0.0, 0.0, 0.0], [0.0, 0.0, 0.0], [0.0, 0.0, 0.0], [0.0, 0.0, 0.0], [0.0, 0.0, 0.0], [0.0, 0.0, 0.0], [0.0, 0.0, 0.0], [0.0, 0.0, 0.0], [0.0, 0.0, 0.0]], "action_params_change": 0, "value_params_change": 0.38811595814595545}
{"iterations": 1, "type_itr": 0, "sub_iteration": 12, "sub_it_time": 0.10583758354187012, "total_time": 1.3896195888519287, "value_loss": -1.9800000190734863, "action_loss": -0.6700984835624695, "action_probs": [[0.6559121435973642, 0.008045913969017564, 0.3319697506317556, 0.004072191801862614], [0.03367789681550915, 0.6251606103637584, 0.01743917732105998, 0.3237223154996725], [0.12807307364703652, 0.8509288513938823, 0.0027469690629750177, 0.018251105896106113], [0.01892384040533878, 0.062398672503107856, 0.21377728660783346, 0.7049002004837199], [0.0009466336700740378, 0.004392199758474445, 0.1763643243778169, 0.8182968421936346], [0.01790572267127455, 0.017091031791339303, 0.4937337977991959, 0.4712694477381902], [0.0025548579245708238, 0.8913836862552011, 0.00030312145354740954, 0.10575833436668053], [0.19091992278965828, 0.008077526405755053, 0.7684889719554043, 0.032513578849182205], [0.9219046126569127, 0.01863460150263222, 0.05828270837968645, 0.0011780774607684538], [0.2936259651179996, 0.706318499187528, 1.6307627543402505e-05, 3.922806692908222e-05], [0.1881128868779631, 0.8102652843855084, 0.00030558248811060504, 0.0013162462484178515], [0.6121782538362247, 0.2324121517440236, 0.11264439367614848, 0.042765200743603085], [0.11186957849561574, 0.0566581096326897, 0.5519357566279868, 0.27953655524370796], [0.3621786671568164, 0.5182447306503912, 0.049190076630391696, 0.07038652556240063], [0.10960432567847025, 0.7412821735486075, 0.019207596684890613, 0.12990590408803165], [0.9127294001794231, 0.059342646002899395, 0.026223019822818956, 0.0017049339948583386]], "state_values": [3.5440685472515776, 1.082499911398417, 4.627159694879883, 3.958234977779406, -2.643304076129463, -2.112422961430557, -2.985529528655649, -2.1657314840736697, -0.7371754536414887, 4.940831661515868, -4.41236264602375, 0.2488493404168111, 0.07882000435213735, 4.649519760109609, -2.3601226798280406, -4.912459042249558], "value_grad": [-12.2760009765625, 1.9800000190734863, 0.0, -29.303998947143555, 5.940000534057617, -10.295999526977539, 5.543999671936035, -0.7920002937316895, 12.276000022888184, -20.195999145507812, -6.336000919342041, -20.196001052856445, 20.987998962402344, 5.148000240325928, 1.5839996337890625, -2.772000312805176], "action_grad": [[0.0, 0.0, 0.0], [0.0, 0.0, 0.0], [0.0, 0.0, 0.0], [0.0, 0.0, 0.0], [0.0, 0.0, 0.0], [0.0, 0.0, 0.0], [0.0, 0.0, 0.0], [0.0, 0.0, 0.0], [0.0, 0.0, 0.0], [0.0, 0.0, 0.0], [0.0, 0.0, 0.0], [0.0, 0.0, 0.0], [0.0, 0.0, 0.0], [0.0, 0.0, 0.0], [0.0, 0.0, 0.0], [0.0, 0.0, 0.0]], "action_params_change": 0, "value_params_change": 0.4019820118927502}
{"iterations": 1, "type_itr": 0, "sub_iteration": 13, "sub_it_time": 0.10394811630249023, "total_time": 1.4950737953186035, "value_loss": 5.148000240325928, "action_loss": -0.9055385589599609, "action_probs": [[0.6559121435973642, 0.008045913969017564, 0.3319697506317556, 0.004072191801862614], [0.03367789681550915, 0.6251606103637584, 0.01743917732105998, 0.3237223154996725], [0.12807307364703652, 0.8509288513938823, 0.0027469690629750177, 0.018251105896106113], [0.01892384040533878, 0.062398672503107856, 0.21377728660783346, 0.7049002004837199], [0.0009466336700740378, 0.004392199758474445, 0.1763643243778169, 0.8182968421936346], [0.01790572267127455, 0.017091031791339303, 0.4937337977991959, 0.4712694477381902], [0.0025548579245708238, 0.8913836862552011, 0.00030312145354740954, 0.10575833436668053], [0.19091992278965828, 0.008077526405755053, 0.7684889719554043, 0.032513578849182205], [0.9219046126569127, 0.01863460150263222, 0.05828270837968645, 0.0011780774607684538], [0.2936259651179996, 0.706318499187528, 1.6307627543402505e-05, 3.922806692908222e-05], [0.1881128868779631, 0.8102652843855084, 0.00030558248811060504, 0.0013162462484178515], [0.6121782538362247, 0.2324121517440236, 0.11264439367614848, 0.042765200743603085], [0.11186957849561574, 0.0566581096326897, 0.5519357566279868, 0.27953655524370796], [0.3621786671568164, 0.5182447306503912, 0.049190076630391696, 0.07038652556240063], [0.10960432567847025, 0.7412821735486075, 0.019207596684890613, 0.12990590408803165], [0.9127294001794231, 0.059342646002899395, 0.026223019822818956, 0.0017049339948583386]], "state_values": [3.13968959284227, 1.6298575876864148, 4.684841459697435, 4.352869145141011, -2.4074646270563558, -2.113097751683764, -2.975916257250658, -2.5302507324456798, -1.2048553158641342, 4.849824787973647, -4.5257757925531505, -0.21537772623560028, 1.0963614758612417, 4.753263448666005, -2.646791844432453, -4.988479342161283], "value_grad": [-7.128000259399414, 8.316000938415527, -5.147999286651611, -12.276000022888184, -0.7919998168945312, 6.73199987411499, -12.672001838684082, 1.9800004959106445, 7.9200005531311035, 0.3959999084472656, -5.544000148773193, -5.543999671936035, 7.920000076293945, 17.027999877929688, -3.9600000381469727, -3.960000514984131], "action_grad": [[0.0, 0.0, 0.0], [0.0, 0.0, 0.0], [0.0, 0.0, 0.0], [0.0, 0.0, 0.0], [0.0, 0.0, 0.0], [0.0, 0.0, 0.0], [0.0, 0.0, 0.0], [0.0, 0.0, 0.0], [0.0, 0.0, 0.0], [0.0, 0.0, 0.0], [0.0, 0.0, 0.0], [0.0, 0.0, 0.0], [0.0, 0.0, 0.0], [0.0, 0.0, 0.0], [0.0, 0.0, 0.0], [0.0, 0.0, 0.0]], "action_params_change": 0, "value_params_change": 0.41060779570652883}
