{"iterations": 0, "type_itr": 0, "sub_iteration": 0, "sub_it_time": 0, "total_time": 0, "value_loss": 0, "action_loss": 0, "action_probs": [[0.10352771683025415, 0.2577317596442414, 0.18304668072070693, 0.4556938428047976], [0.1080595229343876, 0.48930469376175656, 0.07283434367857235, 0.3298014396252835], [0.011577083539429458, 0.3360866530031255, 0.02172257449957453, 0.6306136889578703], [0.15138349884156493, 0.847743313314678, 0.00013230175521825225, 0.0007408860885389561], [0.23528945066655121, 0.0008341358911595477, 0.7611779251542218, 0.002698488288067364], [0.01077636811888863, 0.457342760648262, 0.012244199631182858, 0.5196366716016666], [0.005676206578522395, 0.4503594389726461, 0.006770641894609752, 0.5371937125542215], [0.4795758250543996, 0.00362051712496303, 0.5129313261615358, 0.0038723316591014246], [0.039256216386852665, 0.06826927255860553, 0.32583132491942496, 0.5666431861351169], [0.09103268270937374, 0.09315138753395985, 0.4032157210158046, 0.41260020874086184], [0.06192305069472751, 0.20536909336014111, 0.16974500267692788, 0.5629628532682034], [0.35942455736924633, 1.0229735755730086e-05, 0.640546982013911, 1.823088108696206e-05], [0.005977519123789478, 0.0007566228951537598, 0.8816662381617908, 0.11159961981926611], [0.5147418188845354, 0.002905034350284535, 0.4796461807099163, 0.002706966055263618], [0.15796067453869106, 0.501592536851096, 0.08153580855149356, 0.2589109800587196], [0.07303940357234044, 0.050597786689667155, 0.5177165285024495, 0.35864628123554293]], "state_values": [-4.566752721971919, -1.225934305072572, -4.251168432227575, 2.8436966457224773, 4.366404614532703, -4.9780773492303165, 3.1975369629535413, 3.343793891766287, 2.896211730804129, -3.7075640026977776, 4.609657549650355, 4.194620462921342, 3.1167765780403998, 0.6413864359823706, 2.7879435790775884, -4.129085402256327], "value_grad": [0.0, 0.0, 0.0, 0.0, 0.0, 0.0, 0.0, 0.0, 0.0, 0.0, 0.0, 0.0, 0.0, 0.0, 0.0, 0.0], "action_grad": [[0.0, 0.0, 0.0], [0.0, 0.0, 0.0], [0.0, 0.0, 0.0], [0.0, 0.0, 0.0], [0.0, 0.0, 0.0], [0.0, 0.0, 0.0], [0.0, 0.0, 0.0], [0.0, 0.0, 0.0], [0.0, 0.0, 0.0], [0.0, 0.0, 0.0], [0.0, 0.0, 0.0], [0.0, 0.0, 0.0], [0.0, 0.0, 0.0], [0.0, 0.0, 0.0], [0.0, 0.0, 0.0], [0.0, 0.0, 0.0]], "action_params_change": 0, "value_params_change": 0}
{"iterations": 1, "type_itr": 0, "sub_iteration": 0, "sub_it_time": 0.0984792709350586, "total_time": 0.09993219375610352, "value_loss": 13.12669883625272, "action_loss": -0.4120639686587824, "action_probs": [[0.10352771683025415, 0.2577317596442414, 0.18304668072070693, 0.4556938428047976], [0.1080595229343876, 0.48930469376175656, 0.07283434367857235, 0.3298014396252835], [0.011577083539429458, 0.3360866530031255, 0.02172257449957453, 0.6306136889578703], [0.15138349884156493, 0.847743313314678, 0.00013230175521825225, 0.0007408860885389561], [0.23528945066655121, 0.0008341358911595477, 0.7611779251542218, 0.002698488288067364], [0.01077636811888863, 0.457342760648262, 0.012244199631182858, 0.5196366716016666], [0.005676206578522395, 0.4503594389726461, 0.006770641894609752, 0.5371937125542215], [0.4795758250543996, 0.00362051712496303, 0.5129313261615358, 0.0038723316591014246], [0.039256216386852665, 0.06826927255860553, 0.32583132491942496, 0.5666431861351169], [0.09103268270937374, 0.09315138753395985, 0.4032157210158046, 0.41260020874086184], [0.06192305069472751, 0.20536909336014111, 0.16974500267692788, 0.5629628532682034], [0.35942455736924633, 1.0229735755730086e-05, 0.640546982013911, 1.823088108696206e-05], [0.005977519123789478, 0.0007566228951537598, 0.8816662381617908, 0.11159961981926611], [0.5147418188845354, 0.002905034350284535, 0.4796461807099163, 0.002706966055263618], [0.15796067453869106, 0.501592536851096, 0.08153580855149356, 0.2589109800587196], [0.07303940357234044, 0.050597786689667155, 0.5177165285024495, 0.35864628123554293]], "state_values": [-3.921101033670545, -2.3870837692813462, -3.4678359684165754, 3.7727638060291526, 3.627966573382451, -4.707609472456998, 2.147131093180106, 2.320144711598671, 1.7978121941724579, -2.7623404078672396, 3.98719123169746, 3.3909738416465447, 2.0526099340135495, -0.6053526336292425, 1.6744015764671596, -3.3031195865178016], "value_grad": [-0.11018866441611408, -0.8819221035145759, -1.2136469367461018, -0.25485027635161117, 0.9097568519155708, 0.26398304417132756, 1.190583503407174, -0.14731864034614262, -0.5152173959547479, 0.14740789496600648, -0.610372789507533, -0.13528171404013278, -0.19318264043662658, -0.2931123517728853, 0.8583089861196456, 0.9832589209993934], "action_grad": [[0.0, 0.0, 0.0], [0.0, 0.0, 0.0], [0.0, 0.0, 0.0], [0.0, 0.0, 0.0], [0.0, 0.0, 0.0], [0.0, 0.0, 0.0], [0.0, 0.0, 0.0], [0.0, 0.0, 0.0], [0.0, 0.0, 0.0], [0.0, 0.0, 0.0], [0.0, 0.0, 0.0], [0.0, 0.0, 0.0], [0.0, 0.0, 0.0], [0.0, 0.0, 0.0], [0.0, 0.0, 0.0], [0.0, 0.0, 0.0]], "action_params_change": 0, "value_params_change": 0.4999999958801862}
{"iterations": 1, "type_itr": 0, "sub_iteration": 1, "sub_it_time": 0.10120272636413574, "total_time": 0.20851683616638184, "value_loss": 8.947780799915764, "action_loss": -0.235927937096692, "action_probs": [[0.10352771683025415, 0.2577317596442414, 0.18304668072070693, 0.4556938428047976], [0.1080595229343876, 0.48930469376175656, 0.07283434367857235, 0.3298014396252835], [0.011577083539429458, 0.3360866530031255, 0.02172257449957453, 0.6306136889578703], [0.15138349884156493, 0.847743313314678, 0.00013230175521825225, 0.0007408860885389561], [0.23528945066655121, 0.0008341358911595477, 0.7611779251542218, 0.002698488288067364], [0.01077636811888863, 0.457342760648262, 0.012244199631182858, 0.5196366716016666], [0.005676206578522395, 0.4503594389726461, 0.006770641894609752, 0.5371937125542215], [0.4795758250543996, 0.00362051712496303, 0.5129313261615358, 0.0038723316591014246], [0.039256216386852665, 0.06826927255860553, 0.32583132491942496, 0.5666431861351169], [0.09103268270937374, 0.09315138753395985, 0.4032157210158046, 0.41260020874086184], [0.06192305069472751, 0.20536909336014111, 0.16974500267692788, 0.5629628532682034], [0.35942455736924633, 1.0229735755730086e-05, 0.640546982013911, 1.823088108696206e-05], [0.005977519123789478, 0.0007566228951537598, 0.8816662381617908, 0.11159961981926611], [0.5147418188845354, 0.002905034350284535, 0.4796461807099163, 0.002706966055263618], [0.15796067453869106, 0.501592536851096, 0.08153580855149356, 0.2589109800587196], [0.07303940357234044, 0.050597786689667155, 0.5177165285024495, 0.35864628123554293]], "state_values": [-3.033545980863363, -3.2702487082262883, -2.467415867450653, 4.449436901244224, 2.6645248238266683, -4.205126781439333, 0.9687922930972739, 1.1636630159867407, 0.6247483042809154, -1.6486227227066366, 3.122794817970006, 2.3750376024138102, 0.8659113087280973, -1.170378441505867, 0.4743918064762683, -2.271333364220136], "value_grad": [-0.14417397657660835, -0.27421094475982066, -1.352057947999107, -0.16720106657774103, 1.1440447481040206, 0.8327230092342734, 1.0631535277391144, -0.12178948815543578, -0.34268373317267375, 0.13644253361042935, -0.8713691044561109, -0.14766970337970342, -0.17382666612679998, 0.07675158450532926, 0.6677089712246023, 0.999922019104643], "action_grad": [[0.0, 0.0, 0.0], [0.0, 0.0, 0.0], [0.0, 0.0, 0.0], [0.0, 0.0, 0.0], [0.0, 0.0, 0.0], [0.0, 0.0, 0.0], [0.0, 0.0, 0.0], [0.0, 0.0, 0.0], [0.0, 0.0, 0.0], [0.0, 0.0, 0.0], [0.0, 0.0, 0.0], [0.0, 0.0, 0.0], [0.0, 0.0, 0.0], [0.0, 0.0, 0.0], [0.0, 0.0, 0.0], [0.0, 0.0, 0.0]], "action_params_change": 0, "value_params_change": 0.500678135193966}
{"iterations": 1, "type_itr": 0, "sub_iteration": 2, "sub_it_time": 0.10391759872436523, "total_time": 0.32851529121398926, "value_loss": 5.339646349150445, "action_loss": -0.07638683425425072, "action_probs": [[0.10352771683025415, 0.2577317596442414, 0.18304668072070693, 0.4556938428047976], [0.1080595229343876, 0.48930469376175656, 0.07283434367857235, 0.3298014396252835], [0.011577083539429458, 0.3360866530031255, 0.02172257449957453, 0.6306136889578703], [0.15138349884156493, 0.847743313314678, 0.00013230175521825225, 0.0007408860885389561], [0.23528945066655121, 0.0008341358911595477, 0.7611779251542218, 0.002698488288067364], [0.01077636811888863, 0.457342760648262, 0.012244199631182858, 0.5196366716016666], [0.005676206578522395, 0.4503594389726461, 0.006770641894609752, 0.5371937125542215], [0.4795758250543996, 0.00362051712496303, 0.5129313261615358, 0.0038723316591014246], [0.039256216386852665, 0.06826927255860553, 0.32583132491942496, 0.5666431861351169], [0.09103268270937374, 0.09315138753395985, 0.4032157210158046, 0.41260020874086184], [0.06192305069472751, 0.20536909336014111, 0.16974500267692788, 0.5629628532682034], [0.35942455736924633, 1.0229735755730086e-05, 0.640546982013911, 1.823088108696206e-05], [0.005977519123789478, 0.0007566228951537598, 0.8816662381617908, 0.11159961981926611], [0.5147418188845354, 0.002905034350284535, 0.4796461807099163, 0.002706966055263618], [0.15796067453869106, 0.501592536851096, 0.08153580855149356, 0.2589109800587196], [0.07303940357234044, 0.050597786689667155, 0.5177165285024495, 0.35864628123554293]], "state_values": [-1.9543187224219176, -3.7336080572783907, -1.3183269286109134, 4.848705132403357, 1.532415922115376, -3.4600128867681135, -0.23134612200450727, 0.006761337027699291, -0.4161418727796536, -0.4703717130831661, 2.0614278566499697, 1.2194969569818763, -0.32426619524586237, -1.031345323408832, -0.6424106567375804, -1.1194255256098262], "value_grad": [-0.14289773629601665, 0.19272076976450325, -1.1786439265152762, -0.09793652270153252, 1.1440671292093008, 1.0831856622112221, 0.7267626466454047, -0.0670632005894296, -0.09039161426436415, 0.09223123278082213, -0.9557132655881837, -0.12384924964166455, -0.10772694014028161, 0.23696433540383754, 0.2748588920550423, 0.747783230570727], "action_grad": [[0.0, 0.0, 0.0], [0.0, 0.0, 0.0], [0.0, 0.0, 0.0], [0.0, 0.0, 0.0], [0.0, 0.0, 0.0], [0.0, 0.0, 0.0], [0.0, 0.0, 0.0], [0.0, 0.0, 0.0], [0.0, 0.0, 0.0], [0.0, 0.0, 0.0], [0.0, 0.0, 0.0], [0.0, 0.0, 0.0], [0.0, 0.0, 0.0], [0.0, 0.0, 0.0], [0.0, 0.0, 0.0], [0.0, 0.0, 0.0]], "action_params_change": 0, "value_params_change": 0.501067427685296}
{"iterations": 1, "type_itr": 0, "sub_iteration": 3, "sub_it_time": 0.10170769691467285, "total_time": 0.43228769302368164, "value_loss": 2.9327036363238297, "action_loss": 0.03695984504735399, "action_probs": [[0.10352771683025415, 0.2577317596442414, 0.18304668072070693, 0.4556938428047976], [0.1080595229343876, 0.48930469376175656, 0.07283434367857235, 0.3298014396252835], [0.011577083539429458, 0.3360866530031255, 0.02172257449957453, 0.6306136889578703], [0.15138349884156493, 0.847743313314678, 0.00013230175521825225, 0.0007408860885389561], [0.23528945066655121, 0.0008341358911595477, 0.7611779251542218, 0.002698488288067364], [0.01077636811888863, 0.457342760648262, 0.012244199631182858, 0.5196366716016666], [0.005676206578522395, 0.4503594389726461, 0.006770641894609752, 0.5371937125542215], [0.4795758250543996, 0.00362051712496303, 0.5129313261615358, 0.0038723316591014246], [0.039256216386852665, 0.06826927255860553, 0.32583132491942496, 0.5666431861351169], [0.09103268270937374, 0.09315138753395985, 0.4032157210158046, 0.41260020874086184], [0.06192305069472751, 0.20536909336014111, 0.16974500267692788, 0.5629628532682034], [0.35942455736924633, 1.0229735755730086e-05, 0.640546982013911, 1.823088108696206e-05], [0.005977519123789478, 0.0007566228951537598, 0.8816662381617908, 0.11159961981926611], [0.5147418188845354, 0.002905034350284535, 0.4796461807099163, 0.002706966055263618], [0.15796067453869106, 0.501592536851096, 0.08153580855149356, 0.2589109800587196], [0.07303940357234044, 0.050597786689667155, 0.5177165285024495, 0.35864628123554293]], "state_values": [-0.7693335637566003, -3.826935014249265, -0.12964317889305926, 4.995672983037114, 0.31789200070221146, -2.4980662807237852, -1.3031339313805395, -0.9454340408798839, -1.0852212134089738, 0.6006693751774252, 0.8712035282524538, 0.04875434046774499, -1.2931294407247877, -0.6011502847042448, -1.404212430290112, -0.003148495102936241], "value_grad": [-0.10659679370949782, 0.4836666417614599, -0.7632233859022213, -0.046636852482241586, 0.8898369618999067, 1.033757562840636, 0.26876806896902705, -0.00040066501138813493, 0.13815018820294123, 0.027749817067007854, -0.834686899180932, -0.07008294992114328, -0.0018656548181041899, 0.19771970907513836, -0.19438543180259105, 0.3061179431264205], "action_grad": [[0.0, 0.0, 0.0], [0.0, 0.0, 0.0], [0.0, 0.0, 0.0], [0.0, 0.0, 0.0], [0.0, 0.0, 0.0], [0.0, 0.0, 0.0], [0.0, 0.0, 0.0], [0.0, 0.0, 0.0], [0.0, 0.0, 0.0], [0.0, 0.0, 0.0], [0.0, 0.0, 0.0], [0.0, 0.0, 0.0], [0.0, 0.0, 0.0], [0.0, 0.0, 0.0], [0.0, 0.0, 0.0], [0.0, 0.0, 0.0]], "action_params_change": 0, "value_params_change": 0.4996534517089817}
{"iterations": 1, "type_itr": 0, "sub_iteration": 4, "sub_it_time": 0.10339546203613281, "total_time": 0.5455806255340576, "value_loss": 2.033907762865789, "action_loss": 0.08302621344296464, "action_probs": [[0.10352771683025415, 0.2577317596442414, 0.18304668072070693, 0.4556938428047976], [0.1080595229343876, 0.48930469376175656, 0.07283434367857235, 0.3298014396252835], [0.011577083539429458, 0.3360866530031255, 0.02172257449957453, 0.6306136889578703], [0.15138349884156493, 0.847743313314678, 0.00013230175521825225, 0.0007408860885389561], [0.23528945066655121, 0.0008341358911595477, 0.7611779251542218, 0.002698488288067364], [0.01077636811888863, 0.457342760648262, 0.012244199631182858, 0.5196366716016666], [0.005676206578522395, 0.4503594389726461, 0.006770641894609752, 0.5371937125542215], [0.4795758250543996, 0.00362051712496303, 0.5129313261615358, 0.0038723316591014246], [0.039256216386852665, 0.06826927255860553, 0.32583132491942496, 0.5666431861351169], [0.09103268270937374, 0.09315138753395985, 0.4032157210158046, 0.41260020874086184], [0.06192305069472751, 0.20536909336014111, 0.16974500267692788, 0.5629628532682034], [0.35942455736924633, 1.0229735755730086e-05, 0.640546982013911, 1.823088108696206e-05], [0.005977519123789478, 0.0007566228951537598, 0.8816662381617908, 0.11159961981926611], [0.5147418188845354, 0.002905034350284535, 0.4796461807099163, 0.002706966055263618], [0.15796067453869106, 0.501592536851096, 0.08153580855149356, 0.2589109800587196], [0.07303940357234044, 0.050597786689667155, 0.5177165285024495, 0.35864628123554293]], "state_values": [0.3744856490825698, -3.6418771238684116, 0.9474691917719269, 4.954615405089215, -0.8409105073701795, -1.398939538019771, -2.0941775984183657, -1.528561289332252, -1.3548629060141946, 1.373107430247038, -0.33484811631124745, -0.9533779021943866, -1.8010242790581221, -0.10033581251163882, -1.6996229748265121, 0.871575657088064], "value_grad": [-0.04504650735801219, 0.7069691194860219, -0.23762635072383276, -0.007583377154428028, 0.42091788208295133, 0.6817384417863925, -0.1860465970447467, 0.05501415287037181, 0.25589502184905477, -0.0353368624551571, -0.5149655472863996, -0.00288896227000901, 0.10687113676507165, 0.09170519069587879, -0.5266390577037274, -0.16123474845680308], "action_grad": [[0.0, 0.0, 0.0], [0.0, 0.0, 0.0], [0.0, 0.0, 0.0], [0.0, 0.0, 0.0], [0.0, 0.0, 0.0], [0.0, 0.0, 0.0], [0.0, 0.0, 0.0], [0.0, 0.0, 0.0], [0.0, 0.0, 0.0], [0.0, 0.0, 0.0], [0.0, 0.0, 0.0], [0.0, 0.0, 0.0], [0.0, 0.0, 0.0], [0.0, 0.0, 0.0], [0.0, 0.0, 0.0], [0.0, 0.0, 0.0]], "action_params_change": 0, "value_params_change": 0.4843088188347626}
{"iterations": 1, "type_itr": 0, "sub_iteration": 5, "sub_it_time": 0.10075044631958008, "total_time": 0.6622827053070068, "value_loss": 2.3454452455480523, "action_loss": 0.05699292900644036, "action_probs": [[0.10352771683025415, 0.2577317596442414, 0.18304668072070693, 0.4556938428047976], [0.1080595229343876, 0.48930469376175656, 0.07283434367857235, 0.3298014396252835], [0.011577083539429458, 0.3360866530031255, 0.02172257449957453, 0.6306136889578703], [0.15138349884156493, 0.847743313314678, 0.00013230175521825225, 0.0007408860885389561], [0.23528945066655121, 0.0008341358911595477, 0.7611779251542218, 0.002698488288067364], [0.01077636811888863, 0.457342760648262, 0.012244199631182858, 0.5196366716016666], [0.005676206578522395, 0.4503594389726461, 0.006770641894609752, 0.5371937125542215], [0.4795758250543996, 0.00362051712496303, 0.5129313261615358, 0.0038723316591014246], [0.039256216386852665, 0.06826927255860553, 0.32583132491942496, 0.5666431861351169], [0.09103268270937374, 0.09315138753395985, 0.4032157210158046, 0.41260020874086184], [0.06192305069472751, 0.20536909336014111, 0.16974500267692788, 0.5629628532682034], [0.35942455736924633, 1.0229735755730086e-05, 0.640546982013911, 1.823088108696206e-05], [0.005977519123789478, 0.0007566228951537598, 0.8816662381617908, 0.11159961981926611], [0.5147418188845354, 0.002905034350284535, 0.4796461807099163, 0.002706966055263618], [0.15796067453869106, 0.501592536851096, 0.08153580855149356, 0.2589109800587196], [0.07303940357234044, 0.050597786689667155, 0.5177165285024495, 0.35864628123554293]], "state_values": [1.28945309498673, -3.221273001314393, 1.776753809514325, 4.810149356626625, -1.7691600933323088, -0.34673968827630613, -2.5442580276181936, -1.7472701419863137, -1.3323038710831074, 1.7790364670700438, -1.3882921496808407, -1.6321809742063005, -1.8735942030709796, 0.30534642774862286, -1.6357064318194683, 1.3908222991073682], "value_grad": [0.02212905543015875, 0.9329937179460654, 0.23206349577909569, 0.0248362504572488, -0.12020721112727184, 0.11536491758243006, -0.5329053167978803, 0.08624334206570339, 0.27940986010202584, -0.0782396159209151, -0.07753263827881529, 0.05545904137745472, 0.17067716616064077, -0.018033853883972384, -0.6609115703181243, -0.49724877978616], "action_grad": [[0.0, 0.0, 0.0], [0.0, 0.0, 0.0], [0.0, 0.0, 0.0], [0.0, 0.0, 0.0], [0.0, 0.0, 0.0], [0.0, 0.0, 0.0], [0.0, 0.0, 0.0], [0.0, 0.0, 0.0], [0.0, 0.0, 0.0], [0.0, 0.0, 0.0], [0.0, 0.0, 0.0], [0.0, 0.0, 0.0], [0.0, 0.0, 0.0], [0.0, 0.0, 0.0], [0.0, 0.0, 0.0], [0.0, 0.0, 0.0]], "action_params_change": 0, "value_params_change": 0.428672109464324}
{"iterations": 1, "type_itr": 0, "sub_iteration": 6, "sub_it_time": 0.10253262519836426, "total_time": 0.7679057121276855, "value_loss": 3.1594380697871363, "action_loss": -0.015626557666670215, "action_probs": [[0.10352771683025415, 0.2577317596442414, 0.18304668072070693, 0.4556938428047976], [0.1080595229343876, 0.48930469376175656, 0.07283434367857235, 0.3298014396252835], [0.011577083539429458, 0.3360866530031255, 0.02172257449957453, 0.6306136889578703], [0.15138349884156493, 0.847743313314678, 0.00013230175521825225, 0.0007408860885389561], [0.23528945066655121, 0.0008341358911595477, 0.7611779251542218, 0.002698488288067364], [0.01077636811888863, 0.457342760648262, 0.012244199631182858, 0.5196366716016666], [0.005676206578522395, 0.4503594389726461, 0.006770641894609752, 0.5371937125542215], [0.4795758250543996, 0.00362051712496303, 0.5129313261615358, 0.0038723316591014246], [0.039256216386852665, 0.06826927255860553, 0.32583132491942496, 0.5666431861351169], [0.09103268270937374, 0.09315138753395985, 0.4032157210158046, 0.41260020874086184], [0.06192305069472751, 0.20536909336014111, 0.16974500267692788, 0.5629628532682034], [0.35942455736924633, 1.0229735755730086e-05, 0.640546982013911, 1.823088108696206e-05], [0.005977519123789478, 0.0007566228951537598, 0.8816662381617908, 0.11159961981926611], [0.5147418188845354, 0.002905034350284535, 0.4796461807099163, 0.002706966055263618], [0.15796067453869106, 0.501592536851096, 0.08153580855149356, 0.2589109800587196], [0.07303940357234044, 0.050597786689667155, 0.5177165285024495, 0.35864628123554293]], "state_values": [1.8647726956984696, -2.5876712220923754, 2.31779349211684, 4.646754163211659, -2.362069889097934, 0.4071278531101271, -2.6942575490139835, -1.6876752887516668, -1.1185988020860498, 1.8752434703698992, -2.1357272943366783, -1.9687261240367613, -1.6434868368290014, 0.5192190639844845, -1.333367634690815, 1.5860025375000362], "value_grad": [0.07382614310421642, 1.1338195516973593, 0.5298807306425171, 0.05276365560246665, -0.5545983762696993, -0.46369829392394424, -0.7460294209249527, 0.09701241813669093, 0.2487062265729918, -0.09852375746871012, 0.33232280231813593, 0.09142186895198323, 0.19030314623118771, -0.09415926640891081, -0.6457951158724877, -0.6604671173095427], "action_grad": [[0.0, 0.0, 0.0], [0.0, 0.0, 0.0], [0.0, 0.0, 0.0], [0.0, 0.0, 0.0], [0.0, 0.0, 0.0], [0.0, 0.0, 0.0], [0.0, 0.0, 0.0], [0.0, 0.0, 0.0], [0.0, 0.0, 0.0], [0.0, 0.0, 0.0], [0.0, 0.0, 0.0], [0.0, 0.0, 0.0], [0.0, 0.0, 0.0], [0.0, 0.0, 0.0], [0.0, 0.0, 0.0], [0.0, 0.0, 0.0]], "action_params_change": 0, "value_params_change": 0.31995507237253484}
{"iterations": 1, "type_itr": 0, "sub_iteration": 7, "sub_it_time": 0.10088348388671875, "total_time": 0.87626051902771, "value_loss": 3.71132490203383, "action_loss": -0.10952591838636601, "action_probs": [[0.10352771683025415, 0.2577317596442414, 0.18304668072070693, 0.4556938428047976], [0.1080595229343876, 0.48930469376175656, 0.07283434367857235, 0.3298014396252835], [0.011577083539429458, 0.3360866530031255, 0.02172257449957453, 0.6306136889578703], [0.15138349884156493, 0.847743313314678, 0.00013230175521825225, 0.0007408860885389561], [0.23528945066655121, 0.0008341358911595477, 0.7611779251542218, 0.002698488288067364], [0.01077636811888863, 0.457342760648262, 0.012244199631182858, 0.5196366716016666], [0.005676206578522395, 0.4503594389726461, 0.006770641894609752, 0.5371937125542215], [0.4795758250543996, 0.00362051712496303, 0.5129313261615358, 0.0038723316591014246], [0.039256216386852665, 0.06826927255860553, 0.32583132491942496, 0.5666431861351169], [0.09103268270937374, 0.09315138753395985, 0.4032157210158046, 0.41260020874086184], [0.06192305069472751, 0.20536909336014111, 0.16974500267692788, 0.5629628532682034], [0.35942455736924633, 1.0229735755730086e-05, 0.640546982013911, 1.823088108696206e-05], [0.005977519123789478, 0.0007566228951537598, 0.8816662381617908, 0.11159961981926611], [0.5147418188845354, 0.002905034350284535, 0.4796461807099163, 0.002706966055263618], [0.15796067453869106, 0.501592536851096, 0.08153580855149356, 0.2589109800587196], [0.07303940357234044, 0.050597786689667155, 0.5177165285024495, 0.35864628123554293]], "state_values": [2.1206283522142, -1.7680429111390963, 2.6143010546363197, 4.528187736438331, -2.640175310841151, 0.7642007345351777, -2.6087083007553766, -1.4277558649676179, -0.7912661836440292, 1.7396072983206725, -2.5453470292866496, -2.0278251611557105, -1.2089157184517074, 0.5500179681924683, -0.8824228548505387, 1.5367383838465007], "value_grad": [0.10253041747956271, 1.228040954218676, 0.650106815187161, 0.07494549998435218, -0.811348262510136, -0.8434059450612867, -0.855551728474166, 0.09413955909217187, 0.18774470473790617, -0.10301228535401652, 0.6097816639663503, 0.1072392623410785, 0.17898840329123278, -0.11447867987118432, -0.5244795759445036, -0.6923027277005223], "action_grad": [[0.0, 0.0, 0.0], [0.0, 0.0, 0.0], [0.0, 0.0, 0.0], [0.0, 0.0, 0.0], [0.0, 0.0, 0.0], [0.0, 0.0, 0.0], [0.0, 0.0, 0.0], [0.0, 0.0, 0.0], [0.0, 0.0, 0.0], [0.0, 0.0, 0.0], [0.0, 0.0, 0.0], [0.0, 0.0, 0.0], [0.0, 0.0, 0.0], [0.0, 0.0, 0.0], [0.0, 0.0, 0.0], [0.0, 0.0, 0.0]], "action_params_change": 0, "value_params_change": 0.36508122460191395}
{"iterations": 1, "type_itr": 0, "sub_iteration": 8, "sub_it_time": 0.10294771194458008, "total_time": 0.9896426200866699, "value_loss": 3.629319884845689, "action_loss": -0.2137298481164217, "action_probs": [[0.10352771683025415, 0.2577317596442414, 0.18304668072070693, 0.4556938428047976], [0.1080595229343876, 0.48930469376175656, 0.07283434367857235, 0.3298014396252835], [0.011577083539429458, 0.3360866530031255, 0.02172257449957453, 0.6306136889578703], [0.15138349884156493, 0.847743313314678, 0.00013230175521825225, 0.0007408860885389561], [0.23528945066655121, 0.0008341358911595477, 0.7611779251542218, 0.002698488288067364], [0.01077636811888863, 0.457342760648262, 0.012244199631182858, 0.5196366716016666], [0.005676206578522395, 0.4503594389726461, 0.006770641894609752, 0.5371937125542215], [0.4795758250543996, 0.00362051712496303, 0.5129313261615358, 0.0038723316591014246], [0.039256216386852665, 0.06826927255860553, 0.32583132491942496, 0.5666431861351169], [0.09103268270937374, 0.09315138753395985, 0.4032157210158046, 0.41260020874086184], [0.06192305069472751, 0.20536909336014111, 0.16974500267692788, 0.5629628532682034], [0.35942455736924633, 1.0229735755730086e-05, 0.640546982013911, 1.823088108696206e-05], [0.005977519123789478, 0.0007566228951537598, 0.8816662381617908, 0.11159961981926611], [0.5147418188845354, 0.002905034350284535, 0.4796461807099163, 0.002706966055263618], [0.15796067453869106, 0.501592536851096, 0.08153580855149356, 0.2589109800587196], [0.07303940357234044, 0.050597786689667155, 0.5177165285024495, 0.35864628123554293]], "state_values": [2.1256716689424304, -0.8054896426474842, 2.7310826260116654, 4.484900458006681, -2.670422519055777, 0.7952289246081365, -2.3353571745656723, -1.0286747390177737, -0.4171042722422854, 1.433354080107777, -2.673786617764964, -1.8765342027523817, -0.646818447976752, 0.46806977336966055, -0.3644554503180767, 1.3128176696846803], "value_grad": [0.11380250246952928, 1.150979480688454, 0.6435557693363525, 0.08906019337570337, -0.9353946014946817, -0.9758987707182327, -0.8913309283928306, 0.08108367653601789, 0.11127286367136868, -0.09664573653663355, 0.760380460341394, 0.10983920614617793, 0.14120180671212035, -0.0847005300173902, -0.32716091170994455, -0.6363707904191056], "action_grad": [[0.0, 0.0, 0.0], [0.0, 0.0, 0.0], [0.0, 0.0, 0.0], [0.0, 0.0, 0.0], [0.0, 0.0, 0.0], [0.0, 0.0, 0.0], [0.0, 0.0, 0.0], [0.0, 0.0, 0.0], [0.0, 0.0, 0.0], [0.0, 0.0, 0.0], [0.0, 0.0, 0.0], [0.0, 0.0, 0.0], [0.0, 0.0, 0.0], [0.0, 0.0, 0.0], [0.0, 0.0, 0.0], [0.0, 0.0, 0.0]], "action_params_change": 0, "value_params_change": 0.39924623142696936}
{"iterations": 1, "type_itr": 0, "sub_iteration": 9, "sub_it_time": 0.10066986083984375, "total_time": 1.1060736179351807, "value_loss": 3.038009374522874, "action_loss": -0.323918193669333, "action_probs": [[0.10352771683025415, 0.2577317596442414, 0.18304668072070693, 0.4556938428047976], [0.1080595229343876, 0.48930469376175656, 0.07283434367857235, 0.3298014396252835], [0.011577083539429458, 0.3360866530031255, 0.02172257449957453, 0.6306136889578703], [0.15138349884156493, 0.847743313314678, 0.00013230175521825225, 0.0007408860885389561], [0.23528945066655121, 0.0008341358911595477, 0.7611779251542218, 0.002698488288067364], [0.01077636811888863, 0.457342760648262, 0.012244199631182858, 0.5196366716016666], [0.005676206578522395, 0.4503594389726461, 0.006770641894609752, 0.5371937125542215], [0.4795758250543996, 0.00362051712496303, 0.5129313261615358, 0.0038723316591014246], [0.039256216386852665, 0.06826927255860553, 0.32583132491942496, 0.5666431861351169], [0.09103268270937374, 0.09315138753395985, 0.4032157210158046, 0.41260020874086184], [0.06192305069472751, 0.20536909336014111, 0.16974500267692788, 0.5629628532682034], [0.35942455736924633, 1.0229735755730086e-05, 0.640546982013911, 1.823088108696206e-05], [0.005977519123789478, 0.0007566228951537598, 0.8816662381617908, 0.11159961981926611], [0.5147418188845354, 0.002905034350284535, 0.4796461807099163, 0.002706966055263618], [0.15796067453869106, 0.501592536851096, 0.08153580855149356, 0.2589109800587196], [0.07303940357234044, 0.050597786689667155, 0.5177165285024495, 0.35864628123554293]], "state_values": [1.9385345002947652, 0.23110019997061743, 2.723872534284941, 4.516248741366062, -2.506237135739211, 0.5989680046354021, -1.9078588670763619, -0.5476022394295053, -0.05760542492849029, 1.007232344020253, -2.5821465691544176, -1.5655616649735633, -0.040074990720525325, 0.35788062388450254, 0.13287172275513187, 0.9714039667624221], "value_grad": [0.11401355903986943, 0.8919758617442883, 0.5544979525804878, 0.09397839650832651, -0.9816843239907467, -0.9209332261583492, -0.863344655179124, 0.05965350386511359, 0.03187618823887517, -0.08137320840629991, 0.8342734827686153, 0.10307157030179148, 0.08050858379585701, -0.029081442242454347, -0.08898166907845884, -0.518207206849008], "action_grad": [[0.0, 0.0, 0.0], [0.0, 0.0, 0.0], [0.0, 0.0, 0.0], [0.0, 0.0, 0.0], [0.0, 0.0, 0.0], [0.0, 0.0, 0.0], [0.0, 0.0, 0.0], [0.0, 0.0, 0.0], [0.0, 0.0, 0.0], [0.0, 0.0, 0.0], [0.0, 0.0, 0.0], [0.0, 0.0, 0.0], [0.0, 0.0, 0.0], [0.0, 0.0, 0.0], [0.0, 0.0, 0.0], [0.0, 0.0, 0.0]], "action_params_change": 0, "value_params_change": 0.4160790472184024}
{"iterations": 1, "type_itr": 0, "sub_iteration": 10, "sub_it_time": 0.10853743553161621, "total_time": 1.2180185317993164, "value_loss": 2.2594745342372984, "action_loss": -0.4334230102012559, "action_probs": [[0.10352771683025415, 0.2577317596442414, 0.18304668072070693, 0.4556938428047976], [0.1080595229343876, 0.48930469376175656, 0.07283434367857235, 0.3298014396252835], [0.011577083539429458, 0.3360866530031255, 0.02172257449957453, 0.6306136889578703], [0.15138349884156493, 0.847743313314678, 0.00013230175521825225, 0.0007408860885389561], [0.23528945066655121, 0.0008341358911595477, 0.7611779251542218, 0.002698488288067364], [0.01077636811888863, 0.457342760648262, 0.012244199631182858, 0.5196366716016666], [0.005676206578522395, 0.4503594389726461, 0.006770641894609752, 0.5371937125542215], [0.4795758250543996, 0.00362051712496303, 0.5129313261615358, 0.0038723316591014246], [0.039256216386852665, 0.06826927255860553, 0.32583132491942496, 0.5666431861351169], [0.09103268270937374, 0.09315138753395985, 0.4032157210158046, 0.41260020874086184], [0.06192305069472751, 0.20536909336014111, 0.16974500267692788, 0.5629628532682034], [0.35942455736924633, 1.0229735755730086e-05, 0.640546982013911, 1.823088108696206e-05], [0.005977519123789478, 0.0007566228951537598, 0.8816662381617908, 0.11159961981926611], [0.5147418188845354, 0.002905034350284535, 0.4796461807099163, 0.002706966055263618], [0.15796067453869106, 0.501592536851096, 0.08153580855149356, 0.2589109800587196], [0.07303940357234044, 0.050597786689667155, 0.5177165285024495, 0.35864628123554293]], "state_values": [1.602698843498272, 1.2437241015001659, 2.63829198540946, 4.602135628929413, -2.1824767886928638, 0.25960432354501395, -1.3587896375919981, -0.04621554170528355, 0.23617093318927126, 0.5127367255139559, -2.3110660278959303, -1.1378583860843265, 0.512701807106442, 0.286741903291749, 0.5253175097116779, 0.5658392264013269], "value_grad": [0.10588911595189465, 0.49882404927065993, 0.409490105780586, 0.09042704380525679, -0.9697059739895586, -0.7321569751064518, -0.7667572505309121, 0.03225477953367539, -0.03828580685437277, -0.05846327291388764, 0.858887918176835, 0.08810756710973688, 0.006394984167518825, 0.021775542873937237, 0.14207427405861273, -0.35732825252951983], "action_grad": [[0.0, 0.0, 0.0], [0.0, 0.0, 0.0], [0.0, 0.0, 0.0], [0.0, 0.0, 0.0], [0.0, 0.0, 0.0], [0.0, 0.0, 0.0], [0.0, 0.0, 0.0], [0.0, 0.0, 0.0], [0.0, 0.0, 0.0], [0.0, 0.0, 0.0], [0.0, 0.0, 0.0], [0.0, 0.0, 0.0], [0.0, 0.0, 0.0], [0.0, 0.0, 0.0], [0.0, 0.0, 0.0], [0.0, 0.0, 0.0]], "action_params_change": 0, "value_params_change": 0.410295230441168}
{"iterations": 1, "type_itr": 0, "sub_iteration": 11, "sub_it_time": 0.10032510757446289, "total_time": 1.33030366897583, "value_loss": 1.5762725199404624, "action_loss": -0.5318494112905188, "action_probs": [[0.10352771683025415, 0.2577317596442414, 0.18304668072070693, 0.4556938428047976], [0.1080595229343876, 0.48930469376175656, 0.07283434367857235, 0.3298014396252835], [0.011577083539429458, 0.3360866530031255, 0.02172257449957453, 0.6306136889578703], [0.15138349884156493, 0.847743313314678, 0.00013230175521825225, 0.0007408860885389561], [0.23528945066655121, 0.0008341358911595477, 0.7611779251542218, 0.002698488288067364], [0.01077636811888863, 0.457342760648262, 0.012244199631182858, 0.5196366716016666], [0.005676206578522395, 0.4503594389726461, 0.006770641894609752, 0.5371937125542215], [0.4795758250543996, 0.00362051712496303, 0.5129313261615358, 0.0038723316591014246], [0.039256216386852665, 0.06826927255860553, 0.32583132491942496, 0.5666431861351169], [0.09103268270937374, 0.09315138753395985, 0.4032157210158046, 0.41260020874086184], [0.06192305069472751, 0.20536909336014111, 0.16974500267692788, 0.5629628532682034], [0.35942455736924633, 1.0229735755730086e-05, 0.640546982013911, 1.823088108696206e-05], [0.005977519123789478, 0.0007566228951537598, 0.8816662381617908, 0.11159961981926611], [0.5147418188845354, 0.002905034350284535, 0.4796461807099163, 0.002706966055263618], [0.15796067453869106, 0.501592536851096, 0.08153580855149356, 0.2589109800587196], [0.07303940357234044, 0.050597786689667155, 0.5177165285024495, 0.35864628123554293]], "state_values": [1.1568246764791652, 2.1236194826493553, 2.51573463199809, 4.7149112618647875, -1.7274457912175212, -0.14488684215909747, -0.7297572053653497, 0.41091619433157356, 0.4313547394645861, 0.00729545873169846, -1.8890730298332663, -0.6386108042057069, 0.9177055466568913, 0.2754593796848368, 0.7586916335563471, 0.1496227876876145], "value_grad": [0.08996196202009199, 0.06583139488249534, 0.22903796870874893, 0.08038741074561684, -0.8938880764666342, -0.4490264044330905, -0.5979150051225262, 0.002738537715567535, -0.09094462903220268, -0.030223729530612697, 0.8332969293777277, 0.06565835091936378, -0.0647873074994374, 0.04151270281731523, 0.3183709701059656, -0.176563126903031], "action_grad": [[0.0, 0.0, 0.0], [0.0, 0.0, 0.0], [0.0, 0.0, 0.0], [0.0, 0.0, 0.0], [0.0, 0.0, 0.0], [0.0, 0.0, 0.0], [0.0, 0.0, 0.0], [0.0, 0.0, 0.0], [0.0, 0.0, 0.0], [0.0, 0.0, 0.0], [0.0, 0.0, 0.0], [0.0, 0.0, 0.0], [0.0, 0.0, 0.0], [0.0, 0.0, 0.0], [0.0, 0.0, 0.0], [0.0, 0.0, 0.0]], "action_params_change": 0, "value_params_change": 0.37454551652606316}
{"iterations": 1, "type_itr": 0, "sub_iteration": 12, "sub_it_time": 0.10134363174438477, "total_time": 1.4345149993896484, "value_loss": 1.1428187020381082, "action_loss": -0.6086538362680681, "action_probs": [[0.10352771683025415, 0.2577317596442414, 0.18304668072070693, 0.4556938428047976], [0.1080595229343876, 0.48930469376175656, 0.07283434367857235, 0.3298014396252835], [0.011577083539429458, 0.3360866530031255, 0.02172257449957453, 0.6306136889578703], [0.15138349884156493, 0.847743313314678, 0.00013230175521825225, 0.0007408860885389561], [0.23528945066655121, 0.0008341358911595477, 0.7611779251542218, 0.002698488288067364], [0.01077636811888863, 0.457342760648262, 0.012244199631182858, 0.5196366716016666], [0.005676206578522395, 0.4503594389726461, 0.006770641894609752, 0.5371937125542215], [0.4795758250543996, 0.00362051712496303, 0.5129313261615358, 0.0038723316591014246], [0.039256216386852665, 0.06826927255860553, 0.32583132491942496, 0.5666431861351169], [0.09103268270937374, 0.09315138753395985, 0.4032157210158046, 0.41260020874086184], [0.06192305069472751, 0.20536909336014111, 0.16974500267692788, 0.5629628532682034], [0.35942455736924633, 1.0229735755730086e-05, 0.640546982013911, 1.823088108696206e-05], [0.005977519123789478, 0.0007566228951537598, 0.8816662381617908, 0.11159961981926611], [0.5147418188845354, 0.002905034350284535, 0.4796461807099163, 0.002706966055263618], [0.15796067453869106, 0.501592536851096, 0.08153580855149356, 0.2589109800587196], [0.07303940357234044, 0.050597786689667155, 0.5177165285024495, 0.35864628123554293]], "state_values": [0.64374051365437, 2.795123355559258, 2.3960587595070812, 4.827738532620751, -1.1743222853525992, -0.534703750170569, -0.07546668254873756, 0.7679297029528422, 0.5156047144815714, -0.4494042670414642, -1.3455054613769624, -0.11984520537927412, 1.124129614629295, 0.29231318551742674, 0.8221838242895053, -0.22694641748004918], "value_grad": [0.06669146583601093, -0.3053174798500984, 0.0371205313864289, 0.06622132654385582, -0.7438451212812908, -0.115217988858344, -0.36827987043367183, -0.024267826563620032, -0.1231021260638363, -0.00043231606484228635, 0.7447047055290008, 0.03753305974277055, -0.11716729994702435, 0.02136012358964945, 0.4136801710686191, -0.0013337849065322427], "action_grad": [[0.0, 0.0, 0.0], [0.0, 0.0, 0.0], [0.0, 0.0, 0.0], [0.0, 0.0, 0.0], [0.0, 0.0, 0.0], [0.0, 0.0, 0.0], [0.0, 0.0, 0.0], [0.0, 0.0, 0.0], [0.0, 0.0, 0.0], [0.0, 0.0, 0.0], [0.0, 0.0, 0.0], [0.0, 0.0, 0.0], [0.0, 0.0, 0.0], [0.0, 0.0, 0.0], [0.0, 0.0, 0.0], [0.0, 0.0, 0.0]], "action_params_change": 0, "value_params_change": 0.3091042975382212}
{"iterations": 1, "type_itr": 0, "sub_iteration": 13, "sub_it_time": 0.10039687156677246, "total_time": 1.5422675609588623, "value_loss": 0.9865312844027257, "action_loss": -0.6580854363616068, "action_probs": [[0.10352771683025415, 0.2577317596442414, 0.18304668072070693, 0.4556938428047976], [0.1080595229343876, 0.48930469376175656, 0.07283434367857235, 0.3298014396252835], [0.011577083539429458, 0.3360866530031255, 0.02172257449957453, 0.6306136889578703], [0.15138349884156493, 0.847743313314678, 0.00013230175521825225, 0.0007408860885389561], [0.23528945066655121, 0.0008341358911595477, 0.7611779251542218, 0.002698488288067364], [0.01077636811888863, 0.457342760648262, 0.012244199631182858, 0.5196366716016666], [0.005676206578522395, 0.4503594389726461, 0.006770641894609752, 0.5371937125542215], [0.4795758250543996, 0.00362051712496303, 0.5129313261615358, 0.0038723316591014246], [0.039256216386852665, 0.06826927255860553, 0.32583132491942496, 0.5666431861351169], [0.09103268270937374, 0.09315138753395985, 0.4032157210158046, 0.41260020874086184], [0.06192305069472751, 0.20536909336014111, 0.16974500267692788, 0.5629628532682034], [0.35942455736924633, 1.0229735755730086e-05, 0.640546982013911, 1.823088108696206e-05], [0.005977519123789478, 0.0007566228951537598, 0.8816662381617908, 0.11159961981926611], [0.5147418188845354, 0.002905034350284535, 0.4796461807099163, 0.002706966055263618], [0.15796067453869106, 0.501592536851096, 0.08153580855149356, 0.2589109800587196], [0.07303940357234044, 0.050597786689667155, 0.5177165285024495, 0.35864628123554293]], "state_values": [0.1139597621980215, 3.2447256111670555, 2.3147923108387523, 4.919641541000872, -0.5680321267366502, -0.8338288217648052, 0.540983308774184, 0.9907984187175627, 0.4944277114147169, -0.8067503275844679, -0.7200503509513934, 0.36242331123867483, 1.1323038803081205, 0.27585361047135626, 0.7366489323134644, -0.5244645219921527], "value_grad": [0.03782948758633453, -0.5592878368531292, -0.13907546172630347, 0.05003385141009975, -0.5207655444094091, 0.21752540058334846, -0.10993068004815276, -0.04496629537898533, -0.133918188398787, 0.02652314747463813, 0.5848963464587813, 0.0070997834931902926, -0.14433909912364018, -0.024976703504042908, 0.4275719820645556, 0.1461133793997449], "action_grad": [[0.0, 0.0, 0.0], [0.0, 0.0, 0.0], [0.0, 0.0, 0.0], [0.0, 0.0, 0.0], [0.0, 0.0, 0.0], [0.0, 0.0, 0.0], [0.0, 0.0, 0.0], [0.0, 0.0, 0.0], [0.0, 0.0, 0.0], [0.0, 0.0, 0.0], [0.0, 0.0, 0.0], [0.0, 0.0, 0.0], [0.0, 0.0, 0.0], [0.0, 0.0, 0.0], [0.0, 0.0, 0.0], [0.0, 0.0, 0.0]], "action_params_change": 0, "value_params_change": 0.2558940613875458}
