{"iterations": 0, "type_itr": 0, "sub_iteration": 0, "sub_it_time": 0, "total_time": 0, "value_loss": 0, "action_loss": 0, "action_probs": [[0.7550361905740195, 0.07761471027569758, 0.151749822391928, 0.015599276758354812], [0.0002549264406657423, 0.3435016551400257, 0.00048666355157096585, 0.6557567548677377], [0.14371942562782658, 0.3655456199743551, 0.1384900581546019, 0.3522448962432164], [0.234379993255947, 0.39196128774813793, 0.13982493361748768, 0.23383378537842744], [0.7951828424699714, 0.014118565420103844, 0.18737178392452328, 0.003326808185401514], [0.46442380807238703, 0.5311350987707438, 0.0020717502316940804, 0.0023693429251750095], [0.009034390523170541, 0.060313434085186385, 0.12124209001810703, 0.8094100853735361], [0.6614580793592657, 0.3324220153345015, 0.004072987105118202, 0.0020469182011146653], [0.27356309784633426, 0.6231920032774554, 0.03149577218798428, 0.07174912668822632], [0.09512337533719518, 0.879483212809858, 0.00247844317507873, 0.022914968677867978], [0.1574705165769408, 0.7888849391734017, 0.008926280334940657, 0.044718263914716595], [0.0020842486304166407, 0.031837452396706566, 0.059358679268455866, 0.9067196197044209], [0.0008645093752161719, 0.43396666476599094, 0.0011236401104401425, 0.564045185748353], [0.39963865390491266, 0.06156647882352684, 0.4668709001858967, 0.0719239670856638], [0.3118765095013926, 0.0017230816633691647, 0.6826289627252472, 0.003771446109990962], [0.14863669173631455, 0.7575773931926771, 0.01538270964825043, 0.07840320542275786]], "state_values": [2.581187437454473, 2.9136218367104343, 4.942224360905857, 4.891985703981324, -0.7857597630760559, 4.974719548552107, 4.930579590308378, 4.45688413343893, 0.9598315440015193, -2.806600055280729, -3.1163103439910755, 0.9201671310940499, -4.204192999923089, 2.607773727696239, 4.5589338998447175, 4.359528770196968], "value_grad": [0.0, 0.0, 0.0, 0.0, 0.0, 0.0, 0.0, 0.0, 0.0, 0.0, 0.0, 0.0, 0.0, 0.0, 0.0, 0.0], "action_grad": [[0.0, 0.0, 0.0], [0.0, 0.0, 0.0], [0.0, 0.0, 0.0], [0.0, 0.0, 0.0], [0.0, 0.0, 0.0], [0.0, 0.0, 0.0], [0.0, 0.0, 0.0], [0.0, 0.0, 0.0], [0.0, 0.0, 0.0], [0.0, 0.0, 0.0], [0.0, 0.0, 0.0], [0.0, 0.0, 0.0], [0.0, 0.0, 0.0], [0.0, 0.0, 0.0], [0.0, 0.0, 0.0], [0.0, 0.0, 0.0]], "action_params_change": 0, "value_params_change": 0}
{"iterations": 1, "type_itr": 0, "sub_iteration": 0, "sub_it_time": 0.11317229270935059, "total_time": 0.1144721508026123, "value_loss": 9.345601081848145, "action_loss": -1.4416172504425049, "action_probs": [[0.7550361905740195, 0.07761471027569758, 0.151749822391928, 0.015599276758354812], [0.0002549264406657423, 0.3435016551400257, 0.00048666355157096585, 0.6557567548677377], [0.14371942562782658, 0.3655456199743551, 0.1384900581546019, 0.3522448962432164], [0.234379993255947, 0.39196128774813793, 0.13982493361748768, 0.23383378537842744], [0.7951828424699714, 0.014118565420103844, 0.18737178392452328, 0.003326808185401514], [0.46442380807238703, 0.5311350987707438, 0.0020717502316940804, 0.0023693429251750095], [0.009034390523170541, 0.060313434085186385, 0.12124209001810703, 0.8094100853735361], [0.6614580793592657, 0.3324220153345015, 0.004072987105118202, 0.0020469182011146653], [0.27356309784633426, 0.6231920032774554, 0.03149577218798428, 0.07174912668822632], [0.09512337533719518, 0.879483212809858, 0.00247844317507873, 0.022914968677867978], [0.1574705165769408, 0.7888849391734017, 0.008926280334940657, 0.044718263914716595], [0.0020842486304166407, 0.031837452396706566, 0.059358679268455866, 0.9067196197044209], [0.0008645093752161719, 0.43396666476599094, 0.0011236401104401425, 0.564045185748353], [0.39963865390491266, 0.06156647882352684, 0.4668709001858967, 0.0719239670856638], [0.3118765095013926, 0.0017230816633691647, 0.6826289627252472, 0.003771446109990962], [0.14863669173631455, 0.7575773931926771, 0.01538270964825043, 0.07840320542275786]], "state_values": [3.560384579708813, 3.828333091009854, 4.976091007981452, 4.99564003128407, 0.460316726608394, 4.695831012151005, 4.982717354847211, 3.757635089591318, 2.1440058054115316, -1.6955935096935084, -2.0520662006660766, -0.32433011023403774, -4.74307622006765, 1.4712570271996628, 3.909208271343291, 3.6182654921808526], "value_grad": [-5.108400344848633, -0.7127995491027832, -1.3464012145996094, 0.3168010711669922, -2.8908004760742188, -1.2672004699707031, 1.3463993072509766, 3.6827993392944336, 2.732400894165039, 2.0592002868652344, -1.2671995162963867, -1.8612003326416016, -3.524399757385254, -4.593600273132324, -2.0592002868652344, 1.9800000190734863], "action_grad": [[0.0, 0.0, 0.0], [0.0, 0.0, 0.0], [0.0, 0.0, 0.0], [0.0, 0.0, 0.0], [0.0, 0.0, 0.0], [0.0, 0.0, 0.0], [0.0, 0.0, 0.0], [0.0, 0.0, 0.0], [0.0, 0.0, 0.0], [0.0, 0.0, 0.0], [0.0, 0.0, 0.0], [0.0, 0.0, 0.0], [0.0, 0.0, 0.0], [0.0, 0.0, 0.0], [0.0, 0.0, 0.0], [0.0, 0.0, 0.0]], "action_params_change": 0, "value_params_change": 0.49999999902122005}
{"iterations": 1, "type_itr": 0, "sub_iteration": 1, "sub_it_time": 0.11062026023864746, "total_time": 0.22661447525024414, "value_loss": 6.930000305175781, "action_loss": -1.6734352111816406, "action_probs": [[0.7550361905740195, 0.07761471027569758, 0.151749822391928, 0.015599276758354812], [0.0002549264406657423, 0.3435016551400257, 0.00048666355157096585, 0.6557567548677377], [0.14371942562782658, 0.3655456199743551, 0.1384900581546019, 0.3522448962432164], [0.234379993255947, 0.39196128774813793, 0.13982493361748768, 0.23383378537842744], [0.7951828424699714, 0.014118565420103844, 0.18737178392452328, 0.003326808185401514], [0.46442380807238703, 0.5311350987707438, 0.0020717502316940804, 0.0023693429251750095], [0.009034390523170541, 0.060313434085186385, 0.12124209001810703, 0.8094100853735361], [0.6614580793592657, 0.3324220153345015, 0.004072987105118202, 0.0020469182011146653], [0.27356309784633426, 0.6231920032774554, 0.03149577218798428, 0.07174912668822632], [0.09512337533719518, 0.879483212809858, 0.00247844317507873, 0.022914968677867978], [0.1574705165769408, 0.7888849391734017, 0.008926280334940657, 0.044718263914716595], [0.0020842486304166407, 0.031837452396706566, 0.059358679268455866, 0.9067196197044209], [0.0008645093752161719, 0.43396666476599094, 0.0011236401104401425, 0.564045185748353], [0.39963865390491266, 0.06156647882352684, 0.4668709001858967, 0.0719239670856638], [0.3118765095013926, 0.0017230816633691647, 0.6826289627252472, 0.003771446109990962], [0.14863669173631455, 0.7575773931926771, 0.01538270964825043, 0.07840320542275786]], "state_values": [4.183367999027808, 4.455821327322904, 4.959512634099098, 4.955773083251497, 1.6131814752411817, 4.5587451784226145, 4.8573259258588, 2.9026185410397454, 2.6229612277668655, -1.7104271591938869, -1.0211949981098187, -1.515351303821649, -4.918478000022973, 0.245431825838519, 3.2586771313012353, 2.6667995616616844], "value_grad": [-0.9504003524780273, -2.257200241088867, 0.9503998756408691, -4.910399913787842, -1.584000587463379, 0.5940003395080566, -0.07919979095458984, 1.7423996925354004, -0.7920002937316895, -1.9007997512817383, -5.860800266265869, -3.484800338745117, 0.47519922256469727, -4.356000900268555, -0.23759984970092773, 1.5444002151489258], "action_grad": [[0.0, 0.0, 0.0], [0.0, 0.0, 0.0], [0.0, 0.0, 0.0], [0.0, 0.0, 0.0], [0.0, 0.0, 0.0], [0.0, 0.0, 0.0], [0.0, 0.0, 0.0], [0.0, 0.0, 0.0], [0.0, 0.0, 0.0], [0.0, 0.0, 0.0], [0.0, 0.0, 0.0], [0.0, 0.0, 0.0], [0.0, 0.0, 0.0], [0.0, 0.0, 0.0], [0.0, 0.0, 0.0], [0.0, 0.0, 0.0]], "action_params_change": 0, "value_params_change": 0.4991321080088795}
{"iterations": 1, "type_itr": 0, "sub_iteration": 2, "sub_it_time": 0.1124725341796875, "total_time": 0.34067511558532715, "value_loss": 4.633199691772461, "action_loss": -1.5484709739685059, "action_probs": [[0.7550361905740195, 0.07761471027569758, 0.151749822391928, 0.015599276758354812], [0.0002549264406657423, 0.3435016551400257, 0.00048666355157096585, 0.6557567548677377], [0.14371942562782658, 0.3655456199743551, 0.1384900581546019, 0.3522448962432164], [0.234379993255947, 0.39196128774813793, 0.13982493361748768, 0.23383378537842744], [0.7951828424699714, 0.014118565420103844, 0.18737178392452328, 0.003326808185401514], [0.46442380807238703, 0.5311350987707438, 0.0020717502316940804, 0.0023693429251750095], [0.009034390523170541, 0.060313434085186385, 0.12124209001810703, 0.8094100853735361], [0.6614580793592657, 0.3324220153345015, 0.004072987105118202, 0.0020469182011146653], [0.27356309784633426, 0.6231920032774554, 0.03149577218798428, 0.07174912668822632], [0.09512337533719518, 0.879483212809858, 0.00247844317507873, 0.022914968677867978], [0.1574705165769408, 0.7888849391734017, 0.008926280334940657, 0.044718263914716595], [0.0020842486304166407, 0.031837452396706566, 0.059358679268455866, 0.9067196197044209], [0.0008645093752161719, 0.43396666476599094, 0.0011236401104401425, 0.564045185748353], [0.39963865390491266, 0.06156647882352684, 0.4668709001858967, 0.0719239670856638], [0.3118765095013926, 0.0017230816633691647, 0.6826289627252472, 0.003771446109990962], [0.14863669173631455, 0.7575773931926771, 0.01538270964825043, 0.07840320542275786]], "state_values": [4.609459614064287, 4.861682107656436, 4.999793944594256, 4.83485073353546, 1.5681778982452297, 4.774429242707016, 4.961406300830164, 2.622802440199319, 3.1781583993964824, -2.2112733094587247, -0.13803053019289574, -2.0687100718359313, -4.907118899407009, -0.8112944759802228, 3.029993184131615, 1.5440749152945892], "value_grad": [-1.029599666595459, -2.8907999992370605, 2.3760006427764893, 0.3168001174926758, 4.078800678253174, 3.049199104309082, -4.1975998878479, -2.534400463104248, 1.1087994575500488, -2.534400463104248, -0.3959999084472656, 1.5048000812530518, 2.7719998359680176, -0.831599235534668, 1.029599666595459, 2.138399600982666], "action_grad": [[0.0, 0.0, 0.0], [0.0, 0.0, 0.0], [0.0, 0.0, 0.0], [0.0, 0.0, 0.0], [0.0, 0.0, 0.0], [0.0, 0.0, 0.0], [0.0, 0.0, 0.0], [0.0, 0.0, 0.0], [0.0, 0.0, 0.0], [0.0, 0.0, 0.0], [0.0, 0.0, 0.0], [0.0, 0.0, 0.0], [0.0, 0.0, 0.0], [0.0, 0.0, 0.0], [0.0, 0.0, 0.0], [0.0, 0.0, 0.0]], "action_params_change": 0, "value_params_change": 0.49724160042954146}
{"iterations": 1, "type_itr": 0, "sub_iteration": 3, "sub_it_time": 0.11319208145141602, "total_time": 0.4556138515472412, "value_loss": 7.682400703430176, "action_loss": -1.437995195388794, "action_probs": [[0.7550361905740195, 0.07761471027569758, 0.151749822391928, 0.015599276758354812], [0.0002549264406657423, 0.3435016551400257, 0.00048666355157096585, 0.6557567548677377], [0.14371942562782658, 0.3655456199743551, 0.1384900581546019, 0.3522448962432164], [0.234379993255947, 0.39196128774813793, 0.13982493361748768, 0.23383378537842744], [0.7951828424699714, 0.014118565420103844, 0.18737178392452328, 0.003326808185401514], [0.46442380807238703, 0.5311350987707438, 0.0020717502316940804, 0.0023693429251750095], [0.009034390523170541, 0.060313434085186385, 0.12124209001810703, 0.8094100853735361], [0.6614580793592657, 0.3324220153345015, 0.004072987105118202, 0.0020469182011146653], [0.27356309784633426, 0.6231920032774554, 0.03149577218798428, 0.07174912668822632], [0.09512337533719518, 0.879483212809858, 0.00247844317507873, 0.022914968677867978], [0.1574705165769408, 0.7888849391734017, 0.008926280334940657, 0.044718263914716595], [0.0020842486304166407, 0.031837452396706566, 0.059358679268455866, 0.9067196197044209], [0.0008645093752161719, 0.43396666476599094, 0.0011236401104401425, 0.564045185748353], [0.39963865390491266, 0.06156647882352684, 0.4668709001858967, 0.0719239670856638], [0.3118765095013926, 0.0017230816633691647, 0.6826289627252472, 0.003771446109990962], [0.14863669173631455, 0.7575773931926771, 0.01538270964825043, 0.07840320542275786]], "state_values": [4.876921689081525, 4.999983976160908, 4.98771501569463, 4.604973729889002, 1.8795078695533916, 4.960784036778619, 4.89135824854989, 2.5229937070160475, 3.019072110024977, -2.823398884742823, 0.5993740105832079, -2.5785343372065417, -4.858293668934337, -1.58929792366741, 3.3867599286533485, 0.3189639497132829], "value_grad": [-1.1088004112243652, -4.751999855041504, -3.9996001720428467, -1.6236002445220947, -3.0491995811462402, 5.06879997253418, 8.355600357055664, -1.0296001434326172, -3.6827995777130127, -1.7423992156982422, -0.07919931411743164, -0.5543999671936035, 1.148400068283081, 0.5543997287750244, 3.40559983253479, 2.4552001953125], "action_grad": [[0.0, 0.0, 0.0], [0.0, 0.0, 0.0], [0.0, 0.0, 0.0], [0.0, 0.0, 0.0], [0.0, 0.0, 0.0], [0.0, 0.0, 0.0], [0.0, 0.0, 0.0], [0.0, 0.0, 0.0], [0.0, 0.0, 0.0], [0.0, 0.0, 0.0], [0.0, 0.0, 0.0], [0.0, 0.0, 0.0], [0.0, 0.0, 0.0], [0.0, 0.0, 0.0], [0.0, 0.0, 0.0], [0.0, 0.0, 0.0]], "action_params_change": 0, "value_params_change": 0.5002214567508356}
{"iterations": 1, "type_itr": 0, "sub_iteration": 4, "sub_it_time": 0.11321353912353516, "total_time": 0.5703692436218262, "value_loss": 7.009200096130371, "action_loss": -1.2224769592285156, "action_probs": [[0.7550361905740195, 0.07761471027569758, 0.151749822391928, 0.015599276758354812], [0.0002549264406657423, 0.3435016551400257, 0.00048666355157096585, 0.6557567548677377], [0.14371942562782658, 0.3655456199743551, 0.1384900581546019, 0.3522448962432164], [0.234379993255947, 0.39196128774813793, 0.13982493361748768, 0.23383378537842744], [0.7951828424699714, 0.014118565420103844, 0.18737178392452328, 0.003326808185401514], [0.46442380807238703, 0.5311350987707438, 0.0020717502316940804, 0.0023693429251750095], [0.009034390523170541, 0.060313434085186385, 0.12124209001810703, 0.8094100853735361], [0.6614580793592657, 0.3324220153345015, 0.004072987105118202, 0.0020469182011146653], [0.27356309784633426, 0.6231920032774554, 0.03149577218798428, 0.07174912668822632], [0.09512337533719518, 0.879483212809858, 0.00247844317507873, 0.022914968677867978], [0.1574705165769408, 0.7888849391734017, 0.008926280334940657, 0.044718263914716595], [0.0020842486304166407, 0.031837452396706566, 0.059358679268455866, 0.9067196197044209], [0.0008645093752161719, 0.43396666476599094, 0.0011236401104401425, 0.564045185748353], [0.39963865390491266, 0.06156647882352684, 0.4668709001858967, 0.0719239670856638], [0.3118765095013926, 0.0017230816633691647, 0.6826289627252472, 0.003771446109990962], [0.14863669173631455, 0.7575773931926771, 0.01538270964825043, 0.07840320542275786]], "state_values": [4.972155257679371, 4.860151028297529, 4.994177294318571, 4.635704768620093, 2.279549891532398, 4.996515183838374, 4.696312264679492, 2.1927381282276452, 2.982038090026211, -3.509737221163474, 0.8492267010441451, -2.7253740984821007, -4.908745078726439, -1.9398076706257987, 3.3311989976781757, -0.92942588400572], "value_grad": [1.1484007835388184, -3.9203999042510986, 2.7719998359680176, 5.464800834655762, -1.5443997383117676, -2.415600538253784, 7.682400703430176, 2.2572009563446045, 0.8712003231048584, -3.1679999828338623, 3.0096004009246826, 1.8612000942230225, -3.286799669265747, 2.574000358581543, -2.9304003715515137, 2.2176003456115723], "action_grad": [[0.0, 0.0, 0.0], [0.0, 0.0, 0.0], [0.0, 0.0, 0.0], [0.0, 0.0, 0.0], [0.0, 0.0, 0.0], [0.0, 0.0, 0.0], [0.0, 0.0, 0.0], [0.0, 0.0, 0.0], [0.0, 0.0, 0.0], [0.0, 0.0, 0.0], [0.0, 0.0, 0.0], [0.0, 0.0, 0.0], [0.0, 0.0, 0.0], [0.0, 0.0, 0.0], [0.0, 0.0, 0.0], [0.0, 0.0, 0.0]], "action_params_change": 0, "value_params_change": 0.5016176010278985}
{"iterations": 1, "type_itr": 0, "sub_iteration": 5, "sub_it_time": 0.11424469947814941, "total_time": 0.6861889362335205, "value_loss": 4.355999946594238, "action_loss": -1.052235722541809, "action_probs": [[0.7550361905740195, 0.07761471027569758, 0.151749822391928, 0.015599276758354812], [0.0002549264406657423, 0.3435016551400257, 0.00048666355157096585, 0.6557567548677377], [0.14371942562782658, 0.3655456199743551, 0.1384900581546019, 0.3522448962432164], [0.234379993255947, 0.39196128774813793, 0.13982493361748768, 0.23383378537842744], [0.7951828424699714, 0.014118565420103844, 0.18737178392452328, 0.003326808185401514], [0.46442380807238703, 0.5311350987707438, 0.0020717502316940804, 0.0023693429251750095], [0.009034390523170541, 0.060313434085186385, 0.12124209001810703, 0.8094100853735361], [0.6614580793592657, 0.3324220153345015, 0.004072987105118202, 0.0020469182011146653], [0.27356309784633426, 0.6231920032774554, 0.03149577218798428, 0.07174912668822632], [0.09512337533719518, 0.879483212809858, 0.00247844317507873, 0.022914968677867978], [0.1574705165769408, 0.7888849391734017, 0.008926280334940657, 0.044718263914716595], [0.0020842486304166407, 0.031837452396706566, 0.059358679268455866, 0.9067196197044209], [0.0008645093752161719, 0.43396666476599094, 0.0011236401104401425, 0.564045185748353], [0.39963865390491266, 0.06156647882352684, 0.4668709001858967, 0.0719239670856638], [0.3118765095013926, 0.0017230816633691647, 0.6826289627252472, 0.003771446109990962], [0.14863669173631455, 0.7575773931926771, 0.01538270964825043, 0.07840320542275786]], "state_values": [4.999233087940709, 4.491668390743193, 4.994089636622178, 4.641055920824099, 2.5186231085908184, 4.983381955221402, 4.459530815834573, 1.8336522779499649, 3.0179465718066334, -4.1510184953022655, 0.9481297745438296, -2.5501413215530984, -4.906153972526621, -2.0695875311523015, 2.9655505761345347, -1.4804276037945023], "value_grad": [0.5148000717163086, -0.6732000112533569, -0.8316001892089844, -0.6335997581481934, 0.9899997711181641, 2.613600730895996, -0.27720022201538086, 0.594001293182373, 0.6336002349853516, -4.118399620056152, 1.188000202178955, 2.772000312805176, 1.9007999897003174, 1.8612003326416016, -4.276800155639648, -2.930400848388672], "action_grad": [[0.0, 0.0, 0.0], [0.0, 0.0, 0.0], [0.0, 0.0, 0.0], [0.0, 0.0, 0.0], [0.0, 0.0, 0.0], [0.0, 0.0, 0.0], [0.0, 0.0, 0.0], [0.0, 0.0, 0.0], [0.0, 0.0, 0.0], [0.0, 0.0, 0.0], [0.0, 0.0, 0.0], [0.0, 0.0, 0.0], [0.0, 0.0, 0.0], [0.0, 0.0, 0.0], [0.0, 0.0, 0.0], [0.0, 0.0, 0.0]], "action_params_change": 0, "value_params_change": 0.4355287383401919}
{"iterations": 1, "type_itr": 0, "sub_iteration": 6, "sub_it_time": 0.11470270156860352, "total_time": 0.802459716796875, "value_loss": 7.682400703430176, "action_loss": -0.8946720957756042, "action_probs": [[0.7550361905740195, 0.07761471027569758, 0.151749822391928, 0.015599276758354812], [0.0002549264406657423, 0.3435016551400257, 0.00048666355157096585, 0.6557567548677377], [0.14371942562782658, 0.3655456199743551, 0.1384900581546019, 0.3522448962432164], [0.234379993255947, 0.39196128774813793, 0.13982493361748768, 0.23383378537842744], [0.7951828424699714, 0.014118565420103844, 0.18737178392452328, 0.003326808185401514], [0.46442380807238703, 0.5311350987707438, 0.0020717502316940804, 0.0023693429251750095], [0.009034390523170541, 0.060313434085186385, 0.12124209001810703, 0.8094100853735361], [0.6614580793592657, 0.3324220153345015, 0.004072987105118202, 0.0020469182011146653], [0.27356309784633426, 0.6231920032774554, 0.03149577218798428, 0.07174912668822632], [0.09512337533719518, 0.879483212809858, 0.00247844317507873, 0.022914968677867978], [0.1574705165769408, 0.7888849391734017, 0.008926280334940657, 0.044718263914716595], [0.0020842486304166407, 0.031837452396706566, 0.059358679268455866, 0.9067196197044209], [0.0008645093752161719, 0.43396666476599094, 0.0011236401104401425, 0.564045185748353], [0.39963865390491266, 0.06156647882352684, 0.4668709001858967, 0.0719239670856638], [0.3118765095013926, 0.0017230816633691647, 0.6826289627252472, 0.003771446109990962], [0.14863669173631455, 0.7575773931926771, 0.01538270964825043, 0.07840320542275786]], "state_values": [4.998615119462774, 3.894970815417568, 4.998762319532199, 4.653018638540907, 2.912542723189773, 4.892919784160227, 4.1933094408129685, 1.605696636521517, 3.0083868276322505, -4.401357816996216, 0.7041968357592481, -2.0471090420546942, -4.866435725741783, -2.2789111714478185, 2.721230846803995, -1.6614408315214702], "value_grad": [3.682799816131592, -2.772000789642334, 3.8808000087738037, 0.23760032653808594, -2.7324013710021973, 1.3464000225067139, 0.27719974517822266, -0.8316001892089844, -0.39600038528442383, 3.484800338745117, 4.0391998291015625, 5.148000240325928, 1.7423994541168213, -1.267200231552124, 1.148399829864502, -2.4947996139526367], "action_grad": [[0.0, 0.0, 0.0], [0.0, 0.0, 0.0], [0.0, 0.0, 0.0], [0.0, 0.0, 0.0], [0.0, 0.0, 0.0], [0.0, 0.0, 0.0], [0.0, 0.0, 0.0], [0.0, 0.0, 0.0], [0.0, 0.0, 0.0], [0.0, 0.0, 0.0], [0.0, 0.0, 0.0], [0.0, 0.0, 0.0], [0.0, 0.0, 0.0], [0.0, 0.0, 0.0], [0.0, 0.0, 0.0], [0.0, 0.0, 0.0]], "action_params_change": 0, "value_params_change": 0.4458031624939719}
{"iterations": 1, "type_itr": 0, "sub_iteration": 7, "sub_it_time": 0.11359715461730957, "total_time": 0.9175801277160645, "value_loss": 10.573201179504395, "action_loss": -0.9671151041984558, "action_probs": [[0.7550361905740195, 0.07761471027569758, 0.151749822391928, 0.015599276758354812], [0.0002549264406657423, 0.3435016551400257, 0.00048666355157096585, 0.6557567548677377], [0.14371942562782658, 0.3655456199743551, 0.1384900581546019, 0.3522448962432164], [0.234379993255947, 0.39196128774813793, 0.13982493361748768, 0.23383378537842744], [0.7951828424699714, 0.014118565420103844, 0.18737178392452328, 0.003326808185401514], [0.46442380807238703, 0.5311350987707438, 0.0020717502316940804, 0.0023693429251750095], [0.009034390523170541, 0.060313434085186385, 0.12124209001810703, 0.8094100853735361], [0.6614580793592657, 0.3324220153345015, 0.004072987105118202, 0.0020469182011146653], [0.27356309784633426, 0.6231920032774554, 0.03149577218798428, 0.07174912668822632], [0.09512337533719518, 0.879483212809858, 0.00247844317507873, 0.022914968677867978], [0.1574705165769408, 0.7888849391734017, 0.008926280334940657, 0.044718263914716595], [0.0020842486304166407, 0.031837452396706566, 0.059358679268455866, 0.9067196197044209], [0.0008645093752161719, 0.43396666476599094, 0.0011236401104401425, 0.564045185748353], [0.39963865390491266, 0.06156647882352684, 0.4668709001858967, 0.0719239670856638], [0.3118765095013926, 0.0017230816633691647, 0.6826289627252472, 0.003771446109990962], [0.14863669173631455, 0.7575773931926771, 0.01538270964825043, 0.07840320542275786]], "state_values": [4.999863077595885, 3.155268165041785, 4.998907116208398, 4.6895824761120615, 3.426706404943651, 4.763139414687893, 3.949616085497431, 1.3802331279278373, 2.94010498898556, -4.533020630332485, 0.36269763624740964, -1.2979477092024108, -4.7299862660535075, -2.339088085032254, 2.4273711188513527, -1.7462744386992544], "value_grad": [-2.0196008682250977, -0.9504003524780273, -3.5640006065368652, 0.9108004570007324, -3.9203996658325195, -0.5147998332977295, -0.9504003524780273, 0.1979999542236328, -0.5939993858337402, 1.5443997383117676, 1.7028007507324219, 9.424800872802734, 4.395600318908691, 1.5839996337890625, -0.9108002185821533, -0.7523994445800781], "action_grad": [[0.0, 0.0, 0.0], [0.0, 0.0, 0.0], [0.0, 0.0, 0.0], [0.0, 0.0, 0.0], [0.0, 0.0, 0.0], [0.0, 0.0, 0.0], [0.0, 0.0, 0.0], [0.0, 0.0, 0.0], [0.0, 0.0, 0.0], [0.0, 0.0, 0.0], [0.0, 0.0, 0.0], [0.0, 0.0, 0.0], [0.0, 0.0, 0.0], [0.0, 0.0, 0.0], [0.0, 0.0, 0.0], [0.0, 0.0, 0.0]], "action_params_change": 0, "value_params_change": 0.42029879131544723}
{"iterations": 1, "type_itr": 0, "sub_iteration": 8, "sub_it_time": 0.11190176010131836, "total_time": 1.0312957763671875, "value_loss": 4.435200214385986, "action_loss": -0.9508153200149536, "action_probs": [[0.7550361905740195, 0.07761471027569758, 0.151749822391928, 0.015599276758354812], [0.0002549264406657423, 0.3435016551400257, 0.00048666355157096585, 0.6557567548677377], [0.14371942562782658, 0.3655456199743551, 0.1384900581546019, 0.3522448962432164], [0.234379993255947, 0.39196128774813793, 0.13982493361748768, 0.23383378537842744], [0.7951828424699714, 0.014118565420103844, 0.18737178392452328, 0.003326808185401514], [0.46442380807238703, 0.5311350987707438, 0.0020717502316940804, 0.0023693429251750095], [0.009034390523170541, 0.060313434085186385, 0.12124209001810703, 0.8094100853735361], [0.6614580793592657, 0.3324220153345015, 0.004072987105118202, 0.0020469182011146653], [0.27356309784633426, 0.6231920032774554, 0.03149577218798428, 0.07174912668822632], [0.09512337533719518, 0.879483212809858, 0.00247844317507873, 0.022914968677867978], [0.1574705165769408, 0.7888849391734017, 0.008926280334940657, 0.044718263914716595], [0.0020842486304166407, 0.031837452396706566, 0.059358679268455866, 0.9067196197044209], [0.0008645093752161719, 0.43396666476599094, 0.0011236401104401425, 0.564045185748353], [0.39963865390491266, 0.06156647882352684, 0.4668709001858967, 0.0719239670856638], [0.3118765095013926, 0.0017230816633691647, 0.6826289627252472, 0.003771446109990962], [0.14863669173631455, 0.7575773931926771, 0.01538270964825043, 0.07840320542275786]], "state_values": [4.974681525487087, 2.2703132598802345, 4.999665591074776, 4.7558342097291275, 3.7468578744968606, 4.641388579538279, 3.7191691751170253, 1.3700007221681019, 2.593691556886712, -4.659471612799352, 0.26644546802173236, -0.3914833588020413, -4.676948570184838, -2.7531559514924613, 1.901671118787222, -2.0040322772129593], "value_grad": [-4.949999809265137, -2.059199571609497, -2.0592007637023926, 1.425600290298462, 1.5839996337890625, -1.029599666595459, -0.27719998359680176, -1.7820000648498535, -3.524399757385254, -0.7919998168945312, -2.6927995681762695, 7.28640079498291, -3.3264002799987793, -7.682399749755859, -4.276800155639648, 2.138400077819824], "action_grad": [[0.0, 0.0, 0.0], [0.0, 0.0, 0.0], [0.0, 0.0, 0.0], [0.0, 0.0, 0.0], [0.0, 0.0, 0.0], [0.0, 0.0, 0.0], [0.0, 0.0, 0.0], [0.0, 0.0, 0.0], [0.0, 0.0, 0.0], [0.0, 0.0, 0.0], [0.0, 0.0, 0.0], [0.0, 0.0, 0.0], [0.0, 0.0, 0.0], [0.0, 0.0, 0.0], [0.0, 0.0, 0.0], [0.0, 0.0, 0.0]], "action_params_change": 0, "value_params_change": 0.4231816307196854}
{"iterations": 1, "type_itr": 0, "sub_iteration": 9, "sub_it_time": 0.11362695693969727, "total_time": 1.146557331085205, "value_loss": 6.375600814819336, "action_loss": -0.8783723711967468, "action_probs": [[0.7550361905740195, 0.07761471027569758, 0.151749822391928, 0.015599276758354812], [0.0002549264406657423, 0.3435016551400257, 0.00048666355157096585, 0.6557567548677377], [0.14371942562782658, 0.3655456199743551, 0.1384900581546019, 0.3522448962432164], [0.234379993255947, 0.39196128774813793, 0.13982493361748768, 0.23383378537842744], [0.7951828424699714, 0.014118565420103844, 0.18737178392452328, 0.003326808185401514], [0.46442380807238703, 0.5311350987707438, 0.0020717502316940804, 0.0023693429251750095], [0.009034390523170541, 0.060313434085186385, 0.12124209001810703, 0.8094100853735361], [0.6614580793592657, 0.3324220153345015, 0.004072987105118202, 0.0020469182011146653], [0.27356309784633426, 0.6231920032774554, 0.03149577218798428, 0.07174912668822632], [0.09512337533719518, 0.879483212809858, 0.00247844317507873, 0.022914968677867978], [0.1574705165769408, 0.7888849391734017, 0.008926280334940657, 0.044718263914716595], [0.0020842486304166407, 0.031837452396706566, 0.059358679268455866, 0.9067196197044209], [0.0008645093752161719, 0.43396666476599094, 0.0011236401104401425, 0.564045185748353], [0.39963865390491266, 0.06156647882352684, 0.4668709001858967, 0.0719239670856638], [0.3118765095013926, 0.0017230816633691647, 0.6826289627252472, 0.003771446109990962], [0.14863669173631455, 0.7575773931926771, 0.01538270964825043, 0.07840320542275786]], "state_values": [4.9372534498625145, 1.4580972823958194, 4.994324059137391, 4.806697451355347, 4.120230790846785, 4.5696192060094925, 3.487440875621109, 1.3648669744795876, 2.0329468979753575, -4.70312988669825, 0.1139144417922733, 0.4210603257914613, -4.629024584086719, -3.1467383090898142, 1.7912423749738304, -2.5606237584107316], "value_grad": [1.7027995586395264, 0.8315997123718262, -0.47520017623901367, -0.07919931411743164, -3.247199296951294, -1.5839998722076416, 0.27719926834106445, -0.03959941864013672, -3.722400426864624, 2.0196003913879395, 0.9503989219665527, -0.1979999542236328, -0.11880016326904297, -1.0691990852355957, 5.029200553894043, 7.919999599456787], "action_grad": [[0.0, 0.0, 0.0], [0.0, 0.0, 0.0], [0.0, 0.0, 0.0], [0.0, 0.0, 0.0], [0.0, 0.0, 0.0], [0.0, 0.0, 0.0], [0.0, 0.0, 0.0], [0.0, 0.0, 0.0], [0.0, 0.0, 0.0], [0.0, 0.0, 0.0], [0.0, 0.0, 0.0], [0.0, 0.0, 0.0], [0.0, 0.0, 0.0], [0.0, 0.0, 0.0], [0.0, 0.0, 0.0], [0.0, 0.0, 0.0]], "action_params_change": 0, "value_params_change": 0.3508008610413742}
{"iterations": 1, "type_itr": 0, "sub_iteration": 10, "sub_it_time": 0.11426615715026855, "total_time": 1.2623326778411865, "value_loss": 8.118000030517578, "action_loss": -0.8276621699333191, "action_probs": [[0.7550361905740195, 0.07761471027569758, 0.151749822391928, 0.015599276758354812], [0.0002549264406657423, 0.3435016551400257, 0.00048666355157096585, 0.6557567548677377], [0.14371942562782658, 0.3655456199743551, 0.1384900581546019, 0.3522448962432164], [0.234379993255947, 0.39196128774813793, 0.13982493361748768, 0.23383378537842744], [0.7951828424699714, 0.014118565420103844, 0.18737178392452328, 0.003326808185401514], [0.46442380807238703, 0.5311350987707438, 0.0020717502316940804, 0.0023693429251750095], [0.009034390523170541, 0.060313434085186385, 0.12124209001810703, 0.8094100853735361], [0.6614580793592657, 0.3324220153345015, 0.004072987105118202, 0.0020469182011146653], [0.27356309784633426, 0.6231920032774554, 0.03149577218798428, 0.07174912668822632], [0.09512337533719518, 0.879483212809858, 0.00247844317507873, 0.022914968677867978], [0.1574705165769408, 0.7888849391734017, 0.008926280334940657, 0.044718263914716595], [0.0020842486304166407, 0.031837452396706566, 0.059358679268455866, 0.9067196197044209], [0.0008645093752161719, 0.43396666476599094, 0.0011236401104401425, 0.564045185748353], [0.39963865390491266, 0.06156647882352684, 0.4668709001858967, 0.0719239670856638], [0.3118765095013926, 0.0017230816633691647, 0.6826289627252472, 0.003771446109990962], [0.14863669173631455, 0.7575773931926771, 0.01538270964825043, 0.07840320542275786]], "state_values": [4.898183636752302, 0.534367776626153, 4.992785069772203, 4.854022030467677, 4.289865934838624, 4.402339128554224, 3.1825684957286837, 1.104556694888747, 1.3456069768868884, -4.6640106425911325, 0.269239595552956, 1.0681964588586754, -4.489362380526485, -3.3058614817779732, 1.5745455315247328, -3.054373365250995], "value_grad": [0.5939998626708984, -2.9304001331329346, 1.7423994541168213, 0.3564000129699707, 3.0492005348205566, 3.0096006393432617, 2.375999927520752, 2.8116002082824707, -2.415600061416626, 3.0492002964019775, -4.435200214385986, -1.6236004829406738, 3.484799861907959, 3.841200351715088, -2.019599676132202, 0.6335992813110352], "action_grad": [[0.0, 0.0, 0.0], [0.0, 0.0, 0.0], [0.0, 0.0, 0.0], [0.0, 0.0, 0.0], [0.0, 0.0, 0.0], [0.0, 0.0, 0.0], [0.0, 0.0, 0.0], [0.0, 0.0, 0.0], [0.0, 0.0, 0.0], [0.0, 0.0, 0.0], [0.0, 0.0, 0.0], [0.0, 0.0, 0.0], [0.0, 0.0, 0.0], [0.0, 0.0, 0.0], [0.0, 0.0, 0.0], [0.0, 0.0, 0.0]], "action_params_change": 0, "value_params_change": 0.37768277695440355}
{"iterations": 1, "type_itr": 0, "sub_iteration": 11, "sub_it_time": 0.11390995979309082, "total_time": 1.3780536651611328, "value_loss": 6.850800514221191, "action_loss": -0.8204178810119629, "action_probs": [[0.7550361905740195, 0.07761471027569758, 0.151749822391928, 0.015599276758354812], [0.0002549264406657423, 0.3435016551400257, 0.00048666355157096585, 0.6557567548677377], [0.14371942562782658, 0.3655456199743551, 0.1384900581546019, 0.3522448962432164], [0.234379993255947, 0.39196128774813793, 0.13982493361748768, 0.23383378537842744], [0.7951828424699714, 0.014118565420103844, 0.18737178392452328, 0.003326808185401514], [0.46442380807238703, 0.5311350987707438, 0.0020717502316940804, 0.0023693429251750095], [0.009034390523170541, 0.060313434085186385, 0.12124209001810703, 0.8094100853735361], [0.6614580793592657, 0.3324220153345015, 0.004072987105118202, 0.0020469182011146653], [0.27356309784633426, 0.6231920032774554, 0.03149577218798428, 0.07174912668822632], [0.09512337533719518, 0.879483212809858, 0.00247844317507873, 0.022914968677867978], [0.1574705165769408, 0.7888849391734017, 0.008926280334940657, 0.044718263914716595], [0.0020842486304166407, 0.031837452396706566, 0.059358679268455866, 0.9067196197044209], [0.0008645093752161719, 0.43396666476599094, 0.0011236401104401425, 0.564045185748353], [0.39963865390491266, 0.06156647882352684, 0.4668709001858967, 0.0719239670856638], [0.3118765095013926, 0.0017230816633691647, 0.6826289627252472, 0.003771446109990962], [0.14863669173631455, 0.7575773931926771, 0.01538270964825043, 0.07840320542275786]], "state_values": [4.817882670387202, -0.2906909272634442, 4.983699400798683, 4.8749342287843955, 4.435113483808433, 4.254300005863064, 2.8901617525176753, 1.3639138107542323, 0.785998124929232, -4.6888642814588355, 0.45965601268550565, 1.671619602580192, -4.25294365177909, -3.2828472447536554, 1.6639472225016774, -3.3629276723485817], "value_grad": [-2.296800136566162, 0.3167991638183594, -1.5048000812530518, -0.9503993988037109, -0.23760032653808594, -0.5939998626708984, 0.0, -6.692400932312012, 0.9900002479553223, -2.455199956893921, -0.8316001892089844, 0.9504003524780273, 3.1680006980895996, 4.1579999923706055, 5.029200553894043, -2.138400077819824], "action_grad": [[0.0, 0.0, 0.0], [0.0, 0.0, 0.0], [0.0, 0.0, 0.0], [0.0, 0.0, 0.0], [0.0, 0.0, 0.0], [0.0, 0.0, 0.0], [0.0, 0.0, 0.0], [0.0, 0.0, 0.0], [0.0, 0.0, 0.0], [0.0, 0.0, 0.0], [0.0, 0.0, 0.0], [0.0, 0.0, 0.0], [0.0, 0.0, 0.0], [0.0, 0.0, 0.0], [0.0, 0.0, 0.0], [0.0, 0.0, 0.0]], "action_params_change": 0, "value_params_change": 0.3304980921547802}
{"iterations": 1, "type_itr": 0, "sub_iteration": 12, "sub_it_time": 0.11376667022705078, "total_time": 1.4933316707611084, "value_loss": 6.21720027923584, "action_loss": -0.7932517528533936, "action_probs": [[0.7550361905740195, 0.07761471027569758, 0.151749822391928, 0.015599276758354812], [0.0002549264406657423, 0.3435016551400257, 0.00048666355157096585, 0.6557567548677377], [0.14371942562782658, 0.3655456199743551, 0.1384900581546019, 0.3522448962432164], [0.234379993255947, 0.39196128774813793, 0.13982493361748768, 0.23383378537842744], [0.7951828424699714, 0.014118565420103844, 0.18737178392452328, 0.003326808185401514], [0.46442380807238703, 0.5311350987707438, 0.0020717502316940804, 0.0023693429251750095], [0.009034390523170541, 0.060313434085186385, 0.12124209001810703, 0.8094100853735361], [0.6614580793592657, 0.3324220153345015, 0.004072987105118202, 0.0020469182011146653], [0.27356309784633426, 0.6231920032774554, 0.03149577218798428, 0.07174912668822632], [0.09512337533719518, 0.879483212809858, 0.00247844317507873, 0.022914968677867978], [0.1574705165769408, 0.7888849391734017, 0.008926280334940657, 0.044718263914716595], [0.0020842486304166407, 0.031837452396706566, 0.059358679268455866, 0.9067196197044209], [0.0008645093752161719, 0.43396666476599094, 0.0011236401104401425, 0.564045185748353], [0.39963865390491266, 0.06156647882352684, 0.4668709001858967, 0.0719239670856638], [0.3118765095013926, 0.0017230816633691647, 0.6826289627252472, 0.003771446109990962], [0.14863669173631455, 0.7575773931926771, 0.01538270964825043, 0.07840320542275786]], "state_values": [4.7442895863015755, -0.26801837132288253, 4.9859243794652635, 4.940395103693977, 4.554729055799441, 4.044806959916549, 2.626273805064176, 1.7795890304927477, 0.2015095972563206, -4.786211885610199, 0.7575907989115959, 2.2184184620174916, -3.9526368411506128, -3.183642686728057, 1.641241567576935, -3.6000053629375928], "value_grad": [0.8316001892089844, 11.167200088500977, 2.098799705505371, 3.9995999336242676, -0.07920026779174805, 1.5443997383117676, -0.3168001174926758, -3.484800100326538, -0.9503998756408691, -3.9995994567871094, -2.177999973297119, 0.6732001304626465, 1.4651999473571777, 2.0988006591796875, -1.9800000190734863, -0.5544004440307617], "action_grad": [[0.0, 0.0, 0.0], [0.0, 0.0, 0.0], [0.0, 0.0, 0.0], [0.0, 0.0, 0.0], [0.0, 0.0, 0.0], [0.0, 0.0, 0.0], [0.0, 0.0, 0.0], [0.0, 0.0, 0.0], [0.0, 0.0, 0.0], [0.0, 0.0, 0.0], [0.0, 0.0, 0.0], [0.0, 0.0, 0.0], [0.0, 0.0, 0.0], [0.0, 0.0, 0.0], [0.0, 0.0, 0.0], [0.0, 0.0, 0.0]], "action_params_change": 0, "value_params_change": 0.2376343041525084}
{"iterations": 1, "type_itr": 0, "sub_iteration": 13, "sub_it_time": 0.11231684684753418, "total_time": 1.607187032699585, "value_loss": 3.9996001720428467, "action_loss": -0.6882092356681824, "action_probs": [[0.7550361905740195, 0.07761471027569758, 0.151749822391928, 0.015599276758354812], [0.0002549264406657423, 0.3435016551400257, 0.00048666355157096585, 0.6557567548677377], [0.14371942562782658, 0.3655456199743551, 0.1384900581546019, 0.3522448962432164], [0.234379993255947, 0.39196128774813793, 0.13982493361748768, 0.23383378537842744], [0.7951828424699714, 0.014118565420103844, 0.18737178392452328, 0.003326808185401514], [0.46442380807238703, 0.5311350987707438, 0.0020717502316940804, 0.0023693429251750095], [0.009034390523170541, 0.060313434085186385, 0.12124209001810703, 0.8094100853735361], [0.6614580793592657, 0.3324220153345015, 0.004072987105118202, 0.0020469182011146653], [0.27356309784633426, 0.6231920032774554, 0.03149577218798428, 0.07174912668822632], [0.09512337533719518, 0.879483212809858, 0.00247844317507873, 0.022914968677867978], [0.1574705165769408, 0.7888849391734017, 0.008926280334940657, 0.044718263914716595], [0.0020842486304166407, 0.031837452396706566, 0.059358679268455866, 0.9067196197044209], [0.0008645093752161719, 0.43396666476599094, 0.0011236401104401425, 0.564045185748353], [0.39963865390491266, 0.06156647882352684, 0.4668709001858967, 0.0719239670856638], [0.3118765095013926, 0.0017230816633691647, 0.6826289627252472, 0.003771446109990962], [0.14863669173631455, 0.7575773931926771, 0.01538270964825043, 0.07840320542275786]], "state_values": [4.626695636644591, -0.11395450091891796, 4.988930456918624, 4.954874001772902, 4.568851367587784, 4.018544188021673, 2.444410781834457, 2.221231153589648, -0.5630153228829428, -4.8906842159053365, 1.0101774424969827, 2.668335882355204, -3.7714217708710684, -3.045167554995372, 1.6022662170715158, -3.5808711965715307], "value_grad": [-1.7423996925354004, 3.2075998783111572, 0.23759984970092773, -3.0096006393432617, 3.207599639892578, -3.9203999042510986, -1.5047993659973145, -1.504800796508789, -4.554000377655029, -2.5343995094299316, 0.23759984970092773, -0.4752006530761719, -2.851199150085449, 1.2276005744934082, -0.3564000129699707, -5.702400207519531], "action_grad": [[0.0, 0.0, 0.0], [0.0, 0.0, 0.0], [0.0, 0.0, 0.0], [0.0, 0.0, 0.0], [0.0, 0.0, 0.0], [0.0, 0.0, 0.0], [0.0, 0.0, 0.0], [0.0, 0.0, 0.0], [0.0, 0.0, 0.0], [0.0, 0.0, 0.0], [0.0, 0.0, 0.0], [0.0, 0.0, 0.0], [0.0, 0.0, 0.0], [0.0, 0.0, 0.0], [0.0, 0.0, 0.0], [0.0, 0.0, 0.0]], "action_params_change": 0, "value_params_change": 0.3063104551868685}
