{"iterations": 0, "type_itr": 0, "sub_iteration": 0, "sub_it_time": 0, "total_time": 0, "value_loss": 0, "action_loss": 0, "action_probs": [[0.017067040456019353, 0.062090297585456075, 0.19854203481476446, 0.7223006271437602], [0.3813060104384661, 0.42122432090530637, 0.09382370808569224, 0.10364596057053538], [0.15431136477526344, 0.008606811099497859, 0.792859593570636, 0.04422223055460278], [0.055162198202289174, 0.005664889287207958, 0.8517067721690754, 0.0874661403414275], [0.09958660807460629, 0.06086314805759147, 0.5210849995067408, 0.31846524436106144], [0.3498106280875145, 1.2145161108690003e-07, 0.6501890247201499, 2.2574072433135708e-07], [0.0001198653317070952, 0.0027630355736706982, 0.04145816167695532, 0.9556589374176669], [5.6269852649225563e-05, 0.3124014596162752, 0.00012381803554245351, 0.6874184524955332], [0.5304252550396877, 0.22573456884747836, 0.17104715632560802, 0.07279301978722595], [0.35126361914323234, 0.10288677643253971, 0.422188573269592, 0.12366103115463593], [0.018562320025321953, 0.001227685844839643, 0.9194020316330732, 0.06080796249676534], [0.005699446944626554, 0.0006972811151631298, 0.8852946505618328, 0.10830862137837755], [0.2557876100915134, 0.1257535992476441, 0.4146186365483878, 0.20384015411245468], [0.07686449826830924, 0.2847740600044979, 0.13568058717671522, 0.5026808545504777], [0.20150392688506047, 0.5399119212462057, 0.07027867311323982, 0.188305478755494], [0.018072015192213766, 0.9765485407292924, 9.774319918628327e-05, 0.0052817008793076955]], "state_values": [4.900816464751422, 4.376141053129013, -0.18009278165381584, 3.183997854173102, 4.794373455490238, 4.814710832366751, 2.290581317650989, -2.6672571285899456, 2.190701708040108, -0.41199931512606164, 3.956128852707087, -0.053446407931306075, -0.994083922247227, 4.611058414270435, 3.9619863338945245, 0.43129401525421324], "value_grad": [0.0, 0.0, 0.0, 0.0, 0.0, 0.0, 0.0, 0.0, 0.0, 0.0, 0.0, 0.0, 0.0, 0.0, 0.0, 0.0], "action_grad": [[0.0, 0.0, 0.0], [0.0, 0.0, 0.0], [0.0, 0.0, 0.0], [0.0, 0.0, 0.0], [0.0, 0.0, 0.0], [0.0, 0.0, 0.0], [0.0, 0.0, 0.0], [0.0, 0.0, 0.0], [0.0, 0.0, 0.0], [0.0, 0.0, 0.0], [0.0, 0.0, 0.0], [0.0, 0.0, 0.0], [0.0, 0.0, 0.0], [0.0, 0.0, 0.0], [0.0, 0.0, 0.0], [0.0, 0.0, 0.0]], "action_params_change": 0, "value_params_change": 0}
{"iterations": 1, "type_itr": 0, "sub_iteration": 0, "sub_it_time": 3.5784974098205566, "total_time": 3.5804226398468018, "value_loss": 4.726321098779121, "action_loss": -1.5489811321577047, "action_probs": [[0.017067040456019353, 0.062090297585456075, 0.19854203481476446, 0.7223006271437602], [0.3813060104384661, 0.42122432090530637, 0.09382370808569224, 0.10364596057053538], [0.15431136477526344, 0.008606811099497859, 0.792859593570636, 0.04422223055460278], [0.055162198202289174, 0.005664889287207958, 0.8517067721690754, 0.0874661403414275], [0.09958660807460629, 0.06086314805759147, 0.5210849995067408, 0.31846524436106144], [0.3498106280875145, 1.2145161108690003e-07, 0.6501890247201499, 2.2574072433135708e-07], [0.0001198653317070952, 0.0027630355736706982, 0.04145816167695532, 0.9556589374176669], [5.6269852649225563e-05, 0.3124014596162752, 0.00012381803554245351, 0.6874184524955332], [0.5304252550396877, 0.22573456884747836, 0.17104715632560802, 0.07279301978722595], [0.35126361914323234, 0.10288677643253971, 0.422188573269592, 0.12366103115463593], [0.018562320025321953, 0.001227685844839643, 0.9194020316330732, 0.06080796249676534], [0.005699446944626554, 0.0006972811151631298, 0.8852946505618328, 0.10830862137837755], [0.2557876100915134, 0.1257535992476441, 0.4146186365483878, 0.20384015411245468], [0.07686449826830924, 0.2847740600044979, 0.13568058717671522, 0.5026808545504777], [0.20150392688506047, 0.5399119212462057, 0.07027867311323982, 0.188305478755494], [0.018072015192213766, 0.9765485407292924, 9.774319918628327e-05, 0.0052817008793076955]], "state_values": [4.993628926091459, 3.6417383297498747, 1.0617229741073904, 4.038793644289145, 4.294225018462346, 4.331399066477453, 1.1197954003191748, -1.538029330686898, 1.0106328956510473, 0.8336212201249615, 3.0766749296312024, -0.053446407931306075, 0.24914449269845718, 3.9893742733078974, 3.0842290618677612, 1.650295226755273], "value_grad": [0.03795555129493522, -0.341597597398299, 0.9298766610457818, 0.20874998857101357, 0.1518218590284386, -0.3036450635870125, -0.20874949534391973, -0.13284090548098337, 0.3605672769968331, 0.01897709215853105, -0.6262613637537084, 0.0, 0.7780621377227028, 0.5124015261004962, -0.36057317095937513, 0.36056470129905005], "action_grad": [[0.0, 0.0, 0.0], [0.0, 0.0, 0.0], [0.0, 0.0, 0.0], [0.0, 0.0, 0.0], [0.0, 0.0, 0.0], [0.0, 0.0, 0.0], [0.0, 0.0, 0.0], [0.0, 0.0, 0.0], [0.0, 0.0, 0.0], [0.0, 0.0, 0.0], [0.0, 0.0, 0.0], [0.0, 0.0, 0.0], [0.0, 0.0, 0.0], [0.0, 0.0, 0.0], [0.0, 0.0, 0.0], [0.0, 0.0, 0.0]], "action_params_change": 0, "value_params_change": 0.499999994622943}
{"iterations": 1, "type_itr": 0, "sub_iteration": 1, "sub_it_time": 4.0089123249053955, "total_time": 7.591189384460449, "value_loss": 2.334856390713156, "action_loss": -1.6984473116436636, "action_probs": [[0.017067040456019353, 0.062090297585456075, 0.19854203481476446, 0.7223006271437602], [0.3813060104384661, 0.42122432090530637, 0.09382370808569224, 0.10364596057053538], [0.15431136477526344, 0.008606811099497859, 0.792859593570636, 0.04422223055460278], [0.055162198202289174, 0.005664889287207958, 0.8517067721690754, 0.0874661403414275], [0.09958660807460629, 0.06086314805759147, 0.5210849995067408, 0.31846524436106144], [0.3498106280875145, 1.2145161108690003e-07, 0.6501890247201499, 2.2574072433135708e-07], [0.0001198653317070952, 0.0027630355736706982, 0.04145816167695532, 0.9556589374176669], [5.6269852649225563e-05, 0.3124014596162752, 0.00012381803554245351, 0.6874184524955332], [0.5304252550396877, 0.22573456884747836, 0.17104715632560802, 0.07279301978722595], [0.35126361914323234, 0.10288677643253971, 0.422188573269592, 0.12366103115463593], [0.018562320025321953, 0.001227685844839643, 0.9194020316330732, 0.06080796249676534], [0.005699446944626554, 0.0006972811151631298, 0.8852946505618328, 0.10830862137837755], [0.2557876100915134, 0.1257535992476441, 0.4146186365483878, 0.20384015411245468], [0.07686449826830924, 0.2847740600044979, 0.13568058717671522, 0.5026808545504777], [0.20150392688506047, 0.5399119212462057, 0.07027867311323982, 0.188305478755494], [0.018072015192213766, 0.9765485407292924, 9.774319918628327e-05, 0.0052817008793076955]], "state_values": [4.881657797343147, 2.703074508001578, 2.2390259279270586, 4.626005353858773, 3.557816324460145, 3.5893191905821036, 1.327629032996356, -0.37419677912344446, 0.8030984619817672, 0.3794317108982482, 2.0083412151167526, 0.8722372322592471, 1.3821849735559344, 3.11832368529252, 2.0685426542923513, 2.080645377657262], "value_grad": [-1.1013412404281553e-13, -0.24676070614925116, 1.043954331825677, 0.13287115557150386, 0.30370670308477266, -0.47454299512334286, 0.2657398915858846, -0.07592578241629155, -0.2277770544671438, -0.03796284444668885, -0.5884285053644631, -0.01898141044568291, 0.36064674874469205, 0.5694499278314265, -0.20879703116182569, -0.1328701992290502], "action_grad": [[0.0, 0.0, 0.0], [0.0, 0.0, 0.0], [0.0, 0.0, 0.0], [0.0, 0.0, 0.0], [0.0, 0.0, 0.0], [0.0, 0.0, 0.0], [0.0, 0.0, 0.0], [0.0, 0.0, 0.0], [0.0, 0.0, 0.0], [0.0, 0.0, 0.0], [0.0, 0.0, 0.0], [0.0, 0.0, 0.0], [0.0, 0.0, 0.0], [0.0, 0.0, 0.0], [0.0, 0.0, 0.0], [0.0, 0.0, 0.0]], "action_params_change": 0, "value_params_change": 0.5006788593362357}
{"iterations": 1, "type_itr": 0, "sub_iteration": 2, "sub_it_time": 3.774434804916382, "total_time": 11.367564678192139, "value_loss": 1.233887809820203, "action_loss": -1.7052689431195474, "action_probs": [[0.017067040456019353, 0.062090297585456075, 0.19854203481476446, 0.7223006271437602], [0.3813060104384661, 0.42122432090530637, 0.09382370808569224, 0.10364596057053538], [0.15431136477526344, 0.008606811099497859, 0.792859593570636, 0.04422223055460278], [0.055162198202289174, 0.005664889287207958, 0.8517067721690754, 0.0874661403414275], [0.09958660807460629, 0.06086314805759147, 0.5210849995067408, 0.31846524436106144], [0.3498106280875145, 1.2145161108690003e-07, 0.6501890247201499, 2.2574072433135708e-07], [0.0001198653317070952, 0.0027630355736706982, 0.04145816167695532, 0.9556589374176669], [5.6269852649225563e-05, 0.3124014596162752, 0.00012381803554245351, 0.6874184524955332], [0.5304252550396877, 0.22573456884747836, 0.17104715632560802, 0.07279301978722595], [0.35126361914323234, 0.10288677643253971, 0.422188573269592, 0.12366103115463593], [0.018562320025321953, 0.001227685844839643, 0.9194020316330732, 0.06080796249676534], [0.005699446944626554, 0.0006972811151631298, 0.8852946505618328, 0.10830862137837755], [0.2557876100915134, 0.1257535992476441, 0.4146186365483878, 0.20384015411245468], [0.07686449826830924, 0.2847740600044979, 0.13568058717671522, 0.5026808545504777], [0.20150392688506047, 0.5399119212462057, 0.07027867311323982, 0.188305478755494], [0.018072015192213766, 0.9765485407292924, 9.774319918628327e-05, 0.0052817008793076955]], "state_values": [4.568026541313281, 1.8638086010034305, 3.0394850753834963, 4.932833349528247, 2.5973531910412646, 2.6277142116799532, 1.3571234682491211, 0.6341050762642957, 1.105382447982571, -0.2692209976176177, 0.8576596978269988, 0.4830874549602264, 2.1949578254659183, 2.054238497831129, 1.1657077270022838, 1.9086806226528772], "value_grad": [0.07593066345518085, 0.0, -0.03796504295252845, 0.07593048198912844, 0.3037215203565802, -0.5884608405561771, -0.05694738235237673, -0.01898250167219584, -0.28473750065335124, -0.01898250167219584, -0.3796506319301154, 0.03796501660517415, -0.018982514933088224, 0.5315122135914632, -0.018982528019506173, -0.28473808954442315], "action_grad": [[0.0, 0.0, 0.0], [0.0, 0.0, 0.0], [0.0, 0.0, 0.0], [0.0, 0.0, 0.0], [0.0, 0.0, 0.0], [0.0, 0.0, 0.0], [0.0, 0.0, 0.0], [0.0, 0.0, 0.0], [0.0, 0.0, 0.0], [0.0, 0.0, 0.0], [0.0, 0.0, 0.0], [0.0, 0.0, 0.0], [0.0, 0.0, 0.0], [0.0, 0.0, 0.0], [0.0, 0.0, 0.0], [0.0, 0.0, 0.0]], "action_params_change": 0, "value_params_change": 0.50007706344637}
{"iterations": 1, "type_itr": 0, "sub_iteration": 3, "sub_it_time": 3.7769722938537598, "total_time": 15.146198272705078, "value_loss": 0.8542329012232107, "action_loss": -1.5207459404383212, "action_probs": [[0.017067040456019353, 0.062090297585456075, 0.19854203481476446, 0.7223006271437602], [0.3813060104384661, 0.42122432090530637, 0.09382370808569224, 0.10364596057053538], [0.15431136477526344, 0.008606811099497859, 0.792859593570636, 0.04422223055460278], [0.055162198202289174, 0.005664889287207958, 0.8517067721690754, 0.0874661403414275], [0.09958660807460629, 0.06086314805759147, 0.5210849995067408, 0.31846524436106144], [0.3498106280875145, 1.2145161108690003e-07, 0.6501890247201499, 2.2574072433135708e-07], [0.0001198653317070952, 0.0027630355736706982, 0.04145816167695532, 0.9556589374176669], [5.6269852649225563e-05, 0.3124014596162752, 0.00012381803554245351, 0.6874184524955332], [0.5304252550396877, 0.22573456884747836, 0.17104715632560802, 0.07279301978722595], [0.35126361914323234, 0.10288677643253971, 0.422188573269592, 0.12366103115463593], [0.018562320025321953, 0.001227685844839643, 0.9194020316330732, 0.06080796249676534], [0.005699446944626554, 0.0006972811151631298, 0.8852946505618328, 0.10830862137837755], [0.2557876100915134, 0.1257535992476441, 0.4146186365483878, 0.20384015411245468], [0.07686449826830924, 0.2847740600044979, 0.13568058717671522, 0.5026808545504777], [0.20150392688506047, 0.5399119212462057, 0.07027867311323982, 0.188305478755494], [0.018072015192213766, 0.9765485407292924, 9.774319918628327e-05, 0.0052817008793076955]], "state_values": [4.0299109216512266, 1.6440665656610145, 3.470138487450229, 4.951324692679946, 1.5371264422628415, 1.4969980255299975, 1.2659567386676411, 1.1496845111906524, 1.4495566678258813, -0.48598791271011343, -0.18028214918856716, -0.10661261055413791, 2.6199326959122415, 0.906425252376596, 0.5353139519929861, 1.3921788400194806], "value_grad": [0.11389696428357665, 0.28474098165991446, -0.36067278643460987, -0.2657585899153394, 0.132879335263979, -0.6074483116100852, -0.056948201042986035, 0.05694817120585727, -0.07593091471615065, 0.018982723793341316, -0.07593091471628255, 0.018982723793407263, -0.24677577451617116, 0.3227067672281756, 0.07593091471615065, -0.34168942768296673], "action_grad": [[0.0, 0.0, 0.0], [0.0, 0.0, 0.0], [0.0, 0.0, 0.0], [0.0, 0.0, 0.0], [0.0, 0.0, 0.0], [0.0, 0.0, 0.0], [0.0, 0.0, 0.0], [0.0, 0.0, 0.0], [0.0, 0.0, 0.0], [0.0, 0.0, 0.0], [0.0, 0.0, 0.0], [0.0, 0.0, 0.0], [0.0, 0.0, 0.0], [0.0, 0.0, 0.0], [0.0, 0.0, 0.0], [0.0, 0.0, 0.0]], "action_params_change": 0, "value_params_change": 0.4985794364806142}
{"iterations": 1, "type_itr": 0, "sub_iteration": 4, "sub_it_time": 4.373680830001831, "total_time": 19.52161955833435, "value_loss": 0.7783014979429869, "action_loss": -1.2848875964486894, "action_probs": [[0.017067040456019353, 0.062090297585456075, 0.19854203481476446, 0.7223006271437602], [0.3813060104384661, 0.42122432090530637, 0.09382370808569224, 0.10364596057053538], [0.15431136477526344, 0.008606811099497859, 0.792859593570636, 0.04422223055460278], [0.055162198202289174, 0.005664889287207958, 0.8517067721690754, 0.0874661403414275], [0.09958660807460629, 0.06086314805759147, 0.5210849995067408, 0.31846524436106144], [0.3498106280875145, 1.2145161108690003e-07, 0.6501890247201499, 2.2574072433135708e-07], [0.0001198653317070952, 0.0027630355736706982, 0.04145816167695532, 0.9556589374176669], [5.6269852649225563e-05, 0.3124014596162752, 0.00012381803554245351, 0.6874184524955332], [0.5304252550396877, 0.22573456884747836, 0.17104715632560802, 0.07279301978722595], [0.35126361914323234, 0.10288677643253971, 0.422188573269592, 0.12366103115463593], [0.018562320025321953, 0.001227685844839643, 0.9194020316330732, 0.06080796249676534], [0.005699446944626554, 0.0006972811151631298, 0.8852946505618328, 0.10830862137837755], [0.2557876100915134, 0.1257535992476441, 0.4146186365483878, 0.20384015411245468], [0.07686449826830924, 0.2847740600044979, 0.13568058717671522, 0.5026808545504777], [0.20150392688506047, 0.5399119212462057, 0.07027867311323982, 0.188305478755494], [0.018072015192213766, 0.9765485407292924, 9.774319918628327e-05, 0.0052817008793076955]], "state_values": [3.2734393186581823, 1.7947104694597582, 3.660522846483968, 4.972360542455478, 0.692661046096988, 0.30952571597764084, 0.8348861420039522, 1.3385768469171344, 1.5183813255069414, 0.12553602807492156, -0.8552422383459389, -0.31046299880614575, 2.737119930422891, -0.09408887649380375, 0.19099510399089945, 0.6747320316089611], "value_grad": [0.1518626174161356, 0.2847412721807536, -0.41762195221704623, 0.03796568663415645, -0.07593099288645688, -0.3227069274072477, -0.22779308160673928, 0.05694825914734736, 0.17084477273068277, 0.1898278460216849, 0.24677564975789346, -0.018982743510425282, -0.34169009352548574, -0.018982743510425282, 0.1138966015248255, -0.32270708462007847], "action_grad": [[0.0, 0.0, 0.0], [0.0, 0.0, 0.0], [0.0, 0.0, 0.0], [0.0, 0.0, 0.0], [0.0, 0.0, 0.0], [0.0, 0.0, 0.0], [0.0, 0.0, 0.0], [0.0, 0.0, 0.0], [0.0, 0.0, 0.0], [0.0, 0.0, 0.0], [0.0, 0.0, 0.0], [0.0, 0.0, 0.0], [0.0, 0.0, 0.0], [0.0, 0.0, 0.0], [0.0, 0.0, 0.0], [0.0, 0.0, 0.0]], "action_params_change": 0, "value_params_change": 0.4842371611023215}
{"iterations": 1, "type_itr": 0, "sub_iteration": 5, "sub_it_time": 2.952775478363037, "total_time": 22.475961446762085, "value_loss": 0.9681297670959959, "action_loss": -1.1274295214515584, "action_probs": [[0.017067040456019353, 0.062090297585456075, 0.19854203481476446, 0.7223006271437602], [0.3813060104384661, 0.42122432090530637, 0.09382370808569224, 0.10364596057053538], [0.15431136477526344, 0.008606811099497859, 0.792859593570636, 0.04422223055460278], [0.055162198202289174, 0.005664889287207958, 0.8517067721690754, 0.0874661403414275], [0.09958660807460629, 0.06086314805759147, 0.5210849995067408, 0.31846524436106144], [0.3498106280875145, 1.2145161108690003e-07, 0.6501890247201499, 2.2574072433135708e-07], [0.0001198653317070952, 0.0027630355736706982, 0.04145816167695532, 0.9556589374176669], [5.6269852649225563e-05, 0.3124014596162752, 0.00012381803554245351, 0.6874184524955332], [0.5304252550396877, 0.22573456884747836, 0.17104715632560802, 0.07279301978722595], [0.35126361914323234, 0.10288677643253971, 0.422188573269592, 0.12366103115463593], [0.018562320025321953, 0.001227685844839643, 0.9194020316330732, 0.06080796249676534], [0.005699446944626554, 0.0006972811151631298, 0.8852946505618328, 0.10830862137837755], [0.2557876100915134, 0.1257535992476441, 0.4146186365483878, 0.20384015411245468], [0.07686449826830924, 0.2847740600044979, 0.13568058717671522, 0.5026808545504777], [0.20150392688506047, 0.5399119212462057, 0.07027867311323982, 0.188305478755494], [0.018072015192213766, 0.9765485407292924, 9.774319918628327e-05, 0.0052817008793076955]], "state_values": [2.3138532385501374, 2.0179624869908657, 3.6784871391895697, 4.988139350047659, 0.35679353043585105, -0.6014370293933494, 0.17835872050665422, 1.2346717179258804, 1.3501888341286692, 0.6514203734845033, -1.0647230968586119, -0.05697349998410016, 2.6085029274717635, -0.6660521733398743, -0.23793634648614195, -0.1323166374002613], "value_grad": [0.13287906411131867, 0.09491341045549051, -0.4745689498230904, 0.01898278085059224, -0.2657573037726353, 0.18982665253121467, -0.24677471293806796, 0.07593070707702099, 0.2088094953247157, 4.39648317751562e-14, 0.5125319861767976, -0.037965331902021004, -0.4176197353597586, -0.3796532614414023, -0.09491335636443687, -0.22779197919895844], "action_grad": [[0.0, 0.0, 0.0], [0.0, 0.0, 0.0], [0.0, 0.0, 0.0], [0.0, 0.0, 0.0], [0.0, 0.0, 0.0], [0.0, 0.0, 0.0], [0.0, 0.0, 0.0], [0.0, 0.0, 0.0], [0.0, 0.0, 0.0], [0.0, 0.0, 0.0], [0.0, 0.0, 0.0], [0.0, 0.0, 0.0], [0.0, 0.0, 0.0], [0.0, 0.0, 0.0], [0.0, 0.0, 0.0], [0.0, 0.0, 0.0]], "action_params_change": 0, "value_params_change": 0.46530299882967396}
{"iterations": 1, "type_itr": 0, "sub_iteration": 6, "sub_it_time": 3.9612603187561035, "total_time": 26.438844203948975, "value_loss": 1.1959225000777762, "action_loss": -0.9765295823521201, "action_probs": [[0.017067040456019353, 0.062090297585456075, 0.19854203481476446, 0.7223006271437602], [0.3813060104384661, 0.42122432090530637, 0.09382370808569224, 0.10364596057053538], [0.15431136477526344, 0.008606811099497859, 0.792859593570636, 0.04422223055460278], [0.055162198202289174, 0.005664889287207958, 0.8517067721690754, 0.0874661403414275], [0.09958660807460629, 0.06086314805759147, 0.5210849995067408, 0.31846524436106144], [0.3498106280875145, 1.2145161108690003e-07, 0.6501890247201499, 2.2574072433135708e-07], [0.0001198653317070952, 0.0027630355736706982, 0.04145816167695532, 0.9556589374176669], [5.6269852649225563e-05, 0.3124014596162752, 0.00012381803554245351, 0.6874184524955332], [0.5304252550396877, 0.22573456884747836, 0.17104715632560802, 0.07279301978722595], [0.35126361914323234, 0.10288677643253971, 0.422188573269592, 0.12366103115463593], [0.018562320025321953, 0.001227685844839643, 0.9194020316330732, 0.06080796249676534], [0.005699446944626554, 0.0006972811151631298, 0.8852946505618328, 0.10830862137837755], [0.2557876100915134, 0.1257535992476441, 0.4146186365483878, 0.20384015411245468], [0.07686449826830924, 0.2847740600044979, 0.13568058717671522, 0.5026808545504777], [0.20150392688506047, 0.5399119212462057, 0.07027867311323982, 0.188305478755494], [0.018072015192213766, 0.9765485407292924, 9.774319918628327e-05, 0.0052817008793076955]], "state_values": [1.2058932613149735, 2.115937522453173, 3.553684200258346, 4.997630291755667, 0.30654691944378404, -0.968923687895804, -0.5273905391426684, 0.9195975104082583, 1.0513485301537917, 1.4054439150525402, -0.899969007850902, 0.33781040837793597, 2.281011563969613, -0.8270804606636345, -0.7542613123617661, -0.8350167551463806], "value_grad": [0.11389535830700881, -0.0949127674724195, -0.5315138624888958, 0.018982660454791134, -0.2088077986177046, 0.6264231636160127, -0.11389512746161401, 0.07593013755283096, 0.15186027231418087, 0.1898245316493743, 0.6643899402652311, -0.018982528019506173, -0.45558193365669997, -0.5315104425553314, -0.11389512746161401, 0.0], "action_grad": [[0.0, 0.0, 0.0], [0.0, 0.0, 0.0], [0.0, 0.0, 0.0], [0.0, 0.0, 0.0], [0.0, 0.0, 0.0], [0.0, 0.0, 0.0], [0.0, 0.0, 0.0], [0.0, 0.0, 0.0], [0.0, 0.0, 0.0], [0.0, 0.0, 0.0], [0.0, 0.0, 0.0], [0.0, 0.0, 0.0], [0.0, 0.0, 0.0], [0.0, 0.0, 0.0], [0.0, 0.0, 0.0], [0.0, 0.0, 0.0]], "action_params_change": 0, "value_params_change": 0.475075883820276}
{"iterations": 1, "type_itr": 0, "sub_iteration": 7, "sub_it_time": 3.6028940677642822, "total_time": 30.04332971572876, "value_loss": 1.3477834612645083, "action_loss": -0.860795271005541, "action_probs": [[0.017067040456019353, 0.062090297585456075, 0.19854203481476446, 0.7223006271437602], [0.3813060104384661, 0.42122432090530637, 0.09382370808569224, 0.10364596057053538], [0.15431136477526344, 0.008606811099497859, 0.792859593570636, 0.04422223055460278], [0.055162198202289174, 0.005664889287207958, 0.8517067721690754, 0.0874661403414275], [0.09958660807460629, 0.06086314805759147, 0.5210849995067408, 0.31846524436106144], [0.3498106280875145, 1.2145161108690003e-07, 0.6501890247201499, 2.2574072433135708e-07], [0.0001198653317070952, 0.0027630355736706982, 0.04145816167695532, 0.9556589374176669], [5.6269852649225563e-05, 0.3124014596162752, 0.00012381803554245351, 0.6874184524955332], [0.5304252550396877, 0.22573456884747836, 0.17104715632560802, 0.07279301978722595], [0.35126361914323234, 0.10288677643253971, 0.422188573269592, 0.12366103115463593], [0.018562320025321953, 0.001227685844839643, 0.9194020316330732, 0.06080796249676534], [0.005699446944626554, 0.0006972811151631298, 0.8852946505618328, 0.10830862137837755], [0.2557876100915134, 0.1257535992476441, 0.4146186365483878, 0.20384015411245468], [0.07686449826830924, 0.2847740600044979, 0.13568058717671522, 0.5026808545504777], [0.20150392688506047, 0.5399119212462057, 0.07027867311323982, 0.188305478755494], [0.018072015192213766, 0.9765485407292924, 9.774319918628327e-05, 0.0052817008793076955]], "state_values": [0.042639282195795554, 1.9952401898731014, 3.2934878611069784, 4.999336308818062, 0.3420368497082135, -0.857068930135091, -0.9635455538176593, 0.4834283489526224, 0.4067968264419246, 1.2461901592327507, -0.571014737371802, 0.8407499839754056, 1.7899339756770647, -0.6149297595619673, -1.1777914630175712, -1.2473874735127133], "value_grad": [0.07592970203558069, -0.22778943414059616, -0.5884585525164194, -0.056947772329337454, -0.07592964445519224, 0.9491224794151045, 0.1328769266526486, 0.05694725515216037, 0.740323755471536, -0.4365986460978144, 0.41761328634244643, -0.01898240395991757, -0.4555791258240556, -0.7592993340491103, 0.01898241844224091, 0.2088065932676988], "action_grad": [[0.0, 0.0, 0.0], [0.0, 0.0, 0.0], [0.0, 0.0, 0.0], [0.0, 0.0, 0.0], [0.0, 0.0, 0.0], [0.0, 0.0, 0.0], [0.0, 0.0, 0.0], [0.0, 0.0, 0.0], [0.0, 0.0, 0.0], [0.0, 0.0, 0.0], [0.0, 0.0, 0.0], [0.0, 0.0, 0.0], [0.0, 0.0, 0.0], [0.0, 0.0, 0.0], [0.0, 0.0, 0.0], [0.0, 0.0, 0.0]], "action_params_change": 0, "value_params_change": 0.4701044236361276}
{"iterations": 1, "type_itr": 0, "sub_iteration": 8, "sub_it_time": 3.7184641361236572, "total_time": 33.763426065444946, "value_loss": 1.233887809820203, "action_loss": -0.6704844883150093, "action_probs": [[0.017067040456019353, 0.062090297585456075, 0.19854203481476446, 0.7223006271437602], [0.3813060104384661, 0.42122432090530637, 0.09382370808569224, 0.10364596057053538], [0.15431136477526344, 0.008606811099497859, 0.792859593570636, 0.04422223055460278], [0.055162198202289174, 0.005664889287207958, 0.8517067721690754, 0.0874661403414275], [0.09958660807460629, 0.06086314805759147, 0.5210849995067408, 0.31846524436106144], [0.3498106280875145, 1.2145161108690003e-07, 0.6501890247201499, 2.2574072433135708e-07], [0.0001198653317070952, 0.0027630355736706982, 0.04145816167695532, 0.9556589374176669], [5.6269852649225563e-05, 0.3124014596162752, 0.00012381803554245351, 0.6874184524955332], [0.5304252550396877, 0.22573456884747836, 0.17104715632560802, 0.07279301978722595], [0.35126361914323234, 0.10288677643253971, 0.422188573269592, 0.12366103115463593], [0.018562320025321953, 0.001227685844839643, 0.9194020316330732, 0.06080796249676534], [0.005699446944626554, 0.0006972811151631298, 0.8852946505618328, 0.10830862137837755], [0.2557876100915134, 0.1257535992476441, 0.4146186365483878, 0.20384015411245468], [0.07686449826830924, 0.2847740600044979, 0.13568058717671522, 0.5026808545504777], [0.20150392688506047, 0.5399119212462057, 0.07027867311323982, 0.188305478755494], [0.018072015192213766, 0.9765485407292924, 9.774319918628327e-05, 0.0052817008793076955]], "state_values": [-0.9940147701145228, 1.640872202912329, 2.9021389622222555, 4.999970662687396, 0.25756057072993876, -0.5032585934873426, -0.9694491845781089, -0.008750440788976754, -0.04119164110283219, 1.0180520841983431, -0.21040689548231764, 0.4216776103813968, 1.1590236545100414, -0.273059026580676, -1.2266862009764052, -1.2191642865167678], "value_grad": [0.0, -0.32270271826674746, -0.6074428620417325, 0.0, 0.11389496833020196, 0.7592998679765366, 0.32270249283052177, 0.03796498990878305, -0.18982494256399263, -0.07593003286126754, 0.15185995614513792, 0.1898254660229748, -0.4555797791001506, -0.3796498415074421, 0.24677284837532953, 0.49354643168863777], "action_grad": [[0.0, 0.0, 0.0], [0.0, 0.0, 0.0], [0.0, 0.0, 0.0], [0.0, 0.0, 0.0], [0.0, 0.0, 0.0], [0.0, 0.0, 0.0], [0.0, 0.0, 0.0], [0.0, 0.0, 0.0], [0.0, 0.0, 0.0], [0.0, 0.0, 0.0], [0.0, 0.0, 0.0], [0.0, 0.0, 0.0], [0.0, 0.0, 0.0], [0.0, 0.0, 0.0], [0.0, 0.0, 0.0], [0.0, 0.0, 0.0]], "action_params_change": 0, "value_params_change": 0.4173286053216554}
{"iterations": 1, "type_itr": 0, "sub_iteration": 9, "sub_it_time": 3.541259288787842, "total_time": 37.30641794204712, "value_loss": 0.930164178872565, "action_loss": -0.4608013826027074, "action_probs": [[0.017067040456019353, 0.062090297585456075, 0.19854203481476446, 0.7223006271437602], [0.3813060104384661, 0.42122432090530637, 0.09382370808569224, 0.10364596057053538], [0.15431136477526344, 0.008606811099497859, 0.792859593570636, 0.04422223055460278], [0.055162198202289174, 0.005664889287207958, 0.8517067721690754, 0.0874661403414275], [0.09958660807460629, 0.06086314805759147, 0.5210849995067408, 0.31846524436106144], [0.3498106280875145, 1.2145161108690003e-07, 0.6501890247201499, 2.2574072433135708e-07], [0.0001198653317070952, 0.0027630355736706982, 0.04145816167695532, 0.9556589374176669], [5.6269852649225563e-05, 0.3124014596162752, 0.00012381803554245351, 0.6874184524955332], [0.5304252550396877, 0.22573456884747836, 0.17104715632560802, 0.07279301978722595], [0.35126361914323234, 0.10288677643253971, 0.422188573269592, 0.12366103115463593], [0.018562320025321953, 0.001227685844839643, 0.9194020316330732, 0.06080796249676534], [0.005699446944626554, 0.0006972811151631298, 0.8852946505618328, 0.10830862137837755], [0.2557876100915134, 0.1257535992476441, 0.4146186365483878, 0.20384015411245468], [0.07686449826830924, 0.2847740600044979, 0.13568058717671522, 0.5026808545504777], [0.20150392688506047, 0.5399119212462057, 0.07027867311323982, 0.188305478755494], [0.018072015192213766, 0.9765485407292924, 9.774319918628327e-05, 0.0052817008793076955]], "state_values": [-1.7550901096974487, 1.0953495177670303, 2.3910484374833616, 4.999837641636515, -0.027425016007156914, -0.03224566926415033, -0.6805699769690172, -0.448081837282658, -0.24252508336107015, 0.7486433333349019, 0.10391285632732776, -0.01006285326501548, 0.4701145978286908, 0.12327135640004261, -0.9986175716644285, -1.036505307062231], "value_grad": [-0.05694807855333761, -0.3416888953234143, -0.5694822538420531, 0.0, 0.22779211006390732, 0.4935494712438193, 0.3416885247134016, 0.0, -0.3037228003903052, -0.056948078553469506, -0.018982682265546114, 0.018982682265546114, -0.2657576066815772, -0.22779197919884853, 0.26575775447195316, 0.246775128042227], "action_grad": [[0.0, 0.0, 0.0], [0.0, 0.0, 0.0], [0.0, 0.0, 0.0], [0.0, 0.0, 0.0], [0.0, 0.0, 0.0], [0.0, 0.0, 0.0], [0.0, 0.0, 0.0], [0.0, 0.0, 0.0], [0.0, 0.0, 0.0], [0.0, 0.0, 0.0], [0.0, 0.0, 0.0], [0.0, 0.0, 0.0], [0.0, 0.0, 0.0], [0.0, 0.0, 0.0], [0.0, 0.0, 0.0], [0.0, 0.0, 0.0]], "action_params_change": 0, "value_params_change": 0.31704348311623987}
{"iterations": 1, "type_itr": 0, "sub_iteration": 10, "sub_it_time": 3.282775402069092, "total_time": 40.59088325500488, "value_loss": 0.5884725133921469, "action_loss": -0.2925237970260834, "action_probs": [[0.017067040456019353, 0.062090297585456075, 0.19854203481476446, 0.7223006271437602], [0.3813060104384661, 0.42122432090530637, 0.09382370808569224, 0.10364596057053538], [0.15431136477526344, 0.008606811099497859, 0.792859593570636, 0.04422223055460278], [0.055162198202289174, 0.005664889287207958, 0.8517067721690754, 0.0874661403414275], [0.09958660807460629, 0.06086314805759147, 0.5210849995067408, 0.31846524436106144], [0.3498106280875145, 1.2145161108690003e-07, 0.6501890247201499, 2.2574072433135708e-07], [0.0001198653317070952, 0.0027630355736706982, 0.04145816167695532, 0.9556589374176669], [5.6269852649225563e-05, 0.3124014596162752, 0.00012381803554245351, 0.6874184524955332], [0.5304252550396877, 0.22573456884747836, 0.17104715632560802, 0.07279301978722595], [0.35126361914323234, 0.10288677643253971, 0.422188573269592, 0.12366103115463593], [0.018562320025321953, 0.001227685844839643, 0.9194020316330732, 0.06080796249676534], [0.005699446944626554, 0.0006972811151631298, 0.8852946505618328, 0.10830862137837755], [0.2557876100915134, 0.1257535992476441, 0.4146186365483878, 0.20384015411245468], [0.07686449826830924, 0.2847740600044979, 0.13568058717671522, 0.5026808545504777], [0.20150392688506047, 0.5399119212462057, 0.07027867311323982, 0.188305478755494], [0.018072015192213766, 0.9765485407292924, 9.774319918628327e-05, 0.0052817008793076955]], "state_values": [-2.2005003237650738, 0.44830138645924633, 1.7808923807731916, 4.99915813098053, -0.4286254424787206, 0.45632589242580435, -0.22211890232148182, -0.7850985102699418, -0.2981748008863011, 0.46246252172024777, 0.3339947421515032, -0.39701451740588, -0.21222397011480956, 0.45437762001633325, -0.6495857757319669, -0.7547398717726461], "value_grad": [-0.09491430906372211, -0.22779419867338457, -0.49355474057704707, 0.0, 0.17084561916773933, 0.20881130911715184, 0.2657598931595281, -0.01898284715577958, -0.20881130911715184, -0.0379657018146633, -0.11389719198942072, 6.59472476627343e-14, -0.13287992764785905, 0.05694854129290827, 0.1518626174161356, 0.18982850209332802], "action_grad": [[0.0, 0.0, 0.0], [0.0, 0.0, 0.0], [0.0, 0.0, 0.0], [0.0, 0.0, 0.0], [0.0, 0.0, 0.0], [0.0, 0.0, 0.0], [0.0, 0.0, 0.0], [0.0, 0.0, 0.0], [0.0, 0.0, 0.0], [0.0, 0.0, 0.0], [0.0, 0.0, 0.0], [0.0, 0.0, 0.0], [0.0, 0.0, 0.0], [0.0, 0.0, 0.0], [0.0, 0.0, 0.0], [0.0, 0.0, 0.0]], "action_params_change": 0, "value_params_change": 0.27323910875264135}
{"iterations": 1, "type_itr": 0, "sub_iteration": 11, "sub_it_time": 4.102854490280151, "total_time": 44.69530367851257, "value_loss": 0.4176259598443223, "action_loss": -0.15539554969116273, "action_probs": [[0.017067040456019353, 0.062090297585456075, 0.19854203481476446, 0.7223006271437602], [0.3813060104384661, 0.42122432090530637, 0.09382370808569224, 0.10364596057053538], [0.15431136477526344, 0.008606811099497859, 0.792859593570636, 0.04422223055460278], [0.055162198202289174, 0.005664889287207958, 0.8517067721690754, 0.0874661403414275], [0.09958660807460629, 0.06086314805759147, 0.5210849995067408, 0.31846524436106144], [0.3498106280875145, 1.2145161108690003e-07, 0.6501890247201499, 2.2574072433135708e-07], [0.0001198653317070952, 0.0027630355736706982, 0.04145816167695532, 0.9556589374176669], [5.6269852649225563e-05, 0.3124014596162752, 0.00012381803554245351, 0.6874184524955332], [0.5304252550396877, 0.22573456884747836, 0.17104715632560802, 0.07279301978722595], [0.35126361914323234, 0.10288677643253971, 0.422188573269592, 0.12366103115463593], [0.018562320025321953, 0.001227685844839643, 0.9194020316330732, 0.06080796249676534], [0.005699446944626554, 0.0006972811151631298, 0.8852946505618328, 0.10830862137837755], [0.2557876100915134, 0.1257535992476441, 0.4146186365483878, 0.20384015411245468], [0.07686449826830924, 0.2847740600044979, 0.13568058717671522, 0.5026808545504777], [0.20150392688506047, 0.5399119212462057, 0.07027867311323982, 0.188305478755494], [0.018072015192213766, 0.9765485407292924, 9.774319918628327e-05, 0.0052817008793076955]], "state_values": [-2.374824718113709, -0.19309721676202948, 1.1058734569997097, 4.998095030726943, -0.8203559597261971, 0.8477182608024414, 0.2780567494989474, -0.9245544717666331, -0.29331927842839, 0.16101351739589573, 0.45553487763887096, -0.6858243897058122, -0.7968937911362829, 0.6557190533482783, -0.1296863839654606, -0.44025456716011035], "value_grad": [-0.11389756888224978, -0.07593164511955242, -0.3796584000858482, 0.0, 0.03796582273423965, -0.13288039789132522, 0.1138974668070335, -0.056948742825740695, -0.09491457079489496, -0.037965822734371546, -0.18982910669213304, -0.018982914333449008, 0.05694872502805137, 0.22779492419178793, 0.24677787045649857, 0.09491457079482901], "action_grad": [[0.0, 0.0, 0.0], [0.0, 0.0, 0.0], [0.0, 0.0, 0.0], [0.0, 0.0, 0.0], [0.0, 0.0, 0.0], [0.0, 0.0, 0.0], [0.0, 0.0, 0.0], [0.0, 0.0, 0.0], [0.0, 0.0, 0.0], [0.0, 0.0, 0.0], [0.0, 0.0, 0.0], [0.0, 0.0, 0.0], [0.0, 0.0, 0.0], [0.0, 0.0, 0.0], [0.0, 0.0, 0.0], [0.0, 0.0, 0.0]], "action_params_change": 0, "value_params_change": 0.2823122467164696}
{"iterations": 1, "type_itr": 0, "sub_iteration": 12, "sub_it_time": 3.481543779373169, "total_time": 48.17846965789795, "value_loss": 0.4366089279199421, "action_loss": -0.06511250216276403, "action_probs": [[0.017067040456019353, 0.062090297585456075, 0.19854203481476446, 0.7223006271437602], [0.3813060104384661, 0.42122432090530637, 0.09382370808569224, 0.10364596057053538], [0.15431136477526344, 0.008606811099497859, 0.792859593570636, 0.04422223055460278], [0.055162198202289174, 0.005664889287207958, 0.8517067721690754, 0.0874661403414275], [0.09958660807460629, 0.06086314805759147, 0.5210849995067408, 0.31846524436106144], [0.3498106280875145, 1.2145161108690003e-07, 0.6501890247201499, 2.2574072433135708e-07], [0.0001198653317070952, 0.0027630355736706982, 0.04145816167695532, 0.9556589374176669], [5.6269852649225563e-05, 0.3124014596162752, 0.00012381803554245351, 0.6874184524955332], [0.5304252550396877, 0.22573456884747836, 0.17104715632560802, 0.07279301978722595], [0.35126361914323234, 0.10288677643253971, 0.422188573269592, 0.12366103115463593], [0.018562320025321953, 0.001227685844839643, 0.9194020316330732, 0.06080796249676534], [0.005699446944626554, 0.0006972811151631298, 0.8852946505618328, 0.10830862137837755], [0.2557876100915134, 0.1257535992476441, 0.4146186365483878, 0.20384015411245468], [0.07686449826830924, 0.2847740600044979, 0.13568058717671522, 0.5026808545504777], [0.20150392688506047, 0.5399119212462057, 0.07027867311323982, 0.188305478755494], [0.018072015192213766, 0.9765485407292924, 9.774319918628327e-05, 0.0052817008793076955]], "state_values": [-2.345052471844966, -0.7266005146439677, 0.43024240949728304, 4.99676978086033, -1.0828393317635172, 1.0498835811285077, 0.664512272952552, -0.8521594324997483, -0.2561315910656072, -0.11127802150117175, 0.49003955410987066, -0.8309023935215336, -1.2277593612985171, 0.7059706869663941, 0.4364838314289578, 0.1629832964407731], "value_grad": [-0.1138975359041855, 0.05694870670700469, -0.1708461703731906, 0.0, -0.0949145411318888, -0.4366068049297025, -0.07593162104038775, -0.07593164511955242, -0.05694876010009475, -1.318944953254686e-13, -0.1708461703733225, -0.037965810694602364, 0.18982904649385868, 0.32270940721951324, 0.11389743068812153, 198.683387084187], "action_grad": [[0.0, 0.0, 0.0], [0.0, 0.0, 0.0], [0.0, 0.0, 0.0], [0.0, 0.0, 0.0], [0.0, 0.0, 0.0], [0.0, 0.0, 0.0], [0.0, 0.0, 0.0], [0.0, 0.0, 0.0], [0.0, 0.0, 0.0], [0.0, 0.0, 0.0], [0.0, 0.0, 0.0], [0.0, 0.0, 0.0], [0.0, 0.0, 0.0], [0.0, 0.0, 0.0], [0.0, 0.0, 0.0], [0.0, 0.0, 0.0]], "action_params_change": 0, "value_params_change": 0.2737276053193023}
{"iterations": 1, "type_itr": 0, "sub_iteration": 13, "sub_it_time": 3.841036558151245, "total_time": 52.02112102508545, "value_loss": 0.5884725133921469, "action_loss": -0.030386039163794485, "action_probs": [[0.017067040456019353, 0.062090297585456075, 0.19854203481476446, 0.7223006271437602], [0.3813060104384661, 0.42122432090530637, 0.09382370808569224, 0.10364596057053538], [0.15431136477526344, 0.008606811099497859, 0.792859593570636, 0.04422223055460278], [0.055162198202289174, 0.005664889287207958, 0.8517067721690754, 0.0874661403414275], [0.09958660807460629, 0.06086314805759147, 0.5210849995067408, 0.31846524436106144], [0.3498106280875145, 1.2145161108690003e-07, 0.6501890247201499, 2.2574072433135708e-07], [0.0001198653317070952, 0.0027630355736706982, 0.04145816167695532, 0.9556589374176669], [5.6269852649225563e-05, 0.3124014596162752, 0.00012381803554245351, 0.6874184524955332], [0.5304252550396877, 0.22573456884747836, 0.17104715632560802, 0.07279301978722595], [0.35126361914323234, 0.10288677643253971, 0.422188573269592, 0.12366103115463593], [0.018562320025321953, 0.001227685844839643, 0.9194020316330732, 0.06080796249676534], [0.005699446944626554, 0.0006972811151631298, 0.8852946505618328, 0.10830862137837755], [0.2557876100915134, 0.1257535992476441, 0.4146186365483878, 0.20384015411245468], [0.07686449826830924, 0.2847740600044979, 0.13568058717671522, 0.5026808545504777], [0.20150392688506047, 0.5399119212462057, 0.07027867311323982, 0.188305478755494], [0.018072015192213766, 0.9765485407292924, 9.774319918628327e-05, 0.0052817008793076955]], "state_values": [-2.1004675228709284, -1.0581149016593328, -0.17609555191283227, 4.995273518279593, -1.1658397800400002, 1.0350519115946446, 0.8551257397153607, -0.6921999913339965, -0.32048952588961394, -0.3350468281747946, 0.4964169287958213, -0.8517324664100191, -1.4734540990997433, 0.6189572984147127, 0.9261668289767727, 0.7059323040340445], "value_grad": [-0.15186292102403032, 0.18982850209343793, 0.037965701814531405, 0.0, -0.17084568669415978, -0.6264339427074479, -0.18982850209343793, -0.037965701814531405, 0.17084561916773933, 0.01898284715577958, -0.05694854129290827, -0.0379657018146633, 0.3037257038541964, 0.3416912744544124, -0.018982847155845528, -0.07593137291947405], "action_grad": [[0.0, 0.0, 0.0], [0.0, 0.0, 0.0], [0.0, 0.0, 0.0], [0.0, 0.0, 0.0], [0.0, 0.0, 0.0], [0.0, 0.0, 0.0], [0.0, 0.0, 0.0], [0.0, 0.0, 0.0], [0.0, 0.0, 0.0], [0.0, 0.0, 0.0], [0.0, 0.0, 0.0], [0.0, 0.0, 0.0], [0.0, 0.0, 0.0], [0.0, 0.0, 0.0], [0.0, 0.0, 0.0], [0.0, 0.0, 0.0]], "action_params_change": 0, "value_params_change": 0.24276284266608705}
