{"iterations": 0, "type_itr": 0, "sub_iteration": 0, "sub_it_time": 0, "total_time": 0, "value_loss": 0, "action_loss": 0, "action_probs": [[0.07722408826564345, 0.3174018314642352, 0.11846525803604732, 0.486908822234074], [0.03677553775753009, 0.27517838723538574, 0.08111218479112907, 0.6069338902159551], [0.20913635867671626, 0.034581834832526796, 0.648970931818955, 0.10731087467180192], [0.5502081674456516, 0.43617140866791915, 0.007597550322273073, 0.00602287356415621], [0.00029277264378513117, 0.2631188578745226, 0.0008186917331258298, 0.7357696777485664], [0.01450771328610952, 0.000957798305418676, 0.9235610470164372, 0.06097344139203468], [0.27306266339726476, 0.4913928907074688, 0.08413621092715945, 0.1514082349681071], [0.7088165918681086, 0.060477851728793997, 0.21256870834799, 0.018136848055107443], [0.15270774360711922, 0.6526758324044243, 0.036900969750763374, 0.15771545423769298], [0.017749777452631423, 0.6229512217979147, 0.009953905659138423, 0.3493450950903153], [0.17199404109365182, 0.32241723019562996, 0.17588241537373625, 0.32970631333698197], [0.2463148733852527, 0.6236563294752272, 0.03681504238134425, 0.09321375475817584], [0.30386789551087523, 0.21289182362861434, 0.2841576108441428, 0.19908267001636773], [0.3158767494050442, 0.07439691774754002, 0.4934956884272698, 0.11623064442014594], [0.10641288306726204, 0.04210850387355805, 0.6100690005126657, 0.24140961254651438], [5.970716059792794e-05, 0.20376505669787448, 0.00023322662952477842, 0.7959420095120029]], "state_values": [2.5776268418462287, 3.640105934656337, 4.581843515790286, -0.3113171824674256, 4.303905128426053, -4.919651517421791, 4.992055831500412, -2.616200149315979, 1.8228704465305456, 1.6545088260723457, 4.838993958235224, -2.4671710889529983, -0.14653801757412868, 4.025726068852296, -4.494895764711827, -3.640748154190675], "value_grad": [0.0, 0.0, 0.0, 0.0, 0.0, 0.0, 0.0, 0.0, 0.0, 0.0, 0.0, 0.0, 0.0, 0.0, 0.0, 0.0], "action_grad": [[0.0, 0.0, 0.0], [0.0, 0.0, 0.0], [0.0, 0.0, 0.0], [0.0, 0.0, 0.0], [0.0, 0.0, 0.0], [0.0, 0.0, 0.0], [0.0, 0.0, 0.0], [0.0, 0.0, 0.0], [0.0, 0.0, 0.0], [0.0, 0.0, 0.0], [0.0, 0.0, 0.0], [0.0, 0.0, 0.0], [0.0, 0.0, 0.0], [0.0, 0.0, 0.0], [0.0, 0.0, 0.0], [0.0, 0.0, 0.0]], "action_params_change": 0, "value_params_change": 0}
{"iterations": 1, "type_itr": 0, "sub_iteration": 0, "sub_it_time": 0.5335693359375, "total_time": 0.5359025001525879, "value_loss": 14.229864120483398, "action_loss": -0.5313880443572998, "action_probs": [[0.07722408826564345, 0.3174018314642352, 0.11846525803604732, 0.486908822234074], [0.03677553775753009, 0.27517838723538574, 0.08111218479112907, 0.6069338902159551], [0.20913635867671626, 0.034581834832526796, 0.648970931818955, 0.10731087467180192], [0.5502081674456516, 0.43617140866791915, 0.007597550322273073, 0.00602287356415621], [0.00029277264378513117, 0.2631188578745226, 0.0008186917331258298, 0.7357696777485664], [0.01450771328610952, 0.000957798305418676, 0.9235610470164372, 0.06097344139203468], [0.27306266339726476, 0.4913928907074688, 0.08413621092715945, 0.1514082349681071], [0.7088165918681086, 0.060477851728793997, 0.21256870834799, 0.018136848055107443], [0.15270774360711922, 0.6526758324044243, 0.036900969750763374, 0.15771545423769298], [0.017749777452631423, 0.6229512217979147, 0.009953905659138423, 0.3493450950903153], [0.17199404109365182, 0.32241723019562996, 0.17588241537373625, 0.32970631333698197], [0.2463148733852527, 0.6236563294752272, 0.03681504238134425, 0.09321375475817584], [0.30386789551087523, 0.21289182362861434, 0.2841576108441428, 0.19908267001636773], [0.3158767494050442, 0.07439691774754002, 0.4934956884272698, 0.11623064442014594], [0.10641288306726204, 0.04210850387355805, 0.6100690005126657, 0.24140961254651438], [5.970716059792794e-05, 0.20376505669787448, 0.00023322662952477842, 0.7959420095120029]], "state_values": [3.557465064645789, 2.678899220134581, 4.934627852979835, 0.9329805616534699, 3.540494425337708, -4.545837931675773, 4.906569039539764, -1.4806987184927765, 0.6143225147661663, 2.7704066532746814, 4.377172499206818, -1.3145413923887561, 1.094505905890552, 3.1669271192491815, -3.8133562932619456, -2.6796902633128945], "value_grad": [0.09385108947753906, -0.809422492980957, -0.2411642074584961, -0.5654897689819336, 0.6890392303466797, 0.8030872344970703, 0.06138038635253906, 0.26848697662353516, -0.006731986999511719, 0.25066661834716797, -0.6126117706298828, 0.0015840530395507812, -1.151963233947754, 1.2085933685302734, -1.053757667541504, -0.2629432678222656], "action_grad": [[0.0, 0.0, 0.0], [0.0, 0.0, 0.0], [0.0, 0.0, 0.0], [0.0, 0.0, 0.0], [0.0, 0.0, 0.0], [0.0, 0.0, 0.0], [0.0, 0.0, 0.0], [0.0, 0.0, 0.0], [0.0, 0.0, 0.0], [0.0, 0.0, 0.0], [0.0, 0.0, 0.0], [0.0, 0.0, 0.0], [0.0, 0.0, 0.0], [0.0, 0.0, 0.0], [0.0, 0.0, 0.0], [0.0, 0.0, 0.0]], "action_params_change": 0, "value_params_change": 0.4999999958629593}
{"iterations": 1, "type_itr": 0, "sub_iteration": 1, "sub_it_time": 0.30881261825561523, "total_time": 0.8465840816497803, "value_loss": 10.926431655883789, "action_loss": -0.931418776512146, "action_probs": [[0.07722408826564345, 0.3174018314642352, 0.11846525803604732, 0.486908822234074], [0.03677553775753009, 0.27517838723538574, 0.08111218479112907, 0.6069338902159551], [0.20913635867671626, 0.034581834832526796, 0.648970931818955, 0.10731087467180192], [0.5502081674456516, 0.43617140866791915, 0.007597550322273073, 0.00602287356415621], [0.00029277264378513117, 0.2631188578745226, 0.0008186917331258298, 0.7357696777485664], [0.01450771328610952, 0.000957798305418676, 0.9235610470164372, 0.06097344139203468], [0.27306266339726476, 0.4913928907074688, 0.08413621092715945, 0.1514082349681071], [0.7088165918681086, 0.060477851728793997, 0.21256870834799, 0.018136848055107443], [0.15270774360711922, 0.6526758324044243, 0.036900969750763374, 0.15771545423769298], [0.017749777452631423, 0.6229512217979147, 0.009953905659138423, 0.3493450950903153], [0.17199404109365182, 0.32241723019562996, 0.17588241537373625, 0.32970631333698197], [0.2463148733852527, 0.6236563294752272, 0.03681504238134425, 0.09321375475817584], [0.30386789551087523, 0.21289182362861434, 0.2841576108441428, 0.19908267001636773], [0.3158767494050442, 0.07439691774754002, 0.4934956884272698, 0.11623064442014594], [0.10641288306726204, 0.04210850387355805, 0.6100690005126657, 0.24140961254651438], [5.970716059792794e-05, 0.20376505669787448, 0.00023322662952477842, 0.7959420095120029]], "state_values": [3.1764900956541045, 1.6388105868516751, 4.881497489668411, 2.1203140235829427, 2.5787071859856123, -3.91646615628308, 4.559433967566487, -0.423086644022007, 1.4909716549392127, 2.2117892721782537, 3.6435915569896844, -0.3937758577068056, 1.5621075004640572, 2.225989230077541, -2.9019890690214876, -1.9764600448133038], "value_grad": [-0.21423721313476562, -0.3880796432495117, 0.34412384033203125, -0.5916223526000977, 1.189584732055664, 1.603799819946289, 0.18493080139160156, 0.08513927459716797, 0.17938804626464844, -0.8209075927734375, -0.6027126312255859, 0.22690773010253906, 0.40075111389160156, 0.48193359375, -1.5305395126342773, 0.011485099792480469], "action_grad": [[0.0, 0.0, 0.0], [0.0, 0.0, 0.0], [0.0, 0.0, 0.0], [0.0, 0.0, 0.0], [0.0, 0.0, 0.0], [0.0, 0.0, 0.0], [0.0, 0.0, 0.0], [0.0, 0.0, 0.0], [0.0, 0.0, 0.0], [0.0, 0.0, 0.0], [0.0, 0.0, 0.0], [0.0, 0.0, 0.0], [0.0, 0.0, 0.0], [0.0, 0.0, 0.0], [0.0, 0.0, 0.0], [0.0, 0.0, 0.0]], "action_params_change": 0, "value_params_change": 0.5004610486470757}
{"iterations": 1, "type_itr": 0, "sub_iteration": 2, "sub_it_time": 0.2933480739593506, "total_time": 1.1417055130004883, "value_loss": 7.349363327026367, "action_loss": -1.035374641418457, "action_probs": [[0.07722408826564345, 0.3174018314642352, 0.11846525803604732, 0.486908822234074], [0.03677553775753009, 0.27517838723538574, 0.08111218479112907, 0.6069338902159551], [0.20913635867671626, 0.034581834832526796, 0.648970931818955, 0.10731087467180192], [0.5502081674456516, 0.43617140866791915, 0.007597550322273073, 0.00602287356415621], [0.00029277264378513117, 0.2631188578745226, 0.0008186917331258298, 0.7357696777485664], [0.01450771328610952, 0.000957798305418676, 0.9235610470164372, 0.06097344139203468], [0.27306266339726476, 0.4913928907074688, 0.08413621092715945, 0.1514082349681071], [0.7088165918681086, 0.060477851728793997, 0.21256870834799, 0.018136848055107443], [0.15270774360711922, 0.6526758324044243, 0.036900969750763374, 0.15771545423769298], [0.017749777452631423, 0.6229512217979147, 0.009953905659138423, 0.3493450950903153], [0.17199404109365182, 0.32241723019562996, 0.17588241537373625, 0.32970631333698197], [0.2463148733852527, 0.6236563294752272, 0.03681504238134425, 0.09321375475817584], [0.30386789551087523, 0.21289182362861434, 0.2841576108441428, 0.19908267001636773], [0.3158767494050442, 0.07439691774754002, 0.4934956884272698, 0.11623064442014594], [0.10641288306726204, 0.04210850387355805, 0.6100690005126657, 0.24140961254651438], [5.970716059792794e-05, 0.20376505669787448, 0.00023322662952477842, 0.7959420095120029]], "state_values": [2.4413251409245644, 0.571075170803132, 4.693667078551345, 3.1663295009219916, 1.5385337479570165, -3.043449067886973, 4.0213081899659295, -0.6909385693045945, 2.459797311655704, 2.0239519834212722, 2.681744487870039, -0.41008556061791385, 1.8047851221891493, 1.3526124192375397, -1.8082008176236204, -2.182689483678996], "value_grad": [-0.4134230613708496, -0.2906637191772461, 0.33580827713012695, -0.48509979248046875, 0.4411444664001465, 1.5895447731018066, 0.496187686920166, -0.4827237129211426, 0.21859216690063477, 0.299771785736084, -0.6431035995483398, -0.21185970306396484, 0.1750321388244629, 0.11959218978881836, -1.744379997253418, 0.32036447525024414], "action_grad": [[0.0, 0.0, 0.0], [0.0, 0.0, 0.0], [0.0, 0.0, 0.0], [0.0, 0.0, 0.0], [0.0, 0.0, 0.0], [0.0, 0.0, 0.0], [0.0, 0.0, 0.0], [0.0, 0.0, 0.0], [0.0, 0.0, 0.0], [0.0, 0.0, 0.0], [0.0, 0.0, 0.0], [0.0, 0.0, 0.0], [0.0, 0.0, 0.0], [0.0, 0.0, 0.0], [0.0, 0.0, 0.0], [0.0, 0.0, 0.0]], "action_params_change": 0, "value_params_change": 0.5006866613983667}
{"iterations": 1, "type_itr": 0, "sub_iteration": 3, "sub_it_time": 0.3207409381866455, "total_time": 1.4641273021697998, "value_loss": 4.374612331390381, "action_loss": -0.9725663661956787, "action_probs": [[0.07722408826564345, 0.3174018314642352, 0.11846525803604732, 0.486908822234074], [0.03677553775753009, 0.27517838723538574, 0.08111218479112907, 0.6069338902159551], [0.20913635867671626, 0.034581834832526796, 0.648970931818955, 0.10731087467180192], [0.5502081674456516, 0.43617140866791915, 0.007597550322273073, 0.00602287356415621], [0.00029277264378513117, 0.2631188578745226, 0.0008186917331258298, 0.7357696777485664], [0.01450771328610952, 0.000957798305418676, 0.9235610470164372, 0.06097344139203468], [0.27306266339726476, 0.4913928907074688, 0.08413621092715945, 0.1514082349681071], [0.7088165918681086, 0.060477851728793997, 0.21256870834799, 0.018136848055107443], [0.15270774360711922, 0.6526758324044243, 0.036900969750763374, 0.15771545423769298], [0.017749777452631423, 0.6229512217979147, 0.009953905659138423, 0.3493450950903153], [0.17199404109365182, 0.32241723019562996, 0.17588241537373625, 0.32970631333698197], [0.2463148733852527, 0.6236563294752272, 0.03681504238134425, 0.09321375475817584], [0.30386789551087523, 0.21289182362861434, 0.2841576108441428, 0.19908267001636773], [0.3158767494050442, 0.07439691774754002, 0.4934956884272698, 0.11623064442014594], [0.10641288306726204, 0.04210850387355805, 0.6100690005126657, 0.24140961254651438], [5.970716059792794e-05, 0.20376505669787448, 0.00023322662952477842, 0.7959420095120029]], "state_values": [1.8511235215729178, 0.1926475669341576, 4.4415029225176195, 4.022329111188643, 0.5302669118417561, -1.9761211123965927, 3.299769666934166, -0.859313686190809, 2.689087935718679, 1.9993763205737354, 1.5731199778948457, -0.4317558200846121, 1.9730742505844954, 0.40116437198288135, -0.6041169337951503, -2.641064469822852], "value_grad": [0.04752016067504883, 0.5860800743103027, 0.06138038635253906, -0.5825159549713135, 0.20869159698486328, 1.7720999717712402, 0.9108004570007324, 0.03841209411621094, -0.2079000473022461, 0.17819976806640625, -1.1527564525604248, -0.0035638809204101562, 0.049500465393066406, 0.46846771240234375, -1.4050078392028809, 0.23878812789916992], "action_grad": [[0.0, 0.0, 0.0], [0.0, 0.0, 0.0], [0.0, 0.0, 0.0], [0.0, 0.0, 0.0], [0.0, 0.0, 0.0], [0.0, 0.0, 0.0], [0.0, 0.0, 0.0], [0.0, 0.0, 0.0], [0.0, 0.0, 0.0], [0.0, 0.0, 0.0], [0.0, 0.0, 0.0], [0.0, 0.0, 0.0], [0.0, 0.0, 0.0], [0.0, 0.0, 0.0], [0.0, 0.0, 0.0], [0.0, 0.0, 0.0]], "action_params_change": 0, "value_params_change": 0.49801959566869547}
{"iterations": 1, "type_itr": 0, "sub_iteration": 4, "sub_it_time": 0.30602097511291504, "total_time": 1.7718737125396729, "value_loss": 2.814768075942993, "action_loss": -0.8973886966705322, "action_probs": [[0.07722408826564345, 0.3174018314642352, 0.11846525803604732, 0.486908822234074], [0.03677553775753009, 0.27517838723538574, 0.08111218479112907, 0.6069338902159551], [0.20913635867671626, 0.034581834832526796, 0.648970931818955, 0.10731087467180192], [0.5502081674456516, 0.43617140866791915, 0.007597550322273073, 0.00602287356415621], [0.00029277264378513117, 0.2631188578745226, 0.0008186917331258298, 0.7357696777485664], [0.01450771328610952, 0.000957798305418676, 0.9235610470164372, 0.06097344139203468], [0.27306266339726476, 0.4913928907074688, 0.08413621092715945, 0.1514082349681071], [0.7088165918681086, 0.060477851728793997, 0.21256870834799, 0.018136848055107443], [0.15270774360711922, 0.6526758324044243, 0.036900969750763374, 0.15771545423769298], [0.017749777452631423, 0.6229512217979147, 0.009953905659138423, 0.3493450950903153], [0.17199404109365182, 0.32241723019562996, 0.17588241537373625, 0.32970631333698197], [0.2463148733852527, 0.6236563294752272, 0.03681504238134425, 0.09321375475817584], [0.30386789551087523, 0.21289182362861434, 0.2841576108441428, 0.19908267001636773], [0.3158767494050442, 0.07439691774754002, 0.4934956884272698, 0.11623064442014594], [0.10641288306726204, 0.04210850387355805, 0.6100690005126657, 0.24140961254651438], [5.970716059792794e-05, 0.20376505669787448, 0.00023322662952477842, 0.7959420095120029]], "state_values": [1.1586140549976487, 0.219033999822628, 4.001066419437142, 4.558396218779277, -0.15712713662381642, -0.8152697344535819, 2.4033972100407643, -0.8576959107241123, 2.8063443144211697, 1.780474061169426, 0.40144869070076505, -0.9836154532462099, 2.106322681253505, -0.23847884641441064, 0.4373225329228768, -2.27265830314984], "value_grad": [-0.14454007148742676, 0.570239782333374, 0.39520812034606934, -0.01742410659790039, -0.35164833068847656, 1.0173239707946777, 1.3174922466278076, 0.11959242820739746, -0.043560028076171875, -0.3072962760925293, -0.5049002170562744, -0.4161961078643799, 0.013859987258911133, -0.32630419731140137, 0.03564000129699707, -0.9959399700164795], "action_grad": [[0.0, 0.0, 0.0], [0.0, 0.0, 0.0], [0.0, 0.0, 0.0], [0.0, 0.0, 0.0], [0.0, 0.0, 0.0], [0.0, 0.0, 0.0], [0.0, 0.0, 0.0], [0.0, 0.0, 0.0], [0.0, 0.0, 0.0], [0.0, 0.0, 0.0], [0.0, 0.0, 0.0], [0.0, 0.0, 0.0], [0.0, 0.0, 0.0], [0.0, 0.0, 0.0], [0.0, 0.0, 0.0], [0.0, 0.0, 0.0]], "action_params_change": 0, "value_params_change": 0.48505339102162237}
{"iterations": 1, "type_itr": 0, "sub_iteration": 5, "sub_it_time": 0.29816508293151855, "total_time": 2.0717103481292725, "value_loss": 1.4584680795669556, "action_loss": -0.8270102739334106, "action_probs": [[0.07722408826564345, 0.3174018314642352, 0.11846525803604732, 0.486908822234074], [0.03677553775753009, 0.27517838723538574, 0.08111218479112907, 0.6069338902159551], [0.20913635867671626, 0.034581834832526796, 0.648970931818955, 0.10731087467180192], [0.5502081674456516, 0.43617140866791915, 0.007597550322273073, 0.00602287356415621], [0.00029277264378513117, 0.2631188578745226, 0.0008186917331258298, 0.7357696777485664], [0.01450771328610952, 0.000957798305418676, 0.9235610470164372, 0.06097344139203468], [0.27306266339726476, 0.4913928907074688, 0.08413621092715945, 0.1514082349681071], [0.7088165918681086, 0.060477851728793997, 0.21256870834799, 0.018136848055107443], [0.15270774360711922, 0.6526758324044243, 0.036900969750763374, 0.15771545423769298], [0.017749777452631423, 0.6229512217979147, 0.009953905659138423, 0.3493450950903153], [0.17199404109365182, 0.32241723019562996, 0.17588241537373625, 0.32970631333698197], [0.2463148733852527, 0.6236563294752272, 0.03681504238134425, 0.09321375475817584], [0.30386789551087523, 0.21289182362861434, 0.2841576108441428, 0.19908267001636773], [0.3158767494050442, 0.07439691774754002, 0.4934956884272698, 0.11623064442014594], [0.10641288306726204, 0.04210850387355805, 0.6100690005126657, 0.24140961254651438], [5.970716059792794e-05, 0.20376505669787448, 0.00023322662952477842, 0.7959420095120029]], "state_values": [0.5726648765369561, 0.38205100779519774, 3.394202665381251, 4.869205919833195, -0.6662871136793437, 0.35916083668464077, 1.4163245613154896, -0.6870336009417789, 2.432268444478628, 1.4036315667730004, -0.6878340414176763, -1.5268928140399642, 2.1042272562665474, -0.46334081112256564, 1.3626944188356782, -1.6297034359120008], "value_grad": [0.023363947868347168, 0.2760121822357178, 0.26967597007751465, -0.10058391094207764, -0.18018031120300293, 0.8422918319702148, 0.40391969680786133, 0.15562796592712402, -0.4514402151107788, -0.3207598924636841, -0.16275596618652344, -0.06811213493347168, 0.24156010150909424, -0.6609237194061279, -0.20116806030273438, -0.9282239675521851], "action_grad": [[0.0, 0.0, 0.0], [0.0, 0.0, 0.0], [0.0, 0.0, 0.0], [0.0, 0.0, 0.0], [0.0, 0.0, 0.0], [0.0, 0.0, 0.0], [0.0, 0.0, 0.0], [0.0, 0.0, 0.0], [0.0, 0.0, 0.0], [0.0, 0.0, 0.0], [0.0, 0.0, 0.0], [0.0, 0.0, 0.0], [0.0, 0.0, 0.0], [0.0, 0.0, 0.0], [0.0, 0.0, 0.0], [0.0, 0.0, 0.0]], "action_params_change": 0, "value_params_change": 0.4713586470773934}
{"iterations": 1, "type_itr": 0, "sub_iteration": 6, "sub_it_time": 0.2942514419555664, "total_time": 2.367687940597534, "value_loss": 1.7396281957626343, "action_loss": -0.7395532727241516, "action_probs": [[0.07722408826564345, 0.3174018314642352, 0.11846525803604732, 0.486908822234074], [0.03677553775753009, 0.27517838723538574, 0.08111218479112907, 0.6069338902159551], [0.20913635867671626, 0.034581834832526796, 0.648970931818955, 0.10731087467180192], [0.5502081674456516, 0.43617140866791915, 0.007597550322273073, 0.00602287356415621], [0.00029277264378513117, 0.2631188578745226, 0.0008186917331258298, 0.7357696777485664], [0.01450771328610952, 0.000957798305418676, 0.9235610470164372, 0.06097344139203468], [0.27306266339726476, 0.4913928907074688, 0.08413621092715945, 0.1514082349681071], [0.7088165918681086, 0.060477851728793997, 0.21256870834799, 0.018136848055107443], [0.15270774360711922, 0.6526758324044243, 0.036900969750763374, 0.15771545423769298], [0.017749777452631423, 0.6229512217979147, 0.009953905659138423, 0.3493450950903153], [0.17199404109365182, 0.32241723019562996, 0.17588241537373625, 0.32970631333698197], [0.2463148733852527, 0.6236563294752272, 0.03681504238134425, 0.09321375475817584], [0.30386789551087523, 0.21289182362861434, 0.2841576108441428, 0.19908267001636773], [0.3158767494050442, 0.07439691774754002, 0.4934956884272698, 0.11623064442014594], [0.10641288306726204, 0.04210850387355805, 0.6100690005126657, 0.24140961254651438], [5.970716059792794e-05, 0.20376505669787448, 0.00023322662952477842, 0.7959420095120029]], "state_values": [0.2607495929024713, 0.6129992777626713, 2.585588257932841, 4.999077964658157, -0.9933126828442905, 1.3833770576681925, 0.311489359775115, -0.576212728033035, 1.7627692953730323, 0.9163404965302849, -1.2680503471962838, -1.680716253862163, 1.941190987658364, -0.49656931294891665, 2.0874747837756584, -1.0368192293134064], "value_grad": [0.15166819095611572, 0.18532812595367432, 0.5349960327148438, -0.6363720893859863, -0.2613598108291626, 0.06850767135620117, 0.9448560476303101, -0.03643214702606201, -0.8185316324234009, -0.278783917427063, 0.7832880020141602, 0.2558159828186035, 0.36352789402008057, -0.40233588218688965, 0.21819627285003662, -0.011484026908874512], "action_grad": [[0.0, 0.0, 0.0], [0.0, 0.0, 0.0], [0.0, 0.0, 0.0], [0.0, 0.0, 0.0], [0.0, 0.0, 0.0], [0.0, 0.0, 0.0], [0.0, 0.0, 0.0], [0.0, 0.0, 0.0], [0.0, 0.0, 0.0], [0.0, 0.0, 0.0], [0.0, 0.0, 0.0], [0.0, 0.0, 0.0], [0.0, 0.0, 0.0], [0.0, 0.0, 0.0], [0.0, 0.0, 0.0], [0.0, 0.0, 0.0]], "action_params_change": 0, "value_params_change": 0.44971703082331516}
{"iterations": 1, "type_itr": 0, "sub_iteration": 7, "sub_it_time": 0.3141353130340576, "total_time": 2.683692693710327, "value_loss": 1.524996042251587, "action_loss": -0.6454135179519653, "action_probs": [[0.07722408826564345, 0.3174018314642352, 0.11846525803604732, 0.486908822234074], [0.03677553775753009, 0.27517838723538574, 0.08111218479112907, 0.6069338902159551], [0.20913635867671626, 0.034581834832526796, 0.648970931818955, 0.10731087467180192], [0.5502081674456516, 0.43617140866791915, 0.007597550322273073, 0.00602287356415621], [0.00029277264378513117, 0.2631188578745226, 0.0008186917331258298, 0.7357696777485664], [0.01450771328610952, 0.000957798305418676, 0.9235610470164372, 0.06097344139203468], [0.27306266339726476, 0.4913928907074688, 0.08413621092715945, 0.1514082349681071], [0.7088165918681086, 0.060477851728793997, 0.21256870834799, 0.018136848055107443], [0.15270774360711922, 0.6526758324044243, 0.036900969750763374, 0.15771545423769298], [0.017749777452631423, 0.6229512217979147, 0.009953905659138423, 0.3493450950903153], [0.17199404109365182, 0.32241723019562996, 0.17588241537373625, 0.32970631333698197], [0.2463148733852527, 0.6236563294752272, 0.03681504238134425, 0.09321375475817584], [0.30386789551087523, 0.21289182362861434, 0.2841576108441428, 0.19908267001636773], [0.3158767494050442, 0.07439691774754002, 0.4934956884272698, 0.11623064442014594], [0.10641288306726204, 0.04210850387355805, 0.6100690005126657, 0.24140961254651438], [5.970716059792794e-05, 0.20376505669787448, 0.00023322662952477842, 0.7959420095120029]], "state_values": [0.4029975007363054, 0.8091162859140921, 1.603179791768843, 4.925952334518319, -0.7899022197706616, 2.1759537286452773, -0.5098823307002732, -0.5911381329323073, 0.9750620791606651, 0.3110676474910687, -1.4572625298527746, -1.9133710290364432, 1.5782663363637617, -0.30227917597812864, 2.5288321150425324, -0.24939068957480764], "value_grad": [0.38015997409820557, -0.013463973999023438, 0.546083927154541, -0.06890404224395752, -1.4172842502593994, -0.3389761447906494, -0.46529996395111084, -0.10890007019042969, -0.35204410552978516, -0.3413519859313965, 0.8965439796447754, -0.10335612297058105, 0.5567761659622192, -0.6221160888671875, 0.7824960947036743, -0.9567359685897827], "action_grad": [[0.0, 0.0, 0.0], [0.0, 0.0, 0.0], [0.0, 0.0, 0.0], [0.0, 0.0, 0.0], [0.0, 0.0, 0.0], [0.0, 0.0, 0.0], [0.0, 0.0, 0.0], [0.0, 0.0, 0.0], [0.0, 0.0, 0.0], [0.0, 0.0, 0.0], [0.0, 0.0, 0.0], [0.0, 0.0, 0.0], [0.0, 0.0, 0.0], [0.0, 0.0, 0.0], [0.0, 0.0, 0.0], [0.0, 0.0, 0.0]], "action_params_change": 0, "value_params_change": 0.43415825398506547}
{"iterations": 1, "type_itr": 0, "sub_iteration": 8, "sub_it_time": 0.2940518856048584, "total_time": 2.979799270629883, "value_loss": 2.2758121490478516, "action_loss": -0.5617055296897888, "action_probs": [[0.07722408826564345, 0.3174018314642352, 0.11846525803604732, 0.486908822234074], [0.03677553775753009, 0.27517838723538574, 0.08111218479112907, 0.6069338902159551], [0.20913635867671626, 0.034581834832526796, 0.648970931818955, 0.10731087467180192], [0.5502081674456516, 0.43617140866791915, 0.007597550322273073, 0.00602287356415621], [0.00029277264378513117, 0.2631188578745226, 0.0008186917331258298, 0.7357696777485664], [0.01450771328610952, 0.000957798305418676, 0.9235610470164372, 0.06097344139203468], [0.27306266339726476, 0.4913928907074688, 0.08413621092715945, 0.1514082349681071], [0.7088165918681086, 0.060477851728793997, 0.21256870834799, 0.018136848055107443], [0.15270774360711922, 0.6526758324044243, 0.036900969750763374, 0.15771545423769298], [0.017749777452631423, 0.6229512217979147, 0.009953905659138423, 0.3493450950903153], [0.17199404109365182, 0.32241723019562996, 0.17588241537373625, 0.32970631333698197], [0.2463148733852527, 0.6236563294752272, 0.03681504238134425, 0.09321375475817584], [0.30386789551087523, 0.21289182362861434, 0.2841576108441428, 0.19908267001636773], [0.3158767494050442, 0.07439691774754002, 0.4934956884272698, 0.11623064442014594], [0.10641288306726204, 0.04210850387355805, 0.6100690005126657, 0.24140961254651438], [5.970716059792794e-05, 0.20376505669787448, 0.00023322662952477842, 0.7959420095120029]], "state_values": [0.7063914100958784, 1.1213715967941278, 0.6432543876645396, 4.729595113849026, -0.37979934650700575, 2.6693650456915607, -1.0483815658574902, -0.40074892903644355, 0.06988529788370962, -0.08884339184311302, -1.4372976929861225, -2.411977519019303, 1.020105752279165, -0.040487945982032224, 2.7516691307568957, 0.6198839744079477], "value_grad": [0.20433616638183594, 0.3207601308822632, 0.0415802001953125, 0.11880004405975342, -0.9119881391525269, -0.9016920328140259, -0.5476680994033813, 0.21344399452209473, -0.4609440565109253, 0.24155986309051514, 0.6561721563339233, -0.46965575218200684, 0.6961678266525269, -0.2605682611465454, 0.838331937789917, -0.6229081153869629], "action_grad": [[0.0, 0.0, 0.0], [0.0, 0.0, 0.0], [0.0, 0.0, 0.0], [0.0, 0.0, 0.0], [0.0, 0.0, 0.0], [0.0, 0.0, 0.0], [0.0, 0.0, 0.0], [0.0, 0.0, 0.0], [0.0, 0.0, 0.0], [0.0, 0.0, 0.0], [0.0, 0.0, 0.0], [0.0, 0.0, 0.0], [0.0, 0.0, 0.0], [0.0, 0.0, 0.0], [0.0, 0.0, 0.0], [0.0, 0.0, 0.0]], "action_params_change": 0, "value_params_change": 0.39478477300955994}
{"iterations": 1, "type_itr": 0, "sub_iteration": 9, "sub_it_time": 0.29481983184814453, "total_time": 3.276562452316284, "value_loss": 2.142360210418701, "action_loss": -0.4902766942977905, "action_probs": [[0.07722408826564345, 0.3174018314642352, 0.11846525803604732, 0.486908822234074], [0.03677553775753009, 0.27517838723538574, 0.08111218479112907, 0.6069338902159551], [0.20913635867671626, 0.034581834832526796, 0.648970931818955, 0.10731087467180192], [0.5502081674456516, 0.43617140866791915, 0.007597550322273073, 0.00602287356415621], [0.00029277264378513117, 0.2631188578745226, 0.0008186917331258298, 0.7357696777485664], [0.01450771328610952, 0.000957798305418676, 0.9235610470164372, 0.06097344139203468], [0.27306266339726476, 0.4913928907074688, 0.08413621092715945, 0.1514082349681071], [0.7088165918681086, 0.060477851728793997, 0.21256870834799, 0.018136848055107443], [0.15270774360711922, 0.6526758324044243, 0.036900969750763374, 0.15771545423769298], [0.017749777452631423, 0.6229512217979147, 0.009953905659138423, 0.3493450950903153], [0.17199404109365182, 0.32241723019562996, 0.17588241537373625, 0.32970631333698197], [0.2463148733852527, 0.6236563294752272, 0.03681504238134425, 0.09321375475817584], [0.30386789551087523, 0.21289182362861434, 0.2841576108441428, 0.19908267001636773], [0.3158767494050442, 0.07439691774754002, 0.4934956884272698, 0.11623064442014594], [0.10641288306726204, 0.04210850387355805, 0.6100690005126657, 0.24140961254651438], [5.970716059792794e-05, 0.20376505669787448, 0.00023322662952477842, 0.7959420095120029]], "state_values": [1.0793482050426384, 1.2413896237946265, -0.12916510833833544, 4.461631706511365, 0.03227332295868546, 2.901903228954655, -1.3435688264070333, -0.02435723400294059, -0.8074577180342045, -0.4254797473186006, -1.2605954231020555, -2.4863642760879623, 0.4173740935767523, 0.3753829212000787, 2.8363251612647664, 1.4468386915535756], "value_grad": [0.12632417678833008, -0.3429361581802368, -0.16790390014648438, 0.0328679084777832, -0.16869604587554932, -1.163051962852478, -0.5920201539993286, 0.24591612815856934, -0.1409759521484375, 0.03722405433654785, 0.6090481281280518, 0.48866379261016846, 0.2653200626373291, -0.5951880216598511, 0.6716159582138062, -0.2292841672897339], "action_grad": [[0.0, 0.0, 0.0], [0.0, 0.0, 0.0], [0.0, 0.0, 0.0], [0.0, 0.0, 0.0], [0.0, 0.0, 0.0], [0.0, 0.0, 0.0], [0.0, 0.0, 0.0], [0.0, 0.0, 0.0], [0.0, 0.0, 0.0], [0.0, 0.0, 0.0], [0.0, 0.0, 0.0], [0.0, 0.0, 0.0], [0.0, 0.0, 0.0], [0.0, 0.0, 0.0], [0.0, 0.0, 0.0], [0.0, 0.0, 0.0]], "action_params_change": 0, "value_params_change": 0.35235872648017974}
{"iterations": 1, "type_itr": 0, "sub_iteration": 10, "sub_it_time": 0.2910635471343994, "total_time": 3.5694692134857178, "value_loss": 1.9142640829086304, "action_loss": -0.4841914474964142, "action_probs": [[0.07722408826564345, 0.3174018314642352, 0.11846525803604732, 0.486908822234074], [0.03677553775753009, 0.27517838723538574, 0.08111218479112907, 0.6069338902159551], [0.20913635867671626, 0.034581834832526796, 0.648970931818955, 0.10731087467180192], [0.5502081674456516, 0.43617140866791915, 0.007597550322273073, 0.00602287356415621], [0.00029277264378513117, 0.2631188578745226, 0.0008186917331258298, 0.7357696777485664], [0.01450771328610952, 0.000957798305418676, 0.9235610470164372, 0.06097344139203468], [0.27306266339726476, 0.4913928907074688, 0.08413621092715945, 0.1514082349681071], [0.7088165918681086, 0.060477851728793997, 0.21256870834799, 0.018136848055107443], [0.15270774360711922, 0.6526758324044243, 0.036900969750763374, 0.15771545423769298], [0.017749777452631423, 0.6229512217979147, 0.009953905659138423, 0.3493450950903153], [0.17199404109365182, 0.32241723019562996, 0.17588241537373625, 0.32970631333698197], [0.2463148733852527, 0.6236563294752272, 0.03681504238134425, 0.09321375475817584], [0.30386789551087523, 0.21289182362861434, 0.2841576108441428, 0.19908267001636773], [0.3158767494050442, 0.07439691774754002, 0.4934956884272698, 0.11623064442014594], [0.10641288306726204, 0.04210850387355805, 0.6100690005126657, 0.24140961254651438], [5.970716059792794e-05, 0.20376505669787448, 0.00023322662952477842, 0.7959420095120029]], "state_values": [1.534525399677637, 1.3044540067292003, -0.8283123090767978, 4.0581360878147175, 0.4120510355370247, 3.0100439158682817, -1.4890132575850745, 0.4900892881240148, -1.6628841598718138, -0.6706922014335663, -1.0478519195547877, -2.504203846819863, -0.146397630827159, 0.7275335481267515, 2.8639647324688555, 2.0797883433918987], "value_grad": [0.1659243106842041, -0.10296010971069336, 0.016235828399658203, -0.4332239627838135, -0.040392160415649414, -0.6807239055633545, -0.4264920949935913, 0.23522400856018066, -0.21027612686157227, 0.10295987129211426, 0.20354413986206055, 0.08315980434417725, 0.048708200454711914, 0.056627750396728516, 0.30650413036346436, 0.23324406147003174], "action_grad": [[0.0, 0.0, 0.0], [0.0, 0.0, 0.0], [0.0, 0.0, 0.0], [0.0, 0.0, 0.0], [0.0, 0.0, 0.0], [0.0, 0.0, 0.0], [0.0, 0.0, 0.0], [0.0, 0.0, 0.0], [0.0, 0.0, 0.0], [0.0, 0.0, 0.0], [0.0, 0.0, 0.0], [0.0, 0.0, 0.0], [0.0, 0.0, 0.0], [0.0, 0.0, 0.0], [0.0, 0.0, 0.0], [0.0, 0.0, 0.0]], "action_params_change": 0, "value_params_change": 0.3536655675085867}
{"iterations": 1, "type_itr": 0, "sub_iteration": 11, "sub_it_time": 0.29695725440979004, "total_time": 3.86824369430542, "value_loss": 2.261160135269165, "action_loss": -0.4544716775417328, "action_probs": [[0.07722408826564345, 0.3174018314642352, 0.11846525803604732, 0.486908822234074], [0.03677553775753009, 0.27517838723538574, 0.08111218479112907, 0.6069338902159551], [0.20913635867671626, 0.034581834832526796, 0.648970931818955, 0.10731087467180192], [0.5502081674456516, 0.43617140866791915, 0.007597550322273073, 0.00602287356415621], [0.00029277264378513117, 0.2631188578745226, 0.0008186917331258298, 0.7357696777485664], [0.01450771328610952, 0.000957798305418676, 0.9235610470164372, 0.06097344139203468], [0.27306266339726476, 0.4913928907074688, 0.08413621092715945, 0.1514082349681071], [0.7088165918681086, 0.060477851728793997, 0.21256870834799, 0.018136848055107443], [0.15270774360711922, 0.6526758324044243, 0.036900969750763374, 0.15771545423769298], [0.017749777452631423, 0.6229512217979147, 0.009953905659138423, 0.3493450950903153], [0.17199404109365182, 0.32241723019562996, 0.17588241537373625, 0.32970631333698197], [0.2463148733852527, 0.6236563294752272, 0.03681504238134425, 0.09321375475817584], [0.30386789551087523, 0.21289182362861434, 0.2841576108441428, 0.19908267001636773], [0.3158767494050442, 0.07439691774754002, 0.4934956884272698, 0.11623064442014594], [0.10641288306726204, 0.04210850387355805, 0.6100690005126657, 0.24140961254651438], [5.970716059792794e-05, 0.20376505669787448, 0.00023322662952477842, 0.7959420095120029]], "state_values": [1.6946051127887916, 1.4702230052556375, -1.2957778992298288, 3.6449914528569076, 0.85104565934536, 3.016438384110411, -1.409215299803712, 1.1076205601009108, -2.1562125457905847, -0.767069673223715, -0.828564504202786, -2.4288277127589484, -0.6142379968625498, 0.8654588184504015, 2.796766875786106, 2.6787591724866906], "value_grad": [-0.2839317321777344, 0.2672998905181885, -0.2482919692993164, 0.10612773895263672, -0.4082760810852051, -0.680724024772644, -0.8312041759490967, 0.23403596878051758, 0.4407479763031006, 0.2328479290008545, 0.0997922420501709, 0.15958786010742188, -0.09860420227050781, 0.5322240591049194, 0.6046921014785767, -0.24472808837890625], "action_grad": [[0.0, 0.0, 0.0], [0.0, 0.0, 0.0], [0.0, 0.0, 0.0], [0.0, 0.0, 0.0], [0.0, 0.0, 0.0], [0.0, 0.0, 0.0], [0.0, 0.0, 0.0], [0.0, 0.0, 0.0], [0.0, 0.0, 0.0], [0.0, 0.0, 0.0], [0.0, 0.0, 0.0], [0.0, 0.0, 0.0], [0.0, 0.0, 0.0], [0.0, 0.0, 0.0], [0.0, 0.0, 0.0], [0.0, 0.0, 0.0]], "action_params_change": 0, "value_params_change": 0.2728045063897113}
{"iterations": 1, "type_itr": 0, "sub_iteration": 12, "sub_it_time": 0.3093678951263428, "total_time": 4.179452657699585, "value_loss": 2.26908016204834, "action_loss": -0.4875238537788391, "action_probs": [[0.07722408826564345, 0.3174018314642352, 0.11846525803604732, 0.486908822234074], [0.03677553775753009, 0.27517838723538574, 0.08111218479112907, 0.6069338902159551], [0.20913635867671626, 0.034581834832526796, 0.648970931818955, 0.10731087467180192], [0.5502081674456516, 0.43617140866791915, 0.007597550322273073, 0.00602287356415621], [0.00029277264378513117, 0.2631188578745226, 0.0008186917331258298, 0.7357696777485664], [0.01450771328610952, 0.000957798305418676, 0.9235610470164372, 0.06097344139203468], [0.27306266339726476, 0.4913928907074688, 0.08413621092715945, 0.1514082349681071], [0.7088165918681086, 0.060477851728793997, 0.21256870834799, 0.018136848055107443], [0.15270774360711922, 0.6526758324044243, 0.036900969750763374, 0.15771545423769298], [0.017749777452631423, 0.6229512217979147, 0.009953905659138423, 0.3493450950903153], [0.17199404109365182, 0.32241723019562996, 0.17588241537373625, 0.32970631333698197], [0.2463148733852527, 0.6236563294752272, 0.03681504238134425, 0.09321375475817584], [0.30386789551087523, 0.21289182362861434, 0.2841576108441428, 0.19908267001636773], [0.3158767494050442, 0.07439691774754002, 0.4934956884272698, 0.11623064442014594], [0.10641288306726204, 0.04210850387355805, 0.6100690005126657, 0.24140961254651438], [5.970716059792794e-05, 0.20376505669787448, 0.00023322662952477842, 0.7959420095120029]], "state_values": [2.1602145845525524, 1.5638818909904364, -1.5062792362357162, 3.312511082263052, 1.2034779938139624, 2.918344188607691, -1.074124331117236, 1.4298114165043034, -2.197206132811361, -0.6487976077025176, -0.6051654394537834, -2.2846484992957596, -1.0695132162917438, 0.9632075616861632, 2.6443383196545542, 3.1429332387284896], "value_grad": [0.6415197849273682, -0.1318678855895996, -0.3627357482910156, 0.2593801021575928, 0.14651989936828613, -0.8118001222610474, -1.2398760318756104, -0.2665081024169922, 0.8898119926452637, 0.4158000946044922, 0.0914759635925293, 0.1322641372680664, 0.10612797737121582, 0.08434772491455078, 0.6038999557495117, 0.13028407096862793], "action_grad": [[0.0, 0.0, 0.0], [0.0, 0.0, 0.0], [0.0, 0.0, 0.0], [0.0, 0.0, 0.0], [0.0, 0.0, 0.0], [0.0, 0.0, 0.0], [0.0, 0.0, 0.0], [0.0, 0.0, 0.0], [0.0, 0.0, 0.0], [0.0, 0.0, 0.0], [0.0, 0.0, 0.0], [0.0, 0.0, 0.0], [0.0, 0.0, 0.0], [0.0, 0.0, 0.0], [0.0, 0.0, 0.0], [0.0, 0.0, 0.0]], "action_params_change": 0, "value_params_change": 0.22867343734154866}
{"iterations": 1, "type_itr": 0, "sub_iteration": 13, "sub_it_time": 0.3085505962371826, "total_time": 4.489832639694214, "value_loss": 2.091276168823242, "action_loss": -0.5479594469070435, "action_probs": [[0.07722408826564345, 0.3174018314642352, 0.11846525803604732, 0.486908822234074], [0.03677553775753009, 0.27517838723538574, 0.08111218479112907, 0.6069338902159551], [0.20913635867671626, 0.034581834832526796, 0.648970931818955, 0.10731087467180192], [0.5502081674456516, 0.43617140866791915, 0.007597550322273073, 0.00602287356415621], [0.00029277264378513117, 0.2631188578745226, 0.0008186917331258298, 0.7357696777485664], [0.01450771328610952, 0.000957798305418676, 0.9235610470164372, 0.06097344139203468], [0.27306266339726476, 0.4913928907074688, 0.08413621092715945, 0.1514082349681071], [0.7088165918681086, 0.060477851728793997, 0.21256870834799, 0.018136848055107443], [0.15270774360711922, 0.6526758324044243, 0.036900969750763374, 0.15771545423769298], [0.017749777452631423, 0.6229512217979147, 0.009953905659138423, 0.3493450950903153], [0.17199404109365182, 0.32241723019562996, 0.17588241537373625, 0.32970631333698197], [0.2463148733852527, 0.6236563294752272, 0.03681504238134425, 0.09321375475817584], [0.30386789551087523, 0.21289182362861434, 0.2841576108441428, 0.19908267001636773], [0.3158767494050442, 0.07439691774754002, 0.4934956884272698, 0.11623064442014594], [0.10641288306726204, 0.04210850387355805, 0.6100690005126657, 0.24140961254651438], [5.970716059792794e-05, 0.20376505669787448, 0.00023322662952477842, 0.7959420095120029]], "state_values": [2.4712018845538295, 1.6269860068911044, -1.5977096799518264, 3.0188054860668996, 1.5042733255037235, 2.6815288900856578, -0.5799281217871299, 1.5772686346139204, -1.9587543570866006, -0.36120091063625304, -0.41468765414057673, -1.9664626688995899, -1.524001628643775, 0.8231496567448452, 2.4422249998149295, 3.4092760857023565], "value_grad": [-0.1651320457458496, -0.05147981643676758, -0.1912679672241211, 0.08791184425354004, 0.04910397529602051, -1.188792109489441, -0.9781198501586914, -0.18928790092468262, 0.8731799125671387, 0.40154433250427246, -0.045935630798339844, 0.3488762378692627, 0.14691615104675293, 0.7741799354553223, 0.3975841999053955, 0.4752004146575928], "action_grad": [[0.0, 0.0, 0.0], [0.0, 0.0, 0.0], [0.0, 0.0, 0.0], [0.0, 0.0, 0.0], [0.0, 0.0, 0.0], [0.0, 0.0, 0.0], [0.0, 0.0, 0.0], [0.0, 0.0, 0.0], [0.0, 0.0, 0.0], [0.0, 0.0, 0.0], [0.0, 0.0, 0.0], [0.0, 0.0, 0.0], [0.0, 0.0, 0.0], [0.0, 0.0, 0.0], [0.0, 0.0, 0.0], [0.0, 0.0, 0.0]], "action_params_change": 0, "value_params_change": 0.20053048374575733}
