{"iterations": 0, "type_itr": 0, "sub_iteration": 0, "sub_it_time": 0, "total_time": 0, "value_loss": 0, "action_loss": 0, "action_probs": [[0.200566888610324, 0.3129359711184196, 0.19001883999939184, 0.29647830027186467], [9.751355116978064e-06, 0.12673420393576867, 6.718608221167454e-05, 0.8731888586269025], [0.001218196983969719, 0.0006372242201231569, 0.6553426859478932, 0.3428018928480139], [0.004746718607511474, 0.05728002311259564, 0.0717802514682476, 0.8661930068116452], [0.06496328202314133, 0.08049934117214164, 0.38163448031700564, 0.47290289648771144], [0.6055542195582093, 0.0020184450185751156, 0.3911236345714181, 0.001303700851797607], [0.007931645091436311, 0.18125530576746463, 0.033993260698455485, 0.7768197884426435], [0.659921457060089, 0.22363639112082806, 0.08696960210343478, 0.029472549715648288], [0.004887670784301361, 0.054220404463601476, 0.07780273596303686, 0.8630891887890602], [0.04609890723304903, 0.005858545302562508, 0.8411445002733703, 0.10689804719101811], [0.5850575522306132, 0.10019949126241001, 0.26872068731632526, 0.04602226919065153], [0.39700946140627313, 0.5579828762604537, 0.018710587590414753, 0.026297074742858535], [0.14286162163629154, 0.3418134808224712, 0.15189587861811138, 0.36342901892312574], [0.04921739895910868, 0.03857195509284355, 0.5114132092805039, 0.40079743666754386], [0.18413429597354555, 0.14259729046683536, 0.3794301208605298, 0.2938382926990893], [0.038608038556058086, 0.06794112249397088, 0.32374149264231633, 0.5697093463076549]], "state_values": [-2.0866581932336126, 0.7167870591811697, 4.98899114090875, 2.6062654752738985, -3.273043520765508, 3.245297600805685, -0.031106856750873227, 1.271194315380524, 3.8425177453907584, -3.996251755391442, 4.994413861677691, -0.21434130312800403, -0.9606376097023255, 4.999992805864553, 3.8164536597433525, 4.346908800493417], "value_grad": [0.0, 0.0, 0.0, 0.0, 0.0, 0.0, 0.0, 0.0, 0.0, 0.0, 0.0, 0.0, 0.0, 0.0, 0.0, 0.0], "action_grad": [[0.0, 0.0, 0.0], [0.0, 0.0, 0.0], [0.0, 0.0, 0.0], [0.0, 0.0, 0.0], [0.0, 0.0, 0.0], [0.0, 0.0, 0.0], [0.0, 0.0, 0.0], [0.0, 0.0, 0.0], [0.0, 0.0, 0.0], [0.0, 0.0, 0.0], [0.0, 0.0, 0.0], [0.0, 0.0, 0.0], [0.0, 0.0, 0.0], [0.0, 0.0, 0.0], [0.0, 0.0, 0.0], [0.0, 0.0, 0.0]], "action_params_change": 0, "value_params_change": 0}
{"iterations": 1, "type_itr": 0, "sub_iteration": 0, "sub_it_time": 0.12161803245544434, "total_time": 0.12300372123718262, "value_loss": 10.494000434875488, "action_loss": -0.8276621699333191, "action_probs": [[0.200566888610324, 0.3129359711184196, 0.19001883999939184, 0.29647830027186467], [9.751355116978064e-06, 0.12673420393576867, 6.718608221167454e-05, 0.8731888586269025], [0.001218196983969719, 0.0006372242201231569, 0.6553426859478932, 0.3428018928480139], [0.004746718607511474, 0.05728002311259564, 0.0717802514682476, 0.8661930068116452], [0.06496328202314133, 0.08049934117214164, 0.38163448031700564, 0.47290289648771144], [0.6055542195582093, 0.0020184450185751156, 0.3911236345714181, 0.001303700851797607], [0.007931645091436311, 0.18125530576746463, 0.033993260698455485, 0.7768197884426435], [0.659921457060089, 0.22363639112082806, 0.08696960210343478, 0.029472549715648288], [0.004887670784301361, 0.054220404463601476, 0.07780273596303686, 0.8630891887890602], [0.04609890723304903, 0.005858545302562508, 0.8411445002733703, 0.10689804719101811], [0.5850575522306132, 0.10019949126241001, 0.26872068731632526, 0.04602226919065153], [0.39700946140627313, 0.5579828762604537, 0.018710587590414753, 0.026297074742858535], [0.14286162163629154, 0.3418134808224712, 0.15189587861811138, 0.36342901892312574], [0.04921739895910868, 0.03857195509284355, 0.5114132092805039, 0.40079743666754386], [0.18413429597354555, 0.14259729046683536, 0.3794301208605298, 0.2938382926990893], [0.038608038556058086, 0.06794112249397088, 0.32374149264231633, 0.5697093463076549]], "state_values": [-3.1459360435312793, 1.918746463586288, 4.915937937708114, 1.469567657483395, -4.106439758923964, 2.2033616542261396, -1.267135671230455, 0.03530284047686158, 2.931561597455391, -3.128571256355981, 4.780692011277283, 1.028204675132243, -2.1447477875497247, 4.846653575042956, 4.496992366634406, 4.823036156947403], "value_grad": [-1.1879997253417969, 0.6335992813110352, -5.108401298522949, 2.7323989868164062, 1.346400260925293, -4.0391998291015625, 2.4156007766723633, 1.6236000061035156, -2.8907995223999023, -4.316398620605469, 0.7919988632202148, -0.6335992813110352, -2.8908004760742188, 4.672800064086914, -1.9404010772705078, 0.3563995361328125], "action_grad": [[0.0, 0.0, 0.0], [0.0, 0.0, 0.0], [0.0, 0.0, 0.0], [0.0, 0.0, 0.0], [0.0, 0.0, 0.0], [0.0, 0.0, 0.0], [0.0, 0.0, 0.0], [0.0, 0.0, 0.0], [0.0, 0.0, 0.0], [0.0, 0.0, 0.0], [0.0, 0.0, 0.0], [0.0, 0.0, 0.0], [0.0, 0.0, 0.0], [0.0, 0.0, 0.0], [0.0, 0.0, 0.0], [0.0, 0.0, 0.0]], "action_params_change": 0, "value_params_change": 0.4999999990212201}
{"iterations": 1, "type_itr": 0, "sub_iteration": 1, "sub_it_time": 0.11677885055541992, "total_time": 0.24135661125183105, "value_loss": 13.305599212646484, "action_loss": -0.5306456089019775, "action_probs": [[0.200566888610324, 0.3129359711184196, 0.19001883999939184, 0.29647830027186467], [9.751355116978064e-06, 0.12673420393576867, 6.718608221167454e-05, 0.8731888586269025], [0.001218196983969719, 0.0006372242201231569, 0.6553426859478932, 0.3428018928480139], [0.004746718607511474, 0.05728002311259564, 0.0717802514682476, 0.8661930068116452], [0.06496328202314133, 0.08049934117214164, 0.38163448031700564, 0.47290289648771144], [0.6055542195582093, 0.0020184450185751156, 0.3911236345714181, 0.001303700851797607], [0.007931645091436311, 0.18125530576746463, 0.033993260698455485, 0.7768197884426435], [0.659921457060089, 0.22363639112082806, 0.08696960210343478, 0.029472549715648288], [0.004887670784301361, 0.054220404463601476, 0.07780273596303686, 0.8630891887890602], [0.04609890723304903, 0.005858545302562508, 0.8411445002733703, 0.10689804719101811], [0.5850575522306132, 0.10019949126241001, 0.26872068731632526, 0.04602226919065153], [0.39700946140627313, 0.5579828762604537, 0.018710587590414753, 0.026297074742858535], [0.14286162163629154, 0.3418134808224712, 0.15189587861811138, 0.36342901892312574], [0.04921739895910868, 0.03857195509284355, 0.5114132092805039, 0.40079743666754386], [0.18413429597354555, 0.14259729046683536, 0.3794301208605298, 0.2938382926990893], [0.038608038556058086, 0.06794112249397088, 0.32374149264231633, 0.5697093463076549]], "state_values": [-2.753135182100248, 2.860707480292182, 4.56234435339693, 0.720951713735644, -4.678040197096503, 1.2807572613777012, -0.8015767336032477, -1.1434208974172493, 1.8373507813751624, -2.9686169034965597, 4.655009783950652, 2.0958225122195664, -2.3240170547132464, 4.4904414228180665, 4.894258434537678, 4.673634148185901], "value_grad": [2.53439998626709, 3.1680002212524414, -2.9303994178771973, -0.1979990005493164, 2.177999496459961, -0.7128000259399414, -5.029200553894043, 3.6828012466430664, -3.009599208831787, 2.771998882293701, -0.3563995361328125, -2.1780004501342773, 1.8612003326416016, 1.148399829864502, -3.12839937210083, -0.7523994445800781], "action_grad": [[0.0, 0.0, 0.0], [0.0, 0.0, 0.0], [0.0, 0.0, 0.0], [0.0, 0.0, 0.0], [0.0, 0.0, 0.0], [0.0, 0.0, 0.0], [0.0, 0.0, 0.0], [0.0, 0.0, 0.0], [0.0, 0.0, 0.0], [0.0, 0.0, 0.0], [0.0, 0.0, 0.0], [0.0, 0.0, 0.0], [0.0, 0.0, 0.0], [0.0, 0.0, 0.0], [0.0, 0.0, 0.0], [0.0, 0.0, 0.0]], "action_params_change": 0, "value_params_change": 0.5004233840149492}
{"iterations": 1, "type_itr": 0, "sub_iteration": 2, "sub_it_time": 0.11417841911315918, "total_time": 0.3572580814361572, "value_loss": 7.8408002853393555, "action_loss": -0.6103329658508301, "action_probs": [[0.200566888610324, 0.3129359711184196, 0.19001883999939184, 0.29647830027186467], [9.751355116978064e-06, 0.12673420393576867, 6.718608221167454e-05, 0.8731888586269025], [0.001218196983969719, 0.0006372242201231569, 0.6553426859478932, 0.3428018928480139], [0.004746718607511474, 0.05728002311259564, 0.0717802514682476, 0.8661930068116452], [0.06496328202314133, 0.08049934117214164, 0.38163448031700564, 0.47290289648771144], [0.6055542195582093, 0.0020184450185751156, 0.3911236345714181, 0.001303700851797607], [0.007931645091436311, 0.18125530576746463, 0.033993260698455485, 0.7768197884426435], [0.659921457060089, 0.22363639112082806, 0.08696960210343478, 0.029472549715648288], [0.004887670784301361, 0.054220404463601476, 0.07780273596303686, 0.8630891887890602], [0.04609890723304903, 0.005858545302562508, 0.8411445002733703, 0.10689804719101811], [0.5850575522306132, 0.10019949126241001, 0.26872068731632526, 0.04602226919065153], [0.39700946140627313, 0.5579828762604537, 0.018710587590414753, 0.026297074742858535], [0.14286162163629154, 0.3418134808224712, 0.15189587861811138, 0.36342901892312574], [0.04921739895910868, 0.03857195509284355, 0.5114132092805039, 0.40079743666754386], [0.18413429597354555, 0.14259729046683536, 0.3794301208605298, 0.2938382926990893], [0.038608038556058086, 0.06794112249397088, 0.32374149264231633, 0.5697093463076549]], "state_values": [-3.041808609108681, 3.721064437856273, 3.9345599388777592, -0.2705393103768379, -4.9572328232536735, 0.30806341069038695, -0.021707284824819522, -1.7696632113169775, 0.6424367208048928, -2.7912026378271686, 4.286579359867071, 3.0687199514391725, -2.1178229442963015, 3.9803852634283574, 4.998724206538123, 4.43761123488254], "value_grad": [-3.2076005935668945, 3.484799385070801, -4.870799541473389, 3.3659987449645996, 4.870800971984863, -1.4651994705200195, -4.395599842071533, -1.1880006790161133, -4.791600704193115, -0.3959999084472656, 1.4256000518798828, -3.5639986991882324, 1.7820000648498535, 1.2276005744934082, -7.246800422668457, -0.23760032653808594], "action_grad": [[0.0, 0.0, 0.0], [0.0, 0.0, 0.0], [0.0, 0.0, 0.0], [0.0, 0.0, 0.0], [0.0, 0.0, 0.0], [0.0, 0.0, 0.0], [0.0, 0.0, 0.0], [0.0, 0.0, 0.0], [0.0, 0.0, 0.0], [0.0, 0.0, 0.0], [0.0, 0.0, 0.0], [0.0, 0.0, 0.0], [0.0, 0.0, 0.0], [0.0, 0.0, 0.0], [0.0, 0.0, 0.0], [0.0, 0.0, 0.0]], "action_params_change": 0, "value_params_change": 0.49488773129694863}
{"iterations": 1, "type_itr": 0, "sub_iteration": 3, "sub_it_time": 0.11374449729919434, "total_time": 0.4725654125213623, "value_loss": 9.464400291442871, "action_loss": -0.4509581923484802, "action_probs": [[0.200566888610324, 0.3129359711184196, 0.19001883999939184, 0.29647830027186467], [9.751355116978064e-06, 0.12673420393576867, 6.718608221167454e-05, 0.8731888586269025], [0.001218196983969719, 0.0006372242201231569, 0.6553426859478932, 0.3428018928480139], [0.004746718607511474, 0.05728002311259564, 0.0717802514682476, 0.8661930068116452], [0.06496328202314133, 0.08049934117214164, 0.38163448031700564, 0.47290289648771144], [0.6055542195582093, 0.0020184450185751156, 0.3911236345714181, 0.001303700851797607], [0.007931645091436311, 0.18125530576746463, 0.033993260698455485, 0.7768197884426435], [0.659921457060089, 0.22363639112082806, 0.08696960210343478, 0.029472549715648288], [0.004887670784301361, 0.054220404463601476, 0.07780273596303686, 0.8630891887890602], [0.04609890723304903, 0.005858545302562508, 0.8411445002733703, 0.10689804719101811], [0.5850575522306132, 0.10019949126241001, 0.26872068731632526, 0.04602226919065153], [0.39700946140627313, 0.5579828762604537, 0.018710587590414753, 0.026297074742858535], [0.14286162163629154, 0.3418134808224712, 0.15189587861811138, 0.36342901892312574], [0.04921739895910868, 0.03857195509284355, 0.5114132092805039, 0.40079743666754386], [0.18413429597354555, 0.14259729046683536, 0.3794301208605298, 0.2938382926990893], [0.038608038556058086, 0.06794112249397088, 0.32374149264231633, 0.5697093463076549]], "state_values": [-2.961213866276309, 4.071919372580223, 3.4392286912239167, -0.9579695213966586, -4.983826651196293, -0.7566881186929522, 0.6688242774487145, -1.5841931862576228, -0.38227664717581056, -2.4027048617239872, 3.705487247205783, 3.89939813742437, -1.8265313200830713, 3.2438634321835154, 4.891780901093866, 4.648758199333652], "value_grad": [2.3760013580322266, -2.138401508331299, 2.37600040435791, -0.6731991767883301, -4.633200168609619, -5.702399730682373, -0.5148005485534668, -4.83120059967041, -0.11880016326904297, -2.257200241088867, 2.7323999404907227, -2.296799898147583, 0.7127995491027832, 3.7620010375976562, 0.07920026779174805, 2.257200241088867], "action_grad": [[0.0, 0.0, 0.0], [0.0, 0.0, 0.0], [0.0, 0.0, 0.0], [0.0, 0.0, 0.0], [0.0, 0.0, 0.0], [0.0, 0.0, 0.0], [0.0, 0.0, 0.0], [0.0, 0.0, 0.0], [0.0, 0.0, 0.0], [0.0, 0.0, 0.0], [0.0, 0.0, 0.0], [0.0, 0.0, 0.0], [0.0, 0.0, 0.0], [0.0, 0.0, 0.0], [0.0, 0.0, 0.0], [0.0, 0.0, 0.0]], "action_params_change": 0, "value_params_change": 0.46735877122701086}
{"iterations": 1, "type_itr": 0, "sub_iteration": 4, "sub_it_time": 0.1111600399017334, "total_time": 0.5852839946746826, "value_loss": 6.930000305175781, "action_loss": -0.49985724687576294, "action_probs": [[0.200566888610324, 0.3129359711184196, 0.19001883999939184, 0.29647830027186467], [9.751355116978064e-06, 0.12673420393576867, 6.718608221167454e-05, 0.8731888586269025], [0.001218196983969719, 0.0006372242201231569, 0.6553426859478932, 0.3428018928480139], [0.004746718607511474, 0.05728002311259564, 0.0717802514682476, 0.8661930068116452], [0.06496328202314133, 0.08049934117214164, 0.38163448031700564, 0.47290289648771144], [0.6055542195582093, 0.0020184450185751156, 0.3911236345714181, 0.001303700851797607], [0.007931645091436311, 0.18125530576746463, 0.033993260698455485, 0.7768197884426435], [0.659921457060089, 0.22363639112082806, 0.08696960210343478, 0.029472549715648288], [0.004887670784301361, 0.054220404463601476, 0.07780273596303686, 0.8630891887890602], [0.04609890723304903, 0.005858545302562508, 0.8411445002733703, 0.10689804719101811], [0.5850575522306132, 0.10019949126241001, 0.26872068731632526, 0.04602226919065153], [0.39700946140627313, 0.5579828762604537, 0.018710587590414753, 0.026297074742858535], [0.14286162163629154, 0.3418134808224712, 0.15189587861811138, 0.36342901892312574], [0.04921739895910868, 0.03857195509284355, 0.5114132092805039, 0.40079743666754386], [0.18413429597354555, 0.14259729046683536, 0.3794301208605298, 0.2938382926990893], [0.038608038556058086, 0.06794112249397088, 0.32374149264231633, 0.5697093463076549]], "state_values": [-2.608881900311065, 4.408012374781814, 2.9620174743984156, -1.7439260758517918, -4.9929737778036705, -1.4974711563781797, 1.3698192999979888, -1.6684414323250758, -1.4409813151457065, -2.3125844037540366, 3.036743450724178, 4.355996169987595, -1.6272581288006596, 2.680387661304254, 4.752162888962064, 4.602307374496182], "value_grad": [2.9304001331329346, 1.425600528717041, 0.0, 2.019599437713623, -0.7920007705688477, 1.3464007377624512, -1.5443997383117676, 2.455200672149658, -7.642800807952881, 2.257200002670288, 0.43560028076171875, 1.0692005157470703, -0.316800594329834, -1.6632003784179688, 2.613600254058838, -2.0988004207611084], "action_grad": [[0.0, 0.0, 0.0], [0.0, 0.0, 0.0], [0.0, 0.0, 0.0], [0.0, 0.0, 0.0], [0.0, 0.0, 0.0], [0.0, 0.0, 0.0], [0.0, 0.0, 0.0], [0.0, 0.0, 0.0], [0.0, 0.0, 0.0], [0.0, 0.0, 0.0], [0.0, 0.0, 0.0], [0.0, 0.0, 0.0], [0.0, 0.0, 0.0], [0.0, 0.0, 0.0], [0.0, 0.0, 0.0], [0.0, 0.0, 0.0]], "action_params_change": 0, "value_params_change": 0.43162526555306746}
{"iterations": 1, "type_itr": 0, "sub_iteration": 5, "sub_it_time": 0.11248278617858887, "total_time": 0.6992743015289307, "value_loss": 2.336400270462036, "action_loss": -0.35134896636009216, "action_probs": [[0.200566888610324, 0.3129359711184196, 0.19001883999939184, 0.29647830027186467], [9.751355116978064e-06, 0.12673420393576867, 6.718608221167454e-05, 0.8731888586269025], [0.001218196983969719, 0.0006372242201231569, 0.6553426859478932, 0.3428018928480139], [0.004746718607511474, 0.05728002311259564, 0.0717802514682476, 0.8661930068116452], [0.06496328202314133, 0.08049934117214164, 0.38163448031700564, 0.47290289648771144], [0.6055542195582093, 0.0020184450185751156, 0.3911236345714181, 0.001303700851797607], [0.007931645091436311, 0.18125530576746463, 0.033993260698455485, 0.7768197884426435], [0.659921457060089, 0.22363639112082806, 0.08696960210343478, 0.029472549715648288], [0.004887670784301361, 0.054220404463601476, 0.07780273596303686, 0.8630891887890602], [0.04609890723304903, 0.005858545302562508, 0.8411445002733703, 0.10689804719101811], [0.5850575522306132, 0.10019949126241001, 0.26872068731632526, 0.04602226919065153], [0.39700946140627313, 0.5579828762604537, 0.018710587590414753, 0.026297074742858535], [0.14286162163629154, 0.3418134808224712, 0.15189587861811138, 0.36342901892312574], [0.04921739895910868, 0.03857195509284355, 0.5114132092805039, 0.40079743666754386], [0.18413429597354555, 0.14259729046683536, 0.3794301208605298, 0.2938382926990893], [0.038608038556058086, 0.06794112249397088, 0.32374149264231633, 0.5697093463076549]], "state_values": [-2.157625023609418, 4.540094520531924, 2.4651881453422435, -2.407709016969935, -4.999647172867485, -1.7869838861896667, 2.1708360145930143, -1.5439504830943374, -2.441647746352144, -2.5013153598494497, 2.2859673044638122, 4.686269788099693, -1.201413606761664, 2.3906640659485365, 4.559475073050071, 4.526924621560956], "value_grad": [1.4256000518798828, -1.9404003620147705, -0.7128000259399414, 0.1979994773864746, 0.9900002479553223, 3.524399518966675, -4.078800201416016, -2.257199764251709, -3.3264002799987793, 3.0492000579833984, 0.5940003395080566, -0.6732003688812256, 1.8611998558044434, -2.415600299835205, -0.9503998756408691, -0.3959999084472656], "action_grad": [[0.0, 0.0, 0.0], [0.0, 0.0, 0.0], [0.0, 0.0, 0.0], [0.0, 0.0, 0.0], [0.0, 0.0, 0.0], [0.0, 0.0, 0.0], [0.0, 0.0, 0.0], [0.0, 0.0, 0.0], [0.0, 0.0, 0.0], [0.0, 0.0, 0.0], [0.0, 0.0, 0.0], [0.0, 0.0, 0.0], [0.0, 0.0, 0.0], [0.0, 0.0, 0.0], [0.0, 0.0, 0.0], [0.0, 0.0, 0.0]], "action_params_change": 0, "value_params_change": 0.43566374769430505}
{"iterations": 1, "type_itr": 0, "sub_iteration": 6, "sub_it_time": 0.1127309799194336, "total_time": 0.8135166168212891, "value_loss": 4.950000286102295, "action_loss": -0.3857594132423401, "action_probs": [[0.200566888610324, 0.3129359711184196, 0.19001883999939184, 0.29647830027186467], [9.751355116978064e-06, 0.12673420393576867, 6.718608221167454e-05, 0.8731888586269025], [0.001218196983969719, 0.0006372242201231569, 0.6553426859478932, 0.3428018928480139], [0.004746718607511474, 0.05728002311259564, 0.0717802514682476, 0.8661930068116452], [0.06496328202314133, 0.08049934117214164, 0.38163448031700564, 0.47290289648771144], [0.6055542195582093, 0.0020184450185751156, 0.3911236345714181, 0.001303700851797607], [0.007931645091436311, 0.18125530576746463, 0.033993260698455485, 0.7768197884426435], [0.659921457060089, 0.22363639112082806, 0.08696960210343478, 0.029472549715648288], [0.004887670784301361, 0.054220404463601476, 0.07780273596303686, 0.8630891887890602], [0.04609890723304903, 0.005858545302562508, 0.8411445002733703, 0.10689804719101811], [0.5850575522306132, 0.10019949126241001, 0.26872068731632526, 0.04602226919065153], [0.39700946140627313, 0.5579828762604537, 0.018710587590414753, 0.026297074742858535], [0.14286162163629154, 0.3418134808224712, 0.15189587861811138, 0.36342901892312574], [0.04921739895910868, 0.03857195509284355, 0.5114132092805039, 0.40079743666754386], [0.18413429597354555, 0.14259729046683536, 0.3794301208605298, 0.2938382926990893], [0.038608038556058086, 0.06794112249397088, 0.32374149264231633, 0.5697093463076549]], "state_values": [-1.6832180884133452, 4.63914330060857, 2.2870027250082314, -3.068205115219853, -4.999863716118638, -2.073229398984713, 2.8038098544225205, -1.2683190558434774, -3.2262881049883836, -2.833291985023497, 1.9172774580735685, 4.924980193678894, -0.547279391663799, 2.328330198097824, 4.450344207142982, 4.325924999894846], "value_grad": [0.6335997581481934, -0.07920074462890625, 3.722400188446045, 1.425600528717041, -0.9503993988037109, -0.5543994903564453, 0.23759984970092773, -2.0988006591796875, -0.07920026779174805, 2.455200433731079, -1.6631999015808105, -2.970001220703125, 2.7324001789093018, -2.37600040435791, 2.7323999404907227, -1.6632003784179688], "action_grad": [[0.0, 0.0, 0.0], [0.0, 0.0, 0.0], [0.0, 0.0, 0.0], [0.0, 0.0, 0.0], [0.0, 0.0, 0.0], [0.0, 0.0, 0.0], [0.0, 0.0, 0.0], [0.0, 0.0, 0.0], [0.0, 0.0, 0.0], [0.0, 0.0, 0.0], [0.0, 0.0, 0.0], [0.0, 0.0, 0.0], [0.0, 0.0, 0.0], [0.0, 0.0, 0.0], [0.0, 0.0, 0.0], [0.0, 0.0, 0.0]], "action_params_change": 0, "value_params_change": 0.38237186536676315}
{"iterations": 1, "type_itr": 0, "sub_iteration": 7, "sub_it_time": 0.11230349540710449, "total_time": 0.9273271560668945, "value_loss": 7.761600494384766, "action_loss": -0.36221539974212646, "action_probs": [[0.200566888610324, 0.3129359711184196, 0.19001883999939184, 0.29647830027186467], [9.751355116978064e-06, 0.12673420393576867, 6.718608221167454e-05, 0.8731888586269025], [0.001218196983969719, 0.0006372242201231569, 0.6553426859478932, 0.3428018928480139], [0.004746718607511474, 0.05728002311259564, 0.0717802514682476, 0.8661930068116452], [0.06496328202314133, 0.08049934117214164, 0.38163448031700564, 0.47290289648771144], [0.6055542195582093, 0.0020184450185751156, 0.3911236345714181, 0.001303700851797607], [0.007931645091436311, 0.18125530576746463, 0.033993260698455485, 0.7768197884426435], [0.659921457060089, 0.22363639112082806, 0.08696960210343478, 0.029472549715648288], [0.004887670784301361, 0.054220404463601476, 0.07780273596303686, 0.8630891887890602], [0.04609890723304903, 0.005858545302562508, 0.8411445002733703, 0.10689804719101811], [0.5850575522306132, 0.10019949126241001, 0.26872068731632526, 0.04602226919065153], [0.39700946140627313, 0.5579828762604537, 0.018710587590414753, 0.026297074742858535], [0.14286162163629154, 0.3418134808224712, 0.15189587861811138, 0.36342901892312574], [0.04921739895910868, 0.03857195509284355, 0.5114132092805039, 0.40079743666754386], [0.18413429597354555, 0.14259729046683536, 0.3794301208605298, 0.2938382926990893], [0.038608038556058086, 0.06794112249397088, 0.32374149264231633, 0.5697093463076549]], "state_values": [-0.9881963955622562, 4.761302893711473, 1.9835594875010054, -3.513557933375646, -4.976040713028268, -2.4214252076902607, 3.402757978127224, -0.8520485009186441, -3.855045560046312, -3.2329962460250563, 2.171621887256491, 4.996072403386289, 0.21625342341593357, 2.0778458436966902, 4.32067514055839, 4.1216835836164165], "value_grad": [3.9600000381469727, 1.386000156402588, -2.415600299835205, -0.7920000553131104, 5.860800266265869, -1.6235995292663574, -1.9008007049560547, -2.336399555206299, -0.9503998756408691, 2.0592002868652344, -4.870800495147705, 1.148400068283081, 1.9008004665374756, 2.7719998359680176, -0.7128000259399414, 0.0], "action_grad": [[0.0, 0.0, 0.0], [0.0, 0.0, 0.0], [0.0, 0.0, 0.0], [0.0, 0.0, 0.0], [0.0, 0.0, 0.0], [0.0, 0.0, 0.0], [0.0, 0.0, 0.0], [0.0, 0.0, 0.0], [0.0, 0.0, 0.0], [0.0, 0.0, 0.0], [0.0, 0.0, 0.0], [0.0, 0.0, 0.0], [0.0, 0.0, 0.0], [0.0, 0.0, 0.0], [0.0, 0.0, 0.0], [0.0, 0.0, 0.0]], "action_params_change": 0, "value_params_change": 0.3581275702550668}
{"iterations": 1, "type_itr": 0, "sub_iteration": 8, "sub_it_time": 0.11133813858032227, "total_time": 1.0402204990386963, "value_loss": 9.82080078125, "action_loss": -0.3060719966888428, "action_probs": [[0.200566888610324, 0.3129359711184196, 0.19001883999939184, 0.29647830027186467], [9.751355116978064e-06, 0.12673420393576867, 6.718608221167454e-05, 0.8731888586269025], [0.001218196983969719, 0.0006372242201231569, 0.6553426859478932, 0.3428018928480139], [0.004746718607511474, 0.05728002311259564, 0.0717802514682476, 0.8661930068116452], [0.06496328202314133, 0.08049934117214164, 0.38163448031700564, 0.47290289648771144], [0.6055542195582093, 0.0020184450185751156, 0.3911236345714181, 0.001303700851797607], [0.007931645091436311, 0.18125530576746463, 0.033993260698455485, 0.7768197884426435], [0.659921457060089, 0.22363639112082806, 0.08696960210343478, 0.029472549715648288], [0.004887670784301361, 0.054220404463601476, 0.07780273596303686, 0.8630891887890602], [0.04609890723304903, 0.005858545302562508, 0.8411445002733703, 0.10689804719101811], [0.5850575522306132, 0.10019949126241001, 0.26872068731632526, 0.04602226919065153], [0.39700946140627313, 0.5579828762604537, 0.018710587590414753, 0.026297074742858535], [0.14286162163629154, 0.3418134808224712, 0.15189587861811138, 0.36342901892312574], [0.04921739895910868, 0.03857195509284355, 0.5114132092805039, 0.40079743666754386], [0.18413429597354555, 0.14259729046683536, 0.3794301208605298, 0.2938382926990893], [0.038608038556058086, 0.06794112249397088, 0.32374149264231633, 0.5697093463076549]], "state_values": [-0.3048380496619484, 4.822234828235181, 1.8912138872052502, -3.8035203122177914, -4.889798721041461, -2.4175664106983, 3.714953576804241, -0.40130197458463457, -4.358375052517459, -3.5582391730219336, 2.2345775710641784, 4.967459829306569, 1.1200051803998048, 1.8442620721022802, 4.277554072673795, 4.162065032550178], "value_grad": [0.5939998626708984, -0.9900007247924805, 2.8907999992370605, -0.7920002937316895, 2.8512001037597656, 4.75200080871582, 2.9304003715515137, -1.0296006202697754, -1.9008007049560547, -0.039600372314453125, 1.742401123046875, -2.17799973487854, 4.870800018310547, 0.07920026779174805, 2.257199764251709, 2.534400224685669], "action_grad": [[0.0, 0.0, 0.0], [0.0, 0.0, 0.0], [0.0, 0.0, 0.0], [0.0, 0.0, 0.0], [0.0, 0.0, 0.0], [0.0, 0.0, 0.0], [0.0, 0.0, 0.0], [0.0, 0.0, 0.0], [0.0, 0.0, 0.0], [0.0, 0.0, 0.0], [0.0, 0.0, 0.0], [0.0, 0.0, 0.0], [0.0, 0.0, 0.0], [0.0, 0.0, 0.0], [0.0, 0.0, 0.0], [0.0, 0.0, 0.0]], "action_params_change": 0, "value_params_change": 0.36530744868932885}
{"iterations": 1, "type_itr": 0, "sub_iteration": 9, "sub_it_time": 0.11114883422851562, "total_time": 1.153015375137329, "value_loss": 8.989200592041016, "action_loss": -0.24992862343788147, "action_probs": [[0.200566888610324, 0.3129359711184196, 0.19001883999939184, 0.29647830027186467], [9.751355116978064e-06, 0.12673420393576867, 6.718608221167454e-05, 0.8731888586269025], [0.001218196983969719, 0.0006372242201231569, 0.6553426859478932, 0.3428018928480139], [0.004746718607511474, 0.05728002311259564, 0.0717802514682476, 0.8661930068116452], [0.06496328202314133, 0.08049934117214164, 0.38163448031700564, 0.47290289648771144], [0.6055542195582093, 0.0020184450185751156, 0.3911236345714181, 0.001303700851797607], [0.007931645091436311, 0.18125530576746463, 0.033993260698455485, 0.7768197884426435], [0.659921457060089, 0.22363639112082806, 0.08696960210343478, 0.029472549715648288], [0.004887670784301361, 0.054220404463601476, 0.07780273596303686, 0.8630891887890602], [0.04609890723304903, 0.005858545302562508, 0.8411445002733703, 0.10689804719101811], [0.5850575522306132, 0.10019949126241001, 0.26872068731632526, 0.04602226919065153], [0.39700946140627313, 0.5579828762604537, 0.018710587590414753, 0.026297074742858535], [0.14286162163629154, 0.3418134808224712, 0.15189587861811138, 0.36342901892312574], [0.04921739895910868, 0.03857195509284355, 0.5114132092805039, 0.40079743666754386], [0.18413429597354555, 0.14259729046683536, 0.3794301208605298, 0.2938382926990893], [0.038608038556058086, 0.06794112249397088, 0.32374149264231633, 0.5697093463076549]], "state_values": [0.31368676128568224, 4.851034319235146, 2.040941713434009, -4.075666261291783, -4.692875742834161, -2.4730497105965155, 3.7979597302655783, -0.13900603780036375, -4.564335569407229, -3.8909400916971455, 2.01540545552607, 4.860396092478346, 1.7560756552154202, 1.611473295993544, 4.361106806382509, 3.96200075865883], "value_grad": [0.03959941864013672, -0.7523999214172363, 4.237199783325195, 0.5543994903564453, 4.554000377655029, -1.0692009925842285, 3.880800247192383, 1.7819995880126953, 5.068800926208496, 1.3859996795654297, 3.563999652862549, 0.7128000259399414, -1.6235995292663574, 0.27719926834106445, 3.9204001426696777, -3.7619996070861816], "action_grad": [[0.0, 0.0, 0.0], [0.0, 0.0, 0.0], [0.0, 0.0, 0.0], [0.0, 0.0, 0.0], [0.0, 0.0, 0.0], [0.0, 0.0, 0.0], [0.0, 0.0, 0.0], [0.0, 0.0, 0.0], [0.0, 0.0, 0.0], [0.0, 0.0, 0.0], [0.0, 0.0, 0.0], [0.0, 0.0, 0.0], [0.0, 0.0, 0.0], [0.0, 0.0, 0.0], [0.0, 0.0, 0.0], [0.0, 0.0, 0.0]], "action_params_change": 0, "value_params_change": 0.28395490732946804}
{"iterations": 1, "type_itr": 0, "sub_iteration": 10, "sub_it_time": 0.1120913028717041, "total_time": 1.266777515411377, "value_loss": 8.118000030517578, "action_loss": -0.3332381546497345, "action_probs": [[0.200566888610324, 0.3129359711184196, 0.19001883999939184, 0.29647830027186467], [9.751355116978064e-06, 0.12673420393576867, 6.718608221167454e-05, 0.8731888586269025], [0.001218196983969719, 0.0006372242201231569, 0.6553426859478932, 0.3428018928480139], [0.004746718607511474, 0.05728002311259564, 0.0717802514682476, 0.8661930068116452], [0.06496328202314133, 0.08049934117214164, 0.38163448031700564, 0.47290289648771144], [0.6055542195582093, 0.0020184450185751156, 0.3911236345714181, 0.001303700851797607], [0.007931645091436311, 0.18125530576746463, 0.033993260698455485, 0.7768197884426435], [0.659921457060089, 0.22363639112082806, 0.08696960210343478, 0.029472549715648288], [0.004887670784301361, 0.054220404463601476, 0.07780273596303686, 0.8630891887890602], [0.04609890723304903, 0.005858545302562508, 0.8411445002733703, 0.10689804719101811], [0.5850575522306132, 0.10019949126241001, 0.26872068731632526, 0.04602226919065153], [0.39700946140627313, 0.5579828762604537, 0.018710587590414753, 0.026297074742858535], [0.14286162163629154, 0.3418134808224712, 0.15189587861811138, 0.36342901892312574], [0.04921739895910868, 0.03857195509284355, 0.5114132092805039, 0.40079743666754386], [0.18413429597354555, 0.14259729046683536, 0.3794301208605298, 0.2938382926990893], [0.038608038556058086, 0.06794112249397088, 0.32374149264231633, 0.5697093463076549]], "state_values": [1.1036382186813927, 4.83552897959145, 2.341022377483765, -4.362053014312633, -4.511674708285911, -2.4470720085969035, 3.7281470926897837, 0.1919044273259864, -4.701833661503382, -4.179769475918225, 2.1543045200014093, 4.693399600312356, 2.0856307811163335, 1.5129389093734336, 4.45648098658556, 3.6678953989533176], "value_grad": [4.910400390625, -1.6631979942321777, 3.6035995483398438, 1.3464007377624512, -2.772000789642334, 1.386000633239746, 3.68280029296875, -1.3463997840881348, 0.8316001892089844, 0.5543994903564453, -4.8311991691589355, -0.27719974517822266, -2.6927998065948486, -1.504800796508789, 0.9107999801635742, -1.5840001106262207], "action_grad": [[0.0, 0.0, 0.0], [0.0, 0.0, 0.0], [0.0, 0.0, 0.0], [0.0, 0.0, 0.0], [0.0, 0.0, 0.0], [0.0, 0.0, 0.0], [0.0, 0.0, 0.0], [0.0, 0.0, 0.0], [0.0, 0.0, 0.0], [0.0, 0.0, 0.0], [0.0, 0.0, 0.0], [0.0, 0.0, 0.0], [0.0, 0.0, 0.0], [0.0, 0.0, 0.0], [0.0, 0.0, 0.0], [0.0, 0.0, 0.0]], "action_params_change": 0, "value_params_change": 0.31956374278539945}
{"iterations": 1, "type_itr": 0, "sub_iteration": 11, "sub_it_time": 0.1143195629119873, "total_time": 1.3826282024383545, "value_loss": 6.098400115966797, "action_loss": -0.5234012603759766, "action_probs": [[0.200566888610324, 0.3129359711184196, 0.19001883999939184, 0.29647830027186467], [9.751355116978064e-06, 0.12673420393576867, 6.718608221167454e-05, 0.8731888586269025], [0.001218196983969719, 0.0006372242201231569, 0.6553426859478932, 0.3428018928480139], [0.004746718607511474, 0.05728002311259564, 0.0717802514682476, 0.8661930068116452], [0.06496328202314133, 0.08049934117214164, 0.38163448031700564, 0.47290289648771144], [0.6055542195582093, 0.0020184450185751156, 0.3911236345714181, 0.001303700851797607], [0.007931645091436311, 0.18125530576746463, 0.033993260698455485, 0.7768197884426435], [0.659921457060089, 0.22363639112082806, 0.08696960210343478, 0.029472549715648288], [0.004887670784301361, 0.054220404463601476, 0.07780273596303686, 0.8630891887890602], [0.04609890723304903, 0.005858545302562508, 0.8411445002733703, 0.10689804719101811], [0.5850575522306132, 0.10019949126241001, 0.26872068731632526, 0.04602226919065153], [0.39700946140627313, 0.5579828762604537, 0.018710587590414753, 0.026297074742858535], [0.14286162163629154, 0.3418134808224712, 0.15189587861811138, 0.36342901892312574], [0.04921739895910868, 0.03857195509284355, 0.5114132092805039, 0.40079743666754386], [0.18413429597354555, 0.14259729046683536, 0.3794301208605298, 0.2938382926990893], [0.038608038556058086, 0.06794112249397088, 0.32374149264231633, 0.5697093463076549]], "state_values": [1.5506163986896935, 4.687253216735725, 2.646535478509056, -4.475508951376837, -4.501258072728732, -2.3240529086574107, 3.6902055756478958, 0.7493661890873706, -4.777102170702855, -4.27877805148949, 2.250569103521806, 4.419144393381429, 2.324434916171889, 1.689079760023521, 4.536008576929243, 3.2383488090666557], "value_grad": [-3.207599639892578, -7.207200050354004, 0.9900007247924805, -1.9800004959106445, -7.246800422668457, 1.8611993789672852, -0.6732001304626465, -4.791600227355957, 1.7820000648498535, -3.0492005348205566, 0.43559980392456055, -1.9800004959106445, -0.712799072265625, -3.9600000381469727, 0.0, -2.257200241088867], "action_grad": [[0.0, 0.0, 0.0], [0.0, 0.0, 0.0], [0.0, 0.0, 0.0], [0.0, 0.0, 0.0], [0.0, 0.0, 0.0], [0.0, 0.0, 0.0], [0.0, 0.0, 0.0], [0.0, 0.0, 0.0], [0.0, 0.0, 0.0], [0.0, 0.0, 0.0], [0.0, 0.0, 0.0], [0.0, 0.0, 0.0], [0.0, 0.0, 0.0], [0.0, 0.0, 0.0], [0.0, 0.0, 0.0], [0.0, 0.0, 0.0]], "action_params_change": 0, "value_params_change": 0.26959366107432725}
{"iterations": 1, "type_itr": 0, "sub_iteration": 12, "sub_it_time": 0.11345076560974121, "total_time": 1.4976487159729004, "value_loss": 6.692399978637695, "action_loss": -0.3441046178340912, "action_probs": [[0.200566888610324, 0.3129359711184196, 0.19001883999939184, 0.29647830027186467], [9.751355116978064e-06, 0.12673420393576867, 6.718608221167454e-05, 0.8731888586269025], [0.001218196983969719, 0.0006372242201231569, 0.6553426859478932, 0.3428018928480139], [0.004746718607511474, 0.05728002311259564, 0.0717802514682476, 0.8661930068116452], [0.06496328202314133, 0.08049934117214164, 0.38163448031700564, 0.47290289648771144], [0.6055542195582093, 0.0020184450185751156, 0.3911236345714181, 0.001303700851797607], [0.007931645091436311, 0.18125530576746463, 0.033993260698455485, 0.7768197884426435], [0.659921457060089, 0.22363639112082806, 0.08696960210343478, 0.029472549715648288], [0.004887670784301361, 0.054220404463601476, 0.07780273596303686, 0.8630891887890602], [0.04609890723304903, 0.005858545302562508, 0.8411445002733703, 0.10689804719101811], [0.5850575522306132, 0.10019949126241001, 0.26872068731632526, 0.04602226919065153], [0.39700946140627313, 0.5579828762604537, 0.018710587590414753, 0.026297074742858535], [0.14286162163629154, 0.3418134808224712, 0.15189587861811138, 0.36342901892312574], [0.04921739895910868, 0.03857195509284355, 0.5114132092805039, 0.40079743666754386], [0.18413429597354555, 0.14259729046683536, 0.3794301208605298, 0.2938382926990893], [0.038608038556058086, 0.06794112249397088, 0.32374149264231633, 0.5697093463076549]], "state_values": [1.8956477564203142, 4.497793359476105, 2.978383774489863, -4.37658661101133, -4.517394344980644, -2.072083094725641, 3.5020193608576573, 1.399768697798218, -4.789400995071422, -4.350062289173677, 2.5460844145421, 4.031146690249743, 2.420482410179451, 2.014762594233961, 4.698287958643612, 3.154575445642935], "value_grad": [-0.7524008750915527, -0.6336002349853516, 1.6236000061035156, -4.672799110412598, -1.3067994117736816, 2.692800521850586, 4.197598934173584, -3.0887997150421143, 3.3660011291503906, -0.3564000129699707, -3.9599995613098145, -1.5839996337890625, -1.7028002738952637, -2.9700002670288086, 5.306400775909424, 4.31640100479126], "action_grad": [[0.0, 0.0, 0.0], [0.0, 0.0, 0.0], [0.0, 0.0, 0.0], [0.0, 0.0, 0.0], [0.0, 0.0, 0.0], [0.0, 0.0, 0.0], [0.0, 0.0, 0.0], [0.0, 0.0, 0.0], [0.0, 0.0, 0.0], [0.0, 0.0, 0.0], [0.0, 0.0, 0.0], [0.0, 0.0, 0.0], [0.0, 0.0, 0.0], [0.0, 0.0, 0.0], [0.0, 0.0, 0.0], [0.0, 0.0, 0.0]], "action_params_change": 0, "value_params_change": 0.2924682724017098}
{"iterations": 1, "type_itr": 0, "sub_iteration": 13, "sub_it_time": 0.11519551277160645, "total_time": 1.6144506931304932, "value_loss": 5.3856000900268555, "action_loss": -0.5541895627975464, "action_probs": [[0.200566888610324, 0.3129359711184196, 0.19001883999939184, 0.29647830027186467], [9.751355116978064e-06, 0.12673420393576867, 6.718608221167454e-05, 0.8731888586269025], [0.001218196983969719, 0.0006372242201231569, 0.6553426859478932, 0.3428018928480139], [0.004746718607511474, 0.05728002311259564, 0.0717802514682476, 0.8661930068116452], [0.06496328202314133, 0.08049934117214164, 0.38163448031700564, 0.47290289648771144], [0.6055542195582093, 0.0020184450185751156, 0.3911236345714181, 0.001303700851797607], [0.007931645091436311, 0.18125530576746463, 0.033993260698455485, 0.7768197884426435], [0.659921457060089, 0.22363639112082806, 0.08696960210343478, 0.029472549715648288], [0.004887670784301361, 0.054220404463601476, 0.07780273596303686, 0.8630891887890602], [0.04609890723304903, 0.005858545302562508, 0.8411445002733703, 0.10689804719101811], [0.5850575522306132, 0.10019949126241001, 0.26872068731632526, 0.04602226919065153], [0.39700946140627313, 0.5579828762604537, 0.018710587590414753, 0.026297074742858535], [0.14286162163629154, 0.3418134808224712, 0.15189587861811138, 0.36342901892312574], [0.04921739895910868, 0.03857195509284355, 0.5114132092805039, 0.40079743666754386], [0.18413429597354555, 0.14259729046683536, 0.3794301208605298, 0.2938382926990893], [0.038608038556058086, 0.06794112249397088, 0.32374149264231633, 0.5697093463076549]], "state_values": [1.8752195914583107, 4.174050423993495, 3.2420667501456397, -4.28207582271806, -4.504190234982007, -1.7375639264010525, 3.3168342290805124, 2.0316431027235815, -4.7675283381403695, -4.315070652880935, 2.970232815057654, 3.714281132675941, 2.3317025496871704, 1.9344474721816984, 4.85963664806541, 2.95616475937831], "value_grad": [-5.464800834655762, -4.593599796295166, -0.47519969940185547, 0.03959941864013672, 1.425600290298462, 1.9404010772705078, 0.1583995819091797, -1.2672004699707031, 2.336400032043457, -2.732400894165039, -3.8807992935180664, 1.6236000061035156, -2.772000312805176, 6.533999443054199, 3.8808000087738037, -2.0592007637023926], "action_grad": [[0.0, 0.0, 0.0], [0.0, 0.0, 0.0], [0.0, 0.0, 0.0], [0.0, 0.0, 0.0], [0.0, 0.0, 0.0], [0.0, 0.0, 0.0], [0.0, 0.0, 0.0], [0.0, 0.0, 0.0], [0.0, 0.0, 0.0], [0.0, 0.0, 0.0], [0.0, 0.0, 0.0], [0.0, 0.0, 0.0], [0.0, 0.0, 0.0], [0.0, 0.0, 0.0], [0.0, 0.0, 0.0], [0.0, 0.0, 0.0]], "action_params_change": 0, "value_params_change": 0.2693730140194961}
