{"iterations": 0, "type_itr": 0, "sub_iteration": 0, "sub_it_time": 0, "total_time": 0, "value_loss": 0, "action_loss": 0, "action_probs": [[2.3264061849321278e-05, 0.17248199990915833, 0.00011159594945578989, 0.8273831400795365], [0.5366579389625359, 0.33639263746789966, 0.07803490180818044, 0.048914521761383896], [0.018213567357253744, 0.870629536598549, 0.002277751387521489, 0.10887914465667564], [0.40225470928288165, 0.0001450775221607677, 0.597384759904434, 0.0002154532905234246], [0.05241282297922939, 0.8582461939688114, 0.00514200490232432, 0.0841989781496349], [0.023510626080865467, 0.5125261216173848, 0.020349475268193994, 0.44361377703355587], [0.04722366613150518, 0.00019010472325998548, 0.9487668505510363, 0.0038193785941986096], [0.2551848650110652, 0.3338900832810042, 0.17801105640934783, 0.23291399529858267], [0.008655100767306738, 0.000346389400362041, 0.9528635595978193, 0.03813495023451194], [0.01458869008430543, 0.9691498444818547, 0.00024115501344628906, 0.01602031042039357], [0.014134917610578694, 0.5410395923155915, 0.011325396863258412, 0.4335000932105713], [0.0014149743123673796, 0.04254916552243718, 0.03076976346901881, 0.9252660966961767], [0.27989293053168857, 0.06076848384743536, 0.5417232511594796, 0.11761533446139665], [0.08122595236381182, 0.08139081961341077, 0.4182671280620436, 0.41911609996073396], [0.14330013301039687, 0.06540401537752454, 0.543318384720467, 0.2479774668916115], [0.7517538068138053, 0.006190140653418229, 0.24007917678068938, 0.001976875752087027]], "state_values": [3.418780925724314, 1.4127937618279174, -2.3797326422136824, 3.9867131309478157, -4.762379088950445, -3.5089694069319766, 3.347948553818313, 0.8515814850853652, -4.946083076080632, 4.994153955614233, 3.3926955022446386, 4.54022847488025, 0.43019932862647325, 4.836287279192905, 4.999113770680463, -1.56355849379978], "value_grad": [0.0, 0.0, 0.0, 0.0, 0.0, 0.0, 0.0, 0.0, 0.0, 0.0, 0.0, 0.0, 0.0, 0.0, 0.0, 0.0], "action_grad": [[0.0, 0.0, 0.0], [0.0, 0.0, 0.0], [0.0, 0.0, 0.0], [0.0, 0.0, 0.0], [0.0, 0.0, 0.0], [0.0, 0.0, 0.0], [0.0, 0.0, 0.0], [0.0, 0.0, 0.0], [0.0, 0.0, 0.0], [0.0, 0.0, 0.0], [0.0, 0.0, 0.0], [0.0, 0.0, 0.0], [0.0, 0.0, 0.0], [0.0, 0.0, 0.0], [0.0, 0.0, 0.0], [0.0, 0.0, 0.0]], "action_params_change": 0, "value_params_change": 0}
{"iterations": 1, "type_itr": 0, "sub_iteration": 0, "sub_it_time": 0.10866713523864746, "total_time": 0.10996770858764648, "value_loss": -7.920000076293945, "action_loss": -0.7244307994842529, "action_probs": [[2.3264061849321278e-05, 0.17248199990915833, 0.00011159594945578989, 0.8273831400795365], [0.5366579389625359, 0.33639263746789966, 0.07803490180818044, 0.048914521761383896], [0.018213567357253744, 0.870629536598549, 0.002277751387521489, 0.10887914465667564], [0.40225470928288165, 0.0001450775221607677, 0.597384759904434, 0.0002154532905234246], [0.05241282297922939, 0.8582461939688114, 0.00514200490232432, 0.0841989781496349], [0.023510626080865467, 0.5125261216173848, 0.020349475268193994, 0.44361377703355587], [0.04722366613150518, 0.00019010472325998548, 0.9487668505510363, 0.0038193785941986096], [0.2551848650110652, 0.3338900832810042, 0.17801105640934783, 0.23291399529858267], [0.008655100767306738, 0.000346389400362041, 0.9528635595978193, 0.03813495023451194], [0.01458869008430543, 0.9691498444818547, 0.00024115501344628906, 0.01602031042039357], [0.014134917610578694, 0.5410395923155915, 0.011325396863258412, 0.4335000932105713], [0.0014149743123673796, 0.04254916552243718, 0.03076976346901881, 0.9252660966961767], [0.27989293053168857, 0.06076848384743536, 0.5417232511594796, 0.11761533446139665], [0.08122595236381182, 0.08139081961341077, 0.4182671280620436, 0.41911609996073396], [0.14330013301039687, 0.06540401537752454, 0.543318384720467, 0.2479774668916115], [0.7517538068138053, 0.006190140653418229, 0.24007917678068938, 0.001976875752087027]], "state_values": [2.4098329166424604, 2.555484657306035, -1.2178254988171742, 4.609350614514154, -4.991142063321475, -4.2811122806701345, 4.1626421249583965, 2.0440541296490733, -4.97349506729029, 4.779096490925304, 4.195895377478743, 3.8809318983722703, -0.8156070746896688, 4.3719866705420944, 4.8669929457638785, -0.33997035678436704], "value_grad": [79.20000457763672, 35.63999938964844, -15.840001106262207, -7.920000076293945, -31.68000030517578, 31.680004119873047, 23.760000228881836, -43.560001373291016, 19.799999237060547, -39.60000228881836, 31.68000030517578, 47.52000427246094, -7.920001029968262, -31.68000030517578, -23.76000213623047, -27.720001220703125], "action_grad": [[0.0, 0.0, 0.0], [0.0, 0.0, 0.0], [0.0, 0.0, 0.0], [0.0, 0.0, 0.0], [0.0, 0.0, 0.0], [0.0, 0.0, 0.0], [0.0, 0.0, 0.0], [0.0, 0.0, 0.0], [0.0, 0.0, 0.0], [0.0, 0.0, 0.0], [0.0, 0.0, 0.0], [0.0, 0.0, 0.0], [0.0, 0.0, 0.0], [0.0, 0.0, 0.0], [0.0, 0.0, 0.0], [0.0, 0.0, 0.0]], "action_params_change": 0, "value_params_change": 0.49999999993686894}
{"iterations": 1, "type_itr": 0, "sub_iteration": 1, "sub_it_time": 0.11842131614685059, "total_time": 0.23671555519104004, "value_loss": 23.760000228881836, "action_loss": -1.8110771179199219, "action_probs": [[2.3264061849321278e-05, 0.17248199990915833, 0.00011159594945578989, 0.8273831400795365], [0.5366579389625359, 0.33639263746789966, 0.07803490180818044, 0.048914521761383896], [0.018213567357253744, 0.870629536598549, 0.002277751387521489, 0.10887914465667564], [0.40225470928288165, 0.0001450775221607677, 0.597384759904434, 0.0002154532905234246], [0.05241282297922939, 0.8582461939688114, 0.00514200490232432, 0.0841989781496349], [0.023510626080865467, 0.5125261216173848, 0.020349475268193994, 0.44361377703355587], [0.04722366613150518, 0.00019010472325998548, 0.9487668505510363, 0.0038193785941986096], [0.2551848650110652, 0.3338900832810042, 0.17801105640934783, 0.23291399529858267], [0.008655100767306738, 0.000346389400362041, 0.9528635595978193, 0.03813495023451194], [0.01458869008430543, 0.9691498444818547, 0.00024115501344628906, 0.01602031042039357], [0.014134917610578694, 0.5410395923155915, 0.011325396863258412, 0.4335000932105713], [0.0014149743123673796, 0.04254916552243718, 0.03076976346901881, 0.9252660966961767], [0.27989293053168857, 0.06076848384743536, 0.5417232511594796, 0.11761533446139665], [0.08122595236381182, 0.08139081961341077, 0.4182671280620436, 0.41911609996073396], [0.14330013301039687, 0.06540401537752454, 0.543318384720467, 0.2479774668916115], [0.7517538068138053, 0.006190140653418229, 0.24007917678068938, 0.001976875752087027]], "state_values": [1.397688334413876, 3.5332765411456246, 0.019800133597077885, 4.922037556339441, -4.957956845271025, -4.1411143604071485, 4.4967719283659235, 2.4625286392313783, -4.6976502317392805, 4.269581817031093, 4.691983079427742, 3.4850797941811007, -1.9707791003371973, 3.729894844138932, 4.669178493964225, -0.07477092294232417], "value_grad": [27.720001220703125, 51.480003356933594, -15.84000015258789, -31.68000030517578, -3.960000991821289, -43.560001373291016, -3.9600000381469727, 15.84000015258789, 31.680004119873047, -35.63999938964844, 11.880000114440918, -11.880000114440918, -15.840002059936523, -11.880002975463867, 3.9600000381469727, 15.840001106262207], "action_grad": [[0.0, 0.0, 0.0], [0.0, 0.0, 0.0], [0.0, 0.0, 0.0], [0.0, 0.0, 0.0], [0.0, 0.0, 0.0], [0.0, 0.0, 0.0], [0.0, 0.0, 0.0], [0.0, 0.0, 0.0], [0.0, 0.0, 0.0], [0.0, 0.0, 0.0], [0.0, 0.0, 0.0], [0.0, 0.0, 0.0], [0.0, 0.0, 0.0], [0.0, 0.0, 0.0], [0.0, 0.0, 0.0], [0.0, 0.0, 0.0]], "action_params_change": 0, "value_params_change": 0.4999999988996757}
{"iterations": 1, "type_itr": 0, "sub_iteration": 2, "sub_it_time": 0.10847091674804688, "total_time": 0.3467752933502197, "value_loss": -35.6400032043457, "action_loss": -1.0866461992263794, "action_probs": [[2.3264061849321278e-05, 0.17248199990915833, 0.00011159594945578989, 0.8273831400795365], [0.5366579389625359, 0.33639263746789966, 0.07803490180818044, 0.048914521761383896], [0.018213567357253744, 0.870629536598549, 0.002277751387521489, 0.10887914465667564], [0.40225470928288165, 0.0001450775221607677, 0.597384759904434, 0.0002154532905234246], [0.05241282297922939, 0.8582461939688114, 0.00514200490232432, 0.0841989781496349], [0.023510626080865467, 0.5125261216173848, 0.020349475268193994, 0.44361377703355587], [0.04722366613150518, 0.00019010472325998548, 0.9487668505510363, 0.0038193785941986096], [0.2551848650110652, 0.3338900832810042, 0.17801105640934783, 0.23291399529858267], [0.008655100767306738, 0.000346389400362041, 0.9528635595978193, 0.03813495023451194], [0.01458869008430543, 0.9691498444818547, 0.00024115501344628906, 0.01602031042039357], [0.014134917610578694, 0.5410395923155915, 0.011325396863258412, 0.4335000932105713], [0.0014149743123673796, 0.04254916552243718, 0.03076976346901881, 0.9252660966961767], [0.27989293053168857, 0.06076848384743536, 0.5417232511594796, 0.11761533446139665], [0.08122595236381182, 0.08139081961341077, 0.4182671280620436, 0.41911609996073396], [0.14330013301039687, 0.06540401537752454, 0.543318384720467, 0.2479774668916115], [0.7517538068138053, 0.006190140653418229, 0.24007917678068938, 0.001976875752087027]], "state_values": [0.56664253478142, 3.9398390398232994, -0.29066112311706654, 4.999912486072083, -4.888943591552333, -4.15934385479871, 4.817961461734089, 2.375874825371622, -4.2471536984747775, 3.912767687567694, 4.964127320385381, 3.4423201946521926, -2.623236730042062, 2.8558386029301746, 4.774337433672843, 0.030487923955075415], "value_grad": [0.0, -23.76000213623047, 47.52000427246094, 0.0, 11.880001068115234, 15.84000015258789, 19.799999237060547, 27.720001220703125, 3.960000991821289, 19.799999237060547, 39.599998474121094, -23.760000228881836, 3.9600000381469727, -27.720001220703125, 31.680002212524414, 3.960002899169922], "action_grad": [[0.0, 0.0, 0.0], [0.0, 0.0, 0.0], [0.0, 0.0, 0.0], [0.0, 0.0, 0.0], [0.0, 0.0, 0.0], [0.0, 0.0, 0.0], [0.0, 0.0, 0.0], [0.0, 0.0, 0.0], [0.0, 0.0, 0.0], [0.0, 0.0, 0.0], [0.0, 0.0, 0.0], [0.0, 0.0, 0.0], [0.0, 0.0, 0.0], [0.0, 0.0, 0.0], [0.0, 0.0, 0.0], [0.0, 0.0, 0.0]], "action_params_change": 0, "value_params_change": 0.4681517358074516}
{"iterations": 1, "type_itr": 0, "sub_iteration": 3, "sub_it_time": 0.11733865737915039, "total_time": 0.47273731231689453, "value_loss": 15.84000015258789, "action_loss": -0.9055385589599609, "action_probs": [[2.3264061849321278e-05, 0.17248199990915833, 0.00011159594945578989, 0.8273831400795365], [0.5366579389625359, 0.33639263746789966, 0.07803490180818044, 0.048914521761383896], [0.018213567357253744, 0.870629536598549, 0.002277751387521489, 0.10887914465667564], [0.40225470928288165, 0.0001450775221607677, 0.597384759904434, 0.0002154532905234246], [0.05241282297922939, 0.8582461939688114, 0.00514200490232432, 0.0841989781496349], [0.023510626080865467, 0.5125261216173848, 0.020349475268193994, 0.44361377703355587], [0.04722366613150518, 0.00019010472325998548, 0.9487668505510363, 0.0038193785941986096], [0.2551848650110652, 0.3338900832810042, 0.17801105640934783, 0.23291399529858267], [0.008655100767306738, 0.000346389400362041, 0.9528635595978193, 0.03813495023451194], [0.01458869008430543, 0.9691498444818547, 0.00024115501344628906, 0.01602031042039357], [0.014134917610578694, 0.5410395923155915, 0.011325396863258412, 0.4335000932105713], [0.0014149743123673796, 0.04254916552243718, 0.03076976346901881, 0.9252660966961767], [0.27989293053168857, 0.06076848384743536, 0.5417232511594796, 0.11761533446139665], [0.08122595236381182, 0.08139081961341077, 0.4182671280620436, 0.41911609996073396], [0.14330013301039687, 0.06540401537752454, 0.543318384720467, 0.2479774668916115], [0.7517538068138053, 0.006190140653418229, 0.24007917678068938, 0.001976875752087027]], "state_values": [0.2859453700542793, 4.077583409848522, -0.6489422136635692, 4.912521016254218, -4.710666528350639, -4.010254133426671, 4.896565007053327, 2.7142066247753434, -3.6540840588805805, 3.610941583257268, 4.964230785564722, 3.483182838566047, -3.3445870375658466, 2.0847319989813187, 4.728679683281478, -0.1405594503386726], "value_grad": [-43.560001373291016, -23.76000213623047, 7.920000076293945, -63.36000442504883, -19.799999237060547, -23.760000228881836, -15.84000015258789, -43.560001373291016, 7.920000076293945, 3.9600000381469727, 35.63999938964844, -7.920000076293945, -11.880000114440918, 3.9600000381469727, -23.760000228881836, 11.880000114440918], "action_grad": [[0.0, 0.0, 0.0], [0.0, 0.0, 0.0], [0.0, 0.0, 0.0], [0.0, 0.0, 0.0], [0.0, 0.0, 0.0], [0.0, 0.0, 0.0], [0.0, 0.0, 0.0], [0.0, 0.0, 0.0], [0.0, 0.0, 0.0], [0.0, 0.0, 0.0], [0.0, 0.0, 0.0], [0.0, 0.0, 0.0], [0.0, 0.0, 0.0], [0.0, 0.0, 0.0], [0.0, 0.0, 0.0], [0.0, 0.0, 0.0]], "action_params_change": 0, "value_params_change": 0.47909101673681354}
{"iterations": 1, "type_itr": 0, "sub_iteration": 4, "sub_it_time": 0.11315131187438965, "total_time": 0.5875380039215088, "value_loss": 39.60000228881836, "action_loss": -1.9921846389770508, "action_probs": [[2.3264061849321278e-05, 0.17248199990915833, 0.00011159594945578989, 0.8273831400795365], [0.5366579389625359, 0.33639263746789966, 0.07803490180818044, 0.048914521761383896], [0.018213567357253744, 0.870629536598549, 0.002277751387521489, 0.10887914465667564], [0.40225470928288165, 0.0001450775221607677, 0.597384759904434, 0.0002154532905234246], [0.05241282297922939, 0.8582461939688114, 0.00514200490232432, 0.0841989781496349], [0.023510626080865467, 0.5125261216173848, 0.020349475268193994, 0.44361377703355587], [0.04722366613150518, 0.00019010472325998548, 0.9487668505510363, 0.0038193785941986096], [0.2551848650110652, 0.3338900832810042, 0.17801105640934783, 0.23291399529858267], [0.008655100767306738, 0.000346389400362041, 0.9528635595978193, 0.03813495023451194], [0.01458869008430543, 0.9691498444818547, 0.00024115501344628906, 0.01602031042039357], [0.014134917610578694, 0.5410395923155915, 0.011325396863258412, 0.4335000932105713], [0.0014149743123673796, 0.04254916552243718, 0.03076976346901881, 0.9252660966961767], [0.27989293053168857, 0.06076848384743536, 0.5417232511594796, 0.11761533446139665], [0.08122595236381182, 0.08139081961341077, 0.4182671280620436, 0.41911609996073396], [0.14330013301039687, 0.06540401537752454, 0.543318384720467, 0.2479774668916115], [0.7517538068138053, 0.006190140653418229, 0.24007917678068938, 0.001976875752087027]], "state_values": [-0.08696112785579489, 4.374568167254775, -1.163415724080561, 4.626419626137629, -4.497157369510046, -4.081217519773174, 4.977012923326683, 3.1010590688364488, -2.865173694834736, 3.440592571390299, 4.8443903977346885, 3.7834251611879495, -4.029923695830718, 1.2753435016123695, 4.527064341767262, 0.12938387881432176], "value_grad": [19.799999237060547, 51.480003356933594, 19.799999237060547, -27.720001220703125, 0.0, 31.68000030517578, 15.84000015258789, -15.84000015258789, 19.799999237060547, 11.880001068115234, -27.720001220703125, -39.599998474121094, -19.80000114440918, -7.920000076293945, -39.599998474121094, -23.760000228881836], "action_grad": [[0.0, 0.0, 0.0], [0.0, 0.0, 0.0], [0.0, 0.0, 0.0], [0.0, 0.0, 0.0], [0.0, 0.0, 0.0], [0.0, 0.0, 0.0], [0.0, 0.0, 0.0], [0.0, 0.0, 0.0], [0.0, 0.0, 0.0], [0.0, 0.0, 0.0], [0.0, 0.0, 0.0], [0.0, 0.0, 0.0], [0.0, 0.0, 0.0], [0.0, 0.0, 0.0], [0.0, 0.0, 0.0], [0.0, 0.0, 0.0]], "action_params_change": 0, "value_params_change": 0.4186274983694176}
{"iterations": 1, "type_itr": 0, "sub_iteration": 5, "sub_it_time": 0.10856437683105469, "total_time": 0.7039079666137695, "value_loss": -3.9600000381469727, "action_loss": -1.9921846389770508, "action_probs": [[2.3264061849321278e-05, 0.17248199990915833, 0.00011159594945578989, 0.8273831400795365], [0.5366579389625359, 0.33639263746789966, 0.07803490180818044, 0.048914521761383896], [0.018213567357253744, 0.870629536598549, 0.002277751387521489, 0.10887914465667564], [0.40225470928288165, 0.0001450775221607677, 0.597384759904434, 0.0002154532905234246], [0.05241282297922939, 0.8582461939688114, 0.00514200490232432, 0.0841989781496349], [0.023510626080865467, 0.5125261216173848, 0.020349475268193994, 0.44361377703355587], [0.04722366613150518, 0.00019010472325998548, 0.9487668505510363, 0.0038193785941986096], [0.2551848650110652, 0.3338900832810042, 0.17801105640934783, 0.23291399529858267], [0.008655100767306738, 0.000346389400362041, 0.9528635595978193, 0.03813495023451194], [0.01458869008430543, 0.9691498444818547, 0.00024115501344628906, 0.01602031042039357], [0.014134917610578694, 0.5410395923155915, 0.011325396863258412, 0.4335000932105713], [0.0014149743123673796, 0.04254916552243718, 0.03076976346901881, 0.9252660966961767], [0.27989293053168857, 0.06076848384743536, 0.5417232511594796, 0.11761533446139665], [0.08122595236381182, 0.08139081961341077, 0.4182671280620436, 0.41911609996073396], [0.14330013301039687, 0.06540401537752454, 0.543318384720467, 0.2479774668916115], [0.7517538068138053, 0.006190140653418229, 0.24007917678068938, 0.001976875752087027]], "state_values": [-0.3810713467942464, 4.52277717638127, -0.9590457692456322, 4.427418646494662, -4.3741257149969135, -4.253398450457344, 4.991339458909378, 3.356991799147196, -2.083457392709531, 3.3547211008941935, 4.755794615477914, 3.897841675689863, -4.563344207966051, 0.40409278437394414, 4.2336877154818815, 0.2359864493042347], "value_grad": [-3.9600000381469727, -19.799999237060547, -67.31999969482422, 39.599998474121094, 11.880001068115234, 23.76000213623047, 31.68000030517578, 7.920000076293945, 0.0, 7.920000076293945, -23.760000228881836, 19.799999237060547, -11.880000114440918, -11.880001068115234, -15.84000015258789, 7.920000076293945], "action_grad": [[0.0, 0.0, 0.0], [0.0, 0.0, 0.0], [0.0, 0.0, 0.0], [0.0, 0.0, 0.0], [0.0, 0.0, 0.0], [0.0, 0.0, 0.0], [0.0, 0.0, 0.0], [0.0, 0.0, 0.0], [0.0, 0.0, 0.0], [0.0, 0.0, 0.0], [0.0, 0.0, 0.0], [0.0, 0.0, 0.0], [0.0, 0.0, 0.0], [0.0, 0.0, 0.0], [0.0, 0.0, 0.0], [0.0, 0.0, 0.0]], "action_params_change": 0, "value_params_change": 0.42486014976679964}
{"iterations": 1, "type_itr": 0, "sub_iteration": 6, "sub_it_time": 0.10964536666870117, "total_time": 0.8214905261993408, "value_loss": -7.920000076293945, "action_loss": -1.0866461992263794, "action_probs": [[2.3264061849321278e-05, 0.17248199990915833, 0.00011159594945578989, 0.8273831400795365], [0.5366579389625359, 0.33639263746789966, 0.07803490180818044, 0.048914521761383896], [0.018213567357253744, 0.870629536598549, 0.002277751387521489, 0.10887914465667564], [0.40225470928288165, 0.0001450775221607677, 0.597384759904434, 0.0002154532905234246], [0.05241282297922939, 0.8582461939688114, 0.00514200490232432, 0.0841989781496349], [0.023510626080865467, 0.5125261216173848, 0.020349475268193994, 0.44361377703355587], [0.04722366613150518, 0.00019010472325998548, 0.9487668505510363, 0.0038193785941986096], [0.2551848650110652, 0.3338900832810042, 0.17801105640934783, 0.23291399529858267], [0.008655100767306738, 0.000346389400362041, 0.9528635595978193, 0.03813495023451194], [0.01458869008430543, 0.9691498444818547, 0.00024115501344628906, 0.01602031042039357], [0.014134917610578694, 0.5410395923155915, 0.011325396863258412, 0.4335000932105713], [0.0014149743123673796, 0.04254916552243718, 0.03076976346901881, 0.9252660966961767], [0.27989293053168857, 0.06076848384743536, 0.5417232511594796, 0.11761533446139665], [0.08122595236381182, 0.08139081961341077, 0.4182671280620436, 0.41911609996073396], [0.14330013301039687, 0.06540401537752454, 0.543318384720467, 0.2479774668916115], [0.7517538068138053, 0.006190140653418229, 0.24007917678068938, 0.001976875752087027]], "state_values": [-0.4789684690733986, 4.592579355463847, -0.8359558756107264, 4.221414181360827, -4.194645837784182, -4.390244198645219, 4.855614377344827, 3.677329177470596, -1.2918568356199647, 3.5299097871247347, 4.745000395554017, 4.014811763777311, -4.816425168197175, -0.554373994965004, 3.8208044969509904, 0.15489302051354287], "value_grad": [-23.76000213623047, -15.84000015258789, 7.920000076293945, 0.0, -7.920000076293945, 0.0, 31.68000030517578, -19.799999237060547, 3.960000991821289, 35.63999938964844, -27.720001220703125, -3.9600000381469727, 7.920000076293945, -19.80000114440918, -19.799999237060547, 11.880000114440918], "action_grad": [[0.0, 0.0, 0.0], [0.0, 0.0, 0.0], [0.0, 0.0, 0.0], [0.0, 0.0, 0.0], [0.0, 0.0, 0.0], [0.0, 0.0, 0.0], [0.0, 0.0, 0.0], [0.0, 0.0, 0.0], [0.0, 0.0, 0.0], [0.0, 0.0, 0.0], [0.0, 0.0, 0.0], [0.0, 0.0, 0.0], [0.0, 0.0, 0.0], [0.0, 0.0, 0.0], [0.0, 0.0, 0.0], [0.0, 0.0, 0.0]], "action_params_change": 0, "value_params_change": 0.3840200582063815}
{"iterations": 1, "type_itr": 0, "sub_iteration": 7, "sub_it_time": 0.10765361785888672, "total_time": 0.9367942810058594, "value_loss": 3.9600000381469727, "action_loss": 0.0, "action_probs": [[2.3264061849321278e-05, 0.17248199990915833, 0.00011159594945578989, 0.8273831400795365], [0.5366579389625359, 0.33639263746789966, 0.07803490180818044, 0.048914521761383896], [0.018213567357253744, 0.870629536598549, 0.002277751387521489, 0.10887914465667564], [0.40225470928288165, 0.0001450775221607677, 0.597384759904434, 0.0002154532905234246], [0.05241282297922939, 0.8582461939688114, 0.00514200490232432, 0.0841989781496349], [0.023510626080865467, 0.5125261216173848, 0.020349475268193994, 0.44361377703355587], [0.04722366613150518, 0.00019010472325998548, 0.9487668505510363, 0.0038193785941986096], [0.2551848650110652, 0.3338900832810042, 0.17801105640934783, 0.23291399529858267], [0.008655100767306738, 0.000346389400362041, 0.9528635595978193, 0.03813495023451194], [0.01458869008430543, 0.9691498444818547, 0.00024115501344628906, 0.01602031042039357], [0.014134917610578694, 0.5410395923155915, 0.011325396863258412, 0.4335000932105713], [0.0014149743123673796, 0.04254916552243718, 0.03076976346901881, 0.9252660966961767], [0.27989293053168857, 0.06076848384743536, 0.5417232511594796, 0.11761533446139665], [0.08122595236381182, 0.08139081961341077, 0.4182671280620436, 0.41911609996073396], [0.14330013301039687, 0.06540401537752454, 0.543318384720467, 0.2479774668916115], [0.7517538068138053, 0.006190140653418229, 0.24007917678068938, 0.001976875752087027]], "state_values": [-0.20351133005566177, 4.747045849731773, -0.7545968607516578, 4.050557852258605, -4.1573001287619356, -4.422606691969756, 4.619383905066819, 4.008310794003756, -0.3482635326136588, 3.786391025387452, 4.694392871684729, 4.011813596258471, -4.842188628575507, -0.9896423775876203, 3.5115373414367186, -0.2024775503642491], "value_grad": [-67.32000732421875, 51.480003356933594, 3.960000991821289, 7.920000076293945, 15.84000015258789, -19.799999237060547, -3.9600000381469727, -15.84000015258789, 47.52000045776367, 19.799999237060547, 15.84000015258789, 19.799999237060547, 27.719999313354492, 27.720001220703125, 15.84000015258789, 23.760000228881836], "action_grad": [[0.0, 0.0, 0.0], [0.0, 0.0, 0.0], [0.0, 0.0, 0.0], [0.0, 0.0, 0.0], [0.0, 0.0, 0.0], [0.0, 0.0, 0.0], [0.0, 0.0, 0.0], [0.0, 0.0, 0.0], [0.0, 0.0, 0.0], [0.0, 0.0, 0.0], [0.0, 0.0, 0.0], [0.0, 0.0, 0.0], [0.0, 0.0, 0.0], [0.0, 0.0, 0.0], [0.0, 0.0, 0.0], [0.0, 0.0, 0.0]], "action_params_change": 0, "value_params_change": 0.3832535927243619}
{"iterations": 1, "type_itr": 0, "sub_iteration": 8, "sub_it_time": 0.10969233512878418, "total_time": 1.0557682514190674, "value_loss": 19.80000114440918, "action_loss": -1.6299693584442139, "action_probs": [[2.3264061849321278e-05, 0.17248199990915833, 0.00011159594945578989, 0.8273831400795365], [0.5366579389625359, 0.33639263746789966, 0.07803490180818044, 0.048914521761383896], [0.018213567357253744, 0.870629536598549, 0.002277751387521489, 0.10887914465667564], [0.40225470928288165, 0.0001450775221607677, 0.597384759904434, 0.0002154532905234246], [0.05241282297922939, 0.8582461939688114, 0.00514200490232432, 0.0841989781496349], [0.023510626080865467, 0.5125261216173848, 0.020349475268193994, 0.44361377703355587], [0.04722366613150518, 0.00019010472325998548, 0.9487668505510363, 0.0038193785941986096], [0.2551848650110652, 0.3338900832810042, 0.17801105640934783, 0.23291399529858267], [0.008655100767306738, 0.000346389400362041, 0.9528635595978193, 0.03813495023451194], [0.01458869008430543, 0.9691498444818547, 0.00024115501344628906, 0.01602031042039357], [0.014134917610578694, 0.5410395923155915, 0.011325396863258412, 0.4335000932105713], [0.0014149743123673796, 0.04254916552243718, 0.03076976346901881, 0.9252660966961767], [0.27989293053168857, 0.06076848384743536, 0.5417232511594796, 0.11761533446139665], [0.08122595236381182, 0.08139081961341077, 0.4182671280620436, 0.41911609996073396], [0.14330013301039687, 0.06540401537752454, 0.543318384720467, 0.2479774668916115], [0.7517538068138053, 0.006190140653418229, 0.24007917678068938, 0.001976875752087027]], "state_values": [0.061604215959323735, 4.797304660518469, -0.42103339094464676, 3.78854053686118, -4.211352794093006, -4.298547442376659, 4.431269958618047, 4.26613988032113, 0.5369697878567938, 3.8447268873886564, 4.58046660527988, 3.8597866033880934, -4.822051775308427, -1.586682991782049, 3.268608372040392, -0.5189187133920362], "value_grad": [-3.9600000381469727, -35.63999938964844, -43.560001373291016, -23.760000228881836, 11.879999160766602, -43.56000518798828, -19.799999237060547, 0.0, 3.9600000381469727, -27.720003128051758, 23.760000228881836, 31.68000030517578, 11.880000114440918, -27.720001220703125, 7.920000076293945, 0.0], "action_grad": [[0.0, 0.0, 0.0], [0.0, 0.0, 0.0], [0.0, 0.0, 0.0], [0.0, 0.0, 0.0], [0.0, 0.0, 0.0], [0.0, 0.0, 0.0], [0.0, 0.0, 0.0], [0.0, 0.0, 0.0], [0.0, 0.0, 0.0], [0.0, 0.0, 0.0], [0.0, 0.0, 0.0], [0.0, 0.0, 0.0], [0.0, 0.0, 0.0], [0.0, 0.0, 0.0], [0.0, 0.0, 0.0], [0.0, 0.0, 0.0]], "action_params_change": 0, "value_params_change": 0.35462124722283184}
{"iterations": 1, "type_itr": 0, "sub_iteration": 9, "sub_it_time": 0.1100625991821289, "total_time": 1.1740708351135254, "value_loss": -3.9600000381469727, "action_loss": -0.7244307994842529, "action_probs": [[2.3264061849321278e-05, 0.17248199990915833, 0.00011159594945578989, 0.8273831400795365], [0.5366579389625359, 0.33639263746789966, 0.07803490180818044, 0.048914521761383896], [0.018213567357253744, 0.870629536598549, 0.002277751387521489, 0.10887914465667564], [0.40225470928288165, 0.0001450775221607677, 0.597384759904434, 0.0002154532905234246], [0.05241282297922939, 0.8582461939688114, 0.00514200490232432, 0.0841989781496349], [0.023510626080865467, 0.5125261216173848, 0.020349475268193994, 0.44361377703355587], [0.04722366613150518, 0.00019010472325998548, 0.9487668505510363, 0.0038193785941986096], [0.2551848650110652, 0.3338900832810042, 0.17801105640934783, 0.23291399529858267], [0.008655100767306738, 0.000346389400362041, 0.9528635595978193, 0.03813495023451194], [0.01458869008430543, 0.9691498444818547, 0.00024115501344628906, 0.01602031042039357], [0.014134917610578694, 0.5410395923155915, 0.011325396863258412, 0.4335000932105713], [0.0014149743123673796, 0.04254916552243718, 0.03076976346901881, 0.9252660966961767], [0.27989293053168857, 0.06076848384743536, 0.5417232511594796, 0.11761533446139665], [0.08122595236381182, 0.08139081961341077, 0.4182671280620436, 0.41911609996073396], [0.14330013301039687, 0.06540401537752454, 0.543318384720467, 0.2479774668916115], [0.7517538068138053, 0.006190140653418229, 0.24007917678068938, 0.001976875752087027]], "state_values": [0.2168407453744774, 4.831995682579957, -0.09758112439586765, 3.6487490731198013, -4.230704368988974, -4.224111137640754, 4.296703691875661, 4.5164480834133425, 1.0622311149006398, 3.599769221747932, 4.426240717015004, 3.546924909017547, -4.8976811128525535, -1.9505123726791538, 2.892512274239507, -0.43412001166672826], "value_grad": [15.840001106262207, -3.9600000381469727, -3.9599990844726562, 23.760000228881836, -3.9600000381469727, 11.880001068115234, -11.880001068115234, -15.840001106262207, -23.76000213623047, -75.24000549316406, 11.880000114440918, 39.60000228881836, -35.63999938964844, 15.84000015258789, -23.760000228881836, -31.680002212524414], "action_grad": [[0.0, 0.0, 0.0], [0.0, 0.0, 0.0], [0.0, 0.0, 0.0], [0.0, 0.0, 0.0], [0.0, 0.0, 0.0], [0.0, 0.0, 0.0], [0.0, 0.0, 0.0], [0.0, 0.0, 0.0], [0.0, 0.0, 0.0], [0.0, 0.0, 0.0], [0.0, 0.0, 0.0], [0.0, 0.0, 0.0], [0.0, 0.0, 0.0], [0.0, 0.0, 0.0], [0.0, 0.0, 0.0], [0.0, 0.0, 0.0]], "action_params_change": 0, "value_params_change": 0.21295235140638002}
{"iterations": 1, "type_itr": 0, "sub_iteration": 10, "sub_it_time": 0.1103520393371582, "total_time": 1.2926745414733887, "value_loss": 19.80000114440918, "action_loss": -2.173292398452759, "action_probs": [[2.3264061849321278e-05, 0.17248199990915833, 0.00011159594945578989, 0.8273831400795365], [0.5366579389625359, 0.33639263746789966, 0.07803490180818044, 0.048914521761383896], [0.018213567357253744, 0.870629536598549, 0.002277751387521489, 0.10887914465667564], [0.40225470928288165, 0.0001450775221607677, 0.597384759904434, 0.0002154532905234246], [0.05241282297922939, 0.8582461939688114, 0.00514200490232432, 0.0841989781496349], [0.023510626080865467, 0.5125261216173848, 0.020349475268193994, 0.44361377703355587], [0.04722366613150518, 0.00019010472325998548, 0.9487668505510363, 0.0038193785941986096], [0.2551848650110652, 0.3338900832810042, 0.17801105640934783, 0.23291399529858267], [0.008655100767306738, 0.000346389400362041, 0.9528635595978193, 0.03813495023451194], [0.01458869008430543, 0.9691498444818547, 0.00024115501344628906, 0.01602031042039357], [0.014134917610578694, 0.5410395923155915, 0.011325396863258412, 0.4335000932105713], [0.0014149743123673796, 0.04254916552243718, 0.03076976346901881, 0.9252660966961767], [0.27989293053168857, 0.06076848384743536, 0.5417232511594796, 0.11761533446139665], [0.08122595236381182, 0.08139081961341077, 0.4182671280620436, 0.41911609996073396], [0.14330013301039687, 0.06540401537752454, 0.543318384720467, 0.2479774668916115], [0.7517538068138053, 0.006190140653418229, 0.24007917678068938, 0.001976875752087027]], "state_values": [0.3947872316629965, 4.870230191963351, 0.4505336599143983, 3.554861789294649, -4.468057306057254, -4.080893557989646, 4.267668867672299, 4.6761526887275044, 1.203689093039041, 3.4977160939150664, 4.283896116737192, 3.2402471420119907, -4.9048383222093745, -2.3570224696094497, 2.452972795209688, -0.477827547686827], "value_grad": [-7.920000076293945, 7.9199981689453125, -55.44000244140625, 7.920000076293945, 55.44000244140625, -19.799999237060547, -19.799999237060547, 7.920000076293945, -35.6400032043457, 31.68000030517578, -3.9600000381469727, 0.0, 23.76000213623047, -11.880001068115234, -11.880000114440918, 11.880000114440918], "action_grad": [[0.0, 0.0, 0.0], [0.0, 0.0, 0.0], [0.0, 0.0, 0.0], [0.0, 0.0, 0.0], [0.0, 0.0, 0.0], [0.0, 0.0, 0.0], [0.0, 0.0, 0.0], [0.0, 0.0, 0.0], [0.0, 0.0, 0.0], [0.0, 0.0, 0.0], [0.0, 0.0, 0.0], [0.0, 0.0, 0.0], [0.0, 0.0, 0.0], [0.0, 0.0, 0.0], [0.0, 0.0, 0.0], [0.0, 0.0, 0.0]], "action_params_change": 0, "value_params_change": 0.21949315283276505}
{"iterations": 1, "type_itr": 0, "sub_iteration": 11, "sub_it_time": 0.11237454414367676, "total_time": 1.4132680892944336, "value_loss": 0.0, "action_loss": -1.6299693584442139, "action_probs": [[2.3264061849321278e-05, 0.17248199990915833, 0.00011159594945578989, 0.8273831400795365], [0.5366579389625359, 0.33639263746789966, 0.07803490180818044, 0.048914521761383896], [0.018213567357253744, 0.870629536598549, 0.002277751387521489, 0.10887914465667564], [0.40225470928288165, 0.0001450775221607677, 0.597384759904434, 0.0002154532905234246], [0.05241282297922939, 0.8582461939688114, 0.00514200490232432, 0.0841989781496349], [0.023510626080865467, 0.5125261216173848, 0.020349475268193994, 0.44361377703355587], [0.04722366613150518, 0.00019010472325998548, 0.9487668505510363, 0.0038193785941986096], [0.2551848650110652, 0.3338900832810042, 0.17801105640934783, 0.23291399529858267], [0.008655100767306738, 0.000346389400362041, 0.9528635595978193, 0.03813495023451194], [0.01458869008430543, 0.9691498444818547, 0.00024115501344628906, 0.01602031042039357], [0.014134917610578694, 0.5410395923155915, 0.011325396863258412, 0.4335000932105713], [0.0014149743123673796, 0.04254916552243718, 0.03076976346901881, 0.9252660966961767], [0.27989293053168857, 0.06076848384743536, 0.5417232511594796, 0.11761533446139665], [0.08122595236381182, 0.08139081961341077, 0.4182671280620436, 0.41911609996073396], [0.14330013301039687, 0.06540401537752454, 0.543318384720467, 0.2479774668916115], [0.7517538068138053, 0.006190140653418229, 0.24007917678068938, 0.001976875752087027]], "state_values": [0.6664117234320954, 4.929716059838098, 0.9389230372359486, 3.4682174686576017, -4.69710520652831, -3.865280604858045, 4.346570535741214, 4.755367570737539, 1.2401039874206579, 3.481038210695267, 3.9995236059924344, 2.845846349486559, -4.9248378412061316, -2.706281655384118, 2.0964593325687524, -0.08423033940065822], "value_grad": [-23.76000213623047, 31.68000030517578, 0.0, 0.0, 19.80000114440918, -19.80000114440918, -23.760000228881836, 15.84000015258789, -11.880001068115234, 19.799999237060547, 43.56000518798828, 19.799999237060547, -7.920000076293945, 0.0, 7.920000076293945, -59.400001525878906], "action_grad": [[0.0, 0.0, 0.0], [0.0, 0.0, 0.0], [0.0, 0.0, 0.0], [0.0, 0.0, 0.0], [0.0, 0.0, 0.0], [0.0, 0.0, 0.0], [0.0, 0.0, 0.0], [0.0, 0.0, 0.0], [0.0, 0.0, 0.0], [0.0, 0.0, 0.0], [0.0, 0.0, 0.0], [0.0, 0.0, 0.0], [0.0, 0.0, 0.0], [0.0, 0.0, 0.0], [0.0, 0.0, 0.0], [0.0, 0.0, 0.0]], "action_params_change": 0, "value_params_change": 0.23121858155307162}
{"iterations": 1, "type_itr": 0, "sub_iteration": 12, "sub_it_time": 0.11539649963378906, "total_time": 1.5364353656768799, "value_loss": -3.9600000381469727, "action_loss": -1.4488615989685059, "action_probs": [[2.3264061849321278e-05, 0.17248199990915833, 0.00011159594945578989, 0.8273831400795365], [0.5366579389625359, 0.33639263746789966, 0.07803490180818044, 0.048914521761383896], [0.018213567357253744, 0.870629536598549, 0.002277751387521489, 0.10887914465667564], [0.40225470928288165, 0.0001450775221607677, 0.597384759904434, 0.0002154532905234246], [0.05241282297922939, 0.8582461939688114, 0.00514200490232432, 0.0841989781496349], [0.023510626080865467, 0.5125261216173848, 0.020349475268193994, 0.44361377703355587], [0.04722366613150518, 0.00019010472325998548, 0.9487668505510363, 0.0038193785941986096], [0.2551848650110652, 0.3338900832810042, 0.17801105640934783, 0.23291399529858267], [0.008655100767306738, 0.000346389400362041, 0.9528635595978193, 0.03813495023451194], [0.01458869008430543, 0.9691498444818547, 0.00024115501344628906, 0.01602031042039357], [0.014134917610578694, 0.5410395923155915, 0.011325396863258412, 0.4335000932105713], [0.0014149743123673796, 0.04254916552243718, 0.03076976346901881, 0.9252660966961767], [0.27989293053168857, 0.06076848384743536, 0.5417232511594796, 0.11761533446139665], [0.08122595236381182, 0.08139081961341077, 0.4182671280620436, 0.41911609996073396], [0.14330013301039687, 0.06540401537752454, 0.543318384720467, 0.2479774668916115], [0.7517538068138053, 0.006190140653418229, 0.24007917678068938, 0.001976875752087027]], "state_values": [0.9284837075376878, 4.9655014788089264, 1.3915536853969095, 3.516437994053596, -4.683905999682126, -3.6900549292977605, 4.3325316721889475, 4.792117011845203, 1.2138125198751455, 3.631031809869077, 3.5207539513047004, 2.345468546298776, -4.9465678988109065, -2.685565259495726, 1.8256734808858672, 0.009394861309748344], "value_grad": [-3.9600000381469727, -3.960000991821289, -3.9600000381469727, 27.720001220703125, -71.27999877929688, 7.920000076293945, 19.80000114440918, 11.880000114440918, -7.920000076293945, 47.52000427246094, 71.27999877929688, 23.760000228881836, -3.9599990844726562, 43.560001373291016, 7.920000076293945, 35.63999938964844], "action_grad": [[0.0, 0.0, 0.0], [0.0, 0.0, 0.0], [0.0, 0.0, 0.0], [0.0, 0.0, 0.0], [0.0, 0.0, 0.0], [0.0, 0.0, 0.0], [0.0, 0.0, 0.0], [0.0, 0.0, 0.0], [0.0, 0.0, 0.0], [0.0, 0.0, 0.0], [0.0, 0.0, 0.0], [0.0, 0.0, 0.0], [0.0, 0.0, 0.0], [0.0, 0.0, 0.0], [0.0, 0.0, 0.0], [0.0, 0.0, 0.0]], "action_params_change": 0, "value_params_change": 0.29181997276817073}
{"iterations": 1, "type_itr": 0, "sub_iteration": 13, "sub_it_time": 0.10936141014099121, "total_time": 1.6541221141815186, "value_loss": 39.60000228881836, "action_loss": -0.9055385589599609, "action_probs": [[2.3264061849321278e-05, 0.17248199990915833, 0.00011159594945578989, 0.8273831400795365], [0.5366579389625359, 0.33639263746789966, 0.07803490180818044, 0.048914521761383896], [0.018213567357253744, 0.870629536598549, 0.002277751387521489, 0.10887914465667564], [0.40225470928288165, 0.0001450775221607677, 0.597384759904434, 0.0002154532905234246], [0.05241282297922939, 0.8582461939688114, 0.00514200490232432, 0.0841989781496349], [0.023510626080865467, 0.5125261216173848, 0.020349475268193994, 0.44361377703355587], [0.04722366613150518, 0.00019010472325998548, 0.9487668505510363, 0.0038193785941986096], [0.2551848650110652, 0.3338900832810042, 0.17801105640934783, 0.23291399529858267], [0.008655100767306738, 0.000346389400362041, 0.9528635595978193, 0.03813495023451194], [0.01458869008430543, 0.9691498444818547, 0.00024115501344628906, 0.01602031042039357], [0.014134917610578694, 0.5410395923155915, 0.011325396863258412, 0.4335000932105713], [0.0014149743123673796, 0.04254916552243718, 0.03076976346901881, 0.9252660966961767], [0.27989293053168857, 0.06076848384743536, 0.5417232511594796, 0.11761533446139665], [0.08122595236381182, 0.08139081961341077, 0.4182671280620436, 0.41911609996073396], [0.14330013301039687, 0.06540401537752454, 0.543318384720467, 0.2479774668916115], [0.7517538068138053, 0.006190140653418229, 0.24007917678068938, 0.001976875752087027]], "state_values": [1.1054821954624543, 4.9990585972233195, 1.809740178503073, 3.5767332155379785, -4.6634558375498525, -3.5411794768001883, 4.42444777290519, 4.789915045627642, 1.3338978438364983, 3.844124885614763, 2.977850927459355, 1.8895281981865517, -4.953049782113088, -2.8547471813268905, 1.4349888641745299, 0.09397564730928303], "value_grad": [11.880000114440918, 63.36000061035156, -3.9599990844726562, 3.9599990844726562, -3.9600000381469727, 3.9600000381469727, -27.720001220703125, 15.840001106262207, 19.799999237060547, 27.720001220703125, 11.880000114440918, -3.9600000381469727, 7.920000076293945, -31.68000030517578, -19.799999237060547, 0.0], "action_grad": [[0.0, 0.0, 0.0], [0.0, 0.0, 0.0], [0.0, 0.0, 0.0], [0.0, 0.0, 0.0], [0.0, 0.0, 0.0], [0.0, 0.0, 0.0], [0.0, 0.0, 0.0], [0.0, 0.0, 0.0], [0.0, 0.0, 0.0], [0.0, 0.0, 0.0], [0.0, 0.0, 0.0], [0.0, 0.0, 0.0], [0.0, 0.0, 0.0], [0.0, 0.0, 0.0], [0.0, 0.0, 0.0], [0.0, 0.0, 0.0]], "action_params_change": 0, "value_params_change": 0.28650237460195727}
