{"iterations": 0, "type_itr": 0, "sub_iteration": 0, "sub_it_time": 0, "total_time": 0, "value_loss": 0, "action_loss": 0, "action_probs": [[0.01064763803764755, 0.008193918788598653, 0.5544669188876825, 0.42669152428607143], [0.25078121530841907, 0.08324163440246997, 0.5000093833751168, 0.16596776691399429], [0.7941871501371468, 0.0026939899918465254, 0.20243218258867163, 0.0006866772823349688], [0.11069098666168332, 0.5460103397586343, 0.057865071029048726, 0.2854336025506336], [0.11767374109207952, 0.6827131751608192, 0.02934732922099152, 0.17026575452610979], [0.0023610710548899066, 0.01052200898439548, 0.18090807325610617, 0.8062088467046084], [0.02396190614972916, 0.038778916462192746, 0.3579569969214582, 0.57930218046662], [0.6800262068859381, 0.0036583570160157713, 0.31462285028285814, 0.0016925858151879039], [0.05933878972966893, 0.8811373651804619, 0.003755621989189766, 0.05576822310067932], [0.4172204954673973, 0.5035614843853684, 0.03589490491664517, 0.04332311523058903], [0.12953414158370688, 0.6275361850794742, 0.04156507736816253, 0.20136459596865663], [0.26875099644740347, 0.7298331489558133, 0.00038105184772036654, 0.001034802749062972], [0.4691980623947007, 0.1606325327802684, 0.27576108374578784, 0.09440832107924302], [0.0037444385045592313, 0.15502624047539382, 0.01983950362263931, 0.8213898173974075], [0.014655496665487636, 0.3274858757176013, 0.028179126237346124, 0.6296795013795649], [0.42180133815558407, 0.07164843446743113, 0.43299961942400533, 0.07355060795297942]], "state_values": [4.711656741111312, 4.968742450475647, 3.0477600693185813, -0.9368816434553949, -2.9622055736675788, -4.569364368743171, -2.7979619656878523, -0.6130137709478117, 2.351745914015022, -4.603712240336157, 3.0436103089421502, 2.247070674391131, 4.264407890322351, 0.24980488595130015, 4.277917879238382, 0.0832429015454115], "value_grad": [0.0, 0.0, 0.0, 0.0, 0.0, 0.0, 0.0, 0.0, 0.0, 0.0, 0.0, 0.0, 0.0, 0.0, 0.0, 0.0], "action_grad": [[0.0, 0.0, 0.0], [0.0, 0.0, 0.0], [0.0, 0.0, 0.0], [0.0, 0.0, 0.0], [0.0, 0.0, 0.0], [0.0, 0.0, 0.0], [0.0, 0.0, 0.0], [0.0, 0.0, 0.0], [0.0, 0.0, 0.0], [0.0, 0.0, 0.0], [0.0, 0.0, 0.0], [0.0, 0.0, 0.0], [0.0, 0.0, 0.0], [0.0, 0.0, 0.0], [0.0, 0.0, 0.0], [0.0, 0.0, 0.0]], "action_params_change": 0, "value_params_change": 0}
{"iterations": 1, "type_itr": 0, "sub_iteration": 0, "sub_it_time": 0.1051473617553711, "total_time": 0.10649228096008301, "value_loss": 5.544000625610352, "action_loss": -0.2173292338848114, "action_probs": [[0.01064763803764755, 0.008193918788598653, 0.5544669188876825, 0.42669152428607143], [0.25078121530841907, 0.08324163440246997, 0.5000093833751168, 0.16596776691399429], [0.7941871501371468, 0.0026939899918465254, 0.20243218258867163, 0.0006866772823349688], [0.11069098666168332, 0.5460103397586343, 0.057865071029048726, 0.2854336025506336], [0.11767374109207952, 0.6827131751608192, 0.02934732922099152, 0.17026575452610979], [0.0023610710548899066, 0.01052200898439548, 0.18090807325610617, 0.8062088467046084], [0.02396190614972916, 0.038778916462192746, 0.3579569969214582, 0.57930218046662], [0.6800262068859381, 0.0036583570160157713, 0.31462285028285814, 0.0016925858151879039], [0.05933878972966893, 0.8811373651804619, 0.003755621989189766, 0.05576822310067932], [0.4172204954673973, 0.5035614843853684, 0.03589490491664517, 0.04332311523058903], [0.12953414158370688, 0.6275361850794742, 0.04156507736816253, 0.20136459596865663], [0.26875099644740347, 0.7298331489558133, 0.00038105184772036654, 0.001034802749062972], [0.4691980623947007, 0.1606325327802684, 0.27576108374578784, 0.09440832107924302], [0.0037444385045592313, 0.15502624047539382, 0.01983950362263931, 0.8213898173974075], [0.014655496665487636, 0.3274858757176013, 0.028179126237346124, 0.6296795013795649], [0.42180133815558407, 0.07164843446743113, 0.43299961942400533, 0.07355060795297942]], "state_values": [4.151175245845068, 4.676172904498084, 3.9336551782922076, -2.122866212261722, -3.866677938767764, -4.9295444977525635, -1.6857777155494642, -1.82164415659113, 3.3702815443636824, -3.977944828231681, 1.9675606850456835, 3.2822735827144607, 3.485984287163505, -0.9934359074140385, 4.785289257491011, -1.1561932661643775], "value_grad": [-2.772000312805176, -7.128000259399414, 4.3560004234313965, -10.692001342773438, 2.772000789642334, 5.940000534057617, -11.880001068115234, 3.5640006065368652, -4.752000331878662, -12.276000022888184, 4.355998992919922, -6.336001396179199, -17.02800178527832, 2.3759994506835938, -17.027999877929688, -9.50400161743164], "action_grad": [[0.0, 0.0, 0.0], [0.0, 0.0, 0.0], [0.0, 0.0, 0.0], [0.0, 0.0, 0.0], [0.0, 0.0, 0.0], [0.0, 0.0, 0.0], [0.0, 0.0, 0.0], [0.0, 0.0, 0.0], [0.0, 0.0, 0.0], [0.0, 0.0, 0.0], [0.0, 0.0, 0.0], [0.0, 0.0, 0.0], [0.0, 0.0, 0.0], [0.0, 0.0, 0.0], [0.0, 0.0, 0.0], [0.0, 0.0, 0.0]], "action_params_change": 0, "value_params_change": 0.499999999706366}
{"iterations": 1, "type_itr": 0, "sub_iteration": 1, "sub_it_time": 0.10353970527648926, "total_time": 0.21161675453186035, "value_loss": 9.503999710083008, "action_loss": -0.45276927947998047, "action_probs": [[0.01064763803764755, 0.008193918788598653, 0.5544669188876825, 0.42669152428607143], [0.25078121530841907, 0.08324163440246997, 0.5000093833751168, 0.16596776691399429], [0.7941871501371468, 0.0026939899918465254, 0.20243218258867163, 0.0006866772823349688], [0.11069098666168332, 0.5460103397586343, 0.057865071029048726, 0.2854336025506336], [0.11767374109207952, 0.6827131751608192, 0.02934732922099152, 0.17026575452610979], [0.0023610710548899066, 0.01052200898439548, 0.18090807325610617, 0.8062088467046084], [0.02396190614972916, 0.038778916462192746, 0.3579569969214582, 0.57930218046662], [0.6800262068859381, 0.0036583570160157713, 0.31462285028285814, 0.0016925858151879039], [0.05933878972966893, 0.8811373651804619, 0.003755621989189766, 0.05576822310067932], [0.4172204954673973, 0.5035614843853684, 0.03589490491664517, 0.04332311523058903], [0.12953414158370688, 0.6275361850794742, 0.04156507736816253, 0.20136459596865663], [0.26875099644740347, 0.7298331489558133, 0.00038105184772036654, 0.001034802749062972], [0.4691980623947007, 0.1606325327802684, 0.27576108374578784, 0.09440832107924302], [0.0037444385045592313, 0.15502624047539382, 0.01983950362263931, 0.8213898173974075], [0.014655496665487636, 0.3274858757176013, 0.028179126237346124, 0.6296795013795649], [0.42180133815558407, 0.07164843446743113, 0.43299961942400533, 0.07355060795297942]], "state_values": [4.269910819873539, 4.342056423775376, 3.666516193743337, -3.015366860503784, -3.9542873565851533, -4.983095723403751, -1.6636941700599512, -2.8936438931437225, 4.155219630175924, -3.692884637298162, 0.818103723829292, 4.070089235215781, 2.622038347441122, -1.3172773310701404, 4.978840614677515, -2.2339008275298404], "value_grad": [3.5639991760253906, 0.39600181579589844, -7.920000076293945, -2.772000312805176, -1.9799995422363281, 6.732001304626465, 10.296000480651855, 6.336001396179199, -9.503999710083008, 4.7520012855529785, 9.107999801635742, -15.840001106262207, -5.940001487731934, -1.1879997253417969, -3.5640010833740234, -4.355998992919922], "action_grad": [[0.0, 0.0, 0.0], [0.0, 0.0, 0.0], [0.0, 0.0, 0.0], [0.0, 0.0, 0.0], [0.0, 0.0, 0.0], [0.0, 0.0, 0.0], [0.0, 0.0, 0.0], [0.0, 0.0, 0.0], [0.0, 0.0, 0.0], [0.0, 0.0, 0.0], [0.0, 0.0, 0.0], [0.0, 0.0, 0.0], [0.0, 0.0, 0.0], [0.0, 0.0, 0.0], [0.0, 0.0, 0.0], [0.0, 0.0, 0.0]], "action_params_change": 0, "value_params_change": 0.5006522299738139}
{"iterations": 1, "type_itr": 0, "sub_iteration": 2, "sub_it_time": 0.10257601737976074, "total_time": 0.3158302307128906, "value_loss": 12.275999069213867, "action_loss": 0.07244308292865753, "action_probs": [[0.01064763803764755, 0.008193918788598653, 0.5544669188876825, 0.42669152428607143], [0.25078121530841907, 0.08324163440246997, 0.5000093833751168, 0.16596776691399429], [0.7941871501371468, 0.0026939899918465254, 0.20243218258867163, 0.0006866772823349688], [0.11069098666168332, 0.5460103397586343, 0.057865071029048726, 0.2854336025506336], [0.11767374109207952, 0.6827131751608192, 0.02934732922099152, 0.17026575452610979], [0.0023610710548899066, 0.01052200898439548, 0.18090807325610617, 0.8062088467046084], [0.02396190614972916, 0.038778916462192746, 0.3579569969214582, 0.57930218046662], [0.6800262068859381, 0.0036583570160157713, 0.31462285028285814, 0.0016925858151879039], [0.05933878972966893, 0.8811373651804619, 0.003755621989189766, 0.05576822310067932], [0.4172204954673973, 0.5035614843853684, 0.03589490491664517, 0.04332311523058903], [0.12953414158370688, 0.6275361850794742, 0.04156507736816253, 0.20136459596865663], [0.26875099644740347, 0.7298331489558133, 0.00038105184772036654, 0.001034802749062972], [0.4691980623947007, 0.1606325327802684, 0.27576108374578784, 0.09440832107924302], [0.0037444385045592313, 0.15502624047539382, 0.01983950362263931, 0.8213898173974075], [0.014655496665487636, 0.3274858757176013, 0.028179126237346124, 0.6296795013795649], [0.42180133815558407, 0.07164843446743113, 0.43299961942400533, 0.07355060795297942]], "state_values": [4.518087184810109, 4.064308186203573, 3.1311496637830976, -3.8293696958765877, -4.340684584309476, -4.811098684889468, -1.1521677797821934, -3.2095210039013944, 4.6893965728636955, -3.9148968047333583, -0.3825958350038297, 4.56980331934254, 1.8338091956382525, -1.6725086413946577, 4.960638333436109, -2.7093338051262577], "value_grad": [2.3760008811950684, 0.7920007705688477, -6.732000827789307, -8.315999984741211, 4.355999946594238, 0.0, -13.464001655578613, -4.356000900268555, -4.751997947692871, 13.860000610351562, 5.94000244140625, -2.3760013580322266, -0.7919998168945312, 0.3959989547729492, -11.088001251220703, 3.95999813079834], "action_grad": [[0.0, 0.0, 0.0], [0.0, 0.0, 0.0], [0.0, 0.0, 0.0], [0.0, 0.0, 0.0], [0.0, 0.0, 0.0], [0.0, 0.0, 0.0], [0.0, 0.0, 0.0], [0.0, 0.0, 0.0], [0.0, 0.0, 0.0], [0.0, 0.0, 0.0], [0.0, 0.0, 0.0], [0.0, 0.0, 0.0], [0.0, 0.0, 0.0], [0.0, 0.0, 0.0], [0.0, 0.0, 0.0], [0.0, 0.0, 0.0]], "action_params_change": 0, "value_params_change": 0.4819075769961443}
{"iterations": 1, "type_itr": 0, "sub_iteration": 3, "sub_it_time": 0.10262560844421387, "total_time": 0.420032262802124, "value_loss": 15.04800033569336, "action_loss": 0.05433230847120285, "action_probs": [[0.01064763803764755, 0.008193918788598653, 0.5544669188876825, 0.42669152428607143], [0.25078121530841907, 0.08324163440246997, 0.5000093833751168, 0.16596776691399429], [0.7941871501371468, 0.0026939899918465254, 0.20243218258867163, 0.0006866772823349688], [0.11069098666168332, 0.5460103397586343, 0.057865071029048726, 0.2854336025506336], [0.11767374109207952, 0.6827131751608192, 0.02934732922099152, 0.17026575452610979], [0.0023610710548899066, 0.01052200898439548, 0.18090807325610617, 0.8062088467046084], [0.02396190614972916, 0.038778916462192746, 0.3579569969214582, 0.57930218046662], [0.6800262068859381, 0.0036583570160157713, 0.31462285028285814, 0.0016925858151879039], [0.05933878972966893, 0.8811373651804619, 0.003755621989189766, 0.05576822310067932], [0.4172204954673973, 0.5035614843853684, 0.03589490491664517, 0.04332311523058903], [0.12953414158370688, 0.6275361850794742, 0.04156507736816253, 0.20136459596865663], [0.26875099644740347, 0.7298331489558133, 0.00038105184772036654, 0.001034802749062972], [0.4691980623947007, 0.1606325327802684, 0.27576108374578784, 0.09440832107924302], [0.0037444385045592313, 0.15502624047539382, 0.01983950362263931, 0.8213898173974075], [0.014655496665487636, 0.3274858757176013, 0.028179126237346124, 0.6296795013795649], [0.42180133815558407, 0.07164843446743113, 0.43299961942400533, 0.07355060795297942]], "state_values": [4.7362203606666915, 3.754054472937159, 2.893910109439198, -3.7849793132498313, -4.4780208402268755, -4.675844579086591, -0.6825910597580613, -3.113096152419715, 4.964559424158195, -4.225935745627628, -1.5360032746397099, 4.866652782982409, 1.698690974163067, -1.4960747559664127, 4.7881515292120715, -2.858692806431269], "value_grad": [1.188000202178955, -0.7919998168945312, 4.355998992919922, 19.800003051757812, -1.9799995422363281, -3.9600000381469727, -1.1879997253417969, -5.543997764587402, -5.148000717163086, 7.919999122619629, 4.355998992919922, -2.772001266479492, 13.464000701904297, -1.9799995422363281, 1.5840003490447998, 3.960000514984131], "action_grad": [[0.0, 0.0, 0.0], [0.0, 0.0, 0.0], [0.0, 0.0, 0.0], [0.0, 0.0, 0.0], [0.0, 0.0, 0.0], [0.0, 0.0, 0.0], [0.0, 0.0, 0.0], [0.0, 0.0, 0.0], [0.0, 0.0, 0.0], [0.0, 0.0, 0.0], [0.0, 0.0, 0.0], [0.0, 0.0, 0.0], [0.0, 0.0, 0.0], [0.0, 0.0, 0.0], [0.0, 0.0, 0.0], [0.0, 0.0, 0.0]], "action_params_change": 0, "value_params_change": 0.4713120146916401}
{"iterations": 1, "type_itr": 0, "sub_iteration": 4, "sub_it_time": 0.10351133346557617, "total_time": 0.5249905586242676, "value_loss": 8.316000938415527, "action_loss": 0.5433230996131897, "action_probs": [[0.01064763803764755, 0.008193918788598653, 0.5544669188876825, 0.42669152428607143], [0.25078121530841907, 0.08324163440246997, 0.5000093833751168, 0.16596776691399429], [0.7941871501371468, 0.0026939899918465254, 0.20243218258867163, 0.0006866772823349688], [0.11069098666168332, 0.5460103397586343, 0.057865071029048726, 0.2854336025506336], [0.11767374109207952, 0.6827131751608192, 0.02934732922099152, 0.17026575452610979], [0.0023610710548899066, 0.01052200898439548, 0.18090807325610617, 0.8062088467046084], [0.02396190614972916, 0.038778916462192746, 0.3579569969214582, 0.57930218046662], [0.6800262068859381, 0.0036583570160157713, 0.31462285028285814, 0.0016925858151879039], [0.05933878972966893, 0.8811373651804619, 0.003755621989189766, 0.05576822310067932], [0.4172204954673973, 0.5035614843853684, 0.03589490491664517, 0.04332311523058903], [0.12953414158370688, 0.6275361850794742, 0.04156507736816253, 0.20136459596865663], [0.26875099644740347, 0.7298331489558133, 0.00038105184772036654, 0.001034802749062972], [0.4691980623947007, 0.1606325327802684, 0.27576108374578784, 0.09440832107924302], [0.0037444385045592313, 0.15502624047539382, 0.01983950362263931, 0.8213898173974075], [0.014655496665487636, 0.3274858757176013, 0.028179126237346124, 0.6296795013795649], [0.42180133815558407, 0.07164843446743113, 0.43299961942400533, 0.07355060795297942]], "state_values": [4.801740798827063, 3.6540520660969036, 2.5608547347357353, -3.7098780153927406, -4.504532608497086, -4.742012309243635, -0.2937510577520718, -2.595616721260938, 4.993443703397673, -4.286278640070531, -2.6229702847799827, 4.997315915339866, 1.4619907069861897, -0.8776642837405729, 4.4617704260130076, -3.053077084649465], "value_grad": [-1.9799995422363281, 2.7719993591308594, -2.7719993591308594, 1.9799976348876953, -1.583998680114746, -9.108000755310059, 0.3959980010986328, -15.84000015258789, 2.37600040435791, -9.900001525878906, 10.692001342773438, -7.523999214172363, -4.355999946594238, -4.355999946594238, -6.732000827789307, -1.5840015411376953], "action_grad": [[0.0, 0.0, 0.0], [0.0, 0.0, 0.0], [0.0, 0.0, 0.0], [0.0, 0.0, 0.0], [0.0, 0.0, 0.0], [0.0, 0.0, 0.0], [0.0, 0.0, 0.0], [0.0, 0.0, 0.0], [0.0, 0.0, 0.0], [0.0, 0.0, 0.0], [0.0, 0.0, 0.0], [0.0, 0.0, 0.0], [0.0, 0.0, 0.0], [0.0, 0.0, 0.0], [0.0, 0.0, 0.0], [0.0, 0.0, 0.0]], "action_params_change": 0, "value_params_change": 0.4799763551869143}
{"iterations": 1, "type_itr": 0, "sub_iteration": 5, "sub_it_time": 0.10520219802856445, "total_time": 0.6316132545471191, "value_loss": 21.780000686645508, "action_loss": 0.14488616585731506, "action_probs": [[0.01064763803764755, 0.008193918788598653, 0.5544669188876825, 0.42669152428607143], [0.25078121530841907, 0.08324163440246997, 0.5000093833751168, 0.16596776691399429], [0.7941871501371468, 0.0026939899918465254, 0.20243218258867163, 0.0006866772823349688], [0.11069098666168332, 0.5460103397586343, 0.057865071029048726, 0.2854336025506336], [0.11767374109207952, 0.6827131751608192, 0.02934732922099152, 0.17026575452610979], [0.0023610710548899066, 0.01052200898439548, 0.18090807325610617, 0.8062088467046084], [0.02396190614972916, 0.038778916462192746, 0.3579569969214582, 0.57930218046662], [0.6800262068859381, 0.0036583570160157713, 0.31462285028285814, 0.0016925858151879039], [0.05933878972966893, 0.8811373651804619, 0.003755621989189766, 0.05576822310067932], [0.4172204954673973, 0.5035614843853684, 0.03589490491664517, 0.04332311523058903], [0.12953414158370688, 0.6275361850794742, 0.04156507736816253, 0.20136459596865663], [0.26875099644740347, 0.7298331489558133, 0.00038105184772036654, 0.001034802749062972], [0.4691980623947007, 0.1606325327802684, 0.27576108374578784, 0.09440832107924302], [0.0037444385045592313, 0.15502624047539382, 0.01983950362263931, 0.8213898173974075], [0.014655496665487636, 0.3274858757176013, 0.028179126237346124, 0.6296795013795649], [0.42180133815558407, 0.07164843446743113, 0.43299961942400533, 0.07355060795297942]], "state_values": [4.918678403086251, 3.4526729603754, 2.3943146258611323, -3.4532200168205267, -4.237690236288019, -4.639771836489071, -0.4312118732166776, -1.8419429142222767, 4.868520945634038, -4.267867474251945, -2.842624749712919, 4.92089767174523, 1.3101678752882109, -0.13196983924631003, 3.970725326525085, -3.2475501647038487], "value_grad": [3.563998222351074, -1.9800004959106445, 2.7719993591308594, 11.483999252319336, -11.484000205993652, 11.484001159667969, 16.236000061035156, -17.423999786376953, -3.9599990844726562, -4.751999855041504, -16.631999969482422, -9.108000755310059, 1.9799995422363281, -26.532001495361328, -7.127999782562256, -0.7919998168945312], "action_grad": [[0.0, 0.0, 0.0], [0.0, 0.0, 0.0], [0.0, 0.0, 0.0], [0.0, 0.0, 0.0], [0.0, 0.0, 0.0], [0.0, 0.0, 0.0], [0.0, 0.0, 0.0], [0.0, 0.0, 0.0], [0.0, 0.0, 0.0], [0.0, 0.0, 0.0], [0.0, 0.0, 0.0], [0.0, 0.0, 0.0], [0.0, 0.0, 0.0], [0.0, 0.0, 0.0], [0.0, 0.0, 0.0], [0.0, 0.0, 0.0]], "action_params_change": 0, "value_params_change": 0.42176429473993116}
{"iterations": 1, "type_itr": 0, "sub_iteration": 6, "sub_it_time": 0.10461115837097168, "total_time": 0.7382326126098633, "value_loss": 12.275999069213867, "action_loss": -0.05433230847120285, "action_probs": [[0.01064763803764755, 0.008193918788598653, 0.5544669188876825, 0.42669152428607143], [0.25078121530841907, 0.08324163440246997, 0.5000093833751168, 0.16596776691399429], [0.7941871501371468, 0.0026939899918465254, 0.20243218258867163, 0.0006866772823349688], [0.11069098666168332, 0.5460103397586343, 0.057865071029048726, 0.2854336025506336], [0.11767374109207952, 0.6827131751608192, 0.02934732922099152, 0.17026575452610979], [0.0023610710548899066, 0.01052200898439548, 0.18090807325610617, 0.8062088467046084], [0.02396190614972916, 0.038778916462192746, 0.3579569969214582, 0.57930218046662], [0.6800262068859381, 0.0036583570160157713, 0.31462285028285814, 0.0016925858151879039], [0.05933878972966893, 0.8811373651804619, 0.003755621989189766, 0.05576822310067932], [0.4172204954673973, 0.5035614843853684, 0.03589490491664517, 0.04332311523058903], [0.12953414158370688, 0.6275361850794742, 0.04156507736816253, 0.20136459596865663], [0.26875099644740347, 0.7298331489558133, 0.00038105184772036654, 0.001034802749062972], [0.4691980623947007, 0.1606325327802684, 0.27576108374578784, 0.09440832107924302], [0.0037444385045592313, 0.15502624047539382, 0.01983950362263931, 0.8213898173974075], [0.014655496665487636, 0.3274858757176013, 0.028179126237346124, 0.6296795013795649], [0.42180133815558407, 0.07164843446743113, 0.43299961942400533, 0.07355060795297942]], "state_values": [4.99758441176144, 3.5479193114993683, 2.029413713773154, -3.0684560901975138, -3.8446930441790186, -4.723398800092573, -0.55099257008872, -1.006726234272421, 4.5581138330822295, -4.217668193648526, -3.0697820396525453, 4.889084089312698, 1.4020398872749573, 0.6351343329562824, 3.276772387774749, -3.6036881541310555], "value_grad": [5.544000148773193, 5.148000717163086, -5.544001579284668, 9.108000755310059, -4.75200080871582, -16.236000061035156, 0.0, -6.732000350952148, -5.940000057220459, -2.37600040435791, 1.9800004959106445, 22.572002410888672, 8.711999893188477, -5.544000625610352, -24.156002044677734, -6.335999965667725], "action_grad": [[0.0, 0.0, 0.0], [0.0, 0.0, 0.0], [0.0, 0.0, 0.0], [0.0, 0.0, 0.0], [0.0, 0.0, 0.0], [0.0, 0.0, 0.0], [0.0, 0.0, 0.0], [0.0, 0.0, 0.0], [0.0, 0.0, 0.0], [0.0, 0.0, 0.0], [0.0, 0.0, 0.0], [0.0, 0.0, 0.0], [0.0, 0.0, 0.0], [0.0, 0.0, 0.0], [0.0, 0.0, 0.0], [0.0, 0.0, 0.0]], "action_params_change": 0, "value_params_change": 0.4058953607813294}
{"iterations": 1, "type_itr": 0, "sub_iteration": 7, "sub_it_time": 0.1057898998260498, "total_time": 0.845632791519165, "value_loss": 8.316000938415527, "action_loss": -0.036221541464328766, "action_probs": [[0.01064763803764755, 0.008193918788598653, 0.5544669188876825, 0.42669152428607143], [0.25078121530841907, 0.08324163440246997, 0.5000093833751168, 0.16596776691399429], [0.7941871501371468, 0.0026939899918465254, 0.20243218258867163, 0.0006866772823349688], [0.11069098666168332, 0.5460103397586343, 0.057865071029048726, 0.2854336025506336], [0.11767374109207952, 0.6827131751608192, 0.02934732922099152, 0.17026575452610979], [0.0023610710548899066, 0.01052200898439548, 0.18090807325610617, 0.8062088467046084], [0.02396190614972916, 0.038778916462192746, 0.3579569969214582, 0.57930218046662], [0.6800262068859381, 0.0036583570160157713, 0.31462285028285814, 0.0016925858151879039], [0.05933878972966893, 0.8811373651804619, 0.003755621989189766, 0.05576822310067932], [0.4172204954673973, 0.5035614843853684, 0.03589490491664517, 0.04332311523058903], [0.12953414158370688, 0.6275361850794742, 0.04156507736816253, 0.20136459596865663], [0.26875099644740347, 0.7298331489558133, 0.00038105184772036654, 0.001034802749062972], [0.4691980623947007, 0.1606325327802684, 0.27576108374578784, 0.09440832107924302], [0.0037444385045592313, 0.15502624047539382, 0.01983950362263931, 0.8213898173974075], [0.014655496665487636, 0.3274858757176013, 0.028179126237346124, 0.6296795013795649], [0.42180133815558407, 0.07164843446743113, 0.43299961942400533, 0.07355060795297942]], "state_values": [4.9471253156224, 3.4876339432586305, 2.1273554083119017, -2.5280606516305735, -3.78752511474351, -4.782230822974668, -0.6098407961084762, -0.09892743507065606, 4.171648293127028, -4.087972920096032, -3.394440246195358, 4.919041309377944, 1.65150810598095, 1.509168957045157, 2.8723264386344236, -4.04362943417624], "value_grad": [12.67199993133545, -3.167999267578125, 11.08799934387207, 11.880001068115234, 10.692001342773438, 0.7920007705688477, -1.9799995422363281, -7.920000076293945, 1.1880000829696655, -5.940000534057617, 7.524001121520996, 15.839999198913574, 7.52400016784668, -15.84000015258789, 17.027999877929688, -7.919999122619629], "action_grad": [[0.0, 0.0, 0.0], [0.0, 0.0, 0.0], [0.0, 0.0, 0.0], [0.0, 0.0, 0.0], [0.0, 0.0, 0.0], [0.0, 0.0, 0.0], [0.0, 0.0, 0.0], [0.0, 0.0, 0.0], [0.0, 0.0, 0.0], [0.0, 0.0, 0.0], [0.0, 0.0, 0.0], [0.0, 0.0, 0.0], [0.0, 0.0, 0.0], [0.0, 0.0, 0.0], [0.0, 0.0, 0.0], [0.0, 0.0, 0.0]], "action_params_change": 0, "value_params_change": 0.36588864472608496}
{"iterations": 1, "type_itr": 0, "sub_iteration": 8, "sub_it_time": 0.1070704460144043, "total_time": 0.9542019367218018, "value_loss": 9.503999710083008, "action_loss": -0.4346584677696228, "action_probs": [[0.01064763803764755, 0.008193918788598653, 0.5544669188876825, 0.42669152428607143], [0.25078121530841907, 0.08324163440246997, 0.5000093833751168, 0.16596776691399429], [0.7941871501371468, 0.0026939899918465254, 0.20243218258867163, 0.0006866772823349688], [0.11069098666168332, 0.5460103397586343, 0.057865071029048726, 0.2854336025506336], [0.11767374109207952, 0.6827131751608192, 0.02934732922099152, 0.17026575452610979], [0.0023610710548899066, 0.01052200898439548, 0.18090807325610617, 0.8062088467046084], [0.02396190614972916, 0.038778916462192746, 0.3579569969214582, 0.57930218046662], [0.6800262068859381, 0.0036583570160157713, 0.31462285028285814, 0.0016925858151879039], [0.05933878972966893, 0.8811373651804619, 0.003755621989189766, 0.05576822310067932], [0.4172204954673973, 0.5035614843853684, 0.03589490491664517, 0.04332311523058903], [0.12953414158370688, 0.6275361850794742, 0.04156507736816253, 0.20136459596865663], [0.26875099644740347, 0.7298331489558133, 0.00038105184772036654, 0.001034802749062972], [0.4691980623947007, 0.1606325327802684, 0.27576108374578784, 0.09440832107924302], [0.0037444385045592313, 0.15502624047539382, 0.01983950362263931, 0.8213898173974075], [0.014655496665487636, 0.3274858757176013, 0.028179126237346124, 0.6296795013795649], [0.42180133815558407, 0.07164843446743113, 0.43299961942400533, 0.07355060795297942]], "state_values": [4.706791393623428, 3.784516725003832, 2.5655056672986074, -2.0339691505654214, -3.6810218348195467, -4.87474392872588, -0.4149273264390335, 0.8672394319882887, 3.7608494763008338, -3.9062524369703557, -3.5701555540792635, 4.924611470058132, 1.9036337270863186, 2.195228743429207, 2.319673310782175, -4.487214650937436], "value_grad": [13.068000793457031, 12.67199993133545, 17.424001693725586, -1.1880016326904297, -2.37600040435791, -8.316000938415527, -11.484001159667969, -9.899999618530273, 0.7920007705688477, -3.9600000381469727, -5.1479997634887695, -5.939999580383301, 1.5839996337890625, 2.772000312805176, -14.652002334594727, -13.46400260925293], "action_grad": [[0.0, 0.0, 0.0], [0.0, 0.0, 0.0], [0.0, 0.0, 0.0], [0.0, 0.0, 0.0], [0.0, 0.0, 0.0], [0.0, 0.0, 0.0], [0.0, 0.0, 0.0], [0.0, 0.0, 0.0], [0.0, 0.0, 0.0], [0.0, 0.0, 0.0], [0.0, 0.0, 0.0], [0.0, 0.0, 0.0], [0.0, 0.0, 0.0], [0.0, 0.0, 0.0], [0.0, 0.0, 0.0], [0.0, 0.0, 0.0]], "action_params_change": 0, "value_params_change": 0.3972086411973108}
{"iterations": 1, "type_itr": 0, "sub_iteration": 9, "sub_it_time": 0.10433602333068848, "total_time": 1.0599679946899414, "value_loss": 12.672000885009766, "action_loss": -0.6338769793510437, "action_probs": [[0.01064763803764755, 0.008193918788598653, 0.5544669188876825, 0.42669152428607143], [0.25078121530841907, 0.08324163440246997, 0.5000093833751168, 0.16596776691399429], [0.7941871501371468, 0.0026939899918465254, 0.20243218258867163, 0.0006866772823349688], [0.11069098666168332, 0.5460103397586343, 0.057865071029048726, 0.2854336025506336], [0.11767374109207952, 0.6827131751608192, 0.02934732922099152, 0.17026575452610979], [0.0023610710548899066, 0.01052200898439548, 0.18090807325610617, 0.8062088467046084], [0.02396190614972916, 0.038778916462192746, 0.3579569969214582, 0.57930218046662], [0.6800262068859381, 0.0036583570160157713, 0.31462285028285814, 0.0016925858151879039], [0.05933878972966893, 0.8811373651804619, 0.003755621989189766, 0.05576822310067932], [0.4172204954673973, 0.5035614843853684, 0.03589490491664517, 0.04332311523058903], [0.12953414158370688, 0.6275361850794742, 0.04156507736816253, 0.20136459596865663], [0.26875099644740347, 0.7298331489558133, 0.00038105184772036654, 0.001034802749062972], [0.4691980623947007, 0.1606325327802684, 0.27576108374578784, 0.09440832107924302], [0.0037444385045592313, 0.15502624047539382, 0.01983950362263931, 0.8213898173974075], [0.014655496665487636, 0.3274858757176013, 0.028179126237346124, 0.6296795013795649], [0.42180133815558407, 0.07164843446743113, 0.43299961942400533, 0.07355060795297942]], "state_values": [4.249680618089599, 3.845478499192265, 2.801464678129184, -1.4476326404159758, -3.3387643267703404, -4.869047673849198, -0.28242866551170437, 1.7395484411159596, 3.2415978210729937, -3.823766852699163, -3.768821612710755, 4.93499905919493, 2.089800429428675, 2.4945218199947328, 1.8574027661941623, -4.775057674589471], "value_grad": [8.711999893188477, -7.524000644683838, -6.336000442504883, 7.52400016784668, -13.464000701904297, 14.65200138092041, 1.9799995422363281, -1.9800004959106445, -3.564000129699707, 5.543999671936035, 3.168001174926758, 1.9799995422363281, -1.584000587463379, 15.048003196716309, 4.3560004234313965, -0.39600181579589844], "action_grad": [[0.0, 0.0, 0.0], [0.0, 0.0, 0.0], [0.0, 0.0, 0.0], [0.0, 0.0, 0.0], [0.0, 0.0, 0.0], [0.0, 0.0, 0.0], [0.0, 0.0, 0.0], [0.0, 0.0, 0.0], [0.0, 0.0, 0.0], [0.0, 0.0, 0.0], [0.0, 0.0, 0.0], [0.0, 0.0, 0.0], [0.0, 0.0, 0.0], [0.0, 0.0, 0.0], [0.0, 0.0, 0.0], [0.0, 0.0, 0.0]], "action_params_change": 0, "value_params_change": 0.421539062241685}
{"iterations": 1, "type_itr": 0, "sub_iteration": 10, "sub_it_time": 0.10193943977355957, "total_time": 1.1633362770080566, "value_loss": 15.444000244140625, "action_loss": -0.5614338517189026, "action_probs": [[0.01064763803764755, 0.008193918788598653, 0.5544669188876825, 0.42669152428607143], [0.25078121530841907, 0.08324163440246997, 0.5000093833751168, 0.16596776691399429], [0.7941871501371468, 0.0026939899918465254, 0.20243218258867163, 0.0006866772823349688], [0.11069098666168332, 0.5460103397586343, 0.057865071029048726, 0.2854336025506336], [0.11767374109207952, 0.6827131751608192, 0.02934732922099152, 0.17026575452610979], [0.0023610710548899066, 0.01052200898439548, 0.18090807325610617, 0.8062088467046084], [0.02396190614972916, 0.038778916462192746, 0.3579569969214582, 0.57930218046662], [0.6800262068859381, 0.0036583570160157713, 0.31462285028285814, 0.0016925858151879039], [0.05933878972966893, 0.8811373651804619, 0.003755621989189766, 0.05576822310067932], [0.4172204954673973, 0.5035614843853684, 0.03589490491664517, 0.04332311523058903], [0.12953414158370688, 0.6275361850794742, 0.04156507736816253, 0.20136459596865663], [0.26875099644740347, 0.7298331489558133, 0.00038105184772036654, 0.001034802749062972], [0.4691980623947007, 0.1606325327802684, 0.27576108374578784, 0.09440832107924302], [0.0037444385045592313, 0.15502624047539382, 0.01983950362263931, 0.8213898173974075], [0.014655496665487636, 0.3274858757176013, 0.028179126237346124, 0.6296795013795649], [0.42180133815558407, 0.07164843446743113, 0.43299961942400533, 0.07355060795297942]], "state_values": [3.5581029593952636, 4.006387686268555, 3.153119425432696, -0.9253173404432128, -2.836647725922527, -4.793296513281525, -0.32751345943208854, 2.3026260445902023, 3.251797961799136, -3.6509129467831705, -3.9697065483379244, 4.953254175552492, 2.1780797420586904, 2.537250048658748, 1.497138676334849, -4.965644695124809], "value_grad": [14.256000518798828, 5.544000148773193, 9.107998847961426, -1.188000202178955, -9.900001525878906, 15.048001289367676, 7.920000076293945, 8.315999984741211, 17.02800178527832, -6.336001396179199, 2.37600040435791, 3.9599990844726562, -3.5639991760253906, 14.651998519897461, 4.751999855041504, -15.04800033569336], "action_grad": [[0.0, 0.0, 0.0], [0.0, 0.0, 0.0], [0.0, 0.0, 0.0], [0.0, 0.0, 0.0], [0.0, 0.0, 0.0], [0.0, 0.0, 0.0], [0.0, 0.0, 0.0], [0.0, 0.0, 0.0], [0.0, 0.0, 0.0], [0.0, 0.0, 0.0], [0.0, 0.0, 0.0], [0.0, 0.0, 0.0], [0.0, 0.0, 0.0], [0.0, 0.0, 0.0], [0.0, 0.0, 0.0], [0.0, 0.0, 0.0]], "action_params_change": 0, "value_params_change": 0.4481236856816031}
{"iterations": 1, "type_itr": 0, "sub_iteration": 11, "sub_it_time": 0.10343647003173828, "total_time": 1.2682249546051025, "value_loss": 18.215999603271484, "action_loss": -0.4346584677696228, "action_probs": [[0.01064763803764755, 0.008193918788598653, 0.5544669188876825, 0.42669152428607143], [0.25078121530841907, 0.08324163440246997, 0.5000093833751168, 0.16596776691399429], [0.7941871501371468, 0.0026939899918465254, 0.20243218258867163, 0.0006866772823349688], [0.11069098666168332, 0.5460103397586343, 0.057865071029048726, 0.2854336025506336], [0.11767374109207952, 0.6827131751608192, 0.02934732922099152, 0.17026575452610979], [0.0023610710548899066, 0.01052200898439548, 0.18090807325610617, 0.8062088467046084], [0.02396190614972916, 0.038778916462192746, 0.3579569969214582, 0.57930218046662], [0.6800262068859381, 0.0036583570160157713, 0.31462285028285814, 0.0016925858151879039], [0.05933878972966893, 0.8811373651804619, 0.003755621989189766, 0.05576822310067932], [0.4172204954673973, 0.5035614843853684, 0.03589490491664517, 0.04332311523058903], [0.12953414158370688, 0.6275361850794742, 0.04156507736816253, 0.20136459596865663], [0.26875099644740347, 0.7298331489558133, 0.00038105184772036654, 0.001034802749062972], [0.4691980623947007, 0.1606325327802684, 0.27576108374578784, 0.09440832107924302], [0.0037444385045592313, 0.15502624047539382, 0.01983950362263931, 0.8213898173974075], [0.014655496665487636, 0.3274858757176013, 0.028179126237346124, 0.6296795013795649], [0.42180133815558407, 0.07164843446743113, 0.43299961942400533, 0.07355060795297942]], "state_values": [2.951754955149759, 4.321514089501911, 3.340867331237065, -0.5166453409653672, -2.161422564244351, -4.691620764774173, -0.5412697051371719, 2.7178672455201767, 3.205548890568834, -3.382511144760613, -4.087566950772263, 4.988292102991563, 2.366425742819044, 2.4952803423489147, 1.1829463918189884, -4.987422482097965], "value_grad": [-7.52400016784668, 16.236000061035156, -6.33599853515625, -3.564000129699707, -11.879999160766602, 3.1680002212524414, 9.108001708984375, 3.5640010833740234, -2.772000789642334, -6.732000350952148, -3.564000129699707, 15.443999290466309, 5.543999671936035, 5.940000534057617, 1.1880016326904297, -5.940000534057617], "action_grad": [[0.0, 0.0, 0.0], [0.0, 0.0, 0.0], [0.0, 0.0, 0.0], [0.0, 0.0, 0.0], [0.0, 0.0, 0.0], [0.0, 0.0, 0.0], [0.0, 0.0, 0.0], [0.0, 0.0, 0.0], [0.0, 0.0, 0.0], [0.0, 0.0, 0.0], [0.0, 0.0, 0.0], [0.0, 0.0, 0.0], [0.0, 0.0, 0.0], [0.0, 0.0, 0.0], [0.0, 0.0, 0.0], [0.0, 0.0, 0.0]], "action_params_change": 0, "value_params_change": 0.37647698759357606}
{"iterations": 1, "type_itr": 0, "sub_iteration": 12, "sub_it_time": 0.10475492477416992, "total_time": 1.374406099319458, "value_loss": 13.860000610351562, "action_loss": -0.5252123475074768, "action_probs": [[0.01064763803764755, 0.008193918788598653, 0.5544669188876825, 0.42669152428607143], [0.25078121530841907, 0.08324163440246997, 0.5000093833751168, 0.16596776691399429], [0.7941871501371468, 0.0026939899918465254, 0.20243218258867163, 0.0006866772823349688], [0.11069098666168332, 0.5460103397586343, 0.057865071029048726, 0.2854336025506336], [0.11767374109207952, 0.6827131751608192, 0.02934732922099152, 0.17026575452610979], [0.0023610710548899066, 0.01052200898439548, 0.18090807325610617, 0.8062088467046084], [0.02396190614972916, 0.038778916462192746, 0.3579569969214582, 0.57930218046662], [0.6800262068859381, 0.0036583570160157713, 0.31462285028285814, 0.0016925858151879039], [0.05933878972966893, 0.8811373651804619, 0.003755621989189766, 0.05576822310067932], [0.4172204954673973, 0.5035614843853684, 0.03589490491664517, 0.04332311523058903], [0.12953414158370688, 0.6275361850794742, 0.04156507736816253, 0.20136459596865663], [0.26875099644740347, 0.7298331489558133, 0.00038105184772036654, 0.001034802749062972], [0.4691980623947007, 0.1606325327802684, 0.27576108374578784, 0.09440832107924302], [0.0037444385045592313, 0.15502624047539382, 0.01983950362263931, 0.8213898173974075], [0.014655496665487636, 0.3274858757176013, 0.028179126237346124, 0.6296795013795649], [0.42180133815558407, 0.07164843446743113, 0.43299961942400533, 0.07355060795297942]], "state_values": [2.234947898198684, 4.593180673350252, 3.490862979535101, 0.0010552717645770275, -1.3495770789992865, -4.6179898551302205, -0.6027711151828176, 3.2024710786252975, 3.061433189828749, -3.2452299193618406, -4.120338830456641, 4.999953283958099, 2.6905344141931553, 2.6390313091744386, 0.9542733928583328, -4.82118211166826], "value_grad": [6.336000442504883, 3.9599990844726562, -0.791999340057373, 8.711999893188477, -9.899999618530273, -4.751999855041504, -6.731999397277832, -10.295999526977539, -5.148000717163086, 6.73199987411499, -5.1479997634887695, 0.7919988632202148, 9.107999801635742, -14.256000518798828, 3.960000514984131, -7.920001029968262], "action_grad": [[0.0, 0.0, 0.0], [0.0, 0.0, 0.0], [0.0, 0.0, 0.0], [0.0, 0.0, 0.0], [0.0, 0.0, 0.0], [0.0, 0.0, 0.0], [0.0, 0.0, 0.0], [0.0, 0.0, 0.0], [0.0, 0.0, 0.0], [0.0, 0.0, 0.0], [0.0, 0.0, 0.0], [0.0, 0.0, 0.0], [0.0, 0.0, 0.0], [0.0, 0.0, 0.0], [0.0, 0.0, 0.0], [0.0, 0.0, 0.0]], "action_params_change": 0, "value_params_change": 0.3946093849811909}
{"iterations": 1, "type_itr": 0, "sub_iteration": 13, "sub_it_time": 0.10376501083374023, "total_time": 1.4797303676605225, "value_loss": 20.59200096130371, "action_loss": -0.5071015954017639, "action_probs": [[0.01064763803764755, 0.008193918788598653, 0.5544669188876825, 0.42669152428607143], [0.25078121530841907, 0.08324163440246997, 0.5000093833751168, 0.16596776691399429], [0.7941871501371468, 0.0026939899918465254, 0.20243218258867163, 0.0006866772823349688], [0.11069098666168332, 0.5460103397586343, 0.057865071029048726, 0.2854336025506336], [0.11767374109207952, 0.6827131751608192, 0.02934732922099152, 0.17026575452610979], [0.0023610710548899066, 0.01052200898439548, 0.18090807325610617, 0.8062088467046084], [0.02396190614972916, 0.038778916462192746, 0.3579569969214582, 0.57930218046662], [0.6800262068859381, 0.0036583570160157713, 0.31462285028285814, 0.0016925858151879039], [0.05933878972966893, 0.8811373651804619, 0.003755621989189766, 0.05576822310067932], [0.4172204954673973, 0.5035614843853684, 0.03589490491664517, 0.04332311523058903], [0.12953414158370688, 0.6275361850794742, 0.04156507736816253, 0.20136459596865663], [0.26875099644740347, 0.7298331489558133, 0.00038105184772036654, 0.001034802749062972], [0.4691980623947007, 0.1606325327802684, 0.27576108374578784, 0.09440832107924302], [0.0037444385045592313, 0.15502624047539382, 0.01983950362263931, 0.8213898173974075], [0.014655496665487636, 0.3274858757176013, 0.028179126237346124, 0.6296795013795649], [0.42180133815558407, 0.07164843446743113, 0.43299961942400533, 0.07355060795297942]], "state_values": [1.5165605672187723, 4.81029506688107, 3.615375526712638, 0.55008689561031, -0.5410705020908232, -4.5806108936419845, -0.7458945664579222, 3.7050185884877713, 3.058060650784534, -3.218810189751231, -4.072527160167916, 4.985687177667351, 2.970322779597679, 2.875448891316824, 0.7057349541142065, -4.437613222660694], "value_grad": [0.7920007705688477, 4.751999855041504, -0.3959989547729492, 4.751999855041504, -1.9800004959106445, -4.752000331878662, 4.75200080871582, -9.899999618530273, 6.33599853515625, 5.940000534057617, -5.940000534057617, 7.5239996910095215, 0.0, -9.503999710083008, -2.772001266479492, -11.08799934387207], "action_grad": [[0.0, 0.0, 0.0], [0.0, 0.0, 0.0], [0.0, 0.0, 0.0], [0.0, 0.0, 0.0], [0.0, 0.0, 0.0], [0.0, 0.0, 0.0], [0.0, 0.0, 0.0], [0.0, 0.0, 0.0], [0.0, 0.0, 0.0], [0.0, 0.0, 0.0], [0.0, 0.0, 0.0], [0.0, 0.0, 0.0], [0.0, 0.0, 0.0], [0.0, 0.0, 0.0], [0.0, 0.0, 0.0], [0.0, 0.0, 0.0]], "action_params_change": 0, "value_params_change": 0.421213558118005}
