{"iterations": 0, "type_itr": 0, "sub_iteration": 0, "sub_it_time": 0, "total_time": 0, "value_loss": 0, "action_loss": 0, "action_probs": [[0.0021813093350988, 0.15475646015215505, 0.011717889960428088, 0.831344340552318], [0.9888409679677894, 0.005319615126772314, 0.005808170997050774, 3.124590838736161e-05], [0.12012304763869762, 0.4734208750826018, 0.08225969614874369, 0.32419638112995675], [0.8240418227580026, 0.07979288373880279, 0.08767557073745845, 0.008489722765735997], [0.18245927572281184, 0.7653375723290091, 0.010049568443375826, 0.04215358350480328], [0.6666644724103679, 0.22786331504425367, 0.07860524616076928, 0.02686696638460905], [0.22065745615689966, 0.7593231325389955, 0.004507673338714721, 0.015511737965390066], [0.6103238666034434, 0.2908712679059379, 0.06691443976591935, 0.031890425724699425], [0.3815485270364326, 0.6124833638203705, 0.0022907949671682522, 0.0036773141760288127], [0.8825075947336327, 0.10019108916304403, 0.015537359630447379, 0.001763956472875788], [2.457345932150084e-05, 0.05981252186828621, 0.00038609920429897253, 0.9397768054680933], [0.1230914377631285, 0.027640744452212374, 0.6935320327793206, 0.1557357850053384], [0.06697668947441322, 0.014414522913422064, 0.7559216002729399, 0.16268718733922505], [0.7151687405859264, 0.23136037732586018, 0.04040097940717554, 0.01306990268103782], [0.40266633508565475, 0.009284699667097749, 0.5747953074790488, 0.013253657768198661], [0.025637770827387503, 0.10420073046077251, 0.17182115370600445, 0.6983403450058355]], "state_values": [4.9756301249410955, 1.652920856433789, 4.178225214899865, -2.0596882800479754, -2.4219831429381067, 4.856496473093529, 3.392072027806982, 3.7417761643756164, -2.272674772826603, 2.984407039980474, 2.1692592143455562, 4.904897823452621, 4.238076502436229, -0.12687702796809902, -4.8831094203925405, -2.327431811222397], "value_grad": [0.0, 0.0, 0.0, 0.0, 0.0, 0.0, 0.0, 0.0, 0.0, 0.0, 0.0, 0.0, 0.0, 0.0, 0.0, 0.0], "action_grad": [[0.0, 0.0, 0.0], [0.0, 0.0, 0.0], [0.0, 0.0, 0.0], [0.0, 0.0, 0.0], [0.0, 0.0, 0.0], [0.0, 0.0, 0.0], [0.0, 0.0, 0.0], [0.0, 0.0, 0.0], [0.0, 0.0, 0.0], [0.0, 0.0, 0.0], [0.0, 0.0, 0.0], [0.0, 0.0, 0.0], [0.0, 0.0, 0.0], [0.0, 0.0, 0.0], [0.0, 0.0, 0.0], [0.0, 0.0, 0.0]], "action_params_change": 0, "value_params_change": 0}
{"iterations": 1, "type_itr": 0, "sub_iteration": 0, "sub_it_time": 0.11429858207702637, "total_time": 0.11568784713745117, "value_loss": 9.702000617980957, "action_loss": -1.521304726600647, "action_probs": [[0.0021813093350988, 0.15475646015215505, 0.011717889960428088, 0.831344340552318], [0.9888409679677894, 0.005319615126772314, 0.005808170997050774, 3.124590838736161e-05], [0.12012304763869762, 0.4734208750826018, 0.08225969614874369, 0.32419638112995675], [0.8240418227580026, 0.07979288373880279, 0.08767557073745845, 0.008489722765735997], [0.18245927572281184, 0.7653375723290091, 0.010049568443375826, 0.04215358350480328], [0.6666644724103679, 0.22786331504425367, 0.07860524616076928, 0.02686696638460905], [0.22065745615689966, 0.7593231325389955, 0.004507673338714721, 0.015511737965390066], [0.6103238666034434, 0.2908712679059379, 0.06691443976591935, 0.031890425724699425], [0.3815485270364326, 0.6124833638203705, 0.0022907949671682522, 0.0036773141760288127], [0.8825075947336327, 0.10019108916304403, 0.015537359630447379, 0.001763956472875788], [2.457345932150084e-05, 0.05981252186828621, 0.00038609920429897253, 0.9397768054680933], [0.1230914377631285, 0.027640744452212374, 0.6935320327793206, 0.1557357850053384], [0.06697668947441322, 0.014414522913422064, 0.7559216002729399, 0.16268718733922505], [0.7151687405859264, 0.23136037732586018, 0.04040097940717554, 0.01306990268103782], [0.40266633508565475, 0.009284699667097749, 0.5747953074790488, 0.013253657768198661], [0.025637770827387503, 0.10420073046077251, 0.17182115370600445, 0.6983403450058355]], "state_values": [4.942934001836304, 2.76900577601465, 3.3688766485351342, -3.122844840693104, -3.428894469924715, 4.411281457477732, 2.3778077027577096, 2.8049404557008057, -3.3038720996994067, 3.8841264880478388, 3.2163575221808687, 4.992535621448188, 4.762701587316053, -1.3595541931392852, -4.465390150395685, -1.1602469760710847], "value_grad": [2.7719993591308594, -3.247199535369873, -1.1087994575500488, -0.23759937286376953, 5.979599952697754, 0.6336002349853516, -3.3264002799987793, -4.831199645996094, 5.0687994956970215, 1.1483993530273438, 4.316399574279785, 0.7524003982543945, 0.7920002937316895, 6.098400592803955, -4.553999423980713, 2.6135997772216797], "action_grad": [[0.0, 0.0, 0.0], [0.0, 0.0, 0.0], [0.0, 0.0, 0.0], [0.0, 0.0, 0.0], [0.0, 0.0, 0.0], [0.0, 0.0, 0.0], [0.0, 0.0, 0.0], [0.0, 0.0, 0.0], [0.0, 0.0, 0.0], [0.0, 0.0, 0.0], [0.0, 0.0, 0.0], [0.0, 0.0, 0.0], [0.0, 0.0, 0.0], [0.0, 0.0, 0.0], [0.0, 0.0, 0.0], [0.0, 0.0, 0.0]], "action_params_change": 0, "value_params_change": 0.49999999918011273}
{"iterations": 1, "type_itr": 0, "sub_iteration": 1, "sub_it_time": 0.11307787895202637, "total_time": 0.2303180694580078, "value_loss": 11.761199951171875, "action_loss": -1.3927180767059326, "action_probs": [[0.0021813093350988, 0.15475646015215505, 0.011717889960428088, 0.831344340552318], [0.9888409679677894, 0.005319615126772314, 0.005808170997050774, 3.124590838736161e-05], [0.12012304763869762, 0.4734208750826018, 0.08225969614874369, 0.32419638112995675], [0.8240418227580026, 0.07979288373880279, 0.08767557073745845, 0.008489722765735997], [0.18245927572281184, 0.7653375723290091, 0.010049568443375826, 0.04215358350480328], [0.6666644724103679, 0.22786331504425367, 0.07860524616076928, 0.02686696638460905], [0.22065745615689966, 0.7593231325389955, 0.004507673338714721, 0.015511737965390066], [0.6103238666034434, 0.2908712679059379, 0.06691443976591935, 0.031890425724699425], [0.3815485270364326, 0.6124833638203705, 0.0022907949671682522, 0.0036773141760288127], [0.8825075947336327, 0.10019108916304403, 0.015537359630447379, 0.001763956472875788], [2.457345932150084e-05, 0.05981252186828621, 0.00038609920429897253, 0.9397768054680933], [0.1230914377631285, 0.027640744452212374, 0.6935320327793206, 0.1557357850053384], [0.06697668947441322, 0.014414522913422064, 0.7559216002729399, 0.16268718733922505], [0.7151687405859264, 0.23136037732586018, 0.04040097940717554, 0.01306990268103782], [0.40266633508565475, 0.009284699667097749, 0.5747953074790488, 0.013253657768198661], [0.025637770827387503, 0.10420073046077251, 0.17182115370600445, 0.6983403450058355]], "state_values": [4.715783721006408, 3.1353620890455676, 3.5038706710931478, -3.813472827393438, -4.201345573743221, 3.773600326723387, 1.9037965255084226, 2.5095862512813514, -3.8924361845666375, 3.4748979513037486, 2.9262154873032307, 4.981851880165582, 4.980401408500785, -2.4722473762562327, -4.152463216574485, -0.33310059913512086], "value_grad": [0.3168001174926758, 1.2275996208190918, 1.3463993072509766, -5.6628007888793945, 3.9204015731811523, 2.177999496459961, 1.0295991897583008, 2.3364009857177734, 0.07920026779174805, -3.3264007568359375, -7.207199573516846, -3.0095996856689453, 3.2076005935668945, 3.9599995613098145, 0.9900016784667969, 0.0], "action_grad": [[0.0, 0.0, 0.0], [0.0, 0.0, 0.0], [0.0, 0.0, 0.0], [0.0, 0.0, 0.0], [0.0, 0.0, 0.0], [0.0, 0.0, 0.0], [0.0, 0.0, 0.0], [0.0, 0.0, 0.0], [0.0, 0.0, 0.0], [0.0, 0.0, 0.0], [0.0, 0.0, 0.0], [0.0, 0.0, 0.0], [0.0, 0.0, 0.0], [0.0, 0.0, 0.0], [0.0, 0.0, 0.0], [0.0, 0.0, 0.0]], "action_params_change": 0, "value_params_change": 0.4842120985849636}
{"iterations": 1, "type_itr": 0, "sub_iteration": 2, "sub_it_time": 0.11326003074645996, "total_time": 0.34511756896972656, "value_loss": 9.781200408935547, "action_loss": -1.2858647108078003, "action_probs": [[0.0021813093350988, 0.15475646015215505, 0.011717889960428088, 0.831344340552318], [0.9888409679677894, 0.005319615126772314, 0.005808170997050774, 3.124590838736161e-05], [0.12012304763869762, 0.4734208750826018, 0.08225969614874369, 0.32419638112995675], [0.8240418227580026, 0.07979288373880279, 0.08767557073745845, 0.008489722765735997], [0.18245927572281184, 0.7653375723290091, 0.010049568443375826, 0.04215358350480328], [0.6666644724103679, 0.22786331504425367, 0.07860524616076928, 0.02686696638460905], [0.22065745615689966, 0.7593231325389955, 0.004507673338714721, 0.015511737965390066], [0.6103238666034434, 0.2908712679059379, 0.06691443976591935, 0.031890425724699425], [0.3815485270364326, 0.6124833638203705, 0.0022907949671682522, 0.0036773141760288127], [0.8825075947336327, 0.10019108916304403, 0.015537359630447379, 0.001763956472875788], [2.457345932150084e-05, 0.05981252186828621, 0.00038609920429897253, 0.9397768054680933], [0.1230914377631285, 0.027640744452212374, 0.6935320327793206, 0.1557357850053384], [0.06697668947441322, 0.014414522913422064, 0.7559216002729399, 0.16268718733922505], [0.7151687405859264, 0.23136037732586018, 0.04040097940717554, 0.01306990268103782], [0.40266633508565475, 0.009284699667097749, 0.5747953074790488, 0.013253657768198661], [0.025637770827387503, 0.10420073046077251, 0.17182115370600445, 0.6983403450058355]], "state_values": [4.275290945809775, 3.7225501628529094, 3.4525699493831765, -4.150726863300465, -4.476898807026302, 2.9094986748658167, 1.7352377508956176, 2.430890398362185, -4.396585178389396, 3.202044013019797, 2.8498801853870015, 4.9977792250398965, 4.948504181734429, -2.9903768788179863, -4.175490507836384, -0.3742805227319529], "value_grad": [1.6631994247436523, -3.405599594116211, -0.47519969940185547, 1.22760009765625, -2.970001220703125, 2.7323999404907227, 0.9504003524780273, 1.1879997253417969, 2.059201240539551, 0.43559932708740234, 1.980001449584961, 3.8016014099121094, 3.8808021545410156, -2.53439998626709, 3.088799476623535, -2.296799659729004], "action_grad": [[0.0, 0.0, 0.0], [0.0, 0.0, 0.0], [0.0, 0.0, 0.0], [0.0, 0.0, 0.0], [0.0, 0.0, 0.0], [0.0, 0.0, 0.0], [0.0, 0.0, 0.0], [0.0, 0.0, 0.0], [0.0, 0.0, 0.0], [0.0, 0.0, 0.0], [0.0, 0.0, 0.0], [0.0, 0.0, 0.0], [0.0, 0.0, 0.0], [0.0, 0.0, 0.0], [0.0, 0.0, 0.0], [0.0, 0.0, 0.0]], "action_params_change": 0, "value_params_change": 0.46832924583142965}
{"iterations": 1, "type_itr": 0, "sub_iteration": 3, "sub_it_time": 0.1123499870300293, "total_time": 0.4589836597442627, "value_loss": 9.107999801635742, "action_loss": -1.1101902723312378, "action_probs": [[0.0021813093350988, 0.15475646015215505, 0.011717889960428088, 0.831344340552318], [0.9888409679677894, 0.005319615126772314, 0.005808170997050774, 3.124590838736161e-05], [0.12012304763869762, 0.4734208750826018, 0.08225969614874369, 0.32419638112995675], [0.8240418227580026, 0.07979288373880279, 0.08767557073745845, 0.008489722765735997], [0.18245927572281184, 0.7653375723290091, 0.010049568443375826, 0.04215358350480328], [0.6666644724103679, 0.22786331504425367, 0.07860524616076928, 0.02686696638460905], [0.22065745615689966, 0.7593231325389955, 0.004507673338714721, 0.015511737965390066], [0.6103238666034434, 0.2908712679059379, 0.06691443976591935, 0.031890425724699425], [0.3815485270364326, 0.6124833638203705, 0.0022907949671682522, 0.0036773141760288127], [0.8825075947336327, 0.10019108916304403, 0.015537359630447379, 0.001763956472875788], [2.457345932150084e-05, 0.05981252186828621, 0.00038609920429897253, 0.9397768054680933], [0.1230914377631285, 0.027640744452212374, 0.6935320327793206, 0.1557357850053384], [0.06697668947441322, 0.014414522913422064, 0.7559216002729399, 0.16268718733922505], [0.7151687405859264, 0.23136037732586018, 0.04040097940717554, 0.01306990268103782], [0.40266633508565475, 0.009284699667097749, 0.5747953074790488, 0.013253657768198661], [0.025637770827387503, 0.10420073046077251, 0.17182115370600445, 0.6983403450058355]], "state_values": [4.076578448683512, 3.9568834562957296, 3.8013203559475524, -4.402475491271764, -4.6389618329599145, 2.4536009475492464, 1.6257880024161255, 1.9425504329636294, -4.645145340308321, 3.031703278920881, 2.750667061229631, 4.980300341282586, 4.746898429814129, -3.098751174170437, -4.396906694217624, -0.7905269430233837], "value_grad": [-1.9008007049560547, 1.821599006652832, 2.059201240539551, -0.23760032653808594, -0.6336002349853516, -1.742401123046875, 0.1583995819091797, -4.98960018157959, -1.1087989807128906, 0.3959999084472656, -0.514801025390625, 3.2868008613586426, -0.47519874572753906, -3.76200008392334, 3.722400665283203, -2.217601776123047], "action_grad": [[0.0, 0.0, 0.0], [0.0, 0.0, 0.0], [0.0, 0.0, 0.0], [0.0, 0.0, 0.0], [0.0, 0.0, 0.0], [0.0, 0.0, 0.0], [0.0, 0.0, 0.0], [0.0, 0.0, 0.0], [0.0, 0.0, 0.0], [0.0, 0.0, 0.0], [0.0, 0.0, 0.0], [0.0, 0.0, 0.0], [0.0, 0.0, 0.0], [0.0, 0.0, 0.0], [0.0, 0.0, 0.0], [0.0, 0.0, 0.0]], "action_params_change": 0, "value_params_change": 0.35179283760744867}
{"iterations": 1, "type_itr": 0, "sub_iteration": 4, "sub_it_time": 0.11222314834594727, "total_time": 0.5727810859680176, "value_loss": 10.731600761413574, "action_loss": -0.8892388343811035, "action_probs": [[0.0021813093350988, 0.15475646015215505, 0.011717889960428088, 0.831344340552318], [0.9888409679677894, 0.005319615126772314, 0.005808170997050774, 3.124590838736161e-05], [0.12012304763869762, 0.4734208750826018, 0.08225969614874369, 0.32419638112995675], [0.8240418227580026, 0.07979288373880279, 0.08767557073745845, 0.008489722765735997], [0.18245927572281184, 0.7653375723290091, 0.010049568443375826, 0.04215358350480328], [0.6666644724103679, 0.22786331504425367, 0.07860524616076928, 0.02686696638460905], [0.22065745615689966, 0.7593231325389955, 0.004507673338714721, 0.015511737965390066], [0.6103238666034434, 0.2908712679059379, 0.06691443976591935, 0.031890425724699425], [0.3815485270364326, 0.6124833638203705, 0.0022907949671682522, 0.0036773141760288127], [0.8825075947336327, 0.10019108916304403, 0.015537359630447379, 0.001763956472875788], [2.457345932150084e-05, 0.05981252186828621, 0.00038609920429897253, 0.9397768054680933], [0.1230914377631285, 0.027640744452212374, 0.6935320327793206, 0.1557357850053384], [0.06697668947441322, 0.014414522913422064, 0.7559216002729399, 0.16268718733922505], [0.7151687405859264, 0.23136037732586018, 0.04040097940717554, 0.01306990268103782], [0.40266633508565475, 0.009284699667097749, 0.5747953074790488, 0.013253657768198661], [0.025637770827387503, 0.10420073046077251, 0.17182115370600445, 0.6983403450058355]], "state_values": [3.96015817540211, 4.249861279307863, 4.030148936189903, -4.61739572478374, -4.652063218611582, 1.709990629636037, 2.0013768548066584, 1.5540802204923234, -4.644217200716641, 2.645328992303881, 2.427021431147106, 4.842013776828511, 4.379040788356354, -3.331731203462244, -4.394468295770743, -0.49850245501450996], "value_grad": [-0.5940008163452148, -1.7820005416870117, -0.23759937286376953, -0.7920007705688477, -3.365999221801758, 5.187600135803223, 3.4848012924194336, 0.4752006530761719, -4.078800201416016, -1.7819995880126953, -3.999600887298584, 4.672800064086914, 1.7028017044067383, 2.53439998626709, -3.6432008743286133, 4.910400867462158], "action_grad": [[0.0, 0.0, 0.0], [0.0, 0.0, 0.0], [0.0, 0.0, 0.0], [0.0, 0.0, 0.0], [0.0, 0.0, 0.0], [0.0, 0.0, 0.0], [0.0, 0.0, 0.0], [0.0, 0.0, 0.0], [0.0, 0.0, 0.0], [0.0, 0.0, 0.0], [0.0, 0.0, 0.0], [0.0, 0.0, 0.0], [0.0, 0.0, 0.0], [0.0, 0.0, 0.0], [0.0, 0.0, 0.0], [0.0, 0.0, 0.0]], "action_params_change": 0, "value_params_change": 0.36829520488327283}
{"iterations": 1, "type_itr": 0, "sub_iteration": 5, "sub_it_time": 0.11218118667602539, "total_time": 0.6866185665130615, "value_loss": 13.38479995727539, "action_loss": -0.8747501969337463, "action_probs": [[0.0021813093350988, 0.15475646015215505, 0.011717889960428088, 0.831344340552318], [0.9888409679677894, 0.005319615126772314, 0.005808170997050774, 3.124590838736161e-05], [0.12012304763869762, 0.4734208750826018, 0.08225969614874369, 0.32419638112995675], [0.8240418227580026, 0.07979288373880279, 0.08767557073745845, 0.008489722765735997], [0.18245927572281184, 0.7653375723290091, 0.010049568443375826, 0.04215358350480328], [0.6666644724103679, 0.22786331504425367, 0.07860524616076928, 0.02686696638460905], [0.22065745615689966, 0.7593231325389955, 0.004507673338714721, 0.015511737965390066], [0.6103238666034434, 0.2908712679059379, 0.06691443976591935, 0.031890425724699425], [0.3815485270364326, 0.6124833638203705, 0.0022907949671682522, 0.0036773141760288127], [0.8825075947336327, 0.10019108916304403, 0.015537359630447379, 0.001763956472875788], [2.457345932150084e-05, 0.05981252186828621, 0.00038609920429897253, 0.9397768054680933], [0.1230914377631285, 0.027640744452212374, 0.6935320327793206, 0.1557357850053384], [0.06697668947441322, 0.014414522913422064, 0.7559216002729399, 0.16268718733922505], [0.7151687405859264, 0.23136037732586018, 0.04040097940717554, 0.01306990268103782], [0.40266633508565475, 0.009284699667097749, 0.5747953074790488, 0.013253657768198661], [0.025637770827387503, 0.10420073046077251, 0.17182115370600445, 0.6983403450058355]], "state_values": [4.014027870508981, 4.1769455094861545, 4.244009600344279, -4.5727553776513865, -4.637409024913011, 1.0633562869874535, 2.2298045164391755, 1.1146817844752912, -4.573716981698175, 2.0615989915919077, 1.999715386010688, 4.814485411901612, 3.827552004361245, -3.6256630608406573, -4.346768105488515, -0.31486789406327015], "value_grad": [-1.5443997383117676, 5.306400299072266, 0.27719974517822266, 5.227200508117676, -0.9108009338378906, -0.3167991638183594, -0.7127995491027832, -1.1880006790161133, -1.9800004959106445, -2.0988006591796875, -2.415599822998047, -6.494400501251221, 2.0988006591796875, 2.1780004501342773, -1.1087989807128906, -0.6732015609741211], "action_grad": [[0.0, 0.0, 0.0], [0.0, 0.0, 0.0], [0.0, 0.0, 0.0], [0.0, 0.0, 0.0], [0.0, 0.0, 0.0], [0.0, 0.0, 0.0], [0.0, 0.0, 0.0], [0.0, 0.0, 0.0], [0.0, 0.0, 0.0], [0.0, 0.0, 0.0], [0.0, 0.0, 0.0], [0.0, 0.0, 0.0], [0.0, 0.0, 0.0], [0.0, 0.0, 0.0], [0.0, 0.0, 0.0], [0.0, 0.0, 0.0]], "action_params_change": 0, "value_params_change": 0.39054690388252045}
{"iterations": 1, "type_itr": 0, "sub_iteration": 6, "sub_it_time": 0.11309003829956055, "total_time": 0.801300048828125, "value_loss": 8.632801055908203, "action_loss": -0.8004960417747498, "action_probs": [[0.0021813093350988, 0.15475646015215505, 0.011717889960428088, 0.831344340552318], [0.9888409679677894, 0.005319615126772314, 0.005808170997050774, 3.124590838736161e-05], [0.12012304763869762, 0.4734208750826018, 0.08225969614874369, 0.32419638112995675], [0.8240418227580026, 0.07979288373880279, 0.08767557073745845, 0.008489722765735997], [0.18245927572281184, 0.7653375723290091, 0.010049568443375826, 0.04215358350480328], [0.6666644724103679, 0.22786331504425367, 0.07860524616076928, 0.02686696638460905], [0.22065745615689966, 0.7593231325389955, 0.004507673338714721, 0.015511737965390066], [0.6103238666034434, 0.2908712679059379, 0.06691443976591935, 0.031890425724699425], [0.3815485270364326, 0.6124833638203705, 0.0022907949671682522, 0.0036773141760288127], [0.8825075947336327, 0.10019108916304403, 0.015537359630447379, 0.001763956472875788], [2.457345932150084e-05, 0.05981252186828621, 0.00038609920429897253, 0.9397768054680933], [0.1230914377631285, 0.027640744452212374, 0.6935320327793206, 0.1557357850053384], [0.06697668947441322, 0.014414522913422064, 0.7559216002729399, 0.16268718733922505], [0.7151687405859264, 0.23136037732586018, 0.04040097940717554, 0.01306990268103782], [0.40266633508565475, 0.009284699667097749, 0.5747953074790488, 0.013253657768198661], [0.025637770827387503, 0.10420073046077251, 0.17182115370600445, 0.6983403450058355]], "state_values": [3.906825167191354, 4.250354027694684, 4.498739812763272, -4.595146196588306, -4.477174773912051, 0.21905698171633786, 2.291974232933794, 0.5010313938584514, -4.514742199283153, 2.2504436199441726, 1.5334889049853977, 4.760861474735847, 3.1687096110362503, -3.8449260125913827, -4.2559913566734515, -0.1697470096836475], "value_grad": [1.7423992156982422, -3.2076001167297363, 0.9899992942810059, -1.9404001235961914, -5.940000057220459, 5.029201507568359, -1.1879997253417969, -3.3660011291503906, 0.1979990005493164, 6.811200141906738, -1.346400260925293, 1.5048017501831055, 0.7524003982543945, -0.3959999084472656, -1.1483993530273438, -0.1583995819091797], "action_grad": [[0.0, 0.0, 0.0], [0.0, 0.0, 0.0], [0.0, 0.0, 0.0], [0.0, 0.0, 0.0], [0.0, 0.0, 0.0], [0.0, 0.0, 0.0], [0.0, 0.0, 0.0], [0.0, 0.0, 0.0], [0.0, 0.0, 0.0], [0.0, 0.0, 0.0], [0.0, 0.0, 0.0], [0.0, 0.0, 0.0], [0.0, 0.0, 0.0], [0.0, 0.0, 0.0], [0.0, 0.0, 0.0], [0.0, 0.0, 0.0]], "action_params_change": 0, "value_params_change": 0.3709063214832178}
{"iterations": 1, "type_itr": 0, "sub_iteration": 7, "sub_it_time": 0.11594319343566895, "total_time": 0.9188687801361084, "value_loss": 9.385201454162598, "action_loss": -0.6030886769294739, "action_probs": [[0.0021813093350988, 0.15475646015215505, 0.011717889960428088, 0.831344340552318], [0.9888409679677894, 0.005319615126772314, 0.005808170997050774, 3.124590838736161e-05], [0.12012304763869762, 0.4734208750826018, 0.08225969614874369, 0.32419638112995675], [0.8240418227580026, 0.07979288373880279, 0.08767557073745845, 0.008489722765735997], [0.18245927572281184, 0.7653375723290091, 0.010049568443375826, 0.04215358350480328], [0.6666644724103679, 0.22786331504425367, 0.07860524616076928, 0.02686696638460905], [0.22065745615689966, 0.7593231325389955, 0.004507673338714721, 0.015511737965390066], [0.6103238666034434, 0.2908712679059379, 0.06691443976591935, 0.031890425724699425], [0.3815485270364326, 0.6124833638203705, 0.0022907949671682522, 0.0036773141760288127], [0.8825075947336327, 0.10019108916304403, 0.015537359630447379, 0.001763956472875788], [2.457345932150084e-05, 0.05981252186828621, 0.00038609920429897253, 0.9397768054680933], [0.1230914377631285, 0.027640744452212374, 0.6935320327793206, 0.1557357850053384], [0.06697668947441322, 0.014414522913422064, 0.7559216002729399, 0.16268718733922505], [0.7151687405859264, 0.23136037732586018, 0.04040097940717554, 0.01306990268103782], [0.40266633508565475, 0.009284699667097749, 0.5747953074790488, 0.013253657768198661], [0.025637770827387503, 0.10420073046077251, 0.17182115370600445, 0.6983403450058355]], "state_values": [3.9030949426048163, 4.36257810706707, 4.7493958538122705, -4.53204252002434, -4.293087325255354, -0.41851709086721023, 2.4317742358258254, 0.04746337755549019, -4.26257905589275, 2.2060711198740424, 1.0341238405278321, 4.703161741655909, 2.3698014027140455, -3.912785818472685, -3.9901535101483674, -0.34018014838010724], "value_grad": [-1.0691986083984375, -1.386000633239746, 1.22760009765625, 2.771998882293701, -0.6731986999511719, -1.3859996795654297, 0.831599235534668, 1.1880006790161133, -7.286399841308594, -3.1284003257751465, -1.3067998886108398, 0.23760032653808594, 1.7820005416870117, -2.6531996726989746, -5.108398914337158, -3.326399326324463], "action_grad": [[0.0, 0.0, 0.0], [0.0, 0.0, 0.0], [0.0, 0.0, 0.0], [0.0, 0.0, 0.0], [0.0, 0.0, 0.0], [0.0, 0.0, 0.0], [0.0, 0.0, 0.0], [0.0, 0.0, 0.0], [0.0, 0.0, 0.0], [0.0, 0.0, 0.0], [0.0, 0.0, 0.0], [0.0, 0.0, 0.0], [0.0, 0.0, 0.0], [0.0, 0.0, 0.0], [0.0, 0.0, 0.0], [0.0, 0.0, 0.0]], "action_params_change": 0, "value_params_change": 0.38519632861564124}
{"iterations": 1, "type_itr": 0, "sub_iteration": 8, "sub_it_time": 0.11277365684509277, "total_time": 1.0332016944885254, "value_loss": 9.97920036315918, "action_loss": -0.4817464351654053, "action_probs": [[0.0021813093350988, 0.15475646015215505, 0.011717889960428088, 0.831344340552318], [0.9888409679677894, 0.005319615126772314, 0.005808170997050774, 3.124590838736161e-05], [0.12012304763869762, 0.4734208750826018, 0.08225969614874369, 0.32419638112995675], [0.8240418227580026, 0.07979288373880279, 0.08767557073745845, 0.008489722765735997], [0.18245927572281184, 0.7653375723290091, 0.010049568443375826, 0.04215358350480328], [0.6666644724103679, 0.22786331504425367, 0.07860524616076928, 0.02686696638460905], [0.22065745615689966, 0.7593231325389955, 0.004507673338714721, 0.015511737965390066], [0.6103238666034434, 0.2908712679059379, 0.06691443976591935, 0.031890425724699425], [0.3815485270364326, 0.6124833638203705, 0.0022907949671682522, 0.0036773141760288127], [0.8825075947336327, 0.10019108916304403, 0.015537359630447379, 0.001763956472875788], [2.457345932150084e-05, 0.05981252186828621, 0.00038609920429897253, 0.9397768054680933], [0.1230914377631285, 0.027640744452212374, 0.6935320327793206, 0.1557357850053384], [0.06697668947441322, 0.014414522913422064, 0.7559216002729399, 0.16268718733922505], [0.7151687405859264, 0.23136037732586018, 0.04040097940717554, 0.01306990268103782], [0.40266633508565475, 0.009284699667097749, 0.5747953074790488, 0.013253657768198661], [0.025637770827387503, 0.10420073046077251, 0.17182115370600445, 0.6983403450058355]], "state_values": [3.6072865346381717, 4.39940656349003, 4.677125101592576, -4.321372303196508, -4.08485563149273, -0.6883679677795724, 2.1185680394657846, -0.49241813943787066, -3.927347418531403, 2.405685221738091, 0.3762054032204068, 4.625599253282342, 1.4978670565971717, -3.960695884089379, -3.598838422854112, -0.8557887524542497], "value_grad": [4.870800018310547, 1.6235995292663574, -5.266798973083496, 5.742000579833984, -0.7128000259399414, -3.68280029296875, -5.662801742553711, -2.098799228668213, -2.177999496459961, 4.197601318359375, -4.356000900268555, 0.9503984451293945, 1.0692014694213867, -0.27719974517822266, -3.4056015014648438, -6.454800605773926], "action_grad": [[0.0, 0.0, 0.0], [0.0, 0.0, 0.0], [0.0, 0.0, 0.0], [0.0, 0.0, 0.0], [0.0, 0.0, 0.0], [0.0, 0.0, 0.0], [0.0, 0.0, 0.0], [0.0, 0.0, 0.0], [0.0, 0.0, 0.0], [0.0, 0.0, 0.0], [0.0, 0.0, 0.0], [0.0, 0.0, 0.0], [0.0, 0.0, 0.0], [0.0, 0.0, 0.0], [0.0, 0.0, 0.0], [0.0, 0.0, 0.0]], "action_params_change": 0, "value_params_change": 0.37907478103127445}
{"iterations": 1, "type_itr": 0, "sub_iteration": 9, "sub_it_time": 0.11383485794067383, "total_time": 1.1486399173736572, "value_loss": 5.900400638580322, "action_loss": -0.5415120124816895, "action_probs": [[0.0021813093350988, 0.15475646015215505, 0.011717889960428088, 0.831344340552318], [0.9888409679677894, 0.005319615126772314, 0.005808170997050774, 3.124590838736161e-05], [0.12012304763869762, 0.4734208750826018, 0.08225969614874369, 0.32419638112995675], [0.8240418227580026, 0.07979288373880279, 0.08767557073745845, 0.008489722765735997], [0.18245927572281184, 0.7653375723290091, 0.010049568443375826, 0.04215358350480328], [0.6666644724103679, 0.22786331504425367, 0.07860524616076928, 0.02686696638460905], [0.22065745615689966, 0.7593231325389955, 0.004507673338714721, 0.015511737965390066], [0.6103238666034434, 0.2908712679059379, 0.06691443976591935, 0.031890425724699425], [0.3815485270364326, 0.6124833638203705, 0.0022907949671682522, 0.0036773141760288127], [0.8825075947336327, 0.10019108916304403, 0.015537359630447379, 0.001763956472875788], [2.457345932150084e-05, 0.05981252186828621, 0.00038609920429897253, 0.9397768054680933], [0.1230914377631285, 0.027640744452212374, 0.6935320327793206, 0.1557357850053384], [0.06697668947441322, 0.014414522913422064, 0.7559216002729399, 0.16268718733922505], [0.7151687405859264, 0.23136037732586018, 0.04040097940717554, 0.01306990268103782], [0.40266633508565475, 0.009284699667097749, 0.5747953074790488, 0.013253657768198661], [0.025637770827387503, 0.10420073046077251, 0.17182115370600445, 0.6983403450058355]], "state_values": [3.326775305880167, 4.450656094974989, 4.623382681926829, -3.9645174611386347, -3.9306792563235544, -0.8882891798327961, 1.4954024751284878, -0.7569887782579267, -3.435080566130287, 2.5648085405781273, -0.27520982917241565, 4.475559642316411, 0.7052042505995667, -3.88050509969394, -3.117118315021073, -1.3059362991720058], "value_grad": [-0.11880016326904297, -0.5940017700195312, 0.47519969940185547, 5.385599136352539, 1.386000156402588, -0.5940008163452148, -9.662400245666504, 2.8512001037597656, -4.870800495147705, -0.27720069885253906, -1.1088008880615234, 3.1284003257751465, -0.3167991638183594, -3.2472004890441895, -2.0988001823425293, 0.039600372314453125], "action_grad": [[0.0, 0.0, 0.0], [0.0, 0.0, 0.0], [0.0, 0.0, 0.0], [0.0, 0.0, 0.0], [0.0, 0.0, 0.0], [0.0, 0.0, 0.0], [0.0, 0.0, 0.0], [0.0, 0.0, 0.0], [0.0, 0.0, 0.0], [0.0, 0.0, 0.0], [0.0, 0.0, 0.0], [0.0, 0.0, 0.0], [0.0, 0.0, 0.0], [0.0, 0.0, 0.0], [0.0, 0.0, 0.0], [0.0, 0.0, 0.0]], "action_params_change": 0, "value_params_change": 0.32546560614239484}
{"iterations": 1, "type_itr": 0, "sub_iteration": 10, "sub_it_time": 0.11317086219787598, "total_time": 1.2633357048034668, "value_loss": 7.444800853729248, "action_loss": -0.4908018708229065, "action_probs": [[0.0021813093350988, 0.15475646015215505, 0.011717889960428088, 0.831344340552318], [0.9888409679677894, 0.005319615126772314, 0.005808170997050774, 3.124590838736161e-05], [0.12012304763869762, 0.4734208750826018, 0.08225969614874369, 0.32419638112995675], [0.8240418227580026, 0.07979288373880279, 0.08767557073745845, 0.008489722765735997], [0.18245927572281184, 0.7653375723290091, 0.010049568443375826, 0.04215358350480328], [0.6666644724103679, 0.22786331504425367, 0.07860524616076928, 0.02686696638460905], [0.22065745615689966, 0.7593231325389955, 0.004507673338714721, 0.015511737965390066], [0.6103238666034434, 0.2908712679059379, 0.06691443976591935, 0.031890425724699425], [0.3815485270364326, 0.6124833638203705, 0.0022907949671682522, 0.0036773141760288127], [0.8825075947336327, 0.10019108916304403, 0.015537359630447379, 0.001763956472875788], [2.457345932150084e-05, 0.05981252186828621, 0.00038609920429897253, 0.9397768054680933], [0.1230914377631285, 0.027640744452212374, 0.6935320327793206, 0.1557357850053384], [0.06697668947441322, 0.014414522913422064, 0.7559216002729399, 0.16268718733922505], [0.7151687405859264, 0.23136037732586018, 0.04040097940717554, 0.01306990268103782], [0.40266633508565475, 0.009284699667097749, 0.5747953074790488, 0.013253657768198661], [0.025637770827387503, 0.10420073046077251, 0.17182115370600445, 0.6983403450058355]], "state_values": [2.8855211817501973, 4.397322537003053, 4.477420502457951, -3.5432438099300705, -3.708224218041979, -1.242868465417124, 0.8615508776978791, -0.9948753140189905, -2.8442804775885255, 2.745217154617279, -0.9179634949805374, 4.4454821140550775, -0.0858593774831405, -3.64466962149385, -2.6186257873724332, -1.826662578195878], "value_grad": [2.9700002670288086, 3.1284003257751465, -2.5739998817443848, 1.3464012145996094, -2.0988001823425293, 3.0492000579833984, -1.148399829864502, -0.039600372314453125, -2.3364005088806152, 0.7920007705688477, -1.22760009765625, -4.4352006912231445, 0.7128000259399414, -4.672800064086914, -0.43559980392456055, -2.455199718475342], "action_grad": [[0.0, 0.0, 0.0], [0.0, 0.0, 0.0], [0.0, 0.0, 0.0], [0.0, 0.0, 0.0], [0.0, 0.0, 0.0], [0.0, 0.0, 0.0], [0.0, 0.0, 0.0], [0.0, 0.0, 0.0], [0.0, 0.0, 0.0], [0.0, 0.0, 0.0], [0.0, 0.0, 0.0], [0.0, 0.0, 0.0], [0.0, 0.0, 0.0], [0.0, 0.0, 0.0], [0.0, 0.0, 0.0], [0.0, 0.0, 0.0]], "action_params_change": 0, "value_params_change": 0.3173708309083412}
{"iterations": 1, "type_itr": 0, "sub_iteration": 11, "sub_it_time": 0.11234664916992188, "total_time": 1.377319574356079, "value_loss": 10.771200180053711, "action_loss": -0.23725110292434692, "action_probs": [[0.0021813093350988, 0.15475646015215505, 0.011717889960428088, 0.831344340552318], [0.9888409679677894, 0.005319615126772314, 0.005808170997050774, 3.124590838736161e-05], [0.12012304763869762, 0.4734208750826018, 0.08225969614874369, 0.32419638112995675], [0.8240418227580026, 0.07979288373880279, 0.08767557073745845, 0.008489722765735997], [0.18245927572281184, 0.7653375723290091, 0.010049568443375826, 0.04215358350480328], [0.6666644724103679, 0.22786331504425367, 0.07860524616076928, 0.02686696638460905], [0.22065745615689966, 0.7593231325389955, 0.004507673338714721, 0.015511737965390066], [0.6103238666034434, 0.2908712679059379, 0.06691443976591935, 0.031890425724699425], [0.3815485270364326, 0.6124833638203705, 0.0022907949671682522, 0.0036773141760288127], [0.8825075947336327, 0.10019108916304403, 0.015537359630447379, 0.001763956472875788], [2.457345932150084e-05, 0.05981252186828621, 0.00038609920429897253, 0.9397768054680933], [0.1230914377631285, 0.027640744452212374, 0.6935320327793206, 0.1557357850053384], [0.06697668947441322, 0.014414522913422064, 0.7559216002729399, 0.16268718733922505], [0.7151687405859264, 0.23136037732586018, 0.04040097940717554, 0.01306990268103782], [0.40266633508565475, 0.009284699667097749, 0.5747953074790488, 0.013253657768198661], [0.025637770827387503, 0.10420073046077251, 0.17182115370600445, 0.6983403450058355]], "state_values": [2.6204820283816126, 4.18109635797282, 4.161870604510452, -3.1359032532040816, -3.5091646116370363, -1.4043462458677345, 0.2692865680632567, -1.0945214727151478, -2.0792744790851443, 3.0881805641209965, -1.270289368875305, 4.323806148242832, -0.8973952280094056, -3.312174953403097, -1.9618169621415997, -1.9972829498777107], "value_grad": [-2.1384003162384033, 6.138000011444092, -5.623199462890625, -0.514801025390625, 0.39600038528442383, -2.455199718475342, -0.1979994773864746, 1.7027997970581055, -5.8607988357543945, 4.395600318908691, 3.6827995777130127, 3.9599990844726562, 1.22760009765625, -2.8908004760742188, -4.316400051116943, 4.791599273681641], "action_grad": [[0.0, 0.0, 0.0], [0.0, 0.0, 0.0], [0.0, 0.0, 0.0], [0.0, 0.0, 0.0], [0.0, 0.0, 0.0], [0.0, 0.0, 0.0], [0.0, 0.0, 0.0], [0.0, 0.0, 0.0], [0.0, 0.0, 0.0], [0.0, 0.0, 0.0], [0.0, 0.0, 0.0], [0.0, 0.0, 0.0], [0.0, 0.0, 0.0], [0.0, 0.0, 0.0], [0.0, 0.0, 0.0], [0.0, 0.0, 0.0]], "action_params_change": 0, "value_params_change": 0.35246335687957675}
{"iterations": 1, "type_itr": 0, "sub_iteration": 12, "sub_it_time": 0.11279582977294922, "total_time": 1.491713285446167, "value_loss": 4.316400527954102, "action_loss": -0.5071015954017639, "action_probs": [[0.0021813093350988, 0.15475646015215505, 0.011717889960428088, 0.831344340552318], [0.9888409679677894, 0.005319615126772314, 0.005808170997050774, 3.124590838736161e-05], [0.12012304763869762, 0.4734208750826018, 0.08225969614874369, 0.32419638112995675], [0.8240418227580026, 0.07979288373880279, 0.08767557073745845, 0.008489722765735997], [0.18245927572281184, 0.7653375723290091, 0.010049568443375826, 0.04215358350480328], [0.6666644724103679, 0.22786331504425367, 0.07860524616076928, 0.02686696638460905], [0.22065745615689966, 0.7593231325389955, 0.004507673338714721, 0.015511737965390066], [0.6103238666034434, 0.2908712679059379, 0.06691443976591935, 0.031890425724699425], [0.3815485270364326, 0.6124833638203705, 0.0022907949671682522, 0.0036773141760288127], [0.8825075947336327, 0.10019108916304403, 0.015537359630447379, 0.001763956472875788], [2.457345932150084e-05, 0.05981252186828621, 0.00038609920429897253, 0.9397768054680933], [0.1230914377631285, 0.027640744452212374, 0.6935320327793206, 0.1557357850053384], [0.06697668947441322, 0.014414522913422064, 0.7559216002729399, 0.16268718733922505], [0.7151687405859264, 0.23136037732586018, 0.04040097940717554, 0.01306990268103782], [0.40266633508565475, 0.009284699667097749, 0.5747953074790488, 0.013253657768198661], [0.025637770827387503, 0.10420073046077251, 0.17182115370600445, 0.6983403450058355]], "state_values": [2.3109848445104944, 3.9902729431185535, 3.919755673667574, -2.78018807786345, -3.1338822457693296, -1.2446187446808858, -0.3282068645916544, -1.2958997254438758, -1.4145930801542081, 3.399585647210906, -1.4401565461656396, 4.256967623711828, -1.6300006648762702, -3.020202459305366, -1.2719737234442712, -2.185219563347914], "value_grad": [0.9107999801635742, -0.8712000846862793, 2.098799705505371, -0.9899997711181641, -5.385600566864014, -5.623200416564941, -1.3067998886108398, -1.8215999603271484, 1.7027995586395264, 0.5147995948791504, 2.7720000743865967, -1.9404000043869019, 0.23759937286376953, 0.7523999214172363, -1.2275991439819336, -0.7524008750915527], "action_grad": [[0.0, 0.0, 0.0], [0.0, 0.0, 0.0], [0.0, 0.0, 0.0], [0.0, 0.0, 0.0], [0.0, 0.0, 0.0], [0.0, 0.0, 0.0], [0.0, 0.0, 0.0], [0.0, 0.0, 0.0], [0.0, 0.0, 0.0], [0.0, 0.0, 0.0], [0.0, 0.0, 0.0], [0.0, 0.0, 0.0], [0.0, 0.0, 0.0], [0.0, 0.0, 0.0], [0.0, 0.0, 0.0], [0.0, 0.0, 0.0]], "action_params_change": 0, "value_params_change": 0.3032251820121594}
{"iterations": 1, "type_itr": 0, "sub_iteration": 13, "sub_it_time": 0.11435198783874512, "total_time": 1.6076366901397705, "value_loss": -0.4355999827384949, "action_loss": -0.4129255712032318, "action_probs": [[0.0021813093350988, 0.15475646015215505, 0.011717889960428088, 0.831344340552318], [0.9888409679677894, 0.005319615126772314, 0.005808170997050774, 3.124590838736161e-05], [0.12012304763869762, 0.4734208750826018, 0.08225969614874369, 0.32419638112995675], [0.8240418227580026, 0.07979288373880279, 0.08767557073745845, 0.008489722765735997], [0.18245927572281184, 0.7653375723290091, 0.010049568443375826, 0.04215358350480328], [0.6666644724103679, 0.22786331504425367, 0.07860524616076928, 0.02686696638460905], [0.22065745615689966, 0.7593231325389955, 0.004507673338714721, 0.015511737965390066], [0.6103238666034434, 0.2908712679059379, 0.06691443976591935, 0.031890425724699425], [0.3815485270364326, 0.6124833638203705, 0.0022907949671682522, 0.0036773141760288127], [0.8825075947336327, 0.10019108916304403, 0.015537359630447379, 0.001763956472875788], [2.457345932150084e-05, 0.05981252186828621, 0.00038609920429897253, 0.9397768054680933], [0.1230914377631285, 0.027640744452212374, 0.6935320327793206, 0.1557357850053384], [0.06697668947441322, 0.014414522913422064, 0.7559216002729399, 0.16268718733922505], [0.7151687405859264, 0.23136037732586018, 0.04040097940717554, 0.01306990268103782], [0.40266633508565475, 0.009284699667097749, 0.5747953074790488, 0.013253657768198661], [0.025637770827387503, 0.10420073046077251, 0.17182115370600445, 0.6983403450058355]], "state_values": [2.076578372464703, 3.8844112480250654, 3.594688259588703, -2.3674885986779657, -2.7461776508176072, -0.9443698117427343, -0.9043738292409288, -1.6058713741133723, -0.6224735305018433, 3.685252453034071, -1.4576189398052963, 4.147793308200544, -2.0331859995173613, -2.590737506994099, -0.6718325263263014, -2.249171690436643], "value_grad": [-0.7523999214172363, -2.257200241088867, -1.9800000190734863, 1.7027993202209473, -0.5147998332977295, -3.207599401473999, -0.8712000846862793, -2.257199764251709, -4.83120059967041, 0.6335992813110352, 2.7719998359680176, 1.7423996925354004, -2.336400032043457, -3.9600000381469727, 0.8315997123718262, 2.0988001823425293], "action_grad": [[0.0, 0.0, 0.0], [0.0, 0.0, 0.0], [0.0, 0.0, 0.0], [0.0, 0.0, 0.0], [0.0, 0.0, 0.0], [0.0, 0.0, 0.0], [0.0, 0.0, 0.0], [0.0, 0.0, 0.0], [0.0, 0.0, 0.0], [0.0, 0.0, 0.0], [0.0, 0.0, 0.0], [0.0, 0.0, 0.0], [0.0, 0.0, 0.0], [0.0, 0.0, 0.0], [0.0, 0.0, 0.0], [0.0, 0.0, 0.0]], "action_params_change": 0, "value_params_change": 0.32403425791727125}
