{"iterations": 0, "type_itr": 0, "sub_iteration": 0, "sub_it_time": 0, "total_time": 0, "value_loss": 0, "action_loss": 0, "action_probs": [[0.025062087100313837, 0.43421315134222854, 0.029506687792280835, 0.5112180737651768], [0.32434105421825443, 0.3836441794663661, 0.13377733411346546, 0.15823743220191402], [0.1674039677070064, 0.7091411378452784, 0.02357761059013116, 0.09987728385758396], [0.09437764534063832, 0.5551832755923634, 0.050916879467101474, 0.29952219959989684], [0.00030755846234405913, 0.03641456112258121, 0.008067733209826043, 0.9552101472052489], [0.06942918061135386, 0.40546394491189697, 0.0767704101594218, 0.44833646431732754], [0.7121362872707714, 0.03413510254224669, 0.24212284284166746, 0.011605767345314464], [0.07783251487337796, 0.8855453338442403, 0.0029587499216172843, 0.03366340136076454], [0.15236750878154576, 0.8388858811192768, 0.0013444586466720757, 0.007402151452505311], [0.46283727951396425, 0.3735897212683762, 0.09051319707401734, 0.07305980214364198], [0.008896415191133074, 0.42289276827662614, 0.011707193078265251, 0.5565036234539755], [0.22439760979186005, 0.43858273027110745, 0.11407036011890315, 0.22294929981812928], [0.0017972941798513977, 0.00014759472370002162, 0.9223141944349947, 0.07574091666145402], [0.3680337064649672, 0.04107229613743842, 0.5315710515288797, 0.059322945868714706], [0.19905362916458252, 0.1106087559272452, 0.44375492217288426, 0.24658269273528816], [0.026146939605670952, 0.43708763690956765, 0.030297334917974893, 0.5064680885667866]], "state_values": [-4.137856369630758, 0.21569108539351303, -1.2444167041961929, 1.6510612951264392, -2.2008940248762854, -4.997863460833352, 4.63371991945177, 2.5776148576348077, 3.628459910782793, 4.302574971300942, 2.0077209425548164, 3.0664308017196933, -2.7396473209156813, -1.8369214611954878, 4.624350188341893, 4.991173757803743], "value_grad": [0.0, 0.0, 0.0, 0.0, 0.0, 0.0, 0.0, 0.0, 0.0, 0.0, 0.0, 0.0, 0.0, 0.0, 0.0, 0.0], "action_grad": [[0.0, 0.0, 0.0], [0.0, 0.0, 0.0], [0.0, 0.0, 0.0], [0.0, 0.0, 0.0], [0.0, 0.0, 0.0], [0.0, 0.0, 0.0], [0.0, 0.0, 0.0], [0.0, 0.0, 0.0], [0.0, 0.0, 0.0], [0.0, 0.0, 0.0], [0.0, 0.0, 0.0], [0.0, 0.0, 0.0], [0.0, 0.0, 0.0], [0.0, 0.0, 0.0], [0.0, 0.0, 0.0], [0.0, 0.0, 0.0]], "action_params_change": 0, "value_params_change": 0}
{"iterations": 1, "type_itr": 0, "sub_iteration": 0, "sub_it_time": 0.10715460777282715, "total_time": 0.10847687721252441, "value_loss": 5.148000240325928, "action_loss": -0.7968738675117493, "action_probs": [[0.025062087100313837, 0.43421315134222854, 0.029506687792280835, 0.5112180737651768], [0.32434105421825443, 0.3836441794663661, 0.13377733411346546, 0.15823743220191402], [0.1674039677070064, 0.7091411378452784, 0.02357761059013116, 0.09987728385758396], [0.09437764534063832, 0.5551832755923634, 0.050916879467101474, 0.29952219959989684], [0.00030755846234405913, 0.03641456112258121, 0.008067733209826043, 0.9552101472052489], [0.06942918061135386, 0.40546394491189697, 0.0767704101594218, 0.44833646431732754], [0.7121362872707714, 0.03413510254224669, 0.24212284284166746, 0.011605767345314464], [0.07783251487337796, 0.8855453338442403, 0.0029587499216172843, 0.03366340136076454], [0.15236750878154576, 0.8388858811192768, 0.0013444586466720757, 0.007402151452505311], [0.46283727951396425, 0.3735897212683762, 0.09051319707401734, 0.07305980214364198], [0.008896415191133074, 0.42289276827662614, 0.011707193078265251, 0.5565036234539755], [0.22439760979186005, 0.43858273027110745, 0.11407036011890315, 0.22294929981812928], [0.0017972941798513977, 0.00014759472370002162, 0.9223141944349947, 0.07574091666145402], [0.3680337064649672, 0.04107229613743842, 0.5315710515288797, 0.059322945868714706], [0.19905362916458252, 0.1106087559272452, 0.44375492217288426, 0.24658269273528816], [0.026146939605670952, 0.43708763690956765, 0.030297334917974893, 0.5064680885667866]], "state_values": [-3.3148061926420653, 1.4448540397761716, -1.2444167041961929, 0.43210255184193114, -1.0217409429551783, -4.878650928579001, 4.954409052256057, 3.5574553298233402, 4.366753903090386, 4.798987282980534, 0.8123939846156223, 3.948176335232759, -3.689275722969631, -0.6293019666944604, 4.01017232950181, 4.762541474348863], "value_grad": [5.544000148773193, 3.167999267578125, 0.0, -0.39600086212158203, -6.336001396179199, 4.355998992919922, 0.3959989547729492, 15.444000244140625, 8.316001892089844, 16.236000061035156, -8.71200180053711, -1.1879997253417969, -0.791999340057373, 15.84000015258789, 8.316000938415527, -9.504000663757324], "action_grad": [[0.0, 0.0, 0.0], [0.0, 0.0, 0.0], [0.0, 0.0, 0.0], [0.0, 0.0, 0.0], [0.0, 0.0, 0.0], [0.0, 0.0, 0.0], [0.0, 0.0, 0.0], [0.0, 0.0, 0.0], [0.0, 0.0, 0.0], [0.0, 0.0, 0.0], [0.0, 0.0, 0.0], [0.0, 0.0, 0.0], [0.0, 0.0, 0.0], [0.0, 0.0, 0.0], [0.0, 0.0, 0.0], [0.0, 0.0, 0.0]], "action_params_change": 0, "value_params_change": 0.49999999969204234}
{"iterations": 1, "type_itr": 0, "sub_iteration": 1, "sub_it_time": 0.10590577125549316, "total_time": 0.21589350700378418, "value_loss": 8.711999893188477, "action_loss": -1.0142031908035278, "action_probs": [[0.025062087100313837, 0.43421315134222854, 0.029506687792280835, 0.5112180737651768], [0.32434105421825443, 0.3836441794663661, 0.13377733411346546, 0.15823743220191402], [0.1674039677070064, 0.7091411378452784, 0.02357761059013116, 0.09987728385758396], [0.09437764534063832, 0.5551832755923634, 0.050916879467101474, 0.29952219959989684], [0.00030755846234405913, 0.03641456112258121, 0.008067733209826043, 0.9552101472052489], [0.06942918061135386, 0.40546394491189697, 0.0767704101594218, 0.44833646431732754], [0.7121362872707714, 0.03413510254224669, 0.24212284284166746, 0.011605767345314464], [0.07783251487337796, 0.8855453338442403, 0.0029587499216172843, 0.03366340136076454], [0.15236750878154576, 0.8388858811192768, 0.0013444586466720757, 0.007402151452505311], [0.46283727951396425, 0.3735897212683762, 0.09051319707401734, 0.07305980214364198], [0.008896415191133074, 0.42289276827662614, 0.011707193078265251, 0.5565036234539755], [0.22439760979186005, 0.43858273027110745, 0.11407036011890315, 0.22294929981812928], [0.0017972941798513977, 0.00014759472370002162, 0.9223141944349947, 0.07574091666145402], [0.3680337064649672, 0.04107229613743842, 0.5315710515288797, 0.059322945868714706], [0.19905362916458252, 0.1106087559272452, 0.44375492217288426, 0.24658269273528816], [0.026146939605670952, 0.43708763690956765, 0.030297334917974893, 0.5064680885667866]], "state_values": [-2.2843203811096124, 2.565512053443362, -2.11865914789897, 1.2387639825377954, -0.5062821840112581, -4.5966102226038235, 4.751717569442563, 3.5973988321909305, 4.255238558307801, 4.996509890172118, -0.36446805873753957, 4.498385660813885, -3.056873346374298, 0.29486677924599464, 3.291278610834316, 4.569267913876771], "value_grad": [5.940000534057617, 2.37600040435791, 17.027999877929688, 3.167999744415283, 1.9800004959106445, 0.3959999084472656, -14.256001472473145, -12.672000885009766, -10.692000389099121, 13.067999839782715, -4.751999855041504, -7.9200005531311035, 9.899999618530273, 1.584000587463379, 2.3760013580322266, 2.7719993591308594], "action_grad": [[0.0, 0.0, 0.0], [0.0, 0.0, 0.0], [0.0, 0.0, 0.0], [0.0, 0.0, 0.0], [0.0, 0.0, 0.0], [0.0, 0.0, 0.0], [0.0, 0.0, 0.0], [0.0, 0.0, 0.0], [0.0, 0.0, 0.0], [0.0, 0.0, 0.0], [0.0, 0.0, 0.0], [0.0, 0.0, 0.0], [0.0, 0.0, 0.0], [0.0, 0.0, 0.0], [0.0, 0.0, 0.0], [0.0, 0.0, 0.0]], "action_params_change": 0, "value_params_change": 0.500601276034657}
{"iterations": 1, "type_itr": 0, "sub_iteration": 2, "sub_it_time": 0.10493731498718262, "total_time": 0.32233715057373047, "value_loss": 2.772000312805176, "action_loss": -1.4669723510742188, "action_probs": [[0.025062087100313837, 0.43421315134222854, 0.029506687792280835, 0.5112180737651768], [0.32434105421825443, 0.3836441794663661, 0.13377733411346546, 0.15823743220191402], [0.1674039677070064, 0.7091411378452784, 0.02357761059013116, 0.09987728385758396], [0.09437764534063832, 0.5551832755923634, 0.050916879467101474, 0.29952219959989684], [0.00030755846234405913, 0.03641456112258121, 0.008067733209826043, 0.9552101472052489], [0.06942918061135386, 0.40546394491189697, 0.0767704101594218, 0.44833646431732754], [0.7121362872707714, 0.03413510254224669, 0.24212284284166746, 0.011605767345314464], [0.07783251487337796, 0.8855453338442403, 0.0029587499216172843, 0.03366340136076454], [0.15236750878154576, 0.8388858811192768, 0.0013444586466720757, 0.007402151452505311], [0.46283727951396425, 0.3735897212683762, 0.09051319707401734, 0.07305980214364198], [0.008896415191133074, 0.42289276827662614, 0.011707193078265251, 0.5565036234539755], [0.22439760979186005, 0.43858273027110745, 0.11407036011890315, 0.22294929981812928], [0.0017972941798513977, 0.00014759472370002162, 0.9223141944349947, 0.07574091666145402], [0.3680337064649672, 0.04107229613743842, 0.5315710515288797, 0.059322945868714706], [0.19905362916458252, 0.1106087559272452, 0.44375492217288426, 0.24658269273528816], [0.026146939605670952, 0.43708763690956765, 0.030297334917974893, 0.5064680885667866]], "state_values": [-1.386503705971858, 3.3294224145951534, -2.5768219741438014, 2.1699465323061506, -0.30013117845862397, -4.700648659840629, 4.669086812258361, 3.407448042646351, 4.137518407971915, 4.934155375710951, -0.12218796457226662, 4.87430609458154, -2.9032546493826605, 0.8370908754769675, 2.354635268952875, 4.677447180073477], "value_grad": [0.0, 0.0, -3.960000514984131, 6.732002258300781, 1.5839996337890625, -6.731999397277832, 7.52400016784668, -8.315999984741211, -0.791999340057373, 1.187997817993164, 17.423999786376953, -7.919999122619629, -5.543999671936035, -3.168001174926758, 7.127999305725098, 10.295999526977539], "action_grad": [[0.0, 0.0, 0.0], [0.0, 0.0, 0.0], [0.0, 0.0, 0.0], [0.0, 0.0, 0.0], [0.0, 0.0, 0.0], [0.0, 0.0, 0.0], [0.0, 0.0, 0.0], [0.0, 0.0, 0.0], [0.0, 0.0, 0.0], [0.0, 0.0, 0.0], [0.0, 0.0, 0.0], [0.0, 0.0, 0.0], [0.0, 0.0, 0.0], [0.0, 0.0, 0.0], [0.0, 0.0, 0.0], [0.0, 0.0, 0.0]], "action_params_change": 0, "value_params_change": 0.4563159523021949}
{"iterations": 1, "type_itr": 0, "sub_iteration": 3, "sub_it_time": 0.10529565811157227, "total_time": 0.42926645278930664, "value_loss": 5.940000057220459, "action_loss": -1.4488615989685059, "action_probs": [[0.025062087100313837, 0.43421315134222854, 0.029506687792280835, 0.5112180737651768], [0.32434105421825443, 0.3836441794663661, 0.13377733411346546, 0.15823743220191402], [0.1674039677070064, 0.7091411378452784, 0.02357761059013116, 0.09987728385758396], [0.09437764534063832, 0.5551832755923634, 0.050916879467101474, 0.29952219959989684], [0.00030755846234405913, 0.03641456112258121, 0.008067733209826043, 0.9552101472052489], [0.06942918061135386, 0.40546394491189697, 0.0767704101594218, 0.44833646431732754], [0.7121362872707714, 0.03413510254224669, 0.24212284284166746, 0.011605767345314464], [0.07783251487337796, 0.8855453338442403, 0.0029587499216172843, 0.03366340136076454], [0.15236750878154576, 0.8388858811192768, 0.0013444586466720757, 0.007402151452505311], [0.46283727951396425, 0.3735897212683762, 0.09051319707401734, 0.07305980214364198], [0.008896415191133074, 0.42289276827662614, 0.011707193078265251, 0.5565036234539755], [0.22439760979186005, 0.43858273027110745, 0.11407036011890315, 0.22294929981812928], [0.0017972941798513977, 0.00014759472370002162, 0.9223141944349947, 0.07574091666145402], [0.3680337064649672, 0.04107229613743842, 0.5315710515288797, 0.059322945868714706], [0.19905362916458252, 0.1106087559272452, 0.44375492217288426, 0.24658269273528816], [0.026146939605670952, 0.43708763690956765, 0.030297334917974893, 0.5064680885667866]], "state_values": [-0.5445759757431445, 2.9364373331982403, -2.587006215676533, 3.06282763407653, -0.25803198531764115, -4.763805242477846, 4.537308471254661, 3.5067698147609008, 3.7430260596718514, 4.736398807660885, 0.33952414242088746, 4.947316304420539, -3.1189920826701587, 1.2215234047749741, 2.272228574250905, 4.67456191318745], "value_grad": [0.7920007705688477, -15.04800033569336, -9.900001525878906, 11.483999252319336, 1.1879997253417969, 0.39600181579589844, -3.1679954528808594, 11.08799934387207, -13.860000610351562, 0.0, 8.316000938415527, 7.127999305725098, -7.524001598358154, -1.1880006790161133, -12.2760009765625, -4.75200080871582], "action_grad": [[0.0, 0.0, 0.0], [0.0, 0.0, 0.0], [0.0, 0.0, 0.0], [0.0, 0.0, 0.0], [0.0, 0.0, 0.0], [0.0, 0.0, 0.0], [0.0, 0.0, 0.0], [0.0, 0.0, 0.0], [0.0, 0.0, 0.0], [0.0, 0.0, 0.0], [0.0, 0.0, 0.0], [0.0, 0.0, 0.0], [0.0, 0.0, 0.0], [0.0, 0.0, 0.0], [0.0, 0.0, 0.0], [0.0, 0.0, 0.0]], "action_params_change": 0, "value_params_change": 0.42077235460010254}
{"iterations": 1, "type_itr": 0, "sub_iteration": 4, "sub_it_time": 0.10691308975219727, "total_time": 0.5376520156860352, "value_loss": 21.780000686645508, "action_loss": -2.173292398452759, "action_probs": [[0.025062087100313837, 0.43421315134222854, 0.029506687792280835, 0.5112180737651768], [0.32434105421825443, 0.3836441794663661, 0.13377733411346546, 0.15823743220191402], [0.1674039677070064, 0.7091411378452784, 0.02357761059013116, 0.09987728385758396], [0.09437764534063832, 0.5551832755923634, 0.050916879467101474, 0.29952219959989684], [0.00030755846234405913, 0.03641456112258121, 0.008067733209826043, 0.9552101472052489], [0.06942918061135386, 0.40546394491189697, 0.0767704101594218, 0.44833646431732754], [0.7121362872707714, 0.03413510254224669, 0.24212284284166746, 0.011605767345314464], [0.07783251487337796, 0.8855453338442403, 0.0029587499216172843, 0.03366340136076454], [0.15236750878154576, 0.8388858811192768, 0.0013444586466720757, 0.007402151452505311], [0.46283727951396425, 0.3735897212683762, 0.09051319707401734, 0.07305980214364198], [0.008896415191133074, 0.42289276827662614, 0.011707193078265251, 0.5565036234539755], [0.22439760979186005, 0.43858273027110745, 0.11407036011890315, 0.22294929981812928], [0.0017972941798513977, 0.00014759472370002162, 0.9223141944349947, 0.07574091666145402], [0.3680337064649672, 0.04107229613743842, 0.5315710515288797, 0.059322945868714706], [0.19905362916458252, 0.1106087559272452, 0.44375492217288426, 0.24658269273528816], [0.026146939605670952, 0.43708763690956765, 0.030297334917974893, 0.5064680885667866]], "state_values": [0.4235987716880825, 2.424415226231935, -2.2237371933286383, 3.828179103200596, -0.7567501708318435, -4.715071696985847, 4.215004473920552, 3.4639490505449273, 3.533976890823093, 4.635414659609379, 0.5352158862624796, 4.979509123796103, -2.9690423727972677, 0.9720256793767915, 1.8764611904291604, 4.6462023550298985], "value_grad": [12.2760009765625, -4.752000331878662, -15.84000015258789, 4.751999855041504, 8.315999984741211, 3.960000991821289, -15.04800033569336, -6.336001396179199, 6.336000442504883, -11.08799934387207, -5.940000534057617, 1.1879987716674805, 9.107999801635742, -16.632001876831055, 10.692001342773438, -1.584000587463379], "action_grad": [[0.0, 0.0, 0.0], [0.0, 0.0, 0.0], [0.0, 0.0, 0.0], [0.0, 0.0, 0.0], [0.0, 0.0, 0.0], [0.0, 0.0, 0.0], [0.0, 0.0, 0.0], [0.0, 0.0, 0.0], [0.0, 0.0, 0.0], [0.0, 0.0, 0.0], [0.0, 0.0, 0.0], [0.0, 0.0, 0.0], [0.0, 0.0, 0.0], [0.0, 0.0, 0.0], [0.0, 0.0, 0.0], [0.0, 0.0, 0.0]], "action_params_change": 0, "value_params_change": 0.42545372164012596}
{"iterations": 1, "type_itr": 0, "sub_iteration": 5, "sub_it_time": 0.10520601272583008, "total_time": 0.6443972587585449, "value_loss": 16.236000061035156, "action_loss": -1.340196967124939, "action_probs": [[0.025062087100313837, 0.43421315134222854, 0.029506687792280835, 0.5112180737651768], [0.32434105421825443, 0.3836441794663661, 0.13377733411346546, 0.15823743220191402], [0.1674039677070064, 0.7091411378452784, 0.02357761059013116, 0.09987728385758396], [0.09437764534063832, 0.5551832755923634, 0.050916879467101474, 0.29952219959989684], [0.00030755846234405913, 0.03641456112258121, 0.008067733209826043, 0.9552101472052489], [0.06942918061135386, 0.40546394491189697, 0.0767704101594218, 0.44833646431732754], [0.7121362872707714, 0.03413510254224669, 0.24212284284166746, 0.011605767345314464], [0.07783251487337796, 0.8855453338442403, 0.0029587499216172843, 0.03366340136076454], [0.15236750878154576, 0.8388858811192768, 0.0013444586466720757, 0.007402151452505311], [0.46283727951396425, 0.3735897212683762, 0.09051319707401734, 0.07305980214364198], [0.008896415191133074, 0.42289276827662614, 0.011707193078265251, 0.5565036234539755], [0.22439760979186005, 0.43858273027110745, 0.11407036011890315, 0.22294929981812928], [0.0017972941798513977, 0.00014759472370002162, 0.9223141944349947, 0.07574091666145402], [0.3680337064649672, 0.04107229613743842, 0.5315710515288797, 0.059322945868714706], [0.19905362916458252, 0.1106087559272452, 0.44375492217288426, 0.24658269273528816], [0.026146939605670952, 0.43708763690956765, 0.030297334917974893, 0.5064680885667866]], "state_values": [1.4516012150159343, 2.4464004735647458, -1.5506717889406307, 3.923360258558378, -1.0092674776011823, -4.618444791046513, 3.9684281086469784, 3.5423943607577613, 3.3526832275925726, 4.508462253882253, 0.842983443059211, 4.946688135703823, -3.2092254197279413, 0.7222517945003295, 1.408133612352773, 4.461959033444859], "value_grad": [8.315999984741211, 13.860000610351562, -29.69999885559082, -15.444000244140625, -2.772000312805176, 1.9799985885620117, 4.751999855041504, 6.336000442504883, 0.3959999084472656, 2.37600040435791, 5.147998809814453, 12.67199993133545, -14.256000518798828, -1.1880016326904297, 3.9600000381469727, -11.484001159667969], "action_grad": [[0.0, 0.0, 0.0], [0.0, 0.0, 0.0], [0.0, 0.0, 0.0], [0.0, 0.0, 0.0], [0.0, 0.0, 0.0], [0.0, 0.0, 0.0], [0.0, 0.0, 0.0], [0.0, 0.0, 0.0], [0.0, 0.0, 0.0], [0.0, 0.0, 0.0], [0.0, 0.0, 0.0], [0.0, 0.0, 0.0], [0.0, 0.0, 0.0], [0.0, 0.0, 0.0], [0.0, 0.0, 0.0], [0.0, 0.0, 0.0]], "action_params_change": 0, "value_params_change": 0.41948009881395043}
{"iterations": 1, "type_itr": 0, "sub_iteration": 6, "sub_it_time": 0.10729265213012695, "total_time": 0.753220796585083, "value_loss": 4.751999855041504, "action_loss": -1.2677539587020874, "action_probs": [[0.025062087100313837, 0.43421315134222854, 0.029506687792280835, 0.5112180737651768], [0.32434105421825443, 0.3836441794663661, 0.13377733411346546, 0.15823743220191402], [0.1674039677070064, 0.7091411378452784, 0.02357761059013116, 0.09987728385758396], [0.09437764534063832, 0.5551832755923634, 0.050916879467101474, 0.29952219959989684], [0.00030755846234405913, 0.03641456112258121, 0.008067733209826043, 0.9552101472052489], [0.06942918061135386, 0.40546394491189697, 0.0767704101594218, 0.44833646431732754], [0.7121362872707714, 0.03413510254224669, 0.24212284284166746, 0.011605767345314464], [0.07783251487337796, 0.8855453338442403, 0.0029587499216172843, 0.03366340136076454], [0.15236750878154576, 0.8388858811192768, 0.0013444586466720757, 0.007402151452505311], [0.46283727951396425, 0.3735897212683762, 0.09051319707401734, 0.07305980214364198], [0.008896415191133074, 0.42289276827662614, 0.011707193078265251, 0.5565036234539755], [0.22439760979186005, 0.43858273027110745, 0.11407036011890315, 0.22294929981812928], [0.0017972941798513977, 0.00014759472370002162, 0.9223141944349947, 0.07574091666145402], [0.3680337064649672, 0.04107229613743842, 0.5315710515288797, 0.059322945868714706], [0.19905362916458252, 0.1106087559272452, 0.44375492217288426, 0.24658269273528816], [0.026146939605670952, 0.43708763690956765, 0.030297334917974893, 0.5064680885667866]], "state_values": [2.2988151305103117, 2.3840925071825496, -1.1277905632733438, 4.160151951772484, -1.249263344212993, -4.557955953801904, 3.73640264084942, 3.674396927846394, 3.5355726614455243, 4.443972534234056, 1.1808373200362476, 4.810804220870513, -3.2266177404876433, 0.4707292426637867, 0.9177232100310418, 4.264793992037924], "value_grad": [0.0, -3.168001174926758, 11.088000297546387, 10.692000389099121, 0.3959989547729492, -1.188000202178955, 0.39600181579589844, 3.9599995613098145, 17.81999969482422, -4.751999855041504, 2.772000312805176, 23.760000228881836, 8.315999984741211, -1.1880006790161133, 2.376002311706543, -0.3959999084472656], "action_grad": [[0.0, 0.0, 0.0], [0.0, 0.0, 0.0], [0.0, 0.0, 0.0], [0.0, 0.0, 0.0], [0.0, 0.0, 0.0], [0.0, 0.0, 0.0], [0.0, 0.0, 0.0], [0.0, 0.0, 0.0], [0.0, 0.0, 0.0], [0.0, 0.0, 0.0], [0.0, 0.0, 0.0], [0.0, 0.0, 0.0], [0.0, 0.0, 0.0], [0.0, 0.0, 0.0], [0.0, 0.0, 0.0], [0.0, 0.0, 0.0]], "action_params_change": 0, "value_params_change": 0.36633370500747997}
{"iterations": 1, "type_itr": 0, "sub_iteration": 7, "sub_it_time": 0.10460495948791504, "total_time": 0.8593597412109375, "value_loss": 4.751999855041504, "action_loss": -1.9378522634506226, "action_probs": [[0.025062087100313837, 0.43421315134222854, 0.029506687792280835, 0.5112180737651768], [0.32434105421825443, 0.3836441794663661, 0.13377733411346546, 0.15823743220191402], [0.1674039677070064, 0.7091411378452784, 0.02357761059013116, 0.09987728385758396], [0.09437764534063832, 0.5551832755923634, 0.050916879467101474, 0.29952219959989684], [0.00030755846234405913, 0.03641456112258121, 0.008067733209826043, 0.9552101472052489], [0.06942918061135386, 0.40546394491189697, 0.0767704101594218, 0.44833646431732754], [0.7121362872707714, 0.03413510254224669, 0.24212284284166746, 0.011605767345314464], [0.07783251487337796, 0.8855453338442403, 0.0029587499216172843, 0.03366340136076454], [0.15236750878154576, 0.8388858811192768, 0.0013444586466720757, 0.007402151452505311], [0.46283727951396425, 0.3735897212683762, 0.09051319707401734, 0.07305980214364198], [0.008896415191133074, 0.42289276827662614, 0.011707193078265251, 0.5565036234539755], [0.22439760979186005, 0.43858273027110745, 0.11407036011890315, 0.22294929981812928], [0.0017972941798513977, 0.00014759472370002162, 0.9223141944349947, 0.07574091666145402], [0.3680337064649672, 0.04107229613743842, 0.5315710515288797, 0.059322945868714706], [0.19905362916458252, 0.1106087559272452, 0.44375492217288426, 0.24658269273528816], [0.026146939605670952, 0.43708763690956765, 0.030297334917974893, 0.5064680885667866]], "state_values": [2.604489201650522, 2.551433285154139, -0.7840366932555449, 4.106077283048153, -1.0583389580019382, -4.310810660317729, 3.470522504409889, 3.7677909166806445, 3.6770158086365283, 4.354843679969627, 1.594966418247556, 4.68817828926812, -3.138296947408359, 0.4884920982080329, 0.17614400027707994, 4.13669000692079], "value_grad": [-10.692001342773438, 9.503999710083008, 2.375999927520752, -18.215999603271484, -8.315999031066895, 9.503999710083008, -2.3759984970092773, -1.1880006790161133, -0.7920000553131104, 2.3760008811950684, 5.148000717163086, -7.920000076293945, 5.148000717163086, 9.107999801635742, 18.612001419067383, 3.5640010833740234], "action_grad": [[0.0, 0.0, 0.0], [0.0, 0.0, 0.0], [0.0, 0.0, 0.0], [0.0, 0.0, 0.0], [0.0, 0.0, 0.0], [0.0, 0.0, 0.0], [0.0, 0.0, 0.0], [0.0, 0.0, 0.0], [0.0, 0.0, 0.0], [0.0, 0.0, 0.0], [0.0, 0.0, 0.0], [0.0, 0.0, 0.0], [0.0, 0.0, 0.0], [0.0, 0.0, 0.0], [0.0, 0.0, 0.0], [0.0, 0.0, 0.0]], "action_params_change": 0, "value_params_change": 0.2987101125229046}
{"iterations": 1, "type_itr": 0, "sub_iteration": 8, "sub_it_time": 0.1054525375366211, "total_time": 0.9663693904876709, "value_loss": 0.3960000276565552, "action_loss": -1.865409255027771, "action_probs": [[0.025062087100313837, 0.43421315134222854, 0.029506687792280835, 0.5112180737651768], [0.32434105421825443, 0.3836441794663661, 0.13377733411346546, 0.15823743220191402], [0.1674039677070064, 0.7091411378452784, 0.02357761059013116, 0.09987728385758396], [0.09437764534063832, 0.5551832755923634, 0.050916879467101474, 0.29952219959989684], [0.00030755846234405913, 0.03641456112258121, 0.008067733209826043, 0.9552101472052489], [0.06942918061135386, 0.40546394491189697, 0.0767704101594218, 0.44833646431732754], [0.7121362872707714, 0.03413510254224669, 0.24212284284166746, 0.011605767345314464], [0.07783251487337796, 0.8855453338442403, 0.0029587499216172843, 0.03366340136076454], [0.15236750878154576, 0.8388858811192768, 0.0013444586466720757, 0.007402151452505311], [0.46283727951396425, 0.3735897212683762, 0.09051319707401734, 0.07305980214364198], [0.008896415191133074, 0.42289276827662614, 0.011707193078265251, 0.5565036234539755], [0.22439760979186005, 0.43858273027110745, 0.11407036011890315, 0.22294929981812928], [0.0017972941798513977, 0.00014759472370002162, 0.9223141944349947, 0.07574091666145402], [0.3680337064649672, 0.04107229613743842, 0.5315710515288797, 0.059322945868714706], [0.19905362916458252, 0.1106087559272452, 0.44375492217288426, 0.24658269273528816], [0.026146939605670952, 0.43708763690956765, 0.030297334917974893, 0.5064680885667866]], "state_values": [2.772571090413018, 2.6706883265071433, -0.4406915906869058, 4.000585787842632, -0.8535444027211432, -3.9185174164214773, 2.983989243999968, 3.9601914924584256, 3.7200162332204822, 4.3466804303141515, 1.971297329808259, 4.628364723146134, -3.2657917192540764, 0.43707627935203236, -0.3120102476401685, 3.917435699860017], "value_grad": [-3.5640010833740234, -1.1879987716674805, -2.37600040435791, -4.751999855041504, -0.7920002937316895, 6.336000442504883, -17.02800178527832, 8.315999984741211, -5.148001194000244, -5.940000534057617, 0.7920017242431641, -9.107999801635742, -11.088000297546387, -2.772001266479492, -7.128000259399414, -5.543999671936035], "action_grad": [[0.0, 0.0, 0.0], [0.0, 0.0, 0.0], [0.0, 0.0, 0.0], [0.0, 0.0, 0.0], [0.0, 0.0, 0.0], [0.0, 0.0, 0.0], [0.0, 0.0, 0.0], [0.0, 0.0, 0.0], [0.0, 0.0, 0.0], [0.0, 0.0, 0.0], [0.0, 0.0, 0.0], [0.0, 0.0, 0.0], [0.0, 0.0, 0.0], [0.0, 0.0, 0.0], [0.0, 0.0, 0.0], [0.0, 0.0, 0.0]], "action_params_change": 0, "value_params_change": 0.277831837265456}
{"iterations": 1, "type_itr": 0, "sub_iteration": 9, "sub_it_time": 0.10608696937561035, "total_time": 1.0739550590515137, "value_loss": 7.127999782562256, "action_loss": -1.9740740060806274, "action_probs": [[0.025062087100313837, 0.43421315134222854, 0.029506687792280835, 0.5112180737651768], [0.32434105421825443, 0.3836441794663661, 0.13377733411346546, 0.15823743220191402], [0.1674039677070064, 0.7091411378452784, 0.02357761059013116, 0.09987728385758396], [0.09437764534063832, 0.5551832755923634, 0.050916879467101474, 0.29952219959989684], [0.00030755846234405913, 0.03641456112258121, 0.008067733209826043, 0.9552101472052489], [0.06942918061135386, 0.40546394491189697, 0.0767704101594218, 0.44833646431732754], [0.7121362872707714, 0.03413510254224669, 0.24212284284166746, 0.011605767345314464], [0.07783251487337796, 0.8855453338442403, 0.0029587499216172843, 0.03366340136076454], [0.15236750878154576, 0.8388858811192768, 0.0013444586466720757, 0.007402151452505311], [0.46283727951396425, 0.3735897212683762, 0.09051319707401734, 0.07305980214364198], [0.008896415191133074, 0.42289276827662614, 0.011707193078265251, 0.5565036234539755], [0.22439760979186005, 0.43858273027110745, 0.11407036011890315, 0.22294929981812928], [0.0017972941798513977, 0.00014759472370002162, 0.9223141944349947, 0.07574091666145402], [0.3680337064649672, 0.04107229613743842, 0.5315710515288797, 0.059322945868714706], [0.19905362916458252, 0.1106087559272452, 0.44375492217288426, 0.24658269273528816], [0.026146939605670952, 0.43708763690956765, 0.030297334917974893, 0.5064680885667866]], "state_values": [2.880030549084616, 2.464260587409716, -0.00305751164960219, 3.9946688629200584, -0.7557277885866404, -3.8173996459369275, 2.3362174763864543, 4.129427273606869, 3.8551283464056674, 4.1940094340860234, 2.505062180640507, 4.506828088016218, -3.3697807443431564, 0.5221772387072893, -0.4543162493116845, 3.4902135160895065], "value_grad": [-1.5840001106262207, -16.23600196838379, -9.50400161743164, 7.524001121520996, 1.980001449584961, -10.295999526977539, -12.67199993133545, 0.7920007705688477, 7.1280012130737305, 13.067999839782715, 12.2760009765625, 8.711999893188477, 0.39600181579589844, 5.543999671936035, -13.068001747131348, -16.236000061035156], "action_grad": [[0.0, 0.0, 0.0], [0.0, 0.0, 0.0], [0.0, 0.0, 0.0], [0.0, 0.0, 0.0], [0.0, 0.0, 0.0], [0.0, 0.0, 0.0], [0.0, 0.0, 0.0], [0.0, 0.0, 0.0], [0.0, 0.0, 0.0], [0.0, 0.0, 0.0], [0.0, 0.0, 0.0], [0.0, 0.0, 0.0], [0.0, 0.0, 0.0], [0.0, 0.0, 0.0], [0.0, 0.0, 0.0], [0.0, 0.0, 0.0]], "action_params_change": 0, "value_params_change": 0.3066679265767336}
{"iterations": 1, "type_itr": 0, "sub_iteration": 10, "sub_it_time": 0.10667157173156738, "total_time": 1.1821889877319336, "value_loss": 3.9600000381469727, "action_loss": -1.5575263500213623, "action_probs": [[0.025062087100313837, 0.43421315134222854, 0.029506687792280835, 0.5112180737651768], [0.32434105421825443, 0.3836441794663661, 0.13377733411346546, 0.15823743220191402], [0.1674039677070064, 0.7091411378452784, 0.02357761059013116, 0.09987728385758396], [0.09437764534063832, 0.5551832755923634, 0.050916879467101474, 0.29952219959989684], [0.00030755846234405913, 0.03641456112258121, 0.008067733209826043, 0.9552101472052489], [0.06942918061135386, 0.40546394491189697, 0.0767704101594218, 0.44833646431732754], [0.7121362872707714, 0.03413510254224669, 0.24212284284166746, 0.011605767345314464], [0.07783251487337796, 0.8855453338442403, 0.0029587499216172843, 0.03366340136076454], [0.15236750878154576, 0.8388858811192768, 0.0013444586466720757, 0.007402151452505311], [0.46283727951396425, 0.3735897212683762, 0.09051319707401734, 0.07305980214364198], [0.008896415191133074, 0.42289276827662614, 0.011707193078265251, 0.5565036234539755], [0.22439760979186005, 0.43858273027110745, 0.11407036011890315, 0.22294929981812928], [0.0017972941798513977, 0.00014759472370002162, 0.9223141944349947, 0.07574091666145402], [0.3680337064649672, 0.04107229613743842, 0.5315710515288797, 0.059322945868714706], [0.19905362916458252, 0.1106087559272452, 0.44375492217288426, 0.24658269273528816], [0.026146939605670952, 0.43708763690956765, 0.030297334917974893, 0.5064680885667866]], "state_values": [3.2818372831462423, 2.4854175570036507, 0.5299166089987658, 4.007742463337881, -0.4672796260686625, -3.696950830433168, 1.642212586435112, 4.3162732383421, 4.085619605236369, 4.030020214833936, 2.908317841909227, 4.370540355890812, -3.541989260265896, 0.7141264047630591, -0.46733150624587333, 3.081266683694399], "value_grad": [20.591999053955078, 11.484001159667969, -11.08799934387207, 1.5839996337890625, -5.148000240325928, 1.1879997253417969, -3.9599995613098145, 4.3560004234313965, 10.296000480651855, 1.187999963760376, -2.3759984970092773, 1.5839996337890625, -5.148000717163086, 5.1479997634887695, -5.940001010894775, 1.1880016326904297], "action_grad": [[0.0, 0.0, 0.0], [0.0, 0.0, 0.0], [0.0, 0.0, 0.0], [0.0, 0.0, 0.0], [0.0, 0.0, 0.0], [0.0, 0.0, 0.0], [0.0, 0.0, 0.0], [0.0, 0.0, 0.0], [0.0, 0.0, 0.0], [0.0, 0.0, 0.0], [0.0, 0.0, 0.0], [0.0, 0.0, 0.0], [0.0, 0.0, 0.0], [0.0, 0.0, 0.0], [0.0, 0.0, 0.0], [0.0, 0.0, 0.0]], "action_params_change": 0, "value_params_change": 0.3030325902423905}
{"iterations": 1, "type_itr": 0, "sub_iteration": 11, "sub_it_time": 0.10696578025817871, "total_time": 1.2907931804656982, "value_loss": 3.563999891281128, "action_loss": -1.774855613708496, "action_probs": [[0.025062087100313837, 0.43421315134222854, 0.029506687792280835, 0.5112180737651768], [0.32434105421825443, 0.3836441794663661, 0.13377733411346546, 0.15823743220191402], [0.1674039677070064, 0.7091411378452784, 0.02357761059013116, 0.09987728385758396], [0.09437764534063832, 0.5551832755923634, 0.050916879467101474, 0.29952219959989684], [0.00030755846234405913, 0.03641456112258121, 0.008067733209826043, 0.9552101472052489], [0.06942918061135386, 0.40546394491189697, 0.0767704101594218, 0.44833646431732754], [0.7121362872707714, 0.03413510254224669, 0.24212284284166746, 0.011605767345314464], [0.07783251487337796, 0.8855453338442403, 0.0029587499216172843, 0.03366340136076454], [0.15236750878154576, 0.8388858811192768, 0.0013444586466720757, 0.007402151452505311], [0.46283727951396425, 0.3735897212683762, 0.09051319707401734, 0.07305980214364198], [0.008896415191133074, 0.42289276827662614, 0.011707193078265251, 0.5565036234539755], [0.22439760979186005, 0.43858273027110745, 0.11407036011890315, 0.22294929981812928], [0.0017972941798513977, 0.00014759472370002162, 0.9223141944349947, 0.07574091666145402], [0.3680337064649672, 0.04107229613743842, 0.5315710515288797, 0.059322945868714706], [0.19905362916458252, 0.1106087559272452, 0.44375492217288426, 0.24658269273528816], [0.026146939605670952, 0.43708763690956765, 0.030297334917974893, 0.5064680885667866]], "state_values": [3.366865447298759, 2.4048225404671477, 1.0253924068077247, 4.046441977694483, -0.23869554530045364, -3.503977199996391, 0.7694634120224438, 4.326429393269455, 4.234487112920619, 3.7680468385505734, 3.2932072673474755, 4.194309472326923, -3.8192471991411256, 0.9965177661974922, -0.456640962461158, 2.5903664876682035], "value_grad": [-15.84000015258789, -5.940000534057617, -1.5839991569519043, 2.3760008811950684, 0.7919998168945312, 3.564000129699707, -20.988000869750977, -13.46399974822998, -3.563999891281128, 8.316000938415527, 2.7719998359680176, 4.355999946594238, -9.900001525878906, 5.148000717163086, -1.188000202178955, -5.148001194000244], "action_grad": [[0.0, 0.0, 0.0], [0.0, 0.0, 0.0], [0.0, 0.0, 0.0], [0.0, 0.0, 0.0], [0.0, 0.0, 0.0], [0.0, 0.0, 0.0], [0.0, 0.0, 0.0], [0.0, 0.0, 0.0], [0.0, 0.0, 0.0], [0.0, 0.0, 0.0], [0.0, 0.0, 0.0], [0.0, 0.0, 0.0], [0.0, 0.0, 0.0], [0.0, 0.0, 0.0], [0.0, 0.0, 0.0], [0.0, 0.0, 0.0]], "action_params_change": 0, "value_params_change": 0.36029490609513504}
{"iterations": 1, "type_itr": 0, "sub_iteration": 12, "sub_it_time": 0.10487675666809082, "total_time": 1.3971927165985107, "value_loss": 9.503999710083008, "action_loss": -1.8110771179199219, "action_probs": [[0.025062087100313837, 0.43421315134222854, 0.029506687792280835, 0.5112180737651768], [0.32434105421825443, 0.3836441794663661, 0.13377733411346546, 0.15823743220191402], [0.1674039677070064, 0.7091411378452784, 0.02357761059013116, 0.09987728385758396], [0.09437764534063832, 0.5551832755923634, 0.050916879467101474, 0.29952219959989684], [0.00030755846234405913, 0.03641456112258121, 0.008067733209826043, 0.9552101472052489], [0.06942918061135386, 0.40546394491189697, 0.0767704101594218, 0.44833646431732754], [0.7121362872707714, 0.03413510254224669, 0.24212284284166746, 0.011605767345314464], [0.07783251487337796, 0.8855453338442403, 0.0029587499216172843, 0.03366340136076454], [0.15236750878154576, 0.8388858811192768, 0.0013444586466720757, 0.007402151452505311], [0.46283727951396425, 0.3735897212683762, 0.09051319707401734, 0.07305980214364198], [0.008896415191133074, 0.42289276827662614, 0.011707193078265251, 0.5565036234539755], [0.22439760979186005, 0.43858273027110745, 0.11407036011890315, 0.22294929981812928], [0.0017972941798513977, 0.00014759472370002162, 0.9223141944349947, 0.07574091666145402], [0.3680337064649672, 0.04107229613743842, 0.5315710515288797, 0.059322945868714706], [0.19905362916458252, 0.1106087559272452, 0.44375492217288426, 0.24658269273528816], [0.026146939605670952, 0.43708763690956765, 0.030297334917974893, 0.5064680885667866]], "state_values": [3.4982059541593653, 2.344926255650096, 1.6624813136307055, 4.1886138408992455, -0.016328410885711138, -3.558482759004782, -0.16199133873270222, 4.312257689152485, 4.346561268559429, 3.6222388210824654, 3.5943699913433216, 4.144136594122452, -3.909827837716668, 1.1955363105966639, -0.6447819232406804, 2.1669629474304624], "value_grad": [4.356000900268555, 0.7920000553131104, -19.80000114440918, 10.692000389099121, -0.3960001468658447, -10.296000480651855, -9.503999710083008, -2.37600040435791, -1.1879997253417969, -7.523999214172363, -1.1880006790161133, -11.880000114440918, 10.296001434326172, -2.3760008811950684, 11.088000297546387, 2.37600040435791], "action_grad": [[0.0, 0.0, 0.0], [0.0, 0.0, 0.0], [0.0, 0.0, 0.0], [0.0, 0.0, 0.0], [0.0, 0.0, 0.0], [0.0, 0.0, 0.0], [0.0, 0.0, 0.0], [0.0, 0.0, 0.0], [0.0, 0.0, 0.0], [0.0, 0.0, 0.0], [0.0, 0.0, 0.0], [0.0, 0.0, 0.0], [0.0, 0.0, 0.0], [0.0, 0.0, 0.0], [0.0, 0.0, 0.0], [0.0, 0.0, 0.0]], "action_params_change": 0, "value_params_change": 0.37382125208119366}
{"iterations": 1, "type_itr": 0, "sub_iteration": 13, "sub_it_time": 0.10523009300231934, "total_time": 1.5038609504699707, "value_loss": 6.336000442504883, "action_loss": -1.9740740060806274, "action_probs": [[0.025062087100313837, 0.43421315134222854, 0.029506687792280835, 0.5112180737651768], [0.32434105421825443, 0.3836441794663661, 0.13377733411346546, 0.15823743220191402], [0.1674039677070064, 0.7091411378452784, 0.02357761059013116, 0.09987728385758396], [0.09437764534063832, 0.5551832755923634, 0.050916879467101474, 0.29952219959989684], [0.00030755846234405913, 0.03641456112258121, 0.008067733209826043, 0.9552101472052489], [0.06942918061135386, 0.40546394491189697, 0.0767704101594218, 0.44833646431732754], [0.7121362872707714, 0.03413510254224669, 0.24212284284166746, 0.011605767345314464], [0.07783251487337796, 0.8855453338442403, 0.0029587499216172843, 0.03366340136076454], [0.15236750878154576, 0.8388858811192768, 0.0013444586466720757, 0.007402151452505311], [0.46283727951396425, 0.3735897212683762, 0.09051319707401734, 0.07305980214364198], [0.008896415191133074, 0.42289276827662614, 0.011707193078265251, 0.5565036234539755], [0.22439760979186005, 0.43858273027110745, 0.11407036011890315, 0.22294929981812928], [0.0017972941798513977, 0.00014759472370002162, 0.9223141944349947, 0.07574091666145402], [0.3680337064649672, 0.04107229613743842, 0.5315710515288797, 0.059322945868714706], [0.19905362916458252, 0.1106087559272452, 0.44375492217288426, 0.24658269273528816], [0.026146939605670952, 0.43708763690956765, 0.030297334917974893, 0.5064680885667866]], "state_values": [3.7095235659286474, 2.197253164452081, 2.3309598000922973, 4.285507122712785, 0.4143783249173647, -3.829835977874624, -0.7211729996103978, 4.326697127049929, 4.491140144684693, 3.5528815240871325, 3.9676811732117065, 4.172164068074438, -4.043848301764299, 1.0503243498376706, -0.9212173954569135, 1.8371442288398134], "value_grad": [8.315999984741211, -5.543999671936035, -12.276000022888184, -2.375999927520752, -6.732000350952148, -14.652000427246094, 15.443999290466309, 2.7719998359680176, 5.939998626708984, -4.751999855041504, 10.692000389099121, -7.920000076293945, -4.7520012855529785, -15.840002059936523, 6.336000442504883, 3.1679999828338623], "action_grad": [[0.0, 0.0, 0.0], [0.0, 0.0, 0.0], [0.0, 0.0, 0.0], [0.0, 0.0, 0.0], [0.0, 0.0, 0.0], [0.0, 0.0, 0.0], [0.0, 0.0, 0.0], [0.0, 0.0, 0.0], [0.0, 0.0, 0.0], [0.0, 0.0, 0.0], [0.0, 0.0, 0.0], [0.0, 0.0, 0.0], [0.0, 0.0, 0.0], [0.0, 0.0, 0.0], [0.0, 0.0, 0.0], [0.0, 0.0, 0.0]], "action_params_change": 0, "value_params_change": 0.2920645233285253}
