{"iterations": 0, "type_itr": 0, "sub_iteration": 0, "sub_it_time": 0, "total_time": 0, "value_loss": 0, "action_loss": 0, "action_probs": [[0.0014093487865511276, 0.02296132900568553, 0.05642034304910553, 0.9192089791586577], [0.15319242206658928, 0.0009654238503967593, 0.8405450108570865, 0.005297143225927332], [0.028139351422650387, 0.4935115106764342, 0.025803531580398262, 0.4525456063205171], [0.568317951277568, 0.40633189255861696, 0.014781666366333676, 0.010568489797481238], [0.44025810827642875, 0.3840303571399254, 0.09384873265097782, 0.08186280193266801], [0.19326208643339485, 0.4434232972953864, 0.11028200515787956, 0.2530326111133393], [0.3641379627180021, 0.33306730725944167, 0.15814432400335732, 0.1446504060191989], [0.0943946523572443, 0.05030473644669404, 0.5579553895986697, 0.29734522159739185], [0.02946566584187361, 2.417452381720498e-05, 0.9697145764545434, 0.000795583179765694], [0.0017319353129098141, 0.06796916387492734, 0.02311609912399957, 0.9071828016881633], [0.47806840084924584, 0.3326349112998766, 0.11162747640320697, 0.07766921144767058], [0.0031501763615893134, 0.3172617554164255, 0.006681468621506362, 0.6729065996004787], [0.30500050034101744, 0.004217629478169011, 0.681359841852905, 0.00942202832790868], [0.8315032697975229, 0.15433206285615045, 0.011947195260653602, 0.002217472085673075], [0.24043064706398173, 0.28825921528168047, 0.21433624783589816, 0.2569738898184396], [0.6487218833183048, 0.3364201417580693, 0.009784064865168583, 0.005073910058457376]], "state_values": [4.186258906814316, 0.7373091031000943, 3.5790394738223896, 4.9220093150641935, 2.3975322709179343, 0.2603881925184284, -4.424425135723028, 3.0234698500795063, 4.113551527501295, 4.023818957107338, 4.279493745278067, 4.935682561184525, -3.5344534984255698, -2.466656047873857, 4.693069306102625, -2.1006769971660755], "value_grad": [0.0, 0.0, 0.0, 0.0, 0.0, 0.0, 0.0, 0.0, 0.0, 0.0, 0.0, 0.0, 0.0, 0.0, 0.0, 0.0], "action_grad": [[0.0, 0.0, 0.0], [0.0, 0.0, 0.0], [0.0, 0.0, 0.0], [0.0, 0.0, 0.0], [0.0, 0.0, 0.0], [0.0, 0.0, 0.0], [0.0, 0.0, 0.0], [0.0, 0.0, 0.0], [0.0, 0.0, 0.0], [0.0, 0.0, 0.0], [0.0, 0.0, 0.0], [0.0, 0.0, 0.0], [0.0, 0.0, 0.0], [0.0, 0.0, 0.0], [0.0, 0.0, 0.0], [0.0, 0.0, 0.0]], "action_params_change": 0, "value_params_change": 0}
{"iterations": 1, "type_itr": 0, "sub_iteration": 0, "sub_it_time": 0.115814208984375, "total_time": 0.11720681190490723, "value_loss": 12.157200813293457, "action_loss": -1.9143084287643433, "action_probs": [[0.0014093487865511276, 0.02296132900568553, 0.05642034304910553, 0.9192089791586577], [0.15319242206658928, 0.0009654238503967593, 0.8405450108570865, 0.005297143225927332], [0.028139351422650387, 0.4935115106764342, 0.025803531580398262, 0.4525456063205171], [0.568317951277568, 0.40633189255861696, 0.014781666366333676, 0.010568489797481238], [0.44025810827642875, 0.3840303571399254, 0.09384873265097782, 0.08186280193266801], [0.19326208643339485, 0.4434232972953864, 0.11028200515787956, 0.2530326111133393], [0.3641379627180021, 0.33306730725944167, 0.15814432400335732, 0.1446504060191989], [0.0943946523572443, 0.05030473644669404, 0.5579553895986697, 0.29734522159739185], [0.02946566584187361, 2.417452381720498e-05, 0.9697145764545434, 0.000795583179765694], [0.0017319353129098141, 0.06796916387492734, 0.02311609912399957, 0.9071828016881633], [0.47806840084924584, 0.3326349112998766, 0.11162747640320697, 0.07766921144767058], [0.0031501763615893134, 0.3172617554164255, 0.006681468621506362, 0.6729065996004787], [0.30500050034101744, 0.004217629478169011, 0.681359841852905, 0.00942202832790868], [0.8315032697975229, 0.15433206285615045, 0.011947195260653602, 0.002217472085673075], [0.24043064706398173, 0.28825921528168047, 0.21433624783589816, 0.2569738898184396], [0.6487218833183048, 0.3364201417580693, 0.009784064865168583, 0.005073910058457376]], "state_values": [3.379694105174848, 1.9378843299564723, 2.6039682838671316, 4.551361431434802, 2.3975322709179343, -0.9830478516465622, -3.710664907628556, 3.91471169287937, 3.2824738337053234, 4.63301715875671, 4.7861713101931045, 4.98001844988653, -2.549603603204174, -1.3139624900993772, 4.120438957544407, -3.157919774882409], "value_grad": [-1.069199562072754, 3.1680002212524414, -1.1484003067016602, -0.5543985366821289, 0.0, 4.157999038696289, 1.5444021224975586, 2.3759994506835938, -3.366000175476074, 1.8611993789672852, -0.9900007247924805, 4.395600318908691, -1.6632003784179688, -0.6335992813110352, 0.27719974517822266, -0.6732006072998047], "action_grad": [[0.0, 0.0, 0.0], [0.0, 0.0, 0.0], [0.0, 0.0, 0.0], [0.0, 0.0, 0.0], [0.0, 0.0, 0.0], [0.0, 0.0, 0.0], [0.0, 0.0, 0.0], [0.0, 0.0, 0.0], [0.0, 0.0, 0.0], [0.0, 0.0, 0.0], [0.0, 0.0, 0.0], [0.0, 0.0, 0.0], [0.0, 0.0, 0.0], [0.0, 0.0, 0.0], [0.0, 0.0, 0.0], [0.0, 0.0, 0.0]], "action_params_change": 0, "value_params_change": 0.49999999886249885}
{"iterations": 1, "type_itr": 0, "sub_iteration": 1, "sub_it_time": 0.11337089538574219, "total_time": 0.23211288452148438, "value_loss": 5.860800266265869, "action_loss": -2.0012402534484863, "action_probs": [[0.0014093487865511276, 0.02296132900568553, 0.05642034304910553, 0.9192089791586577], [0.15319242206658928, 0.0009654238503967593, 0.8405450108570865, 0.005297143225927332], [0.028139351422650387, 0.4935115106764342, 0.025803531580398262, 0.4525456063205171], [0.568317951277568, 0.40633189255861696, 0.014781666366333676, 0.010568489797481238], [0.44025810827642875, 0.3840303571399254, 0.09384873265097782, 0.08186280193266801], [0.19326208643339485, 0.4434232972953864, 0.11028200515787956, 0.2530326111133393], [0.3641379627180021, 0.33306730725944167, 0.15814432400335732, 0.1446504060191989], [0.0943946523572443, 0.05030473644669404, 0.5579553895986697, 0.29734522159739185], [0.02946566584187361, 2.417452381720498e-05, 0.9697145764545434, 0.000795583179765694], [0.0017319353129098141, 0.06796916387492734, 0.02311609912399957, 0.9071828016881633], [0.47806840084924584, 0.3326349112998766, 0.11162747640320697, 0.07766921144767058], [0.0031501763615893134, 0.3172617554164255, 0.006681468621506362, 0.6729065996004787], [0.30500050034101744, 0.004217629478169011, 0.681359841852905, 0.00942202832790868], [0.8315032697975229, 0.15433206285615045, 0.011947195260653602, 0.002217472085673075], [0.24043064706398173, 0.28825921528168047, 0.21433624783589816, 0.2569738898184396], [0.6487218833183048, 0.3364201417580693, 0.009784064865168583, 0.005073910058457376]], "state_values": [2.364703810714931, 2.040321458041142, 1.5019552564310923, 4.009113626088146, 1.5446034286841281, -1.3026191018878384, -2.8330055976134343, 4.518861160908848, 2.464424416184479, 4.950559727985284, 4.938106649716179, 4.96253508701068, -2.9612546491833145, -0.2218511890455116, 3.4338219523872375, -4.00448056674865], "value_grad": [-1.3859996795654297, -2.37600040435791, -2.1780004501342773, -2.9699997901916504, 0.9107990264892578, -2.098799705505371, 3.999600410461426, 1.069199562072754, -0.6732001304626465, 1.346400260925293, 0.1584000587463379, -3.0095996856689453, 3.60360050201416, -2.494800567626953, 1.6236000061035156, -1.1484003067016602], "action_grad": [[0.0, 0.0, 0.0], [0.0, 0.0, 0.0], [0.0, 0.0, 0.0], [0.0, 0.0, 0.0], [0.0, 0.0, 0.0], [0.0, 0.0, 0.0], [0.0, 0.0, 0.0], [0.0, 0.0, 0.0], [0.0, 0.0, 0.0], [0.0, 0.0, 0.0], [0.0, 0.0, 0.0], [0.0, 0.0, 0.0], [0.0, 0.0, 0.0], [0.0, 0.0, 0.0], [0.0, 0.0, 0.0], [0.0, 0.0, 0.0]], "action_params_change": 0, "value_params_change": 0.4992248973346476}
{"iterations": 1, "type_itr": 0, "sub_iteration": 2, "sub_it_time": 0.11407732963562012, "total_time": 0.3477926254272461, "value_loss": 10.573201179504395, "action_loss": -1.7404450178146362, "action_probs": [[0.0014093487865511276, 0.02296132900568553, 0.05642034304910553, 0.9192089791586577], [0.15319242206658928, 0.0009654238503967593, 0.8405450108570865, 0.005297143225927332], [0.028139351422650387, 0.4935115106764342, 0.025803531580398262, 0.4525456063205171], [0.568317951277568, 0.40633189255861696, 0.014781666366333676, 0.010568489797481238], [0.44025810827642875, 0.3840303571399254, 0.09384873265097782, 0.08186280193266801], [0.19326208643339485, 0.4434232972953864, 0.11028200515787956, 0.2530326111133393], [0.3641379627180021, 0.33306730725944167, 0.15814432400335732, 0.1446504060191989], [0.0943946523572443, 0.05030473644669404, 0.5579553895986697, 0.29734522159739185], [0.02946566584187361, 2.417452381720498e-05, 0.9697145764545434, 0.000795583179765694], [0.0017319353129098141, 0.06796916387492734, 0.02311609912399957, 0.9071828016881633], [0.47806840084924584, 0.3326349112998766, 0.11162747640320697, 0.07766921144767058], [0.0031501763615893134, 0.3172617554164255, 0.006681468621506362, 0.6729065996004787], [0.30500050034101744, 0.004217629478169011, 0.681359841852905, 0.00942202832790868], [0.8315032697975229, 0.15433206285615045, 0.011947195260653602, 0.002217472085673075], [0.24043064706398173, 0.28825921528168047, 0.21433624783589816, 0.2569738898184396], [0.6487218833183048, 0.3364201417580693, 0.009784064865168583, 0.005073910058457376]], "state_values": [1.2621424860239872, 2.2712585846566378, 1.5615940916180102, 3.251627129322331, 2.1746763114384238, -1.2437420403084363, -1.9424648896041963, 4.587713068753341, 1.5032788446583625, 4.971642224143178, 4.999157864623449, 4.9965934483087535, -3.3909607647904623, 0.1932791374521627, 2.573406051281569, -4.041744782180879], "value_grad": [-0.6732006072998047, 0.8711996078491211, 3.207599639892578, -4.950000286102295, -5.900399684906006, -1.8612003326416016, 0.6732006072998047, -2.177999973297119, -1.7028007507324219, -2.059201240539551, -0.23760032653808594, -4.633200645446777, 0.9503998756408691, 1.2672014236450195, 3.2472009658813477, 1.4255995750427246], "action_grad": [[0.0, 0.0, 0.0], [0.0, 0.0, 0.0], [0.0, 0.0, 0.0], [0.0, 0.0, 0.0], [0.0, 0.0, 0.0], [0.0, 0.0, 0.0], [0.0, 0.0, 0.0], [0.0, 0.0, 0.0], [0.0, 0.0, 0.0], [0.0, 0.0, 0.0], [0.0, 0.0, 0.0], [0.0, 0.0, 0.0], [0.0, 0.0, 0.0], [0.0, 0.0, 0.0], [0.0, 0.0, 0.0], [0.0, 0.0, 0.0]], "action_params_change": 0, "value_params_change": 0.4748724265633255}
{"iterations": 1, "type_itr": 0, "sub_iteration": 3, "sub_it_time": 0.11375546455383301, "total_time": 0.46327996253967285, "value_loss": 5.227200031280518, "action_loss": -1.6607576608657837, "action_probs": [[0.0014093487865511276, 0.02296132900568553, 0.05642034304910553, 0.9192089791586577], [0.15319242206658928, 0.0009654238503967593, 0.8405450108570865, 0.005297143225927332], [0.028139351422650387, 0.4935115106764342, 0.025803531580398262, 0.4525456063205171], [0.568317951277568, 0.40633189255861696, 0.014781666366333676, 0.010568489797481238], [0.44025810827642875, 0.3840303571399254, 0.09384873265097782, 0.08186280193266801], [0.19326208643339485, 0.4434232972953864, 0.11028200515787956, 0.2530326111133393], [0.3641379627180021, 0.33306730725944167, 0.15814432400335732, 0.1446504060191989], [0.0943946523572443, 0.05030473644669404, 0.5579553895986697, 0.29734522159739185], [0.02946566584187361, 2.417452381720498e-05, 0.9697145764545434, 0.000795583179765694], [0.0017319353129098141, 0.06796916387492734, 0.02311609912399957, 0.9071828016881633], [0.47806840084924584, 0.3326349112998766, 0.11162747640320697, 0.07766921144767058], [0.0031501763615893134, 0.3172617554164255, 0.006681468621506362, 0.6729065996004787], [0.30500050034101744, 0.004217629478169011, 0.681359841852905, 0.00942202832790868], [0.8315032697975229, 0.15433206285615045, 0.011947195260653602, 0.002217472085673075], [0.24043064706398173, 0.28825921528168047, 0.21433624783589816, 0.2569738898184396], [0.6487218833183048, 0.3364201417580693, 0.009784064865168583, 0.005073910058457376]], "state_values": [1.1917021748956806, 2.3427593852640847, 1.5630041172393239, 2.4807696572993363, 2.5083925945966423, -1.1233946917444133, -0.9075174216426005, 4.764168509403763, 0.43282822752408984, 4.879255016978336, 4.986335777792982, 4.999567327986608, -3.277169074477005, 0.9596681027239504, 1.6062250690551185, -3.882673465896226], "value_grad": [2.2176003456115723, -0.7127995491027832, -0.27719926834106445, -0.27720022201538086, 1.386000156402588, -0.5147991180419922, 5.702400207519531, 2.138400077819824, -1.9008007049560547, -5.583600997924805, 1.5047996044158936, 0.9503998756408691, -3.7223997116088867, -3.326399803161621, 1.1879992485046387, 0.9108004570007324], "action_grad": [[0.0, 0.0, 0.0], [0.0, 0.0, 0.0], [0.0, 0.0, 0.0], [0.0, 0.0, 0.0], [0.0, 0.0, 0.0], [0.0, 0.0, 0.0], [0.0, 0.0, 0.0], [0.0, 0.0, 0.0], [0.0, 0.0, 0.0], [0.0, 0.0, 0.0], [0.0, 0.0, 0.0], [0.0, 0.0, 0.0], [0.0, 0.0, 0.0], [0.0, 0.0, 0.0], [0.0, 0.0, 0.0], [0.0, 0.0, 0.0]], "action_params_change": 0, "value_params_change": 0.4374120688508705}
{"iterations": 1, "type_itr": 0, "sub_iteration": 4, "sub_it_time": 0.11336374282836914, "total_time": 0.5781943798065186, "value_loss": 7.484400272369385, "action_loss": -1.5140602588653564, "action_probs": [[0.0014093487865511276, 0.02296132900568553, 0.05642034304910553, 0.9192089791586577], [0.15319242206658928, 0.0009654238503967593, 0.8405450108570865, 0.005297143225927332], [0.028139351422650387, 0.4935115106764342, 0.025803531580398262, 0.4525456063205171], [0.568317951277568, 0.40633189255861696, 0.014781666366333676, 0.010568489797481238], [0.44025810827642875, 0.3840303571399254, 0.09384873265097782, 0.08186280193266801], [0.19326208643339485, 0.4434232972953864, 0.11028200515787956, 0.2530326111133393], [0.3641379627180021, 0.33306730725944167, 0.15814432400335732, 0.1446504060191989], [0.0943946523572443, 0.05030473644669404, 0.5579553895986697, 0.29734522159739185], [0.02946566584187361, 2.417452381720498e-05, 0.9697145764545434, 0.000795583179765694], [0.0017319353129098141, 0.06796916387492734, 0.02311609912399957, 0.9071828016881633], [0.47806840084924584, 0.3326349112998766, 0.11162747640320697, 0.07766921144767058], [0.0031501763615893134, 0.3172617554164255, 0.006681468621506362, 0.6729065996004787], [0.30500050034101744, 0.004217629478169011, 0.681359841852905, 0.00942202832790868], [0.8315032697975229, 0.15433206285615045, 0.011947195260653602, 0.002217472085673075], [0.24043064706398173, 0.28825921528168047, 0.21433624783589816, 0.2569738898184396], [0.6487218833183048, 0.3364201417580693, 0.009784064865168583, 0.005073910058457376]], "state_values": [0.5672141266063293, 2.670944244722067, 1.7397753481772158, 1.5614662444497753, 2.502964170709145, -0.9036329405187624, 0.15914504134538907, 4.747471520715394, -0.49637505326300063, 4.773240761448318, 4.992439255279704, 4.983423978159383, -3.1522440763329276, 1.8317503814648923, 1.3310748820244358, -3.5326471636505534], "value_grad": [-5.662799835205078, 2.1780004501342773, 1.148399829864502, -2.6135995388031006, 2.9304001331329346, -0.9107992649078369, 2.138400077819824, -2.8908004760742188, -0.03959941864013672, 0.6336002349853516, -0.9107999801635742, -1.4255995750427246, -0.27720069885253906, -2.6135997772216797, -3.009599208831787, 1.1879997253417969], "action_grad": [[0.0, 0.0, 0.0], [0.0, 0.0, 0.0], [0.0, 0.0, 0.0], [0.0, 0.0, 0.0], [0.0, 0.0, 0.0], [0.0, 0.0, 0.0], [0.0, 0.0, 0.0], [0.0, 0.0, 0.0], [0.0, 0.0, 0.0], [0.0, 0.0, 0.0], [0.0, 0.0, 0.0], [0.0, 0.0, 0.0], [0.0, 0.0, 0.0], [0.0, 0.0, 0.0], [0.0, 0.0, 0.0], [0.0, 0.0, 0.0]], "action_params_change": 0, "value_params_change": 0.42869899940697076}
{"iterations": 1, "type_itr": 0, "sub_iteration": 5, "sub_it_time": 0.11163759231567383, "total_time": 0.691354513168335, "value_loss": 4.870800018310547, "action_loss": -1.499571681022644, "action_probs": [[0.0014093487865511276, 0.02296132900568553, 0.05642034304910553, 0.9192089791586577], [0.15319242206658928, 0.0009654238503967593, 0.8405450108570865, 0.005297143225927332], [0.028139351422650387, 0.4935115106764342, 0.025803531580398262, 0.4525456063205171], [0.568317951277568, 0.40633189255861696, 0.014781666366333676, 0.010568489797481238], [0.44025810827642875, 0.3840303571399254, 0.09384873265097782, 0.08186280193266801], [0.19326208643339485, 0.4434232972953864, 0.11028200515787956, 0.2530326111133393], [0.3641379627180021, 0.33306730725944167, 0.15814432400335732, 0.1446504060191989], [0.0943946523572443, 0.05030473644669404, 0.5579553895986697, 0.29734522159739185], [0.02946566584187361, 2.417452381720498e-05, 0.9697145764545434, 0.000795583179765694], [0.0017319353129098141, 0.06796916387492734, 0.02311609912399957, 0.9071828016881633], [0.47806840084924584, 0.3326349112998766, 0.11162747640320697, 0.07766921144767058], [0.0031501763615893134, 0.3172617554164255, 0.006681468621506362, 0.6729065996004787], [0.30500050034101744, 0.004217629478169011, 0.681359841852905, 0.00942202832790868], [0.8315032697975229, 0.15433206285615045, 0.011947195260653602, 0.002217472085673075], [0.24043064706398173, 0.28825921528168047, 0.21433624783589816, 0.2569738898184396], [0.6487218833183048, 0.3364201417580693, 0.009784064865168583, 0.005073910058457376]], "state_values": [-0.022035668584662636, 2.6495818645673634, 1.951462254107272, 0.8883789972617293, 2.655138010410339, -1.0097941158870893, 1.2127823776966495, 4.666987203487213, -1.2099596038559846, 4.6487048033731515, 4.946414888697494, 4.933098436799245, -2.816773143014286, 2.5653076228881795, 1.4424224329234416, -3.1604985879422522], "value_grad": [-0.43559980392456055, -2.5344009399414062, 0.43560028076171875, 1.5048003196716309, -1.9800000190734863, 2.455199956893921, 2.0988001823425293, -1.5443997383117676, 0.47520017623901367, -0.1979994773864746, 2.5344009399414062, -1.386000156402588, -2.7719998359680176, -0.27719974517822266, -2.851199150085449, 0.1979999542236328], "action_grad": [[0.0, 0.0, 0.0], [0.0, 0.0, 0.0], [0.0, 0.0, 0.0], [0.0, 0.0, 0.0], [0.0, 0.0, 0.0], [0.0, 0.0, 0.0], [0.0, 0.0, 0.0], [0.0, 0.0, 0.0], [0.0, 0.0, 0.0], [0.0, 0.0, 0.0], [0.0, 0.0, 0.0], [0.0, 0.0, 0.0], [0.0, 0.0, 0.0], [0.0, 0.0, 0.0], [0.0, 0.0, 0.0], [0.0, 0.0, 0.0]], "action_params_change": 0, "value_params_change": 0.42633154083599}
{"iterations": 1, "type_itr": 0, "sub_iteration": 6, "sub_it_time": 0.11248469352722168, "total_time": 0.805372953414917, "value_loss": 5.3856000900268555, "action_loss": -1.4615392684936523, "action_probs": [[0.0014093487865511276, 0.02296132900568553, 0.05642034304910553, 0.9192089791586577], [0.15319242206658928, 0.0009654238503967593, 0.8405450108570865, 0.005297143225927332], [0.028139351422650387, 0.4935115106764342, 0.025803531580398262, 0.4525456063205171], [0.568317951277568, 0.40633189255861696, 0.014781666366333676, 0.010568489797481238], [0.44025810827642875, 0.3840303571399254, 0.09384873265097782, 0.08186280193266801], [0.19326208643339485, 0.4434232972953864, 0.11028200515787956, 0.2530326111133393], [0.3641379627180021, 0.33306730725944167, 0.15814432400335732, 0.1446504060191989], [0.0943946523572443, 0.05030473644669404, 0.5579553895986697, 0.29734522159739185], [0.02946566584187361, 2.417452381720498e-05, 0.9697145764545434, 0.000795583179765694], [0.0017319353129098141, 0.06796916387492734, 0.02311609912399957, 0.9071828016881633], [0.47806840084924584, 0.3326349112998766, 0.11162747640320697, 0.07766921144767058], [0.0031501763615893134, 0.3172617554164255, 0.006681468621506362, 0.6729065996004787], [0.30500050034101744, 0.004217629478169011, 0.681359841852905, 0.00942202832790868], [0.8315032697975229, 0.15433206285615045, 0.011947195260653602, 0.002217472085673075], [0.24043064706398173, 0.28825921528168047, 0.21433624783589816, 0.2569738898184396], [0.6487218833183048, 0.3364201417580693, 0.009784064865168583, 0.005073910058457376]], "state_values": [-0.2219128459427796, 2.444311067188236, 2.1276580671267022, 0.08716544522770488, 2.70466684751491, -1.2786866266239902, 1.7521704795691682, 4.589879292708622, -1.9736668161272042, 4.424791118327627, 4.797828161289329, 4.901337822339979, -2.2398051925702176, 3.2964206717782623, 1.4709987470009065, -3.082519789744489], "value_grad": [2.9700002670288086, -1.9404001235961914, -0.03959989547729492, -2.772000551223755, 1.0692005157470703, 1.7424001693725586, -3.722399950027466, 0.039600372314453125, -1.5047998428344727, -2.5343997478485107, 2.3364005088806152, 2.059199810028076, -4.553999900817871, -2.1780002117156982, 0.6336002349853516, -1.2671997547149658], "action_grad": [[0.0, 0.0, 0.0], [0.0, 0.0, 0.0], [0.0, 0.0, 0.0], [0.0, 0.0, 0.0], [0.0, 0.0, 0.0], [0.0, 0.0, 0.0], [0.0, 0.0, 0.0], [0.0, 0.0, 0.0], [0.0, 0.0, 0.0], [0.0, 0.0, 0.0], [0.0, 0.0, 0.0], [0.0, 0.0, 0.0], [0.0, 0.0, 0.0], [0.0, 0.0, 0.0], [0.0, 0.0, 0.0], [0.0, 0.0, 0.0]], "action_params_change": 0, "value_params_change": 0.3622370559190031}
{"iterations": 1, "type_itr": 0, "sub_iteration": 7, "sub_it_time": 0.12175416946411133, "total_time": 0.9290416240692139, "value_loss": 3.682800054550171, "action_loss": -1.4072068929672241, "action_probs": [[0.0014093487865511276, 0.02296132900568553, 0.05642034304910553, 0.9192089791586577], [0.15319242206658928, 0.0009654238503967593, 0.8405450108570865, 0.005297143225927332], [0.028139351422650387, 0.4935115106764342, 0.025803531580398262, 0.4525456063205171], [0.568317951277568, 0.40633189255861696, 0.014781666366333676, 0.010568489797481238], [0.44025810827642875, 0.3840303571399254, 0.09384873265097782, 0.08186280193266801], [0.19326208643339485, 0.4434232972953864, 0.11028200515787956, 0.2530326111133393], [0.3641379627180021, 0.33306730725944167, 0.15814432400335732, 0.1446504060191989], [0.0943946523572443, 0.05030473644669404, 0.5579553895986697, 0.29734522159739185], [0.02946566584187361, 2.417452381720498e-05, 0.9697145764545434, 0.000795583179765694], [0.0017319353129098141, 0.06796916387492734, 0.02311609912399957, 0.9071828016881633], [0.47806840084924584, 0.3326349112998766, 0.11162747640320697, 0.07766921144767058], [0.0031501763615893134, 0.3172617554164255, 0.006681468621506362, 0.6729065996004787], [0.30500050034101744, 0.004217629478169011, 0.681359841852905, 0.00942202832790868], [0.8315032697975229, 0.15433206285615045, 0.011947195260653602, 0.002217472085673075], [0.24043064706398173, 0.28825921528168047, 0.21433624783589816, 0.2569738898184396], [0.6487218833183048, 0.3364201417580693, 0.009784064865168583, 0.005073910058457376]], "state_values": [-0.482240991646312, 2.3175258035216464, 2.4013378019260414, -0.525926448423397, 2.4041363805594225, -1.714188698794835, 2.1231008230081407, 4.337108920375115, -1.9158319835591597, 4.204879824531421, 4.5713161197993, 4.912688451616176, -1.919979462127944, 3.5767613387558206, 1.492015595938184, -3.432216613075005], "value_grad": [-0.9899983406066895, 0.5939998626708984, 0.9900002479553223, 1.0296001434326172, 5.781600475311279, 2.37600040435791, -1.2672009468078613, -5.148000717163086, 5.979600429534912, 0.3960001468658447, 0.3168001174926758, 2.6927995681762695, 2.692800521850586, 3.1680002212524414, 0.03959941864013672, -4.039200305938721], "action_grad": [[0.0, 0.0, 0.0], [0.0, 0.0, 0.0], [0.0, 0.0, 0.0], [0.0, 0.0, 0.0], [0.0, 0.0, 0.0], [0.0, 0.0, 0.0], [0.0, 0.0, 0.0], [0.0, 0.0, 0.0], [0.0, 0.0, 0.0], [0.0, 0.0, 0.0], [0.0, 0.0, 0.0], [0.0, 0.0, 0.0], [0.0, 0.0, 0.0], [0.0, 0.0, 0.0], [0.0, 0.0, 0.0], [0.0, 0.0, 0.0]], "action_params_change": 0, "value_params_change": 0.26353898691946165}
{"iterations": 1, "type_itr": 0, "sub_iteration": 8, "sub_it_time": 0.11153388023376465, "total_time": 1.0420982837677002, "value_loss": 5.50439977645874, "action_loss": -1.2369656562805176, "action_probs": [[0.0014093487865511276, 0.02296132900568553, 0.05642034304910553, 0.9192089791586577], [0.15319242206658928, 0.0009654238503967593, 0.8405450108570865, 0.005297143225927332], [0.028139351422650387, 0.4935115106764342, 0.025803531580398262, 0.4525456063205171], [0.568317951277568, 0.40633189255861696, 0.014781666366333676, 0.010568489797481238], [0.44025810827642875, 0.3840303571399254, 0.09384873265097782, 0.08186280193266801], [0.19326208643339485, 0.4434232972953864, 0.11028200515787956, 0.2530326111133393], [0.3641379627180021, 0.33306730725944167, 0.15814432400335732, 0.1446504060191989], [0.0943946523572443, 0.05030473644669404, 0.5579553895986697, 0.29734522159739185], [0.02946566584187361, 2.417452381720498e-05, 0.9697145764545434, 0.000795583179765694], [0.0017319353129098141, 0.06796916387492734, 0.02311609912399957, 0.9071828016881633], [0.47806840084924584, 0.3326349112998766, 0.11162747640320697, 0.07766921144767058], [0.0031501763615893134, 0.3172617554164255, 0.006681468621506362, 0.6729065996004787], [0.30500050034101744, 0.004217629478169011, 0.681359841852905, 0.00942202832790868], [0.8315032697975229, 0.15433206285615045, 0.011947195260653602, 0.002217472085673075], [0.24043064706398173, 0.28825921528168047, 0.21433624783589816, 0.2569738898184396], [0.6487218833183048, 0.3364201417580693, 0.009784064865168583, 0.005073910058457376]], "state_values": [-0.5849514553476617, 2.1065958139290415, 2.7532431950230407, -1.1290441685394637, 2.010640390677251, -1.8134526295519178, 2.5469779649725597, 4.274398594091704, -1.9985427909875018, 3.9064203297203077, 4.248069806053114, 4.935517325609704, -1.3068163966552648, 3.7621587402534584, 1.7232534565300441, -3.7014820273514975], "value_grad": [1.4651999473571777, -1.029599666595459, 1.0692005157470703, -0.8316001892089844, 2.098799705505371, -3.0095999240875244, 1.9008002281188965, 4.276800155639648, -1.8215999603271484, -1.5443997383117676, 0.7920007705688477, 1.069199562072754, -7.8012003898620605, 0.712799072265625, -2.257200241088867, 0.1979994773864746], "action_grad": [[0.0, 0.0, 0.0], [0.0, 0.0, 0.0], [0.0, 0.0, 0.0], [0.0, 0.0, 0.0], [0.0, 0.0, 0.0], [0.0, 0.0, 0.0], [0.0, 0.0, 0.0], [0.0, 0.0, 0.0], [0.0, 0.0, 0.0], [0.0, 0.0, 0.0], [0.0, 0.0, 0.0], [0.0, 0.0, 0.0], [0.0, 0.0, 0.0], [0.0, 0.0, 0.0], [0.0, 0.0, 0.0], [0.0, 0.0, 0.0]], "action_params_change": 0, "value_params_change": 0.2768652220094121}
{"iterations": 1, "type_itr": 0, "sub_iteration": 9, "sub_it_time": 0.11163640022277832, "total_time": 1.1553709506988525, "value_loss": 2.257200241088867, "action_loss": -1.2224769592285156, "action_probs": [[0.0014093487865511276, 0.02296132900568553, 0.05642034304910553, 0.9192089791586577], [0.15319242206658928, 0.0009654238503967593, 0.8405450108570865, 0.005297143225927332], [0.028139351422650387, 0.4935115106764342, 0.025803531580398262, 0.4525456063205171], [0.568317951277568, 0.40633189255861696, 0.014781666366333676, 0.010568489797481238], [0.44025810827642875, 0.3840303571399254, 0.09384873265097782, 0.08186280193266801], [0.19326208643339485, 0.4434232972953864, 0.11028200515787956, 0.2530326111133393], [0.3641379627180021, 0.33306730725944167, 0.15814432400335732, 0.1446504060191989], [0.0943946523572443, 0.05030473644669404, 0.5579553895986697, 0.29734522159739185], [0.02946566584187361, 2.417452381720498e-05, 0.9697145764545434, 0.000795583179765694], [0.0017319353129098141, 0.06796916387492734, 0.02311609912399957, 0.9071828016881633], [0.47806840084924584, 0.3326349112998766, 0.11162747640320697, 0.07766921144767058], [0.0031501763615893134, 0.3172617554164255, 0.006681468621506362, 0.6729065996004787], [0.30500050034101744, 0.004217629478169011, 0.681359841852905, 0.00942202832790868], [0.8315032697975229, 0.15433206285615045, 0.011947195260653602, 0.002217472085673075], [0.24043064706398173, 0.28825921528168047, 0.21433624783589816, 0.2569738898184396], [0.6487218833183048, 0.3364201417580693, 0.009784064865168583, 0.005073910058457376]], "state_values": [-0.7090326784883733, 2.030917200565701, 2.8582240810891717, -1.6955676686433507, 1.6391052359497773, -1.7942937315110759, 3.0641873757975207, 4.120159121615361, -2.1054698909061176, 3.584589941186498, 4.005353299128347, 4.92860698126323, -0.5728770568723471, 3.954076820485952, 2.1776368446824566, -3.5019438518071855], "value_grad": [-0.39600038528442383, 1.188000202178955, -1.7028002738952637, -0.5543994903564453, 0.11879968643188477, -1.3463997840881348, 3.643199920654297, -2.613600254058838, -0.47519969940185547, -0.3563990592956543, -1.1484003067016602, -2.177999496459961, -3.9995996952056885, -0.6335992813110352, -3.563999652862549, 6.732000350952148], "action_grad": [[0.0, 0.0, 0.0], [0.0, 0.0, 0.0], [0.0, 0.0, 0.0], [0.0, 0.0, 0.0], [0.0, 0.0, 0.0], [0.0, 0.0, 0.0], [0.0, 0.0, 0.0], [0.0, 0.0, 0.0], [0.0, 0.0, 0.0], [0.0, 0.0, 0.0], [0.0, 0.0, 0.0], [0.0, 0.0, 0.0], [0.0, 0.0, 0.0], [0.0, 0.0, 0.0], [0.0, 0.0, 0.0], [0.0, 0.0, 0.0]], "action_params_change": 0, "value_params_change": 0.2992134404939635}
{"iterations": 1, "type_itr": 0, "sub_iteration": 10, "sub_it_time": 0.11260032653808594, "total_time": 1.2695350646972656, "value_loss": 5.623199939727783, "action_loss": -1.2188547849655151, "action_probs": [[0.0014093487865511276, 0.02296132900568553, 0.05642034304910553, 0.9192089791586577], [0.15319242206658928, 0.0009654238503967593, 0.8405450108570865, 0.005297143225927332], [0.028139351422650387, 0.4935115106764342, 0.025803531580398262, 0.4525456063205171], [0.568317951277568, 0.40633189255861696, 0.014781666366333676, 0.010568489797481238], [0.44025810827642875, 0.3840303571399254, 0.09384873265097782, 0.08186280193266801], [0.19326208643339485, 0.4434232972953864, 0.11028200515787956, 0.2530326111133393], [0.3641379627180021, 0.33306730725944167, 0.15814432400335732, 0.1446504060191989], [0.0943946523572443, 0.05030473644669404, 0.5579553895986697, 0.29734522159739185], [0.02946566584187361, 2.417452381720498e-05, 0.9697145764545434, 0.000795583179765694], [0.0017319353129098141, 0.06796916387492734, 0.02311609912399957, 0.9071828016881633], [0.47806840084924584, 0.3326349112998766, 0.11162747640320697, 0.07766921144767058], [0.0031501763615893134, 0.3172617554164255, 0.006681468621506362, 0.6729065996004787], [0.30500050034101744, 0.004217629478169011, 0.681359841852905, 0.00942202832790868], [0.8315032697975229, 0.15433206285615045, 0.011947195260653602, 0.002217472085673075], [0.24043064706398173, 0.28825921528168047, 0.21433624783589816, 0.2569738898184396], [0.6487218833183048, 0.3364201417580693, 0.009784064865168583, 0.005073910058457376]], "state_values": [-0.7545307439755518, 1.7275019574171209, 2.697504544615906, -2.3007407288889863, 1.329470070810551, -1.4783081798975841, 3.516305707311761, 4.108241610816967, -2.431719412039106, 3.2672318381867664, 3.777469073539221, 4.965745400481479, 0.2484847133480641, 3.9263276390844135, 2.7840908833351734, -3.243047439834954], "value_grad": [0.791999340057373, -2.8116002082824707, -2.653200387954712, -1.8215994834899902, -0.514801025390625, -4.474800109863281, 0.6731996536254883, 3.4056005477905273, -3.9204001426696777, 0.0, -0.1584000587463379, 4.712399959564209, -3.8411993980407715, 3.4452004432678223, -4.593600273132324, 1.346400499343872], "action_grad": [[0.0, 0.0, 0.0], [0.0, 0.0, 0.0], [0.0, 0.0, 0.0], [0.0, 0.0, 0.0], [0.0, 0.0, 0.0], [0.0, 0.0, 0.0], [0.0, 0.0, 0.0], [0.0, 0.0, 0.0], [0.0, 0.0, 0.0], [0.0, 0.0, 0.0], [0.0, 0.0, 0.0], [0.0, 0.0, 0.0], [0.0, 0.0, 0.0], [0.0, 0.0, 0.0], [0.0, 0.0, 0.0], [0.0, 0.0, 0.0]], "action_params_change": 0, "value_params_change": 0.3290900161896606}
{"iterations": 1, "type_itr": 0, "sub_iteration": 11, "sub_it_time": 0.11248230934143066, "total_time": 1.3836236000061035, "value_loss": 6.732000827789307, "action_loss": -1.421695590019226, "action_probs": [[0.0014093487865511276, 0.02296132900568553, 0.05642034304910553, 0.9192089791586577], [0.15319242206658928, 0.0009654238503967593, 0.8405450108570865, 0.005297143225927332], [0.028139351422650387, 0.4935115106764342, 0.025803531580398262, 0.4525456063205171], [0.568317951277568, 0.40633189255861696, 0.014781666366333676, 0.010568489797481238], [0.44025810827642875, 0.3840303571399254, 0.09384873265097782, 0.08186280193266801], [0.19326208643339485, 0.4434232972953864, 0.11028200515787956, 0.2530326111133393], [0.3641379627180021, 0.33306730725944167, 0.15814432400335732, 0.1446504060191989], [0.0943946523572443, 0.05030473644669404, 0.5579553895986697, 0.29734522159739185], [0.02946566584187361, 2.417452381720498e-05, 0.9697145764545434, 0.000795583179765694], [0.0017319353129098141, 0.06796916387492734, 0.02311609912399957, 0.9071828016881633], [0.47806840084924584, 0.3326349112998766, 0.11162747640320697, 0.07766921144767058], [0.0031501763615893134, 0.3172617554164255, 0.006681468621506362, 0.6729065996004787], [0.30500050034101744, 0.004217629478169011, 0.681359841852905, 0.00942202832790868], [0.8315032697975229, 0.15433206285615045, 0.011947195260653602, 0.002217472085673075], [0.24043064706398173, 0.28825921528168047, 0.21433624783589816, 0.2569738898184396], [0.6487218833183048, 0.3364201417580693, 0.009784064865168583, 0.005073910058457376]], "state_values": [-0.8403182259476626, 1.2080617430991352, 2.1879500330394532, -2.667885367789036, 0.9634935673184835, -1.062515223324232, 3.8780121141264936, 4.150989297180844, -2.6569797111791345, 2.9497829078336935, 3.5674186344690106, 4.954149039074145, 0.8480686124762911, 3.6268714303122525, 3.14236330566761, -2.8902125060472623], "value_grad": [-0.5543994903564453, -3.484800338745117, -7.207200527191162, 1.9404006004333496, 1.386000633239746, -1.9800002574920654, -0.03959941864013672, 1.5047998428344727, 0.9503998756408691, -0.1584000587463379, -0.11879968643188477, -5.464799880981445, 2.5739998817443848, 7.44480037689209, 2.336400032043457, 2.0196003913879395], "action_grad": [[0.0, 0.0, 0.0], [0.0, 0.0, 0.0], [0.0, 0.0, 0.0], [0.0, 0.0, 0.0], [0.0, 0.0, 0.0], [0.0, 0.0, 0.0], [0.0, 0.0, 0.0], [0.0, 0.0, 0.0], [0.0, 0.0, 0.0], [0.0, 0.0, 0.0], [0.0, 0.0, 0.0], [0.0, 0.0, 0.0], [0.0, 0.0, 0.0], [0.0, 0.0, 0.0], [0.0, 0.0, 0.0], [0.0, 0.0, 0.0]], "action_params_change": 0, "value_params_change": 0.24144055388366903}
{"iterations": 1, "type_itr": 0, "sub_iteration": 12, "sub_it_time": 0.11391687393188477, "total_time": 1.4990720748901367, "value_loss": 3.4056003093719482, "action_loss": -1.2043662071228027, "action_probs": [[0.0014093487865511276, 0.02296132900568553, 0.05642034304910553, 0.9192089791586577], [0.15319242206658928, 0.0009654238503967593, 0.8405450108570865, 0.005297143225927332], [0.028139351422650387, 0.4935115106764342, 0.025803531580398262, 0.4525456063205171], [0.568317951277568, 0.40633189255861696, 0.014781666366333676, 0.010568489797481238], [0.44025810827642875, 0.3840303571399254, 0.09384873265097782, 0.08186280193266801], [0.19326208643339485, 0.4434232972953864, 0.11028200515787956, 0.2530326111133393], [0.3641379627180021, 0.33306730725944167, 0.15814432400335732, 0.1446504060191989], [0.0943946523572443, 0.05030473644669404, 0.5579553895986697, 0.29734522159739185], [0.02946566584187361, 2.417452381720498e-05, 0.9697145764545434, 0.000795583179765694], [0.0017319353129098141, 0.06796916387492734, 0.02311609912399957, 0.9071828016881633], [0.47806840084924584, 0.3326349112998766, 0.11162747640320697, 0.07766921144767058], [0.0031501763615893134, 0.3172617554164255, 0.006681468621506362, 0.6729065996004787], [0.30500050034101744, 0.004217629478169011, 0.681359841852905, 0.00942202832790868], [0.8315032697975229, 0.15433206285615045, 0.011947195260653602, 0.002217472085673075], [0.24043064706398173, 0.28825921528168047, 0.21433624783589816, 0.2569738898184396], [0.6487218833183048, 0.3364201417580693, 0.009784064865168583, 0.005073910058457376]], "state_values": [-1.0581026917069452, 1.1102039584604815, 1.5122868596318948, -2.8831152399682045, 0.6263517679231647, -0.5228043005825083, 4.22840626476865, 4.141974673570281, -2.882600653981737, 2.7324737097781866, 3.3788340984205782, 4.966124211612453, 1.413008280902263, 3.4047287967294078, 3.423943737439759, -2.508567604291918], "value_grad": [-1.8216001987457275, 4.553999900817871, -4.078800678253174, 1.5048003196716309, 0.03960013389587402, -2.653200626373291, 2.0592005252838135, -1.3463997840881348, -0.5148000717163086, 1.148400068283081, -0.11879968643188477, 3.366000175476074, -0.7920012474060059, -1.6632003784179688, 0.3959999084472656, 0.7524003982543945], "action_grad": [[0.0, 0.0, 0.0], [0.0, 0.0, 0.0], [0.0, 0.0, 0.0], [0.0, 0.0, 0.0], [0.0, 0.0, 0.0], [0.0, 0.0, 0.0], [0.0, 0.0, 0.0], [0.0, 0.0, 0.0], [0.0, 0.0, 0.0], [0.0, 0.0, 0.0], [0.0, 0.0, 0.0], [0.0, 0.0, 0.0], [0.0, 0.0, 0.0], [0.0, 0.0, 0.0], [0.0, 0.0, 0.0], [0.0, 0.0, 0.0]], "action_params_change": 0, "value_params_change": 0.291293929113821}
{"iterations": 1, "type_itr": 0, "sub_iteration": 13, "sub_it_time": 0.11191630363464355, "total_time": 1.6126301288604736, "value_loss": 6.019200325012207, "action_loss": -1.1663336753845215, "action_probs": [[0.0014093487865511276, 0.02296132900568553, 0.05642034304910553, 0.9192089791586577], [0.15319242206658928, 0.0009654238503967593, 0.8405450108570865, 0.005297143225927332], [0.028139351422650387, 0.4935115106764342, 0.025803531580398262, 0.4525456063205171], [0.568317951277568, 0.40633189255861696, 0.014781666366333676, 0.010568489797481238], [0.44025810827642875, 0.3840303571399254, 0.09384873265097782, 0.08186280193266801], [0.19326208643339485, 0.4434232972953864, 0.11028200515787956, 0.2530326111133393], [0.3641379627180021, 0.33306730725944167, 0.15814432400335732, 0.1446504060191989], [0.0943946523572443, 0.05030473644669404, 0.5579553895986697, 0.29734522159739185], [0.02946566584187361, 2.417452381720498e-05, 0.9697145764545434, 0.000795583179765694], [0.0017319353129098141, 0.06796916387492734, 0.02311609912399957, 0.9071828016881633], [0.47806840084924584, 0.3326349112998766, 0.11162747640320697, 0.07766921144767058], [0.0031501763615893134, 0.3172617554164255, 0.006681468621506362, 0.6729065996004787], [0.30500050034101744, 0.004217629478169011, 0.681359841852905, 0.00942202832790868], [0.8315032697975229, 0.15433206285615045, 0.011947195260653602, 0.002217472085673075], [0.24043064706398173, 0.28825921528168047, 0.21433624783589816, 0.2569738898184396], [0.6487218833183048, 0.3364201417580693, 0.009784064865168583, 0.005073910058457376]], "state_values": [-1.049227934757457, 0.7177168535817591, 1.2736388185117318, -2.8796599872902457, 0.4328440740156596, -0.12090880870973714, 4.51866828411761, 4.210948940912722, -3.2171995667347377, 2.723920457320488, 3.274881917864372, 4.973087284568449, 1.907242516814519, 3.2917626386455874, 3.8016180156854475, -2.116626168508379], "value_grad": [2.6135997772216797, -5.464800834655762, 6.019200325012207, 3.0887997150421143, -1.7423996925354004, 1.3067998886108398, 1.029599666595459, 2.2968006134033203, -2.890800952911377, 2.692800283432007, -0.6732003688812256, -0.43560028076171875, 0.0, -2.217599868774414, -3.722400665283203, 0.4752006530761719], "action_grad": [[0.0, 0.0, 0.0], [0.0, 0.0, 0.0], [0.0, 0.0, 0.0], [0.0, 0.0, 0.0], [0.0, 0.0, 0.0], [0.0, 0.0, 0.0], [0.0, 0.0, 0.0], [0.0, 0.0, 0.0], [0.0, 0.0, 0.0], [0.0, 0.0, 0.0], [0.0, 0.0, 0.0], [0.0, 0.0, 0.0], [0.0, 0.0, 0.0], [0.0, 0.0, 0.0], [0.0, 0.0, 0.0], [0.0, 0.0, 0.0]], "action_params_change": 0, "value_params_change": 0.2411439120663047}
