{"iterations": 0, "type_itr": 0, "sub_iteration": 0, "sub_it_time": 0, "total_time": 0, "value_loss": 0, "action_loss": 0, "action_probs": [[0.34261943110483456, 0.00014776929499755822, 0.6569494620248897, 0.0002833375752782087], [0.13602368158558903, 0.5595597913364944, 0.05952967308824451, 0.24488685398967236], [0.3549499425228628, 0.35806392432023637, 0.14286638199606919, 0.14411975116083167], [0.5522574437383874, 0.20268719058502854, 0.17926301303434336, 0.06579235264224075], [0.12777573404092604, 0.7485520506930434, 0.01803241704915434, 0.1056397982168763], [0.02789838985538759, 0.005906560521655133, 0.7973768891858047, 0.16881816043715264], [0.3469289232863328, 0.6453446522282146, 0.0027013922306670726, 0.005025032254785547], [2.3086118149593457e-08, 0.12254008211392742, 1.6531031020262304e-07, 0.8774597294896443], [0.4347981096340437, 0.3508878700684197, 0.11860123930011982, 0.09571278099741669], [0.0005101839582695165, 0.6401668145851896, 0.00028613612100504636, 0.35903686533553564], [0.10977773836323176, 0.07482510283416655, 0.48489208172824205, 0.33050507707435967], [0.062931443346151, 0.16213201605182165, 0.21668499689913687, 0.5582515437028903], [0.46141595644842337, 0.46713787973248944, 0.03550294956374708, 0.03594321425534003], [0.7471312861173401, 0.13364801942977822, 0.1011303401628558, 0.01809035429002595], [0.0021567614476688483, 0.004603643784199615, 0.3168716656504439, 0.6763679291176875], [0.141898863071269, 0.7854924105983396, 0.011109761335759603, 0.061498964994631915]], "state_values": [4.535698662957135, -1.036701907487637, 4.537319104475827, -2.9018734055133284, -2.2452503011189164, -3.4361235560054464, 4.993850902521656, 3.6982474516722874, -2.0755874600602255, 4.287113188989598, 2.5457849714741614, 1.251899648015867, 4.295311685451734, -4.460759112622359, 1.3409045163010458, 3.318193989673638], "value_grad": [0.0, 0.0, 0.0, 0.0, 0.0, 0.0, 0.0, 0.0, 0.0, 0.0, 0.0, 0.0, 0.0, 0.0, 0.0, 0.0], "action_grad": [[0.0, 0.0, 0.0], [0.0, 0.0, 0.0], [0.0, 0.0, 0.0], [0.0, 0.0, 0.0], [0.0, 0.0, 0.0], [0.0, 0.0, 0.0], [0.0, 0.0, 0.0], [0.0, 0.0, 0.0], [0.0, 0.0, 0.0], [0.0, 0.0, 0.0], [0.0, 0.0, 0.0], [0.0, 0.0, 0.0], [0.0, 0.0, 0.0], [0.0, 0.0, 0.0], [0.0, 0.0, 0.0], [0.0, 0.0, 0.0]], "action_params_change": 0, "value_params_change": 0}
{"iterations": 1, "type_itr": 0, "sub_iteration": 0, "sub_it_time": 2.3922085762023926, "total_time": 2.3937888145446777, "value_loss": 11.221373558044434, "action_loss": -1.2360998392105103, "action_probs": [[0.34261943110483456, 0.00014776929499755822, 0.6569494620248897, 0.0002833375752782087], [0.13602368158558903, 0.5595597913364944, 0.05952967308824451, 0.24488685398967236], [0.3549499425228628, 0.35806392432023637, 0.14286638199606919, 0.14411975116083167], [0.5522574437383874, 0.20268719058502854, 0.17926301303434336, 0.06579235264224075], [0.12777573404092604, 0.7485520506930434, 0.01803241704915434, 0.1056397982168763], [0.02789838985538759, 0.005906560521655133, 0.7973768891858047, 0.16881816043715264], [0.3469289232863328, 0.6453446522282146, 0.0027013922306670726, 0.005025032254785547], [2.3086118149593457e-08, 0.12254008211392742, 1.6531031020262304e-07, 0.8774597294896443], [0.4347981096340437, 0.3508878700684197, 0.11860123930011982, 0.09571278099741669], [0.0005101839582695165, 0.6401668145851896, 0.00028613612100504636, 0.35903686533553564], [0.10977773836323176, 0.07482510283416655, 0.48489208172824205, 0.33050507707435967], [0.062931443346151, 0.16213201605182165, 0.21668499689913687, 0.5582515437028903], [0.46141595644842337, 0.46713787973248944, 0.03550294956374708, 0.03594321425534003], [0.7471312861173401, 0.13364801942977822, 0.1011303401628558, 0.01809035429002595], [0.0021567614476688483, 0.004603643784199615, 0.3168716656504439, 0.6763679291176875], [0.141898863071269, 0.7854924105983396, 0.011109761335759603, 0.061498964994631915]], "state_values": [3.874120341666102, 0.20566458292333872, 3.876555440105835, -1.8042946656049905, -1.070165569711766, -2.4306760790114885, 4.899935071516162, 2.7507731751192472, -0.8856616906877242, 3.517250997953616, 3.531313001324978, 2.410593720725213, 3.528586318801868, -3.7632789424041264, 0.10751306996475418, 2.289682820322315], "value_grad": [0.18192195892333984, 1.3048200607299805, -0.5144433975219727, 0.5409765243530273, 0.8231649398803711, 1.3139677047729492, -0.03092670440673828, -0.14026355743408203, -1.3555870056152344, -0.08834648132324219, -0.2184734344482422, -0.00209808349609375, -1.1008014678955078, -1.014632225036621, -0.5971279144287109, -0.4171457290649414], "action_grad": [[0.0, 0.0, 0.0], [0.0, 0.0, 0.0], [0.0, 0.0, 0.0], [0.0, 0.0, 0.0], [0.0, 0.0, 0.0], [0.0, 0.0, 0.0], [0.0, 0.0, 0.0], [0.0, 0.0, 0.0], [0.0, 0.0, 0.0], [0.0, 0.0, 0.0], [0.0, 0.0, 0.0], [0.0, 0.0, 0.0], [0.0, 0.0, 0.0], [0.0, 0.0, 0.0], [0.0, 0.0, 0.0], [0.0, 0.0, 0.0]], "action_params_change": 0, "value_params_change": 0.4999999963115611}
{"iterations": 1, "type_itr": 0, "sub_iteration": 1, "sub_it_time": 2.387415885925293, "total_time": 4.783625364303589, "value_loss": 6.930356502532959, "action_loss": -1.2341547012329102, "action_probs": [[0.34261943110483456, 0.00014776929499755822, 0.6569494620248897, 0.0002833375752782087], [0.13602368158558903, 0.5595597913364944, 0.05952967308824451, 0.24488685398967236], [0.3549499425228628, 0.35806392432023637, 0.14286638199606919, 0.14411975116083167], [0.5522574437383874, 0.20268719058502854, 0.17926301303434336, 0.06579235264224075], [0.12777573404092604, 0.7485520506930434, 0.01803241704915434, 0.1056397982168763], [0.02789838985538759, 0.005906560521655133, 0.7973768891858047, 0.16881816043715264], [0.3469289232863328, 0.6453446522282146, 0.0027013922306670726, 0.005025032254785547], [2.3086118149593457e-08, 0.12254008211392742, 1.6531031020262304e-07, 0.8774597294896443], [0.4347981096340437, 0.3508878700684197, 0.11860123930011982, 0.09571278099741669], [0.0005101839582695165, 0.6401668145851896, 0.00028613612100504636, 0.35903686533553564], [0.10977773836323176, 0.07482510283416655, 0.48489208172824205, 0.33050507707435967], [0.062931443346151, 0.16213201605182165, 0.21668499689913687, 0.5582515437028903], [0.46141595644842337, 0.46713787973248944, 0.03550294956374708, 0.03594321425534003], [0.7471312861173401, 0.13364801942977822, 0.1011303401628558, 0.01809035429002595], [0.0021567614476688483, 0.004603643784199615, 0.3168716656504439, 0.6763679291176875], [0.141898863071269, 0.7854924105983396, 0.011109761335759603, 0.061498964994631915]], "state_values": [3.18345116588801, 1.3674148648017475, 2.980216934799734, -0.5977319908318824, 0.09485853806900378, -1.2771881004841648, 4.605807285484301, 1.8603548182543324, 0.3332159149902487, 2.570140449501812, 3.4306074877701613, 3.250047106917218, 2.551550811648659, -2.830591294392568, -1.0693048468235111, 1.1263206064598004], "value_grad": [0.030808448791503906, 0.7057905197143555, -0.45211362838745117, 0.5027618408203125, 0.43053150177001953, 1.2217798233032227, -0.36978626251220703, -0.028590679168701172, -0.9802193641662598, -0.18287277221679688, 0.24627256393432617, -0.017621994018554688, -0.9224424362182617, -1.1687145233154297, -0.3339862823486328, -0.3620624542236328], "action_grad": [[0.0, 0.0, 0.0], [0.0, 0.0, 0.0], [0.0, 0.0, 0.0], [0.0, 0.0, 0.0], [0.0, 0.0, 0.0], [0.0, 0.0, 0.0], [0.0, 0.0, 0.0], [0.0, 0.0, 0.0], [0.0, 0.0, 0.0], [0.0, 0.0, 0.0], [0.0, 0.0, 0.0], [0.0, 0.0, 0.0], [0.0, 0.0, 0.0], [0.0, 0.0, 0.0], [0.0, 0.0, 0.0], [0.0, 0.0, 0.0]], "action_params_change": 0, "value_params_change": 0.5005944942757212}
{"iterations": 1, "type_itr": 0, "sub_iteration": 2, "sub_it_time": 2.33768367767334, "total_time": 7.123080730438232, "value_loss": 3.9002039432525635, "action_loss": -1.1813130378723145, "action_probs": [[0.34261943110483456, 0.00014776929499755822, 0.6569494620248897, 0.0002833375752782087], [0.13602368158558903, 0.5595597913364944, 0.05952967308824451, 0.24488685398967236], [0.3549499425228628, 0.35806392432023637, 0.14286638199606919, 0.14411975116083167], [0.5522574437383874, 0.20268719058502854, 0.17926301303434336, 0.06579235264224075], [0.12777573404092604, 0.7485520506930434, 0.01803241704915434, 0.1056397982168763], [0.02789838985538759, 0.005906560521655133, 0.7973768891858047, 0.16881816043715264], [0.3469289232863328, 0.6453446522282146, 0.0027013922306670726, 0.005025032254785547], [2.3086118149593457e-08, 0.12254008211392742, 1.6531031020262304e-07, 0.8774597294896443], [0.4347981096340437, 0.3508878700684197, 0.11860123930011982, 0.09571278099741669], [0.0005101839582695165, 0.6401668145851896, 0.00028613612100504636, 0.35903686533553564], [0.10977773836323176, 0.07482510283416655, 0.48489208172824205, 0.33050507707435967], [0.062931443346151, 0.16213201605182165, 0.21668499689913687, 0.5582515437028903], [0.46141595644842337, 0.46713787973248944, 0.03550294956374708, 0.03594321425534003], [0.7471312861173401, 0.13364801942977822, 0.1011303401628558, 0.01809035429002595], [0.0021567614476688483, 0.004603643784199615, 0.3168716656504439, 0.6763679291176875], [0.141898863071269, 0.7854924105983396, 0.011109761335759603, 0.061498964994631915]], "state_values": [2.267283038621251, 2.279980788553643, 1.9111446406282895, 0.6157176488220039, 1.1334674368220172, -0.052849750151550474, 4.074278189763025, 0.7987033072268336, 1.463594561710204, 1.459038764684774, 2.8420137725292554, 3.117916101300716, 1.4244675344254558, -1.7299862626814209, -1.839878935762277, 0.07867503428432873], "value_grad": [0.22809576988220215, 0.13939237594604492, -0.39627718925476074, 0.36047887802124023, 0.18968439102172852, 1.0940296649932861, -0.5496482849121094, -0.1949901580810547, -0.5648937225341797, -0.21364212036132812, 0.6293237209320068, 0.023957490921020508, -0.8698928356170654, -0.9522614479064941, 0.08811020851135254, -0.0735774040222168], "action_grad": [[0.0, 0.0, 0.0], [0.0, 0.0, 0.0], [0.0, 0.0, 0.0], [0.0, 0.0, 0.0], [0.0, 0.0, 0.0], [0.0, 0.0, 0.0], [0.0, 0.0, 0.0], [0.0, 0.0, 0.0], [0.0, 0.0, 0.0], [0.0, 0.0, 0.0], [0.0, 0.0, 0.0], [0.0, 0.0, 0.0], [0.0, 0.0, 0.0], [0.0, 0.0, 0.0], [0.0, 0.0, 0.0], [0.0, 0.0, 0.0]], "action_params_change": 0, "value_params_change": 0.49697544056128695}
{"iterations": 1, "type_itr": 0, "sub_iteration": 3, "sub_it_time": 2.3372206687927246, "total_time": 9.462136507034302, "value_loss": 2.148458480834961, "action_loss": -1.006723403930664, "action_probs": [[0.34261943110483456, 0.00014776929499755822, 0.6569494620248897, 0.0002833375752782087], [0.13602368158558903, 0.5595597913364944, 0.05952967308824451, 0.24488685398967236], [0.3549499425228628, 0.35806392432023637, 0.14286638199606919, 0.14411975116083167], [0.5522574437383874, 0.20268719058502854, 0.17926301303434336, 0.06579235264224075], [0.12777573404092604, 0.7485520506930434, 0.01803241704915434, 0.1056397982168763], [0.02789838985538759, 0.005906560521655133, 0.7973768891858047, 0.16881816043715264], [0.3469289232863328, 0.6453446522282146, 0.0027013922306670726, 0.005025032254785547], [2.3086118149593457e-08, 0.12254008211392742, 1.6531031020262304e-07, 0.8774597294896443], [0.4347981096340437, 0.3508878700684197, 0.11860123930011982, 0.09571278099741669], [0.0005101839582695165, 0.6401668145851896, 0.00028613612100504636, 0.35903686533553564], [0.10977773836323176, 0.07482510283416655, 0.48489208172824205, 0.33050507707435967], [0.062931443346151, 0.16213201605182165, 0.21668499689913687, 0.5582515437028903], [0.46141595644842337, 0.46713787973248944, 0.03550294956374708, 0.03594321425534003], [0.7471312861173401, 0.13364801942977822, 0.1011303401628558, 0.01809035429002595], [0.0021567614476688483, 0.004603643784199615, 0.3168716656504439, 0.6763679291176875], [0.141898863071269, 0.7854924105983396, 0.011109761335759603, 0.061498964994631915]], "state_values": [1.193292420626322, 2.8566492483780697, 1.132885008064513, 1.7769993459752127, 1.9098247713855498, 1.1198979941808567, 3.3168937963028737, -0.3372117039301897, 2.2883793960163397, 0.3129139967137642, 2.015732375260924, 2.508183829447532, 0.2618951627085685, -0.5438774092691875, -1.9738817617638134, -0.3663533151569635], "value_grad": [0.18536734580993652, -0.25011324882507324, 0.1838233470916748, 0.34285664558410645, -0.05393528938293457, 0.639817476272583, -0.7605973482131958, -0.28325867652893066, 0.12113642692565918, -0.09032773971557617, 0.645677924156189, 0.1245417594909668, -0.5315905809402466, -0.7777043581008911, 0.4611024856567383, 0.2812790870666504], "action_grad": [[0.0, 0.0, 0.0], [0.0, 0.0, 0.0], [0.0, 0.0, 0.0], [0.0, 0.0, 0.0], [0.0, 0.0, 0.0], [0.0, 0.0, 0.0], [0.0, 0.0, 0.0], [0.0, 0.0, 0.0], [0.0, 0.0, 0.0], [0.0, 0.0, 0.0], [0.0, 0.0, 0.0], [0.0, 0.0, 0.0], [0.0, 0.0, 0.0], [0.0, 0.0, 0.0], [0.0, 0.0, 0.0], [0.0, 0.0, 0.0]], "action_params_change": 0, "value_params_change": 0.4886206798712731}
{"iterations": 1, "type_itr": 0, "sub_iteration": 4, "sub_it_time": 2.378007173538208, "total_time": 11.841869115829468, "value_loss": 1.7669124603271484, "action_loss": -0.7976092100143433, "action_probs": [[0.34261943110483456, 0.00014776929499755822, 0.6569494620248897, 0.0002833375752782087], [0.13602368158558903, 0.5595597913364944, 0.05952967308824451, 0.24488685398967236], [0.3549499425228628, 0.35806392432023637, 0.14286638199606919, 0.14411975116083167], [0.5522574437383874, 0.20268719058502854, 0.17926301303434336, 0.06579235264224075], [0.12777573404092604, 0.7485520506930434, 0.01803241704915434, 0.1056397982168763], [0.02789838985538759, 0.005906560521655133, 0.7973768891858047, 0.16881816043715264], [0.3469289232863328, 0.6453446522282146, 0.0027013922306670726, 0.005025032254785547], [2.3086118149593457e-08, 0.12254008211392742, 1.6531031020262304e-07, 0.8774597294896443], [0.4347981096340437, 0.3508878700684197, 0.11860123930011982, 0.09571278099741669], [0.0005101839582695165, 0.6401668145851896, 0.00028613612100504636, 0.35903686533553564], [0.10977773836323176, 0.07482510283416655, 0.48489208172824205, 0.33050507707435967], [0.062931443346151, 0.16213201605182165, 0.21668499689913687, 0.5582515437028903], [0.46141595644842337, 0.46713787973248944, 0.03550294956374708, 0.03594321425534003], [0.7471312861173401, 0.13364801942977822, 0.1011303401628558, 0.01809035429002595], [0.0021567614476688483, 0.004603643784199615, 0.3168716656504439, 0.6763679291176875], [0.141898863071269, 0.7854924105983396, 0.011109761335759603, 0.061498964994631915]], "state_values": [0.1314428698818055, 3.158547872386803, 0.9573747138052918, 2.8308913919652254, 2.3005457600891077, 2.0963482047638413, 2.353922443704892, -1.3326963245379129, 2.730497728057067, -0.7878779653244894, 1.0378155437034469, 1.972450105851175, -0.687555789178187, 0.5100240225086768, -1.7577048403890723, -0.46294735870701287], "value_grad": [0.06058812141418457, -0.3939805030822754, 0.5627951622009277, 0.34812355041503906, -0.3255516290664673, 0.11519646644592285, -0.8030091524124146, -0.027917861938476562, 0.5615676641464233, -0.06359779834747314, 0.5194330215454102, -0.004593491554260254, 0.11753273010253906, -0.06957709789276123, 0.475358247756958, 0.248687744140625], "action_grad": [[0.0, 0.0, 0.0], [0.0, 0.0, 0.0], [0.0, 0.0, 0.0], [0.0, 0.0, 0.0], [0.0, 0.0, 0.0], [0.0, 0.0, 0.0], [0.0, 0.0, 0.0], [0.0, 0.0, 0.0], [0.0, 0.0, 0.0], [0.0, 0.0, 0.0], [0.0, 0.0, 0.0], [0.0, 0.0, 0.0], [0.0, 0.0, 0.0], [0.0, 0.0, 0.0], [0.0, 0.0, 0.0], [0.0, 0.0, 0.0]], "action_params_change": 0, "value_params_change": 0.477040362202263}
{"iterations": 1, "type_itr": 0, "sub_iteration": 5, "sub_it_time": 2.3734216690063477, "total_time": 14.217023134231567, "value_loss": 2.118560552597046, "action_loss": -0.6079332828521729, "action_probs": [[0.34261943110483456, 0.00014776929499755822, 0.6569494620248897, 0.0002833375752782087], [0.13602368158558903, 0.5595597913364944, 0.05952967308824451, 0.24488685398967236], [0.3549499425228628, 0.35806392432023637, 0.14286638199606919, 0.14411975116083167], [0.5522574437383874, 0.20268719058502854, 0.17926301303434336, 0.06579235264224075], [0.12777573404092604, 0.7485520506930434, 0.01803241704915434, 0.1056397982168763], [0.02789838985538759, 0.005906560521655133, 0.7973768891858047, 0.16881816043715264], [0.3469289232863328, 0.6453446522282146, 0.0027013922306670726, 0.005025032254785547], [2.3086118149593457e-08, 0.12254008211392742, 1.6531031020262304e-07, 0.8774597294896443], [0.4347981096340437, 0.3508878700684197, 0.11860123930011982, 0.09571278099741669], [0.0005101839582695165, 0.6401668145851896, 0.00028613612100504636, 0.35903686533553564], [0.10977773836323176, 0.07482510283416655, 0.48489208172824205, 0.33050507707435967], [0.062931443346151, 0.16213201605182165, 0.21668499689913687, 0.5582515437028903], [0.46141595644842337, 0.46713787973248944, 0.03550294956374708, 0.03594321425534003], [0.7471312861173401, 0.13364801942977822, 0.1011303401628558, 0.01809035429002595], [0.0021567614476688483, 0.004603643784199615, 0.3168716656504439, 0.6763679291176875], [0.141898863071269, 0.7854924105983396, 0.011109761335759603, 0.061498964994631915]], "state_values": [-0.8031956643374688, 3.2324687320482752, 1.0964173849785717, 3.712842520827643, 2.4441348672378944, 2.7470510750001775, 1.2340315217052449, -1.785466091877331, 2.8594093884287517, -1.6305061611838878, 0.0020948485073913592, 1.2468660176354631, -1.313257430688143, 1.212240216520818, -1.2290106102920657, -0.31437134677160467], "value_grad": [0.007088422775268555, -0.5353920459747314, 0.47199249267578125, 0.29636645317077637, -0.3081672191619873, -0.440629243850708, -0.7466580867767334, 0.19186186790466309, 0.773506760597229, 0.036669254302978516, 0.34697532653808594, 0.07032942771911621, 0.4368278980255127, 0.5205814838409424, 0.7238481044769287, 0.24924230575561523], "action_grad": [[0.0, 0.0, 0.0], [0.0, 0.0, 0.0], [0.0, 0.0, 0.0], [0.0, 0.0, 0.0], [0.0, 0.0, 0.0], [0.0, 0.0, 0.0], [0.0, 0.0, 0.0], [0.0, 0.0, 0.0], [0.0, 0.0, 0.0], [0.0, 0.0, 0.0], [0.0, 0.0, 0.0], [0.0, 0.0, 0.0], [0.0, 0.0, 0.0], [0.0, 0.0, 0.0], [0.0, 0.0, 0.0], [0.0, 0.0, 0.0]], "action_params_change": 0, "value_params_change": 0.4815930843573568}
{"iterations": 1, "type_itr": 0, "sub_iteration": 6, "sub_it_time": 2.3558220863342285, "total_time": 16.575012683868408, "value_loss": 2.7808704376220703, "action_loss": -0.4654938876628876, "action_probs": [[0.34261943110483456, 0.00014776929499755822, 0.6569494620248897, 0.0002833375752782087], [0.13602368158558903, 0.5595597913364944, 0.05952967308824451, 0.24488685398967236], [0.3549499425228628, 0.35806392432023637, 0.14286638199606919, 0.14411975116083167], [0.5522574437383874, 0.20268719058502854, 0.17926301303434336, 0.06579235264224075], [0.12777573404092604, 0.7485520506930434, 0.01803241704915434, 0.1056397982168763], [0.02789838985538759, 0.005906560521655133, 0.7973768891858047, 0.16881816043715264], [0.3469289232863328, 0.6453446522282146, 0.0027013922306670726, 0.005025032254785547], [2.3086118149593457e-08, 0.12254008211392742, 1.6531031020262304e-07, 0.8774597294896443], [0.4347981096340437, 0.3508878700684197, 0.11860123930011982, 0.09571278099741669], [0.0005101839582695165, 0.6401668145851896, 0.00028613612100504636, 0.35903686533553564], [0.10977773836323176, 0.07482510283416655, 0.48489208172824205, 0.33050507707435967], [0.062931443346151, 0.16213201605182165, 0.21668499689913687, 0.5582515437028903], [0.46141595644842337, 0.46713787973248944, 0.03550294956374708, 0.03594321425534003], [0.7471312861173401, 0.13364801942977822, 0.1011303401628558, 0.01809035429002595], [0.0021567614476688483, 0.004603643784199615, 0.3168716656504439, 0.6763679291176875], [0.141898863071269, 0.7854924105983396, 0.011109761335759603, 0.061498964994631915]], "state_values": [-1.4236132962275017, 3.149356185356662, 1.4238149096606376, 4.379104709318747, 2.36279096123123, 3.1261029339026583, 0.06792644393584808, -1.9509606229584038, 2.7655089207409143, -2.2783281294799265, -0.9794495925281357, 0.3430217633488584, -1.5194342059291346, 1.5239493072792574, -0.5122062943051202, -0.06443369245917158], "value_grad": [-0.08993148803710938, -0.5124635696411133, 0.4098999500274658, 0.2556571960449219, -0.4001178741455078, -0.5871098041534424, -0.39667344093322754, 0.15024232864379883, 0.8194825649261475, 0.026175498962402344, 0.15503430366516113, 0.16980504989624023, 0.9102060794830322, 0.8723886013031006, 0.6557364463806152, 0.14101552963256836], "action_grad": [[0.0, 0.0, 0.0], [0.0, 0.0, 0.0], [0.0, 0.0, 0.0], [0.0, 0.0, 0.0], [0.0, 0.0, 0.0], [0.0, 0.0, 0.0], [0.0, 0.0, 0.0], [0.0, 0.0, 0.0], [0.0, 0.0, 0.0], [0.0, 0.0, 0.0], [0.0, 0.0, 0.0], [0.0, 0.0, 0.0], [0.0, 0.0, 0.0], [0.0, 0.0, 0.0], [0.0, 0.0, 0.0], [0.0, 0.0, 0.0]], "action_params_change": 0, "value_params_change": 0.4715950222765537}
{"iterations": 1, "type_itr": 0, "sub_iteration": 7, "sub_it_time": 2.3941962718963623, "total_time": 18.971198558807373, "value_loss": 3.150932550430298, "action_loss": -0.3510338366031647, "action_probs": [[0.34261943110483456, 0.00014776929499755822, 0.6569494620248897, 0.0002833375752782087], [0.13602368158558903, 0.5595597913364944, 0.05952967308824451, 0.24488685398967236], [0.3549499425228628, 0.35806392432023637, 0.14286638199606919, 0.14411975116083167], [0.5522574437383874, 0.20268719058502854, 0.17926301303434336, 0.06579235264224075], [0.12777573404092604, 0.7485520506930434, 0.01803241704915434, 0.1056397982168763], [0.02789838985538759, 0.005906560521655133, 0.7973768891858047, 0.16881816043715264], [0.3469289232863328, 0.6453446522282146, 0.0027013922306670726, 0.005025032254785547], [2.3086118149593457e-08, 0.12254008211392742, 1.6531031020262304e-07, 0.8774597294896443], [0.4347981096340437, 0.3508878700684197, 0.11860123930011982, 0.09571278099741669], [0.0005101839582695165, 0.6401668145851896, 0.00028613612100504636, 0.35903686533553564], [0.10977773836323176, 0.07482510283416655, 0.48489208172824205, 0.33050507707435967], [0.062931443346151, 0.16213201605182165, 0.21668499689913687, 0.5582515437028903], [0.46141595644842337, 0.46713787973248944, 0.03550294956374708, 0.03594321425534003], [0.7471312861173401, 0.13364801942977822, 0.1011303401628558, 0.01809035429002595], [0.0021567614476688483, 0.004603643784199615, 0.3168716656504439, 0.6763679291176875], [0.141898863071269, 0.7854924105983396, 0.011109761335759603, 0.061498964994631915]], "state_values": [-1.8468885141139133, 2.903235503065231, 1.8562710197929202, 4.801014690193418, 2.087931645946356, 3.2760899828642245, -0.975871470494306, -1.9255249153421357, 2.4622648903776705, -2.500882131747993, -1.774933722369274, -0.4902763779431025, -1.445991213164644, 1.5325485709765188, 0.21912742744434624, 0.11006304457013005], "value_grad": [-0.06248879432678223, -0.6557760238647461, 0.3356893062591553, 0.17190337181091309, -0.45056867599487305, -0.7737445831298828, -0.027126312255859375, 0.13368964195251465, 1.026906967163086, 0.17067575454711914, -0.07531929016113281, 0.009701728820800781, 0.8956727981567383, 0.9874653816223145, 0.21871113777160645, -0.053539276123046875], "action_grad": [[0.0, 0.0, 0.0], [0.0, 0.0, 0.0], [0.0, 0.0, 0.0], [0.0, 0.0, 0.0], [0.0, 0.0, 0.0], [0.0, 0.0, 0.0], [0.0, 0.0, 0.0], [0.0, 0.0, 0.0], [0.0, 0.0, 0.0], [0.0, 0.0, 0.0], [0.0, 0.0, 0.0], [0.0, 0.0, 0.0], [0.0, 0.0, 0.0], [0.0, 0.0, 0.0], [0.0, 0.0, 0.0], [0.0, 0.0, 0.0]], "action_params_change": 0, "value_params_change": 0.4411874900019681}
{"iterations": 1, "type_itr": 0, "sub_iteration": 8, "sub_it_time": 2.367955207824707, "total_time": 21.34095335006714, "value_loss": 3.4069066047668457, "action_loss": -0.2725888192653656, "action_probs": [[0.34261943110483456, 0.00014776929499755822, 0.6569494620248897, 0.0002833375752782087], [0.13602368158558903, 0.5595597913364944, 0.05952967308824451, 0.24488685398967236], [0.3549499425228628, 0.35806392432023637, 0.14286638199606919, 0.14411975116083167], [0.5522574437383874, 0.20268719058502854, 0.17926301303434336, 0.06579235264224075], [0.12777573404092604, 0.7485520506930434, 0.01803241704915434, 0.1056397982168763], [0.02789838985538759, 0.005906560521655133, 0.7973768891858047, 0.16881816043715264], [0.3469289232863328, 0.6453446522282146, 0.0027013922306670726, 0.005025032254785547], [2.3086118149593457e-08, 0.12254008211392742, 1.6531031020262304e-07, 0.8774597294896443], [0.4347981096340437, 0.3508878700684197, 0.11860123930011982, 0.09571278099741669], [0.0005101839582695165, 0.6401668145851896, 0.00028613612100504636, 0.35903686533553564], [0.10977773836323176, 0.07482510283416655, 0.48489208172824205, 0.33050507707435967], [0.062931443346151, 0.16213201605182165, 0.21668499689913687, 0.5582515437028903], [0.46141595644842337, 0.46713787973248944, 0.03550294956374708, 0.03594321425534003], [0.7471312861173401, 0.13364801942977822, 0.1011303401628558, 0.01809035429002595], [0.0021567614476688483, 0.004603643784199615, 0.3168716656504439, 0.6763679291176875], [0.141898863071269, 0.7854924105983396, 0.011109761335759603, 0.061498964994631915]], "state_values": [-1.8416129140228197, 2.4956910870774562, 2.3325878444454475, 4.985711513586754, 1.699215903539458, 3.239573594203933, -1.609300451398506, -2.083258958372453, 2.0015283327514504, -2.7647424467179453, -2.3344620692036147, -0.8527665564639115, -1.1896650791415144, 1.3758488961579465, 0.8764035138500047, 0.07182799747374909], "value_grad": [-0.24365854263305664, -0.7499444484710693, 0.2585482597351074, 0.10893988609313965, -0.3205225467681885, -0.8962666988372803, 0.5811300277709961, -0.1568162441253662, 0.9283030033111572, -0.05231165885925293, -0.2102363109588623, -0.11947321891784668, 0.7735066413879395, 0.7097113132476807, 0.02665114402770996, -0.2331256866455078], "action_grad": [[0.0, 0.0, 0.0], [0.0, 0.0, 0.0], [0.0, 0.0, 0.0], [0.0, 0.0, 0.0], [0.0, 0.0, 0.0], [0.0, 0.0, 0.0], [0.0, 0.0, 0.0], [0.0, 0.0, 0.0], [0.0, 0.0, 0.0], [0.0, 0.0, 0.0], [0.0, 0.0, 0.0], [0.0, 0.0, 0.0], [0.0, 0.0, 0.0], [0.0, 0.0, 0.0], [0.0, 0.0, 0.0], [0.0, 0.0, 0.0]], "action_params_change": 0, "value_params_change": 0.41490036785898804}
{"iterations": 1, "type_itr": 0, "sub_iteration": 9, "sub_it_time": 2.3710505962371826, "total_time": 23.71373152732849, "value_loss": 3.5215885639190674, "action_loss": -0.2112114429473877, "action_probs": [[0.34261943110483456, 0.00014776929499755822, 0.6569494620248897, 0.0002833375752782087], [0.13602368158558903, 0.5595597913364944, 0.05952967308824451, 0.24488685398967236], [0.3549499425228628, 0.35806392432023637, 0.14286638199606919, 0.14411975116083167], [0.5522574437383874, 0.20268719058502854, 0.17926301303434336, 0.06579235264224075], [0.12777573404092604, 0.7485520506930434, 0.01803241704915434, 0.1056397982168763], [0.02789838985538759, 0.005906560521655133, 0.7973768891858047, 0.16881816043715264], [0.3469289232863328, 0.6453446522282146, 0.0027013922306670726, 0.005025032254785547], [2.3086118149593457e-08, 0.12254008211392742, 1.6531031020262304e-07, 0.8774597294896443], [0.4347981096340437, 0.3508878700684197, 0.11860123930011982, 0.09571278099741669], [0.0005101839582695165, 0.6401668145851896, 0.00028613612100504636, 0.35903686533553564], [0.10977773836323176, 0.07482510283416655, 0.48489208172824205, 0.33050507707435967], [0.062931443346151, 0.16213201605182165, 0.21668499689913687, 0.5582515437028903], [0.46141595644842337, 0.46713787973248944, 0.03550294956374708, 0.03594321425534003], [0.7471312861173401, 0.13364801942977822, 0.1011303401628558, 0.01809035429002595], [0.0021567614476688483, 0.004603643784199615, 0.3168716656504439, 0.6763679291176875], [0.141898863071269, 0.7854924105983396, 0.011109761335759603, 0.061498964994631915]], "state_values": [-1.778794330214671, 1.983719085590389, 2.7531386933251483, 4.973103302991113, 1.2342673309587084, 3.067998738469675, -1.835680289114179, -1.9830272713286077, 1.412731906746282, -2.934838562331212, -2.5835692448863212, -0.9305674303581936, -0.7923463028712653, 1.0795196533221676, 1.3801134642932247, 0.041457110407824724], "value_grad": [-0.04565906524658203, -0.5271158218383789, 0.04221367835998535, -0.0482327938079834, -0.24999475479125977, -0.8088302612304688, 0.8527464866638184, 0.22183895111083984, 0.8512814044952393, 0.04126310348510742, -0.46593356132507324, -0.10113859176635742, 0.7255508899688721, 0.7162055969238281, -0.15931105613708496, 0.004752159118652344], "action_grad": [[0.0, 0.0, 0.0], [0.0, 0.0, 0.0], [0.0, 0.0, 0.0], [0.0, 0.0, 0.0], [0.0, 0.0, 0.0], [0.0, 0.0, 0.0], [0.0, 0.0, 0.0], [0.0, 0.0, 0.0], [0.0, 0.0, 0.0], [0.0, 0.0, 0.0], [0.0, 0.0, 0.0], [0.0, 0.0, 0.0], [0.0, 0.0, 0.0], [0.0, 0.0, 0.0], [0.0, 0.0, 0.0], [0.0, 0.0, 0.0]], "action_params_change": 0, "value_params_change": 0.35877769715424573}
{"iterations": 1, "type_itr": 0, "sub_iteration": 10, "sub_it_time": 2.363844633102417, "total_time": 26.079357147216797, "value_loss": 3.3187179565429688, "action_loss": -0.17387789487838745, "action_probs": [[0.34261943110483456, 0.00014776929499755822, 0.6569494620248897, 0.0002833375752782087], [0.13602368158558903, 0.5595597913364944, 0.05952967308824451, 0.24488685398967236], [0.3549499425228628, 0.35806392432023637, 0.14286638199606919, 0.14411975116083167], [0.5522574437383874, 0.20268719058502854, 0.17926301303434336, 0.06579235264224075], [0.12777573404092604, 0.7485520506930434, 0.01803241704915434, 0.1056397982168763], [0.02789838985538759, 0.005906560521655133, 0.7973768891858047, 0.16881816043715264], [0.3469289232863328, 0.6453446522282146, 0.0027013922306670726, 0.005025032254785547], [2.3086118149593457e-08, 0.12254008211392742, 1.6531031020262304e-07, 0.8774597294896443], [0.4347981096340437, 0.3508878700684197, 0.11860123930011982, 0.09571278099741669], [0.0005101839582695165, 0.6401668145851896, 0.00028613612100504636, 0.35903686533553564], [0.10977773836323176, 0.07482510283416655, 0.48489208172824205, 0.33050507707435967], [0.062931443346151, 0.16213201605182165, 0.21668499689913687, 0.5582515437028903], [0.46141595644842337, 0.46713787973248944, 0.03550294956374708, 0.03594321425534003], [0.7471312861173401, 0.13364801942977822, 0.1011303401628558, 0.01809035429002595], [0.0021567614476688483, 0.004603643784199615, 0.3168716656504439, 0.6763679291176875], [0.141898863071269, 0.7854924105983396, 0.011109761335759603, 0.061498964994631915]], "state_values": [-1.4843397136587302, 1.4036925103370992, 3.0508670178246873, 4.846982706974848, 0.7828846234333746, 2.6981380496745397, -1.7520314864414586, -1.7229014501449036, 0.7124995606469815, -2.9923624662645616, -2.4924564884461744, -0.824619377433279, -0.32941342219177466, 0.6884684289114142, 1.7042384644867943, -0.008447466689493026], "value_grad": [-0.20888996124267578, -0.390178918838501, -0.1437084674835205, -0.13361024856567383, -0.053578853607177734, -1.406789779663086, 0.9750707149505615, 0.1751110553741455, 0.8540136814117432, 0.06850862503051758, -0.7992072105407715, -0.08304166793823242, 0.4497373104095459, 0.5793087482452393, -0.2685279846191406, -0.02886819839477539], "action_grad": [[0.0, 0.0, 0.0], [0.0, 0.0, 0.0], [0.0, 0.0, 0.0], [0.0, 0.0, 0.0], [0.0, 0.0, 0.0], [0.0, 0.0, 0.0], [0.0, 0.0, 0.0], [0.0, 0.0, 0.0], [0.0, 0.0, 0.0], [0.0, 0.0, 0.0], [0.0, 0.0, 0.0], [0.0, 0.0, 0.0], [0.0, 0.0, 0.0], [0.0, 0.0, 0.0], [0.0, 0.0, 0.0], [0.0, 0.0, 0.0]], "action_params_change": 0, "value_params_change": 0.28853007903303574}
{"iterations": 1, "type_itr": 0, "sub_iteration": 11, "sub_it_time": 2.3565621376037598, "total_time": 28.437695503234863, "value_loss": 2.9887704849243164, "action_loss": -0.16127821803092957, "action_probs": [[0.34261943110483456, 0.00014776929499755822, 0.6569494620248897, 0.0002833375752782087], [0.13602368158558903, 0.5595597913364944, 0.05952967308824451, 0.24488685398967236], [0.3549499425228628, 0.35806392432023637, 0.14286638199606919, 0.14411975116083167], [0.5522574437383874, 0.20268719058502854, 0.17926301303434336, 0.06579235264224075], [0.12777573404092604, 0.7485520506930434, 0.01803241704915434, 0.1056397982168763], [0.02789838985538759, 0.005906560521655133, 0.7973768891858047, 0.16881816043715264], [0.3469289232863328, 0.6453446522282146, 0.0027013922306670726, 0.005025032254785547], [2.3086118149593457e-08, 0.12254008211392742, 1.6531031020262304e-07, 0.8774597294896443], [0.4347981096340437, 0.3508878700684197, 0.11860123930011982, 0.09571278099741669], [0.0005101839582695165, 0.6401668145851896, 0.00028613612100504636, 0.35903686533553564], [0.10977773836323176, 0.07482510283416655, 0.48489208172824205, 0.33050507707435967], [0.062931443346151, 0.16213201605182165, 0.21668499689913687, 0.5582515437028903], [0.46141595644842337, 0.46713787973248944, 0.03550294956374708, 0.03594321425534003], [0.7471312861173401, 0.13364801942977822, 0.1011303401628558, 0.01809035429002595], [0.0021567614476688483, 0.004603643784199615, 0.3168716656504439, 0.6763679291176875], [0.141898863071269, 0.7854924105983396, 0.011109761335759603, 0.061498964994631915]], "state_values": [-1.0570983968468821, 0.8141219017111611, 3.1841765221221507, 4.650005179911625, 0.3252283496478117, 2.1946712818501988, -1.4605331513758544, -1.3468467853391675, -0.0505709013306145, -2.806641140830558, -2.2138834052773206, -0.8980777768612357, 0.12141358518333177, 0.2420036754477894, 1.7907575931673825, -0.02703983968773221], "value_grad": [-0.1476290225982666, -0.18279361724853516, -0.31723546981811523, -0.011959314346313477, -0.10062336921691895, -1.0282139778137207, 0.8809812068939209, 0.1470351219177246, 0.666111946105957, 0.19962358474731445, -0.6106717586517334, 0.08264517784118652, 0.13555073738098145, 0.4332242012023926, -0.4905252456665039, 0.03342247009277344], "action_grad": [[0.0, 0.0, 0.0], [0.0, 0.0, 0.0], [0.0, 0.0, 0.0], [0.0, 0.0, 0.0], [0.0, 0.0, 0.0], [0.0, 0.0, 0.0], [0.0, 0.0, 0.0], [0.0, 0.0, 0.0], [0.0, 0.0, 0.0], [0.0, 0.0, 0.0], [0.0, 0.0, 0.0], [0.0, 0.0, 0.0], [0.0, 0.0, 0.0], [0.0, 0.0, 0.0], [0.0, 0.0, 0.0], [0.0, 0.0, 0.0]], "action_params_change": 0, "value_params_change": 0.3062019966287379}
{"iterations": 1, "type_itr": 0, "sub_iteration": 12, "sub_it_time": 2.3801965713500977, "total_time": 30.819804191589355, "value_loss": 2.383880615234375, "action_loss": -0.1574459820985794, "action_probs": [[0.34261943110483456, 0.00014776929499755822, 0.6569494620248897, 0.0002833375752782087], [0.13602368158558903, 0.5595597913364944, 0.05952967308824451, 0.24488685398967236], [0.3549499425228628, 0.35806392432023637, 0.14286638199606919, 0.14411975116083167], [0.5522574437383874, 0.20268719058502854, 0.17926301303434336, 0.06579235264224075], [0.12777573404092604, 0.7485520506930434, 0.01803241704915434, 0.1056397982168763], [0.02789838985538759, 0.005906560521655133, 0.7973768891858047, 0.16881816043715264], [0.3469289232863328, 0.6453446522282146, 0.0027013922306670726, 0.005025032254785547], [2.3086118149593457e-08, 0.12254008211392742, 1.6531031020262304e-07, 0.8774597294896443], [0.4347981096340437, 0.3508878700684197, 0.11860123930011982, 0.09571278099741669], [0.0005101839582695165, 0.6401668145851896, 0.00028613612100504636, 0.35903686533553564], [0.10977773836323176, 0.07482510283416655, 0.48489208172824205, 0.33050507707435967], [0.062931443346151, 0.16213201605182165, 0.21668499689913687, 0.5582515437028903], [0.46141595644842337, 0.46713787973248944, 0.03550294956374708, 0.03594321425534003], [0.7471312861173401, 0.13364801942977822, 0.1011303401628558, 0.01809035429002595], [0.0021567614476688483, 0.004603643784199615, 0.3168716656504439, 0.6763679291176875], [0.141898863071269, 0.7854924105983396, 0.011109761335759603, 0.061498964994631915]], "state_values": [-0.5183116552101312, 0.34736197641081185, 3.22780305351322, 4.435921413598257, -0.10852097950297679, 1.56047404918124, -0.9953435371720464, -1.0335296740958917, -0.7979433942365239, -2.4877293258770155, -1.776078871363386, -1.0875984834869774, 0.5874288503855315, -0.19868485496360486, 1.6376890365594172, 0.05135839105054325], "value_grad": [-0.14291691780090332, 0.250826358795166, -0.2054448127746582, -0.10517740249633789, -0.040075063705444336, -1.0776346921920776, 0.8994748592376709, -0.03215503692626953, 0.31430506706237793, 0.13202643394470215, -0.6030685901641846, 0.06435036659240723, 0.2622706890106201, 0.16841840744018555, -0.6477370262145996, 0.12228512763977051], "action_grad": [[0.0, 0.0, 0.0], [0.0, 0.0, 0.0], [0.0, 0.0, 0.0], [0.0, 0.0, 0.0], [0.0, 0.0, 0.0], [0.0, 0.0, 0.0], [0.0, 0.0, 0.0], [0.0, 0.0, 0.0], [0.0, 0.0, 0.0], [0.0, 0.0, 0.0], [0.0, 0.0, 0.0], [0.0, 0.0, 0.0], [0.0, 0.0, 0.0], [0.0, 0.0, 0.0], [0.0, 0.0, 0.0], [0.0, 0.0, 0.0]], "action_params_change": 0, "value_params_change": 0.3003192498794527}
{"iterations": 1, "type_itr": 0, "sub_iteration": 13, "sub_it_time": 2.3422276973724365, "total_time": 33.16381859779358, "value_loss": 1.8245304822921753, "action_loss": -0.14602713286876678, "action_probs": [[0.34261943110483456, 0.00014776929499755822, 0.6569494620248897, 0.0002833375752782087], [0.13602368158558903, 0.5595597913364944, 0.05952967308824451, 0.24488685398967236], [0.3549499425228628, 0.35806392432023637, 0.14286638199606919, 0.14411975116083167], [0.5522574437383874, 0.20268719058502854, 0.17926301303434336, 0.06579235264224075], [0.12777573404092604, 0.7485520506930434, 0.01803241704915434, 0.1056397982168763], [0.02789838985538759, 0.005906560521655133, 0.7973768891858047, 0.16881816043715264], [0.3469289232863328, 0.6453446522282146, 0.0027013922306670726, 0.005025032254785547], [2.3086118149593457e-08, 0.12254008211392742, 1.6531031020262304e-07, 0.8774597294896443], [0.4347981096340437, 0.3508878700684197, 0.11860123930011982, 0.09571278099741669], [0.0005101839582695165, 0.6401668145851896, 0.00028613612100504636, 0.35903686533553564], [0.10977773836323176, 0.07482510283416655, 0.48489208172824205, 0.33050507707435967], [0.062931443346151, 0.16213201605182165, 0.21668499689913687, 0.5582515437028903], [0.46141595644842337, 0.46713787973248944, 0.03550294956374708, 0.03594321425534003], [0.7471312861173401, 0.13364801942977822, 0.1011303401628558, 0.01809035429002595], [0.0021567614476688483, 0.004603643784199615, 0.3168716656504439, 0.6763679291176875], [0.141898863071269, 0.7854924105983396, 0.011109761335759603, 0.061498964994631915]], "state_values": [0.11039505174346943, -0.006999352764815942, 3.17028179841576, 4.258855705526887, -0.42614643804391816, 0.8305709770447012, -0.4247483969630238, -0.5523717174605295, -1.4437923512643134, -2.0077298663951306, -1.2151857013266232, -1.0928668074734496, 0.9363647916081134, -0.6439419755904986, 1.3081258690763073, 0.16170492238052467], "value_grad": [-0.1382434368133545, 0.23716449737548828, -0.2755765914916992, -0.1790316104888916, 0.15143036842346191, -0.8959105014801025, 0.6610820293426514, 0.2225123643875122, -0.07167601585388184, 0.174200177192688, -0.5209380388259888, -0.08490228652954102, -0.2778337001800537, 0.22663092613220215, -0.5926934480667114, 0.05104470252990723], "action_grad": [[0.0, 0.0, 0.0], [0.0, 0.0, 0.0], [0.0, 0.0, 0.0], [0.0, 0.0, 0.0], [0.0, 0.0, 0.0], [0.0, 0.0, 0.0], [0.0, 0.0, 0.0], [0.0, 0.0, 0.0], [0.0, 0.0, 0.0], [0.0, 0.0, 0.0], [0.0, 0.0, 0.0], [0.0, 0.0, 0.0], [0.0, 0.0, 0.0], [0.0, 0.0, 0.0], [0.0, 0.0, 0.0], [0.0, 0.0, 0.0]], "action_params_change": 0, "value_params_change": 0.30101876670136685}
