{"iterations": 0, "type_itr": 0, "sub_iteration": 0, "sub_it_time": 0, "total_time": 0, "value_loss": 0, "action_loss": 0, "action_probs": [[0.3159458000521282, 0.032096870207414356, 0.5918331220453288, 0.060124207695128634], [0.8409432982582161, 0.07827043603165575, 0.0739073690981385, 0.00687889661198962], [8.38464760887636e-05, 0.00010759785195013058, 0.43788408366665854, 0.5619244720053026], [0.449456356596312, 0.2059431603178309, 0.23631826635811828, 0.10828221672773904], [0.025546374074677768, 0.1959900534331161, 0.08976817876011063, 0.6886953937320954], [0.6917213687915981, 0.16757227103005437, 0.11326698063359471, 0.027439379544752902], [0.41139028537026967, 0.05331658483131763, 0.4738780671113945, 0.06141506268701839], [0.03411785448356295, 0.866505707597198, 0.003764625966691498, 0.09561181195254755], [0.0018059806415897486, 0.25605667553864814, 0.005197672653315525, 0.7369396711664468], [0.6460859574412059, 0.3086901285761883, 0.030602500620400215, 0.014621413362205567], [0.27577447673635425, 0.00149767429098703, 0.7188240637754214, 0.003903785197237402], [0.0030304130845573546, 0.37219009288108246, 0.005045939450490023, 0.6197335545838702], [0.768374926165361, 0.08841722664350149, 0.1284294197268848, 0.014778427464252755], [0.06505071202895782, 0.7876798203675973, 0.011234479549835722, 0.13603498805360917], [0.06239743323625188, 0.11043099577471736, 0.2986394262279487, 0.5285321447610819], [0.7487052952227148, 0.009868162564982696, 0.2382858623722765, 0.0031406798400260305]], "state_values": [4.842952908678209, 4.417310641990063, -4.978990915783126, 2.4608408795017245, 3.5986786484588333, -4.3928865716640635, 4.976262871858856, 4.844050021434471, -4.66766870690151, 2.8529680760207206, -3.9122202373244277, -1.376549469269132, 2.3586640096349587, -0.08599387473744782, 4.927977414997118, 1.8905536327262862], "value_grad": [0.0, 0.0, 0.0, 0.0, 0.0, 0.0, 0.0, 0.0, 0.0, 0.0, 0.0, 0.0, 0.0, 0.0, 0.0, 0.0], "action_grad": [[0.0, 0.0, 0.0], [0.0, 0.0, 0.0], [0.0, 0.0, 0.0], [0.0, 0.0, 0.0], [0.0, 0.0, 0.0], [0.0, 0.0, 0.0], [0.0, 0.0, 0.0], [0.0, 0.0, 0.0], [0.0, 0.0, 0.0], [0.0, 0.0, 0.0], [0.0, 0.0, 0.0], [0.0, 0.0, 0.0], [0.0, 0.0, 0.0], [0.0, 0.0, 0.0], [0.0, 0.0, 0.0], [0.0, 0.0, 0.0]], "action_params_change": 0, "value_params_change": 0}
{"iterations": 1, "type_itr": 0, "sub_iteration": 0, "sub_it_time": 0.108673095703125, "total_time": 0.10993599891662598, "value_loss": 25.34400177001953, "action_loss": -1.4307509660720825, "action_probs": [[0.3159458000521282, 0.032096870207414356, 0.5918331220453288, 0.060124207695128634], [0.8409432982582161, 0.07827043603165575, 0.0739073690981385, 0.00687889661198962], [8.38464760887636e-05, 0.00010759785195013058, 0.43788408366665854, 0.5619244720053026], [0.449456356596312, 0.2059431603178309, 0.23631826635811828, 0.10828221672773904], [0.025546374074677768, 0.1959900534331161, 0.08976817876011063, 0.6886953937320954], [0.6917213687915981, 0.16757227103005437, 0.11326698063359471, 0.027439379544752902], [0.41139028537026967, 0.05331658483131763, 0.4738780671113945, 0.06141506268701839], [0.03411785448356295, 0.866505707597198, 0.003764625966691498, 0.09561181195254755], [0.0018059806415897486, 0.25605667553864814, 0.005197672653315525, 0.7369396711664468], [0.6460859574412059, 0.3086901285761883, 0.030602500620400215, 0.014621413362205567], [0.27577447673635425, 0.00149767429098703, 0.7188240637754214, 0.003903785197237402], [0.0030304130845573546, 0.37219009288108246, 0.005045939450490023, 0.6197335545838702], [0.768374926165361, 0.08841722664350149, 0.1284294197268848, 0.014778427464252755], [0.06505071202895782, 0.7876798203675973, 0.011234479549835722, 0.13603498805360917], [0.06239743323625188, 0.11043099577471736, 0.2986394262279487, 0.5285321447610819], [0.7487052952227148, 0.009868162564982696, 0.2382858623722765, 0.0031406798400260305]], "state_values": [4.999995790768154, 3.700440186992846, -4.937486219011308, 3.4611651960039604, 4.345603120894655, -3.6655215276137234, 4.701168957558449, 4.38692090341941, -4.966020852951131, 3.7801571413175097, -4.560916858249842, -0.14454005433900624, 1.1946071083230474, 1.1535162938773518, 4.565573857506293, 0.6865969858863913], "value_grad": [12.672000885009766, -4.75200080871582, 12.276000022888184, -11.484003067016602, 0.39600181579589844, -11.880001068115234, -9.899999618530273, 4.355998992919922, 1.1880016326904297, 1.1879997253417969, 14.65200138092041, -12.276000022888184, -2.375997543334961, -7.920000076293945, 1.9800033569335938, -5.939998626708984], "action_grad": [[0.0, 0.0, 0.0], [0.0, 0.0, 0.0], [0.0, 0.0, 0.0], [0.0, 0.0, 0.0], [0.0, 0.0, 0.0], [0.0, 0.0, 0.0], [0.0, 0.0, 0.0], [0.0, 0.0, 0.0], [0.0, 0.0, 0.0], [0.0, 0.0, 0.0], [0.0, 0.0, 0.0], [0.0, 0.0, 0.0], [0.0, 0.0, 0.0], [0.0, 0.0, 0.0], [0.0, 0.0, 0.0], [0.0, 0.0, 0.0]], "action_params_change": 0, "value_params_change": 0.4999999996587494}
{"iterations": 1, "type_itr": 0, "sub_iteration": 1, "sub_it_time": 0.10226988792419434, "total_time": 0.21378231048583984, "value_loss": 18.215999603271484, "action_loss": -1.3945293426513672, "action_probs": [[0.3159458000521282, 0.032096870207414356, 0.5918331220453288, 0.060124207695128634], [0.8409432982582161, 0.07827043603165575, 0.0739073690981385, 0.00687889661198962], [8.38464760887636e-05, 0.00010759785195013058, 0.43788408366665854, 0.5619244720053026], [0.449456356596312, 0.2059431603178309, 0.23631826635811828, 0.10828221672773904], [0.025546374074677768, 0.1959900534331161, 0.08976817876011063, 0.6886953937320954], [0.6917213687915981, 0.16757227103005437, 0.11326698063359471, 0.027439379544752902], [0.41139028537026967, 0.05331658483131763, 0.4738780671113945, 0.06141506268701839], [0.03411785448356295, 0.866505707597198, 0.003764625966691498, 0.09561181195254755], [0.0018059806415897486, 0.25605667553864814, 0.005197672653315525, 0.7369396711664468], [0.6460859574412059, 0.3086901285761883, 0.030602500620400215, 0.014621413362205567], [0.27577447673635425, 0.00149767429098703, 0.7188240637754214, 0.003903785197237402], [0.0030304130845573546, 0.37219009288108246, 0.005045939450490023, 0.6197335545838702], [0.768374926165361, 0.08841722664350149, 0.1284294197268848, 0.014778427464252755], [0.06505071202895782, 0.7876798203675973, 0.011234479549835722, 0.13603498805360917], [0.06239743323625188, 0.11043099577471736, 0.2986394262279487, 0.5285321447610819], [0.7487052952227148, 0.009868162564982696, 0.2382858623722765, 0.0031406798400260305]], "state_values": [4.997552580480841, 2.85203698716606, -4.69116488147336, 4.229126005341957, 3.8759440568138332, -2.7183738410002505, 4.214557215778579, 4.5958747500151835, -4.961208617404453, 3.4652184440732277, -4.700771660740931, 0.5331145690773064, 0.1174329884652242, 2.313516306212713, 3.9300562215676456, -0.018449948029670333], "value_grad": [-8.712000846862793, -1.9799995422363281, 1.980001449584961, -7.9199981689453125, -3.5640010833740234, -17.42399787902832, -3.5640010833740234, -9.107999801635742, 2.3760013580322266, -2.3759994506835938, -6.731998443603516, 1.980001449584961, -0.7920036315917969, -11.483999252319336, 3.167999267578125, 0.7919979095458984], "action_grad": [[0.0, 0.0, 0.0], [0.0, 0.0, 0.0], [0.0, 0.0, 0.0], [0.0, 0.0, 0.0], [0.0, 0.0, 0.0], [0.0, 0.0, 0.0], [0.0, 0.0, 0.0], [0.0, 0.0, 0.0], [0.0, 0.0, 0.0], [0.0, 0.0, 0.0], [0.0, 0.0, 0.0], [0.0, 0.0, 0.0], [0.0, 0.0, 0.0], [0.0, 0.0, 0.0], [0.0, 0.0, 0.0], [0.0, 0.0, 0.0]], "action_params_change": 0, "value_params_change": 0.4964834447319877}
{"iterations": 1, "type_itr": 0, "sub_iteration": 2, "sub_it_time": 0.10472226142883301, "total_time": 0.31997156143188477, "value_loss": 18.215999603271484, "action_loss": -1.8291878700256348, "action_probs": [[0.3159458000521282, 0.032096870207414356, 0.5918331220453288, 0.060124207695128634], [0.8409432982582161, 0.07827043603165575, 0.0739073690981385, 0.00687889661198962], [8.38464760887636e-05, 0.00010759785195013058, 0.43788408366665854, 0.5619244720053026], [0.449456356596312, 0.2059431603178309, 0.23631826635811828, 0.10828221672773904], [0.025546374074677768, 0.1959900534331161, 0.08976817876011063, 0.6886953937320954], [0.6917213687915981, 0.16757227103005437, 0.11326698063359471, 0.027439379544752902], [0.41139028537026967, 0.05331658483131763, 0.4738780671113945, 0.06141506268701839], [0.03411785448356295, 0.866505707597198, 0.003764625966691498, 0.09561181195254755], [0.0018059806415897486, 0.25605667553864814, 0.005197672653315525, 0.7369396711664468], [0.6460859574412059, 0.3086901285761883, 0.030602500620400215, 0.014621413362205567], [0.27577447673635425, 0.00149767429098703, 0.7188240637754214, 0.003903785197237402], [0.0030304130845573546, 0.37219009288108246, 0.005045939450490023, 0.6197335545838702], [0.768374926165361, 0.08841722664350149, 0.1284294197268848, 0.014778427464252755], [0.06505071202895782, 0.7876798203675973, 0.011234479549835722, 0.13603498805360917], [0.06239743323625188, 0.11043099577471736, 0.2986394262279487, 0.5285321447610819], [0.7487052952227148, 0.009868162564982696, 0.2382858623722765, 0.0031406798400260305]], "state_values": [4.958158740694787, 3.1117158185385567, -4.241048907589078, 4.341705275831518, 3.1534772005372416, -1.6115910175599186, 3.826535333275314, 4.766154781953433, -4.693290632307614, 3.3845632544091386, -4.598271027359762, 1.4669713687172512, 0.14621372143129074, 2.693955259677196, 3.744922784757059, 0.34827108275193486], "value_grad": [8.315999984741211, 10.296003341674805, 5.940000534057617, 11.484001159667969, -5.148000717163086, -12.672002792358398, 2.376002311706543, -1.5839996337890625, 5.147999286651611, 0.7919998168945312, -13.067998886108398, -17.42400360107422, 2.772001266479492, 7.9200029373168945, -2.7720022201538086, 9.10799789428711], "action_grad": [[0.0, 0.0, 0.0], [0.0, 0.0, 0.0], [0.0, 0.0, 0.0], [0.0, 0.0, 0.0], [0.0, 0.0, 0.0], [0.0, 0.0, 0.0], [0.0, 0.0, 0.0], [0.0, 0.0, 0.0], [0.0, 0.0, 0.0], [0.0, 0.0, 0.0], [0.0, 0.0, 0.0], [0.0, 0.0, 0.0], [0.0, 0.0, 0.0], [0.0, 0.0, 0.0], [0.0, 0.0, 0.0], [0.0, 0.0, 0.0]], "action_params_change": 0, "value_params_change": 0.4932639161122516}
{"iterations": 1, "type_itr": 0, "sub_iteration": 3, "sub_it_time": 0.10712790489196777, "total_time": 0.4286224842071533, "value_loss": 19.007999420166016, "action_loss": -1.521304726600647, "action_probs": [[0.3159458000521282, 0.032096870207414356, 0.5918331220453288, 0.060124207695128634], [0.8409432982582161, 0.07827043603165575, 0.0739073690981385, 0.00687889661198962], [8.38464760887636e-05, 0.00010759785195013058, 0.43788408366665854, 0.5619244720053026], [0.449456356596312, 0.2059431603178309, 0.23631826635811828, 0.10828221672773904], [0.025546374074677768, 0.1959900534331161, 0.08976817876011063, 0.6886953937320954], [0.6917213687915981, 0.16757227103005437, 0.11326698063359471, 0.027439379544752902], [0.41139028537026967, 0.05331658483131763, 0.4738780671113945, 0.06141506268701839], [0.03411785448356295, 0.866505707597198, 0.003764625966691498, 0.09561181195254755], [0.0018059806415897486, 0.25605667553864814, 0.005197672653315525, 0.7369396711664468], [0.6460859574412059, 0.3086901285761883, 0.030602500620400215, 0.014621413362205567], [0.27577447673635425, 0.00149767429098703, 0.7188240637754214, 0.003903785197237402], [0.0030304130845573546, 0.37219009288108246, 0.005045939450490023, 0.6197335545838702], [0.768374926165361, 0.08841722664350149, 0.1284294197268848, 0.014778427464252755], [0.06505071202895782, 0.7876798203675973, 0.011234479549835722, 0.13603498805360917], [0.06239743323625188, 0.11043099577471736, 0.2986394262279487, 0.5285321447610819], [0.7487052952227148, 0.009868162564982696, 0.2382858623722765, 0.0031406798400260305]], "state_values": [4.828457096906364, 2.813784366674573, -3.699390254735697, 4.463501153258623, 2.773243521555787, -1.0676501646962029, 3.1861477917150633, 4.949897878453938, -4.535272699556554, 2.8406000214315097, -4.39701926458409, 2.169001792683065, -0.5362817269370563, 2.6426426106003897, 3.2322853561620897, 1.096456520858477], "value_grad": [7.920001029968262, -13.068000793457031, 1.1879987716674805, -1.9799995422363281, 2.772001266479492, 12.672003746032715, -15.443999290466309, -15.443999290466309, -3.5640010833740234, -5.939999580383301, -7.524001121520996, 0.7919998168945312, -11.484001159667969, 9.504000663757324, 5.940001487731934, 13.860002517700195], "action_grad": [[0.0, 0.0, 0.0], [0.0, 0.0, 0.0], [0.0, 0.0, 0.0], [0.0, 0.0, 0.0], [0.0, 0.0, 0.0], [0.0, 0.0, 0.0], [0.0, 0.0, 0.0], [0.0, 0.0, 0.0], [0.0, 0.0, 0.0], [0.0, 0.0, 0.0], [0.0, 0.0, 0.0], [0.0, 0.0, 0.0], [0.0, 0.0, 0.0], [0.0, 0.0, 0.0], [0.0, 0.0, 0.0], [0.0, 0.0, 0.0]], "action_params_change": 0, "value_params_change": 0.3612403693906998}
{"iterations": 1, "type_itr": 0, "sub_iteration": 4, "sub_it_time": 0.10623526573181152, "total_time": 0.5363883972167969, "value_loss": 12.275999069213867, "action_loss": -1.3039753437042236, "action_probs": [[0.3159458000521282, 0.032096870207414356, 0.5918331220453288, 0.060124207695128634], [0.8409432982582161, 0.07827043603165575, 0.0739073690981385, 0.00687889661198962], [8.38464760887636e-05, 0.00010759785195013058, 0.43788408366665854, 0.5619244720053026], [0.449456356596312, 0.2059431603178309, 0.23631826635811828, 0.10828221672773904], [0.025546374074677768, 0.1959900534331161, 0.08976817876011063, 0.6886953937320954], [0.6917213687915981, 0.16757227103005437, 0.11326698063359471, 0.027439379544752902], [0.41139028537026967, 0.05331658483131763, 0.4738780671113945, 0.06141506268701839], [0.03411785448356295, 0.866505707597198, 0.003764625966691498, 0.09561181195254755], [0.0018059806415897486, 0.25605667553864814, 0.005197672653315525, 0.7369396711664468], [0.6460859574412059, 0.3086901285761883, 0.030602500620400215, 0.014621413362205567], [0.27577447673635425, 0.00149767429098703, 0.7188240637754214, 0.003903785197237402], [0.0030304130845573546, 0.37219009288108246, 0.005045939450490023, 0.6197335545838702], [0.768374926165361, 0.08841722664350149, 0.1284294197268848, 0.014778427464252755], [0.06505071202895782, 0.7876798203675973, 0.011234479549835722, 0.13603498805360917], [0.06239743323625188, 0.11043099577471736, 0.2986394262279487, 0.5285321447610819], [0.7487052952227148, 0.009868162564982696, 0.2382858623722765, 0.0031406798400260305]], "state_values": [4.584309528283372, 2.4604217819475074, -3.1478343295832047, 4.636346491734636, 2.5385807587600695, -0.42854179440536205, 2.7244759028076957, 4.999893283199103, -4.248515011487007, 2.0789439068540747, -4.1648753074467875, 2.7138496794378537, -1.06105268874804, 2.421894327708055, 2.938316432278445, 1.9824895233893451], "value_grad": [5.940001487731934, -2.772000312805176, 0.0, -5.940000534057617, 1.188002586364746, -7.920001029968262, 4.752001762390137, -1.1880006790161133, 3.167999744415283, -4.7519989013671875, -1.9800000190734863, 0.3959999084472656, 0.7920000553131104, 5.940000534057617, -2.375999927520752, 21.38399887084961], "action_grad": [[0.0, 0.0, 0.0], [0.0, 0.0, 0.0], [0.0, 0.0, 0.0], [0.0, 0.0, 0.0], [0.0, 0.0, 0.0], [0.0, 0.0, 0.0], [0.0, 0.0, 0.0], [0.0, 0.0, 0.0], [0.0, 0.0, 0.0], [0.0, 0.0, 0.0], [0.0, 0.0, 0.0], [0.0, 0.0, 0.0], [0.0, 0.0, 0.0], [0.0, 0.0, 0.0], [0.0, 0.0, 0.0], [0.0, 0.0, 0.0]], "action_params_change": 0, "value_params_change": 0.37322176701067855}
{"iterations": 1, "type_itr": 0, "sub_iteration": 5, "sub_it_time": 0.10614418983459473, "total_time": 0.6440813541412354, "value_loss": -3.563999891281128, "action_loss": -1.3945293426513672, "action_probs": [[0.3159458000521282, 0.032096870207414356, 0.5918331220453288, 0.060124207695128634], [0.8409432982582161, 0.07827043603165575, 0.0739073690981385, 0.00687889661198962], [8.38464760887636e-05, 0.00010759785195013058, 0.43788408366665854, 0.5619244720053026], [0.449456356596312, 0.2059431603178309, 0.23631826635811828, 0.10828221672773904], [0.025546374074677768, 0.1959900534331161, 0.08976817876011063, 0.6886953937320954], [0.6917213687915981, 0.16757227103005437, 0.11326698063359471, 0.027439379544752902], [0.41139028537026967, 0.05331658483131763, 0.4738780671113945, 0.06141506268701839], [0.03411785448356295, 0.866505707597198, 0.003764625966691498, 0.09561181195254755], [0.0018059806415897486, 0.25605667553864814, 0.005197672653315525, 0.7369396711664468], [0.6460859574412059, 0.3086901285761883, 0.030602500620400215, 0.014621413362205567], [0.27577447673635425, 0.00149767429098703, 0.7188240637754214, 0.003903785197237402], [0.0030304130845573546, 0.37219009288108246, 0.005045939450490023, 0.6197335545838702], [0.768374926165361, 0.08841722664350149, 0.1284294197268848, 0.014778427464252755], [0.06505071202895782, 0.7876798203675973, 0.011234479549835722, 0.13603498805360917], [0.06239743323625188, 0.11043099577471736, 0.2986394262279487, 0.5285321447610819], [0.7487052952227148, 0.009868162564982696, 0.2382858623722765, 0.0031406798400260305]], "state_values": [4.425280968972744, 2.209775309445048, -2.768836331561516, 4.841544260650983, 2.584451341290756, 0.21989032424792876, 2.421508687201406, 4.976080473954452, -3.79694681457245, 1.40191549392399, -4.190073592427241, 3.268601022287695, -1.7571939182452074, 2.425358730264288, 2.332742989144842, 2.815879895913418], "value_grad": [-7.52400016784668, 1.9800000190734863, -3.563999891281128, -12.276000022888184, 3.167999267578125, -4.356001853942871, 3.95999813079834, 4.751999378204346, 3.95999813079834, 0.3959989547729492, 15.047999382019043, -5.940001487731934, -7.1280012130737305, -6.732000350952148, 10.296000480651855, 7.920001029968262], "action_grad": [[0.0, 0.0, 0.0], [0.0, 0.0, 0.0], [0.0, 0.0, 0.0], [0.0, 0.0, 0.0], [0.0, 0.0, 0.0], [0.0, 0.0, 0.0], [0.0, 0.0, 0.0], [0.0, 0.0, 0.0], [0.0, 0.0, 0.0], [0.0, 0.0, 0.0], [0.0, 0.0, 0.0], [0.0, 0.0, 0.0], [0.0, 0.0, 0.0], [0.0, 0.0, 0.0], [0.0, 0.0, 0.0], [0.0, 0.0, 0.0]], "action_params_change": 0, "value_params_change": 0.38105062684804847}
{"iterations": 1, "type_itr": 0, "sub_iteration": 6, "sub_it_time": 0.10596680641174316, "total_time": 0.751589298248291, "value_loss": 0.7920000553131104, "action_loss": -1.1953108310699463, "action_probs": [[0.3159458000521282, 0.032096870207414356, 0.5918331220453288, 0.060124207695128634], [0.8409432982582161, 0.07827043603165575, 0.0739073690981385, 0.00687889661198962], [8.38464760887636e-05, 0.00010759785195013058, 0.43788408366665854, 0.5619244720053026], [0.449456356596312, 0.2059431603178309, 0.23631826635811828, 0.10828221672773904], [0.025546374074677768, 0.1959900534331161, 0.08976817876011063, 0.6886953937320954], [0.6917213687915981, 0.16757227103005437, 0.11326698063359471, 0.027439379544752902], [0.41139028537026967, 0.05331658483131763, 0.4738780671113945, 0.06141506268701839], [0.03411785448356295, 0.866505707597198, 0.003764625966691498, 0.09561181195254755], [0.0018059806415897486, 0.25605667553864814, 0.005197672653315525, 0.7369396711664468], [0.6460859574412059, 0.3086901285761883, 0.030602500620400215, 0.014621413362205567], [0.27577447673635425, 0.00149767429098703, 0.7188240637754214, 0.003903785197237402], [0.0030304130845573546, 0.37219009288108246, 0.005045939450490023, 0.6197335545838702], [0.768374926165361, 0.08841722664350149, 0.1284294197268848, 0.014778427464252755], [0.06505071202895782, 0.7876798203675973, 0.011234479549835722, 0.13603498805360917], [0.06239743323625188, 0.11043099577471736, 0.2986394262279487, 0.5285321447610819], [0.7487052952227148, 0.009868162564982696, 0.2382858623722765, 0.0031406798400260305]], "state_values": [4.102033452411274, 1.8413421662834408, -2.4176883946208187, 4.897662177194333, 3.060052632003702, 0.9820142357478634, 2.1933563628949084, 4.886609723363286, -3.1464364826671676, 0.6350568460669334, -4.19656429634047, 3.5756179397751144, -1.667685712054397, 2.3965412314701906, 1.9410486052208369, 3.243467084664908], "value_grad": [14.651999473571777, -4.751999855041504, 0.0, 10.691999435424805, 13.860000610351562, -12.276000022888184, 1.5839996337890625, -6.336000442504883, 11.08799934387207, -2.3759994506835938, -1.1879997253417969, 5.939999580383301, 17.424001693725586, 1.1879987716674805, -3.563999652862549, -11.484001159667969], "action_grad": [[0.0, 0.0, 0.0], [0.0, 0.0, 0.0], [0.0, 0.0, 0.0], [0.0, 0.0, 0.0], [0.0, 0.0, 0.0], [0.0, 0.0, 0.0], [0.0, 0.0, 0.0], [0.0, 0.0, 0.0], [0.0, 0.0, 0.0], [0.0, 0.0, 0.0], [0.0, 0.0, 0.0], [0.0, 0.0, 0.0], [0.0, 0.0, 0.0], [0.0, 0.0, 0.0], [0.0, 0.0, 0.0], [0.0, 0.0, 0.0]], "action_params_change": 0, "value_params_change": 0.36347650650912655}
{"iterations": 1, "type_itr": 0, "sub_iteration": 7, "sub_it_time": 0.10630965232849121, "total_time": 0.8595409393310547, "value_loss": -5.148000240325928, "action_loss": -1.3220860958099365, "action_probs": [[0.3159458000521282, 0.032096870207414356, 0.5918331220453288, 0.060124207695128634], [0.8409432982582161, 0.07827043603165575, 0.0739073690981385, 0.00687889661198962], [8.38464760887636e-05, 0.00010759785195013058, 0.43788408366665854, 0.5619244720053026], [0.449456356596312, 0.2059431603178309, 0.23631826635811828, 0.10828221672773904], [0.025546374074677768, 0.1959900534331161, 0.08976817876011063, 0.6886953937320954], [0.6917213687915981, 0.16757227103005437, 0.11326698063359471, 0.027439379544752902], [0.41139028537026967, 0.05331658483131763, 0.4738780671113945, 0.06141506268701839], [0.03411785448356295, 0.866505707597198, 0.003764625966691498, 0.09561181195254755], [0.0018059806415897486, 0.25605667553864814, 0.005197672653315525, 0.7369396711664468], [0.6460859574412059, 0.3086901285761883, 0.030602500620400215, 0.014621413362205567], [0.27577447673635425, 0.00149767429098703, 0.7188240637754214, 0.003903785197237402], [0.0030304130845573546, 0.37219009288108246, 0.005045939450490023, 0.6197335545838702], [0.768374926165361, 0.08841722664350149, 0.1284294197268848, 0.014778427464252755], [0.06505071202895782, 0.7876798203675973, 0.011234479549835722, 0.13603498805360917], [0.06239743323625188, 0.11043099577471736, 0.2986394262279487, 0.5285321447610819], [0.7487052952227148, 0.009868162564982696, 0.2382858623722765, 0.0031406798400260305]], "state_values": [3.977695060265946, 1.410568078661991, -2.2074370855549135, 4.968439731871479, 3.608700699144959, 1.612721602959337, 1.7463165289962386, 4.776703273496443, -2.309415810086678, 0.13944784275662123, -4.268951466371963, 3.7604573552441654, -1.3128156373091764, 2.28831216693, 1.5331383586667502, 3.6109531550852396], "value_grad": [-13.067998886108398, -3.167999744415283, -2.7719998359680176, -11.08799934387207, 8.315999031066895, 1.1879997253417969, -10.295999526977539, 2.3759994506835938, 7.9200005531311035, 2.37600040435791, 5.544000625610352, 3.563999652862549, 12.2760009765625, 3.168001174926758, 1.188000202178955, 1.5839996337890625], "action_grad": [[0.0, 0.0, 0.0], [0.0, 0.0, 0.0], [0.0, 0.0, 0.0], [0.0, 0.0, 0.0], [0.0, 0.0, 0.0], [0.0, 0.0, 0.0], [0.0, 0.0, 0.0], [0.0, 0.0, 0.0], [0.0, 0.0, 0.0], [0.0, 0.0, 0.0], [0.0, 0.0, 0.0], [0.0, 0.0, 0.0], [0.0, 0.0, 0.0], [0.0, 0.0, 0.0], [0.0, 0.0, 0.0], [0.0, 0.0, 0.0]], "action_params_change": 0, "value_params_change": 0.40103717233977854}
{"iterations": 1, "type_itr": 0, "sub_iteration": 8, "sub_it_time": 0.11205744743347168, "total_time": 0.9731144905090332, "value_loss": 11.088001251220703, "action_loss": -1.9559632539749146, "action_probs": [[0.3159458000521282, 0.032096870207414356, 0.5918331220453288, 0.060124207695128634], [0.8409432982582161, 0.07827043603165575, 0.0739073690981385, 0.00687889661198962], [8.38464760887636e-05, 0.00010759785195013058, 0.43788408366665854, 0.5619244720053026], [0.449456356596312, 0.2059431603178309, 0.23631826635811828, 0.10828221672773904], [0.025546374074677768, 0.1959900534331161, 0.08976817876011063, 0.6886953937320954], [0.6917213687915981, 0.16757227103005437, 0.11326698063359471, 0.027439379544752902], [0.41139028537026967, 0.05331658483131763, 0.4738780671113945, 0.06141506268701839], [0.03411785448356295, 0.866505707597198, 0.003764625966691498, 0.09561181195254755], [0.0018059806415897486, 0.25605667553864814, 0.005197672653315525, 0.7369396711664468], [0.6460859574412059, 0.3086901285761883, 0.030602500620400215, 0.014621413362205567], [0.27577447673635425, 0.00149767429098703, 0.7188240637754214, 0.003903785197237402], [0.0030304130845573546, 0.37219009288108246, 0.005045939450490023, 0.6197335545838702], [0.768374926165361, 0.08841722664350149, 0.1284294197268848, 0.014778427464252755], [0.06505071202895782, 0.7876798203675973, 0.011234479549835722, 0.13603498805360917], [0.06239743323625188, 0.11043099577471736, 0.2986394262279487, 0.5285321447610819], [0.7487052952227148, 0.009868162564982696, 0.2382858623722765, 0.0031406798400260305]], "state_values": [4.072563486147236, 1.2700447820715348, -1.8628074602667573, 4.967082056791184, 3.960026448050726, 2.0919464250233433, 1.2850628825955972, 4.680180271751835, -1.434347146888543, 0.4008556677051524, -4.308155169110577, 3.9872830903754863, -0.8490806723440317, 2.38074479720738, 0.875924801826602, 3.8915451734276236], "value_grad": [-17.81999969482422, 7.5239996910095215, 4.355999946594238, 18.61199951171875, -3.1680006980895996, 3.167999267578125, -1.9799995422363281, 2.7720000743865967, 1.5839996337890625, 13.068001747131348, -1.9800004959106445, -4.751999855041504, 6.732000350952148, -7.524001121520996, 10.296001434326172, -1.188000202178955], "action_grad": [[0.0, 0.0, 0.0], [0.0, 0.0, 0.0], [0.0, 0.0, 0.0], [0.0, 0.0, 0.0], [0.0, 0.0, 0.0], [0.0, 0.0, 0.0], [0.0, 0.0, 0.0], [0.0, 0.0, 0.0], [0.0, 0.0, 0.0], [0.0, 0.0, 0.0], [0.0, 0.0, 0.0], [0.0, 0.0, 0.0], [0.0, 0.0, 0.0], [0.0, 0.0, 0.0], [0.0, 0.0, 0.0], [0.0, 0.0, 0.0]], "action_params_change": 0, "value_params_change": 0.3783198584052663}
{"iterations": 1, "type_itr": 0, "sub_iteration": 9, "sub_it_time": 0.10626721382141113, "total_time": 1.0809173583984375, "value_loss": 17.82000160217285, "action_loss": -1.684301733970642, "action_probs": [[0.3159458000521282, 0.032096870207414356, 0.5918331220453288, 0.060124207695128634], [0.8409432982582161, 0.07827043603165575, 0.0739073690981385, 0.00687889661198962], [8.38464760887636e-05, 0.00010759785195013058, 0.43788408366665854, 0.5619244720053026], [0.449456356596312, 0.2059431603178309, 0.23631826635811828, 0.10828221672773904], [0.025546374074677768, 0.1959900534331161, 0.08976817876011063, 0.6886953937320954], [0.6917213687915981, 0.16757227103005437, 0.11326698063359471, 0.027439379544752902], [0.41139028537026967, 0.05331658483131763, 0.4738780671113945, 0.06141506268701839], [0.03411785448356295, 0.866505707597198, 0.003764625966691498, 0.09561181195254755], [0.0018059806415897486, 0.25605667553864814, 0.005197672653315525, 0.7369396711664468], [0.6460859574412059, 0.3086901285761883, 0.030602500620400215, 0.014621413362205567], [0.27577447673635425, 0.00149767429098703, 0.7188240637754214, 0.003903785197237402], [0.0030304130845573546, 0.37219009288108246, 0.005045939450490023, 0.6197335545838702], [0.768374926165361, 0.08841722664350149, 0.1284294197268848, 0.014778427464252755], [0.06505071202895782, 0.7876798203675973, 0.011234479549835722, 0.13603498805360917], [0.06239743323625188, 0.11043099577471736, 0.2986394262279487, 0.5285321447610819], [0.7487052952227148, 0.009868162564982696, 0.2382858623722765, 0.0031406798400260305]], "state_values": [4.117843988777896, 1.1904849217536169, -2.1108641452239, 4.986496809053197, 4.182494819197238, 2.253467659811342, 0.6280808958812512, 4.736733198840628, -0.4465611623063575, 0.4944932036759346, -4.222457760648686, 3.8916368746636296, -0.6764804853249063, 2.602495942651337, 0.4928229150950691, 3.990745215067765], "value_grad": [3.5640006065368652, 1.5840001106262207, -19.40399932861328, -12.672000885009766, -2.7719998359680176, 13.860000610351562, -12.2760009765625, 16.236000061035156, 19.00800132751465, -3.563999891281128, -11.088001251220703, 20.59200096130371, -10.296000480651855, -6.336000442504883, -5.544000148773193, -10.691999435424805], "action_grad": [[0.0, 0.0, 0.0], [0.0, 0.0, 0.0], [0.0, 0.0, 0.0], [0.0, 0.0, 0.0], [0.0, 0.0, 0.0], [0.0, 0.0, 0.0], [0.0, 0.0, 0.0], [0.0, 0.0, 0.0], [0.0, 0.0, 0.0], [0.0, 0.0, 0.0], [0.0, 0.0, 0.0], [0.0, 0.0, 0.0], [0.0, 0.0, 0.0], [0.0, 0.0, 0.0], [0.0, 0.0, 0.0], [0.0, 0.0, 0.0]], "action_params_change": 0, "value_params_change": 0.40305182496429737}
{"iterations": 1, "type_itr": 0, "sub_iteration": 10, "sub_it_time": 0.1038963794708252, "total_time": 1.1863038539886475, "value_loss": 1.5840001106262207, "action_loss": -1.8110771179199219, "action_probs": [[0.3159458000521282, 0.032096870207414356, 0.5918331220453288, 0.060124207695128634], [0.8409432982582161, 0.07827043603165575, 0.0739073690981385, 0.00687889661198962], [8.38464760887636e-05, 0.00010759785195013058, 0.43788408366665854, 0.5619244720053026], [0.449456356596312, 0.2059431603178309, 0.23631826635811828, 0.10828221672773904], [0.025546374074677768, 0.1959900534331161, 0.08976817876011063, 0.6886953937320954], [0.6917213687915981, 0.16757227103005437, 0.11326698063359471, 0.027439379544752902], [0.41139028537026967, 0.05331658483131763, 0.4738780671113945, 0.06141506268701839], [0.03411785448356295, 0.866505707597198, 0.003764625966691498, 0.09561181195254755], [0.0018059806415897486, 0.25605667553864814, 0.005197672653315525, 0.7369396711664468], [0.6460859574412059, 0.3086901285761883, 0.030602500620400215, 0.014621413362205567], [0.27577447673635425, 0.00149767429098703, 0.7188240637754214, 0.003903785197237402], [0.0030304130845573546, 0.37219009288108246, 0.005045939450490023, 0.6197335545838702], [0.768374926165361, 0.08841722664350149, 0.1284294197268848, 0.014778427464252755], [0.06505071202895782, 0.7876798203675973, 0.011234479549835722, 0.13603498805360917], [0.06239743323625188, 0.11043099577471736, 0.2986394262279487, 0.5285321447610819], [0.7487052952227148, 0.009868162564982696, 0.2382858623722765, 0.0031406798400260305]], "state_values": [4.110535104518314, 0.8352539809499572, -1.9163005837827713, 4.997574530827327, 4.379551752429249, 2.36521384519535, 0.32899510012799793, 4.774750940725259, 0.5988391456426664, 0.8938980992877977, -4.332907654837246, 3.744543353128824, -0.3314569681008653, 2.72536341062731, 0.493859143918871, 4.011587093884996], "value_grad": [4.752000331878662, -11.483999252319336, 21.384002685546875, -1.5840001106262207, 1.187999963760376, 1.9799995422363281, 11.484001159667969, -1.188000202178955, 8.315999984741211, 10.691999435424805, 19.80000114440918, 4.751999855041504, 9.899999618530273, 3.1679999828338623, -10.295999526977539, -5.940000057220459], "action_grad": [[0.0, 0.0, 0.0], [0.0, 0.0, 0.0], [0.0, 0.0, 0.0], [0.0, 0.0, 0.0], [0.0, 0.0, 0.0], [0.0, 0.0, 0.0], [0.0, 0.0, 0.0], [0.0, 0.0, 0.0], [0.0, 0.0, 0.0], [0.0, 0.0, 0.0], [0.0, 0.0, 0.0], [0.0, 0.0, 0.0], [0.0, 0.0, 0.0], [0.0, 0.0, 0.0], [0.0, 0.0, 0.0], [0.0, 0.0, 0.0]], "action_params_change": 0, "value_params_change": 0.41897484278982766}
{"iterations": 1, "type_itr": 0, "sub_iteration": 11, "sub_it_time": 0.10451316833496094, "total_time": 1.2922742366790771, "value_loss": 11.088001251220703, "action_loss": -1.6480801105499268, "action_probs": [[0.3159458000521282, 0.032096870207414356, 0.5918331220453288, 0.060124207695128634], [0.8409432982582161, 0.07827043603165575, 0.0739073690981385, 0.00687889661198962], [8.38464760887636e-05, 0.00010759785195013058, 0.43788408366665854, 0.5619244720053026], [0.449456356596312, 0.2059431603178309, 0.23631826635811828, 0.10828221672773904], [0.025546374074677768, 0.1959900534331161, 0.08976817876011063, 0.6886953937320954], [0.6917213687915981, 0.16757227103005437, 0.11326698063359471, 0.027439379544752902], [0.41139028537026967, 0.05331658483131763, 0.4738780671113945, 0.06141506268701839], [0.03411785448356295, 0.866505707597198, 0.003764625966691498, 0.09561181195254755], [0.0018059806415897486, 0.25605667553864814, 0.005197672653315525, 0.7369396711664468], [0.6460859574412059, 0.3086901285761883, 0.030602500620400215, 0.014621413362205567], [0.27577447673635425, 0.00149767429098703, 0.7188240637754214, 0.003903785197237402], [0.0030304130845573546, 0.37219009288108246, 0.005045939450490023, 0.6197335545838702], [0.768374926165361, 0.08841722664350149, 0.1284294197268848, 0.014778427464252755], [0.06505071202895782, 0.7876798203675973, 0.011234479549835722, 0.13603498805360917], [0.06239743323625188, 0.11043099577471736, 0.2986394262279487, 0.5285321447610819], [0.7487052952227148, 0.009868162564982696, 0.2382858623722765, 0.0031406798400260305]], "state_values": [4.064420422346512, 0.8556428192442043, -1.7179321134943835, 4.999632891240988, 4.616468197111366, 2.287043048135793, -0.14354717220599378, 4.783097979275308, 1.5930676355090299, 1.385747624466447, -4.300660818317069, 3.7337300431695333, 0.22921179114951035, 2.765689923132074, 0.43741851376313, 3.974851117463466], "value_grad": [3.95999813079834, 13.464001655578613, 1.1880011558532715, 5.543999671936035, 7.524001121520996, 11.880000114440918, -11.088000297546387, -3.563999891281128, 3.9600000381469727, 5.1479997634887695, -15.444000244140625, -9.899999618530273, 16.23600196838379, 3.1680002212524414, 1.9799995422363281, -5.1479997634887695], "action_grad": [[0.0, 0.0, 0.0], [0.0, 0.0, 0.0], [0.0, 0.0, 0.0], [0.0, 0.0, 0.0], [0.0, 0.0, 0.0], [0.0, 0.0, 0.0], [0.0, 0.0, 0.0], [0.0, 0.0, 0.0], [0.0, 0.0, 0.0], [0.0, 0.0, 0.0], [0.0, 0.0, 0.0], [0.0, 0.0, 0.0], [0.0, 0.0, 0.0], [0.0, 0.0, 0.0], [0.0, 0.0, 0.0], [0.0, 0.0, 0.0]], "action_params_change": 0, "value_params_change": 0.4084208001099636}
{"iterations": 1, "type_itr": 0, "sub_iteration": 12, "sub_it_time": 0.10446548461914062, "total_time": 1.3983516693115234, "value_loss": 3.563999891281128, "action_loss": -1.7205232381820679, "action_probs": [[0.3159458000521282, 0.032096870207414356, 0.5918331220453288, 0.060124207695128634], [0.8409432982582161, 0.07827043603165575, 0.0739073690981385, 0.00687889661198962], [8.38464760887636e-05, 0.00010759785195013058, 0.43788408366665854, 0.5619244720053026], [0.449456356596312, 0.2059431603178309, 0.23631826635811828, 0.10828221672773904], [0.025546374074677768, 0.1959900534331161, 0.08976817876011063, 0.6886953937320954], [0.6917213687915981, 0.16757227103005437, 0.11326698063359471, 0.027439379544752902], [0.41139028537026967, 0.05331658483131763, 0.4738780671113945, 0.06141506268701839], [0.03411785448356295, 0.866505707597198, 0.003764625966691498, 0.09561181195254755], [0.0018059806415897486, 0.25605667553864814, 0.005197672653315525, 0.7369396711664468], [0.6460859574412059, 0.3086901285761883, 0.030602500620400215, 0.014621413362205567], [0.27577447673635425, 0.00149767429098703, 0.7188240637754214, 0.003903785197237402], [0.0030304130845573546, 0.37219009288108246, 0.005045939450490023, 0.6197335545838702], [0.768374926165361, 0.08841722664350149, 0.1284294197268848, 0.014778427464252755], [0.06505071202895782, 0.7876798203675973, 0.011234479549835722, 0.13603498805360917], [0.06239743323625188, 0.11043099577471736, 0.2986394262279487, 0.5285321447610819], [0.7487052952227148, 0.009868162564982696, 0.2382858623722765, 0.0031406798400260305]], "state_values": [3.977295986690789, 0.9263588969467146, -1.4553659538684631, 4.997547053246618, 4.802359204114133, 2.2858966984760087, -0.6216422889955566, 4.763975584583306, 2.0713286635236705, 1.8281922188248707, -4.210673236487482, 3.594453011270047, 0.9655276361347237, 2.7512208873354065, 0.4892109562937979, 3.9150815225375104], "value_grad": [4.3560004234313965, 2.3760008811950684, 4.751999855041504, 11.088000297546387, 2.375999927520752, -4.751999855041504, -2.7719998359680176, -3.9600014686584473, -14.652000427246094, 0.3959989547729492, -7.523999214172363, 11.088000297546387, 20.196001052856445, 2.375999927520752, -3.564000129699707, -2.3760013580322266], "action_grad": [[0.0, 0.0, 0.0], [0.0, 0.0, 0.0], [0.0, 0.0, 0.0], [0.0, 0.0, 0.0], [0.0, 0.0, 0.0], [0.0, 0.0, 0.0], [0.0, 0.0, 0.0], [0.0, 0.0, 0.0], [0.0, 0.0, 0.0], [0.0, 0.0, 0.0], [0.0, 0.0, 0.0], [0.0, 0.0, 0.0], [0.0, 0.0, 0.0], [0.0, 0.0, 0.0], [0.0, 0.0, 0.0], [0.0, 0.0, 0.0]], "action_params_change": 0, "value_params_change": 0.2969356750047898}
{"iterations": 1, "type_itr": 0, "sub_iteration": 13, "sub_it_time": 0.10586190223693848, "total_time": 1.5057027339935303, "value_loss": -2.375999927520752, "action_loss": -1.140978455543518, "action_probs": [[0.3159458000521282, 0.032096870207414356, 0.5918331220453288, 0.060124207695128634], [0.8409432982582161, 0.07827043603165575, 0.0739073690981385, 0.00687889661198962], [8.38464760887636e-05, 0.00010759785195013058, 0.43788408366665854, 0.5619244720053026], [0.449456356596312, 0.2059431603178309, 0.23631826635811828, 0.10828221672773904], [0.025546374074677768, 0.1959900534331161, 0.08976817876011063, 0.6886953937320954], [0.6917213687915981, 0.16757227103005437, 0.11326698063359471, 0.027439379544752902], [0.41139028537026967, 0.05331658483131763, 0.4738780671113945, 0.06141506268701839], [0.03411785448356295, 0.866505707597198, 0.003764625966691498, 0.09561181195254755], [0.0018059806415897486, 0.25605667553864814, 0.005197672653315525, 0.7369396711664468], [0.6460859574412059, 0.3086901285761883, 0.030602500620400215, 0.014621413362205567], [0.27577447673635425, 0.00149767429098703, 0.7188240637754214, 0.003903785197237402], [0.0030304130845573546, 0.37219009288108246, 0.005045939450490023, 0.6197335545838702], [0.768374926165361, 0.08841722664350149, 0.1284294197268848, 0.014778427464252755], [0.06505071202895782, 0.7876798203675973, 0.011234479549835722, 0.13603498805360917], [0.06239743323625188, 0.11043099577471736, 0.2986394262279487, 0.5285321447610819], [0.7487052952227148, 0.009868162564982696, 0.2382858623722765, 0.0031406798400260305]], "state_values": [3.6850366725671497, 0.9462929387618744, -1.2284724108806602, 4.99944682810345, 4.847650865376052, 2.4766985400609736, -1.2111352693490498, 4.781194649778289, 2.314718503793597, 2.1359000139836732, -4.06482440856565, 3.512980554516673, 1.7359671461631894, 2.796936803959252, 0.6465553457133855, 3.7846838491550523], "value_grad": [24.552001953125, -1.9800004959106445, -0.7919995784759521, -10.691999435424805, -10.296000480651855, -14.256001472473145, -9.900001525878906, 5.1479997634887695, -9.107999801635742, -2.772000312805176, -7.128000259399414, -3.960000514984131, 10.296000480651855, -2.7719998359680176, -3.9600000381469727, -6.732000827789307], "action_grad": [[0.0, 0.0, 0.0], [0.0, 0.0, 0.0], [0.0, 0.0, 0.0], [0.0, 0.0, 0.0], [0.0, 0.0, 0.0], [0.0, 0.0, 0.0], [0.0, 0.0, 0.0], [0.0, 0.0, 0.0], [0.0, 0.0, 0.0], [0.0, 0.0, 0.0], [0.0, 0.0, 0.0], [0.0, 0.0, 0.0], [0.0, 0.0, 0.0], [0.0, 0.0, 0.0], [0.0, 0.0, 0.0], [0.0, 0.0, 0.0]], "action_params_change": 0, "value_params_change": 0.32050086711056025}
