{"iterations": 0, "type_itr": 0, "sub_iteration": 0, "sub_it_time": 0, "total_time": 0, "value_loss": 0, "action_loss": 0, "action_probs": [[0.024808665301523296, 0.8877619071374038, 0.0023768105956666636, 0.08505261696540627], [0.534505643406042, 0.10838171835831918, 0.296908497228372, 0.06020414100726677], [0.6637062571555943, 0.2744894748416365, 0.04372209123679985, 0.018082176765969262], [3.42207195171853e-05, 0.07571981194222151, 0.0004175139052253633, 0.923828453433036], [0.00869037958295903, 0.10575783270092143, 0.06724247606884595, 0.8183093116472735], [0.0034860437548466924, 0.7347335584350589, 0.001236187603553235, 0.26054421020654106], [0.9869010003425168, 0.005019342000366865, 0.008038772756085564, 4.088490103062151e-05], [0.26242844345476046, 0.10411655976260101, 0.45352305268155485, 0.17993194410108365], [0.0005549688975988303, 0.06084287188852116, 0.008483930361612423, 0.9301182288522678], [0.013172439513499244, 0.04126337690017278, 0.22880867478445535, 0.7167555088018727], [0.12635211050634387, 0.05128907278175682, 0.5849250166079494, 0.23743380010394988], [0.48740110763273076, 0.5012200915552656, 0.0056098737553453865, 0.005768927056658323], [0.02135992911789544, 0.033323629788711055, 0.3692497814603032, 0.5760666596330903], [0.0010043024102557579, 0.006259255228850706, 0.13726160806433965, 0.8554748342965539], [0.3067184851199219, 0.5874394702868678, 0.03630646172001633, 0.06953558287319397], [5.933290237573623e-06, 0.0045881843172999185, 0.0012855639556838133, 0.9941203184367786]], "state_values": [4.376951888675425, -1.9883830688730086, 4.415794703157942, 3.9820661223851204, -4.9659726633429955, 2.33130914791409, 3.0070975440901786, 2.0458013777309536, -3.766403962109993, 2.2946075925660696, 4.527329010838829, 2.063544484654292, 4.994748639953488, -1.4054895207246965, -4.513693366253242, -4.834042355586223], "value_grad": [0.0, 0.0, 0.0, 0.0, 0.0, 0.0, 0.0, 0.0, 0.0, 0.0, 0.0, 0.0, 0.0, 0.0, 0.0, 0.0], "action_grad": [[0.0, 0.0, 0.0], [0.0, 0.0, 0.0], [0.0, 0.0, 0.0], [0.0, 0.0, 0.0], [0.0, 0.0, 0.0], [0.0, 0.0, 0.0], [0.0, 0.0, 0.0], [0.0, 0.0, 0.0], [0.0, 0.0, 0.0], [0.0, 0.0, 0.0], [0.0, 0.0, 0.0], [0.0, 0.0, 0.0], [0.0, 0.0, 0.0], [0.0, 0.0, 0.0], [0.0, 0.0, 0.0], [0.0, 0.0, 0.0]], "action_params_change": 0, "value_params_change": 0}
{"iterations": 1, "type_itr": 0, "sub_iteration": 0, "sub_it_time": 0.10129237174987793, "total_time": 0.10349035263061523, "value_loss": 10.608346917073385, "action_loss": -1.0110338235613645, "action_probs": [[0.024808665301523296, 0.8877619071374038, 0.0023768105956666636, 0.08505261696540627], [0.534505643406042, 0.10838171835831918, 0.296908497228372, 0.06020414100726677], [0.6637062571555943, 0.2744894748416365, 0.04372209123679985, 0.018082176765969262], [3.42207195171853e-05, 0.07571981194222151, 0.0004175139052253633, 0.923828453433036], [0.00869037958295903, 0.10575783270092143, 0.06724247606884595, 0.8183093116472735], [0.0034860437548466924, 0.7347335584350589, 0.001236187603553235, 0.26054421020654106], [0.9869010003425168, 0.005019342000366865, 0.008038772756085564, 4.088490103062151e-05], [0.26242844345476046, 0.10411655976260101, 0.45352305268155485, 0.17993194410108365], [0.0005549688975988303, 0.06084287188852116, 0.008483930361612423, 0.9301182288522678], [0.013172439513499244, 0.04126337690017278, 0.22880867478445535, 0.7167555088018727], [0.12635211050634387, 0.05128907278175682, 0.5849250166079494, 0.23743380010394988], [0.48740110763273076, 0.5012200915552656, 0.0056098737553453865, 0.005768927056658323], [0.02135992911789544, 0.033323629788711055, 0.3692497814603032, 0.5760666596330903], [0.0010043024102557579, 0.006259255228850706, 0.13726160806433965, 0.8554748342965539], [0.3067184851199219, 0.5874394702868678, 0.03630646172001633, 0.06953558287319397], [5.933290237573623e-06, 0.0045881843172999185, 0.0012855639556838133, 0.9941203184367786]], "state_values": [3.642887119360371, -0.791571675617388, 3.698264721227262, 4.606364509717232, -4.667520331148551, 1.1645088359375388, 3.901910456474181, 0.8534682654349838, -2.835728839988518, 1.1242104991440711, 3.861570338706758, 0.8726384578034289, 4.7827942399877434, -0.174654235584129, -3.8412208242983277, -4.367702463177738], "value_grad": [0.12538414872146397, -1.4326903688358552, 0.2660576045723353, 0.1465822859739756, -0.1765533417220908, -1.2282052898835776, 0.05726258285954877, -0.11061849297340132, 1.334256617113212, -0.12081024189657796, 0.8019682812979525, -0.11138228365767411, -0.05886538619149562, 0.5998370569454536, 0.6780037102416987, -0.08495303469765325], "action_grad": [[0.0, 0.0, 0.0], [0.0, 0.0, 0.0], [0.0, 0.0, 0.0], [0.0, 0.0, 0.0], [0.0, 0.0, 0.0], [0.0, 0.0, 0.0], [0.0, 0.0, 0.0], [0.0, 0.0, 0.0], [0.0, 0.0, 0.0], [0.0, 0.0, 0.0], [0.0, 0.0, 0.0], [0.0, 0.0, 0.0], [0.0, 0.0, 0.0], [0.0, 0.0, 0.0], [0.0, 0.0, 0.0], [0.0, 0.0, 0.0]], "action_params_change": 0, "value_params_change": 0.49999999651006233}
{"iterations": 1, "type_itr": 0, "sub_iteration": 1, "sub_it_time": 0.10339689254760742, "total_time": 0.21610021591186523, "value_loss": 7.289493067379581, "action_loss": -0.8846722153457529, "action_probs": [[0.024808665301523296, 0.8877619071374038, 0.0023768105956666636, 0.08505261696540627], [0.534505643406042, 0.10838171835831918, 0.296908497228372, 0.06020414100726677], [0.6637062571555943, 0.2744894748416365, 0.04372209123679985, 0.018082176765969262], [3.42207195171853e-05, 0.07571981194222151, 0.0004175139052253633, 0.923828453433036], [0.00869037958295903, 0.10575783270092143, 0.06724247606884595, 0.8183093116472735], [0.0034860437548466924, 0.7347335584350589, 0.001236187603553235, 0.26054421020654106], [0.9869010003425168, 0.005019342000366865, 0.008038772756085564, 4.088490103062151e-05], [0.26242844345476046, 0.10411655976260101, 0.45352305268155485, 0.17993194410108365], [0.0005549688975988303, 0.06084287188852116, 0.008483930361612423, 0.9301182288522678], [0.013172439513499244, 0.04126337690017278, 0.22880867478445535, 0.7167555088018727], [0.12635211050634387, 0.05128907278175682, 0.5849250166079494, 0.23743380010394988], [0.48740110763273076, 0.5012200915552656, 0.0056098737553453865, 0.005768927056658323], [0.02135992911789544, 0.033323629788711055, 0.3692497814603032, 0.5760666596330903], [0.0010043024102557579, 0.006259255228850706, 0.13726160806433965, 0.8554748342965539], [0.3067184851199219, 0.5874394702868678, 0.03630646172001633, 0.06953558287319397], [5.933290237573623e-06, 0.0045881843172999185, 0.0012855639556838133, 0.9941203184367786]], "state_values": [2.681367966276815, 0.41265032767163456, 2.886379570351085, 4.933458398257278, -4.131191247872189, 0.005524674371509662, 3.3503809574265837, -0.2879834661425946, -1.7299655171742179, -0.0442592374927532, 2.9569237450071517, -0.2713084051026807, 4.365756948631208, 0.9595479982770435, -2.9323038220738433, -3.654595216845106], "value_grad": [0.1478639650611031, -0.9235817555146664, 0.08725816765219907, 0.07987919690130063, -0.49197744930330334, -0.629666513154743, -0.40808997602522545, -0.04983285109247948, 1.28917472054001, -0.06491304916388607, 1.0293473749180322, -0.050917428801218634, -0.319026456249742, 0.26236520253726603, 0.897123879422506, -0.16058476883503836], "action_grad": [[0.0, 0.0, 0.0], [0.0, 0.0, 0.0], [0.0, 0.0, 0.0], [0.0, 0.0, 0.0], [0.0, 0.0, 0.0], [0.0, 0.0, 0.0], [0.0, 0.0, 0.0], [0.0, 0.0, 0.0], [0.0, 0.0, 0.0], [0.0, 0.0, 0.0], [0.0, 0.0, 0.0], [0.0, 0.0, 0.0], [0.0, 0.0, 0.0], [0.0, 0.0, 0.0], [0.0, 0.0, 0.0], [0.0, 0.0, 0.0]], "action_params_change": 0, "value_params_change": 0.5004536859621307}
{"iterations": 1, "type_itr": 0, "sub_iteration": 2, "sub_it_time": 0.10709595680236816, "total_time": 0.33480334281921387, "value_loss": 4.603022204531163, "action_loss": -0.6825565867647356, "action_probs": [[0.024808665301523296, 0.8877619071374038, 0.0023768105956666636, 0.08505261696540627], [0.534505643406042, 0.10838171835831918, 0.296908497228372, 0.06020414100726677], [0.6637062571555943, 0.2744894748416365, 0.04372209123679985, 0.018082176765969262], [3.42207195171853e-05, 0.07571981194222151, 0.0004175139052253633, 0.923828453433036], [0.00869037958295903, 0.10575783270092143, 0.06724247606884595, 0.8183093116472735], [0.0034860437548466924, 0.7347335584350589, 0.001236187603553235, 0.26054421020654106], [0.9869010003425168, 0.005019342000366865, 0.008038772756085564, 4.088490103062151e-05], [0.26242844345476046, 0.10411655976260101, 0.45352305268155485, 0.17993194410108365], [0.0005549688975988303, 0.06084287188852116, 0.008483930361612423, 0.9301182288522678], [0.013172439513499244, 0.04126337690017278, 0.22880867478445535, 0.7167555088018727], [0.12635211050634387, 0.05128907278175682, 0.5849250166079494, 0.23743380010394988], [0.48740110763273076, 0.5012200915552656, 0.0056098737553453865, 0.005768927056658323], [0.02135992911789544, 0.033323629788711055, 0.3692497814603032, 0.5760666596330903], [0.0010043024102557579, 0.006259255228850706, 0.13726160806433965, 0.8554748342965539], [0.3067184851199219, 0.5874394702868678, 0.03630646172001633, 0.06953558287319397], [5.933290237573623e-06, 0.0045881843172999185, 0.0012855639556838133, 0.9941203184367786]], "state_values": [1.5542081113802908, 1.4449549405146391, 2.549076229795615, 4.994990678519976, -3.356577436211745, -0.9289572053904184, 2.5363670073992934, -1.0463038834459373, -0.5409506452927864, -0.934017693293805, 1.8650773800763485, -1.0402153765222946, 3.7046633215845, 1.723148759573859, -1.837605365625535, -2.7247953274345478], "value_grad": [0.13411298982765008, -0.2848431218978149, -0.13715774172144002, 0.030244999955742813, -0.6584152518717836, -0.06330789307180051, -0.5742625669666745, 0.017037082588577945, 0.9613021436954083, 0.0026226246790219676, 1.0926937984620615, 0.016053590604934165, -0.4203806256243521, -0.06831544983300919, 0.913776334627002, -0.21240907218588045], "action_grad": [[0.0, 0.0, 0.0], [0.0, 0.0, 0.0], [0.0, 0.0, 0.0], [0.0, 0.0, 0.0], [0.0, 0.0, 0.0], [0.0, 0.0, 0.0], [0.0, 0.0, 0.0], [0.0, 0.0, 0.0], [0.0, 0.0, 0.0], [0.0, 0.0, 0.0], [0.0, 0.0, 0.0], [0.0, 0.0, 0.0], [0.0, 0.0, 0.0], [0.0, 0.0, 0.0], [0.0, 0.0, 0.0], [0.0, 0.0, 0.0]], "action_params_change": 0, "value_params_change": 0.5010360578543804}
{"iterations": 1, "type_itr": 0, "sub_iteration": 3, "sub_it_time": 0.10274958610534668, "total_time": 0.4539213180541992, "value_loss": 2.7621933246937345, "action_loss": -0.531629740714775, "action_probs": [[0.024808665301523296, 0.8877619071374038, 0.0023768105956666636, 0.08505261696540627], [0.534505643406042, 0.10838171835831918, 0.296908497228372, 0.06020414100726677], [0.6637062571555943, 0.2744894748416365, 0.04372209123679985, 0.018082176765969262], [3.42207195171853e-05, 0.07571981194222151, 0.0004175139052253633, 0.923828453433036], [0.00869037958295903, 0.10575783270092143, 0.06724247606884595, 0.8183093116472735], [0.0034860437548466924, 0.7347335584350589, 0.001236187603553235, 0.26054421020654106], [0.9869010003425168, 0.005019342000366865, 0.008038772756085564, 4.088490103062151e-05], [0.26242844345476046, 0.10411655976260101, 0.45352305268155485, 0.17993194410108365], [0.0005549688975988303, 0.06084287188852116, 0.008483930361612423, 0.9301182288522678], [0.013172439513499244, 0.04126337690017278, 0.22880867478445535, 0.7167555088018727], [0.12635211050634387, 0.05128907278175682, 0.5849250166079494, 0.23743380010394988], [0.48740110763273076, 0.5012200915552656, 0.0056098737553453865, 0.005768927056658323], [0.02135992911789544, 0.033323629788711055, 0.3692497814603032, 0.5760666596330903], [0.0010043024102557579, 0.006259255228850706, 0.13726160806433965, 0.8554748342965539], [0.3067184851199219, 0.5874394702868678, 0.03630646172001633, 0.06953558287319397], [5.933290237573623e-06, 0.0045881843172999185, 0.0012855639556838133, 0.9941203184367786]], "state_values": [0.3674440770545144, 2.147961190374308, 2.671572413909595, 4.892190641967699, -2.3711015018201946, -1.4477893059340665, 1.5332786298635486, -1.2793346523298403, 0.5931396854580383, -1.3366940020539109, 0.6634241637481876, -1.2856444342584443, 2.8165274611182443, 2.021827689784045, -0.6404914637362671, -1.6209966286150466], "value_grad": [0.08753727719523896, 0.23943984144236685, -0.2161440315281138, -0.008160923130544617, -0.6839146485834253, 0.4045341417074333, -0.5972226729100143, 0.06062945895778471, 0.4631319056163785, 0.05437402605258468, 0.8898630881003404, 0.0602926664489174, -0.40869298524572795, -0.27266152045863334, 0.7014219608708676, -0.2313322787690164], "action_grad": [[0.0, 0.0, 0.0], [0.0, 0.0, 0.0], [0.0, 0.0, 0.0], [0.0, 0.0, 0.0], [0.0, 0.0, 0.0], [0.0, 0.0, 0.0], [0.0, 0.0, 0.0], [0.0, 0.0, 0.0], [0.0, 0.0, 0.0], [0.0, 0.0, 0.0], [0.0, 0.0, 0.0], [0.0, 0.0, 0.0], [0.0, 0.0, 0.0], [0.0, 0.0, 0.0], [0.0, 0.0, 0.0], [0.0, 0.0, 0.0]], "action_params_change": 0, "value_params_change": 0.49835935717580027}
{"iterations": 1, "type_itr": 0, "sub_iteration": 4, "sub_it_time": 0.10876250267028809, "total_time": 0.5656371116638184, "value_loss": 1.681716624571231, "action_loss": -0.4712801554692729, "action_probs": [[0.024808665301523296, 0.8877619071374038, 0.0023768105956666636, 0.08505261696540627], [0.534505643406042, 0.10838171835831918, 0.296908497228372, 0.06020414100726677], [0.6637062571555943, 0.2744894748416365, 0.04372209123679985, 0.018082176765969262], [3.42207195171853e-05, 0.07571981194222151, 0.0004175139052253633, 0.923828453433036], [0.00869037958295903, 0.10575783270092143, 0.06724247606884595, 0.8183093116472735], [0.0034860437548466924, 0.7347335584350589, 0.001236187603553235, 0.26054421020654106], [0.9869010003425168, 0.005019342000366865, 0.008038772756085564, 4.088490103062151e-05], [0.26242844345476046, 0.10411655976260101, 0.45352305268155485, 0.17993194410108365], [0.0005549688975988303, 0.06084287188852116, 0.008483930361612423, 0.9301182288522678], [0.013172439513499244, 0.04126337690017278, 0.22880867478445535, 0.7167555088018727], [0.12635211050634387, 0.05128907278175682, 0.5849250166079494, 0.23743380010394988], [0.48740110763273076, 0.5012200915552656, 0.0056098737553453865, 0.005768927056658323], [0.02135992911789544, 0.033323629788711055, 0.3692497814603032, 0.5760666596330903], [0.0010043024102557579, 0.006259255228850706, 0.13726160806433965, 0.8554748342965539], [0.3067184851199219, 0.5874394702868678, 0.03630646172001633, 0.06953558287319397], [5.933290237573623e-06, 0.0045881843172999185, 0.0012855639556838133, 0.9941203184367786]], "state_values": [-0.7096895912745304, 2.509042999858136, 2.9329400744694483, 4.758571259246337, -1.2348599948887995, -1.56716621217157, 0.433197085160109, -1.1394679573194348, 1.518222786091826, -1.3335138716243804, -0.5114474070729417, -1.1553190592465628, 1.7663819110509396, 1.976306974610475, 0.5132126101453369, -0.40843058855576975], "value_grad": [0.021715237207127425, 0.5373116648095366, -0.11600634551404587, -0.03892277024202495, -0.5739979921479863, 0.6615463337956158, -0.3968550967363975, 0.07328760168243909, -0.0390163525126217, 0.07632717569872383, 0.4347179064427331, 0.07362354818521455, -0.29007827826143506, -0.34155584587861854, 0.3050941480389695, -0.2094255088589354], "action_grad": [[0.0, 0.0, 0.0], [0.0, 0.0, 0.0], [0.0, 0.0, 0.0], [0.0, 0.0, 0.0], [0.0, 0.0, 0.0], [0.0, 0.0, 0.0], [0.0, 0.0, 0.0], [0.0, 0.0, 0.0], [0.0, 0.0, 0.0], [0.0, 0.0, 0.0], [0.0, 0.0, 0.0], [0.0, 0.0, 0.0], [0.0, 0.0, 0.0], [0.0, 0.0, 0.0], [0.0, 0.0, 0.0], [0.0, 0.0, 0.0]], "action_params_change": 0, "value_params_change": 0.4967759628833597}
{"iterations": 1, "type_itr": 0, "sub_iteration": 5, "sub_it_time": 0.10458922386169434, "total_time": 0.6871626377105713, "value_loss": 1.4182606741587809, "action_loss": -0.4776226471663427, "action_probs": [[0.024808665301523296, 0.8877619071374038, 0.0023768105956666636, 0.08505261696540627], [0.534505643406042, 0.10838171835831918, 0.296908497228372, 0.06020414100726677], [0.6637062571555943, 0.2744894748416365, 0.04372209123679985, 0.018082176765969262], [3.42207195171853e-05, 0.07571981194222151, 0.0004175139052253633, 0.923828453433036], [0.00869037958295903, 0.10575783270092143, 0.06724247606884595, 0.8183093116472735], [0.0034860437548466924, 0.7347335584350589, 0.001236187603553235, 0.26054421020654106], [0.9869010003425168, 0.005019342000366865, 0.008038772756085564, 4.088490103062151e-05], [0.26242844345476046, 0.10411655976260101, 0.45352305268155485, 0.17993194410108365], [0.0005549688975988303, 0.06084287188852116, 0.008483930361612423, 0.9301182288522678], [0.013172439513499244, 0.04126337690017278, 0.22880867478445535, 0.7167555088018727], [0.12635211050634387, 0.05128907278175682, 0.5849250166079494, 0.23743380010394988], [0.48740110763273076, 0.5012200915552656, 0.0056098737553453865, 0.005768927056658323], [0.02135992911789544, 0.033323629788711055, 0.3692497814603032, 0.5760666596330903], [0.0010043024102557579, 0.006259255228850706, 0.13726160806433965, 0.8554748342965539], [0.3067184851199219, 0.5874394702868678, 0.03630646172001633, 0.06953558287319397], [5.933290237573623e-06, 0.0045881843172999185, 0.0012855639556838133, 0.9941203184367786]], "state_values": [-1.5004650227574772, 2.601661135771458, 3.097898802262062, 4.690073686429627, -0.05559683014619987, -1.39538874581209, -0.5528001406433721, -0.7769594256492229, 2.144900484751358, -1.066610954841647, -1.464023710021226, -0.7991471478119698, 0.7048294843027416, 1.7018103352842728, 1.433215418688937, 0.8101325363822812], "value_grad": [-0.04162921958913235, 0.662054449344545, 0.03899720052670297, -0.060282527766567506, -0.3487067575950553, 0.7429375003554843, -0.028940095412624878, 0.0657461450139416, -0.4244315577485873, 0.07615951170300916, -0.11986228411100108, 0.06660956570138543, -0.09467657946328112, -0.3361038048514544, -0.13521972349333566, -0.1407359856773447], "action_grad": [[0.0, 0.0, 0.0], [0.0, 0.0, 0.0], [0.0, 0.0, 0.0], [0.0, 0.0, 0.0], [0.0, 0.0, 0.0], [0.0, 0.0, 0.0], [0.0, 0.0, 0.0], [0.0, 0.0, 0.0], [0.0, 0.0, 0.0], [0.0, 0.0, 0.0], [0.0, 0.0, 0.0], [0.0, 0.0, 0.0], [0.0, 0.0, 0.0], [0.0, 0.0, 0.0], [0.0, 0.0, 0.0], [0.0, 0.0, 0.0]], "action_params_change": 0, "value_params_change": 0.48904237310715626}
{"iterations": 1, "type_itr": 0, "sub_iteration": 6, "sub_it_time": 0.10691046714782715, "total_time": 0.7970056533813477, "value_loss": 1.830528493336188, "action_loss": -0.5320905278094651, "action_probs": [[0.024808665301523296, 0.8877619071374038, 0.0023768105956666636, 0.08505261696540627], [0.534505643406042, 0.10838171835831918, 0.296908497228372, 0.06020414100726677], [0.6637062571555943, 0.2744894748416365, 0.04372209123679985, 0.018082176765969262], [3.42207195171853e-05, 0.07571981194222151, 0.0004175139052253633, 0.923828453433036], [0.00869037958295903, 0.10575783270092143, 0.06724247606884595, 0.8183093116472735], [0.0034860437548466924, 0.7347335584350589, 0.001236187603553235, 0.26054421020654106], [0.9869010003425168, 0.005019342000366865, 0.008038772756085564, 4.088490103062151e-05], [0.26242844345476046, 0.10411655976260101, 0.45352305268155485, 0.17993194410108365], [0.0005549688975988303, 0.06084287188852116, 0.008483930361612423, 0.9301182288522678], [0.013172439513499244, 0.04126337690017278, 0.22880867478445535, 0.7167555088018727], [0.12635211050634387, 0.05128907278175682, 0.5849250166079494, 0.23743380010394988], [0.48740110763273076, 0.5012200915552656, 0.0056098737553453865, 0.005768927056658323], [0.02135992911789544, 0.033323629788711055, 0.3692497814603032, 0.5760666596330903], [0.0010043024102557579, 0.006259255228850706, 0.13726160806433965, 0.8554748342965539], [0.3067184851199219, 0.5874394702868678, 0.03630646172001633, 0.06953558287319397], [5.933290237573623e-06, 0.0045881843172999185, 0.0012855639556838133, 0.9941203184367786]], "state_values": [-1.9444650568901172, 2.4952479190367516, 3.050658199175125, 4.707990056407902, 1.0078675999965765, -1.0207629653811736, -1.149425549144907, -0.30319764318268216, 2.4828340342402915, -0.6426400458721839, -2.0595746590174264, -0.32801713074054445, -0.1422873339429936, 1.275071564950837, 2.0132199091679674, 1.8747709745888832], "value_grad": [-0.08481691758514964, 0.6898763427125856, 0.15386687988707415, -0.06946758011282839, -0.061402201092100483, 0.718757899981991, 0.35083685937388864, 0.045482031265017486, -0.6552890418678041, 0.061750686674380884, -0.5789683451166425, 0.04674732664871817, 0.11516306198190107, -0.2900734308821773, -0.46143731347256534, -0.029866691077252483], "action_grad": [[0.0, 0.0, 0.0], [0.0, 0.0, 0.0], [0.0, 0.0, 0.0], [0.0, 0.0, 0.0], [0.0, 0.0, 0.0], [0.0, 0.0, 0.0], [0.0, 0.0, 0.0], [0.0, 0.0, 0.0], [0.0, 0.0, 0.0], [0.0, 0.0, 0.0], [0.0, 0.0, 0.0], [0.0, 0.0, 0.0], [0.0, 0.0, 0.0], [0.0, 0.0, 0.0], [0.0, 0.0, 0.0], [0.0, 0.0, 0.0]], "action_params_change": 0, "value_params_change": 0.4432068251790251}
{"iterations": 1, "type_itr": 0, "sub_iteration": 7, "sub_it_time": 0.10148167610168457, "total_time": 0.915755033493042, "value_loss": 2.3858340856664477, "action_loss": -0.6257430788660706, "action_probs": [[0.024808665301523296, 0.8877619071374038, 0.0023768105956666636, 0.08505261696540627], [0.534505643406042, 0.10838171835831918, 0.296908497228372, 0.06020414100726677], [0.6637062571555943, 0.2744894748416365, 0.04372209123679985, 0.018082176765969262], [3.42207195171853e-05, 0.07571981194222151, 0.0004175139052253633, 0.923828453433036], [0.00869037958295903, 0.10575783270092143, 0.06724247606884595, 0.8183093116472735], [0.0034860437548466924, 0.7347335584350589, 0.001236187603553235, 0.26054421020654106], [0.9869010003425168, 0.005019342000366865, 0.008038772756085564, 4.088490103062151e-05], [0.26242844345476046, 0.10411655976260101, 0.45352305268155485, 0.17993194410108365], [0.0005549688975988303, 0.06084287188852116, 0.008483930361612423, 0.9301182288522678], [0.013172439513499244, 0.04126337690017278, 0.22880867478445535, 0.7167555088018727], [0.12635211050634387, 0.05128907278175682, 0.5849250166079494, 0.23743380010394988], [0.48740110763273076, 0.5012200915552656, 0.0056098737553453865, 0.005768927056658323], [0.02135992911789544, 0.033323629788711055, 0.3692497814603032, 0.5760666596330903], [0.0010043024102557579, 0.006259255228850706, 0.13726160806433965, 0.8554748342965539], [0.3067184851199219, 0.5874394702868678, 0.03630646172001633, 0.06953558287319397], [5.933290237573623e-06, 0.0045881843172999185, 0.0012855639556838133, 0.9941203184367786]], "state_values": [-2.0911934524015154, 2.2369647233441565, 2.807989792631334, 4.784543195228557, 1.8104735539865597, -0.5073450256182678, -1.3167598625515433, 0.1781423509771217, 2.589346119596816, -0.15270767195101725, -2.307321383604775, 0.15543164737867282, -0.6386148036696626, 0.765692928379206, 2.281833646565185, 2.620645269766982], "value_grad": [-0.10615547449922147, 0.6599590669916302, 0.18909040812666733, -0.06713457784449117, 0.19714187637603908, 0.6328003194215754, 0.579682286669323, 0.017933914597654255, -0.7552218132080162, 0.03776590568603444, -0.8684444395929112, 0.019395866199831246, 0.2643239995390707, -0.20334385389618426, -0.6270218099357154, 0.0881500340344612], "action_grad": [[0.0, 0.0, 0.0], [0.0, 0.0, 0.0], [0.0, 0.0, 0.0], [0.0, 0.0, 0.0], [0.0, 0.0, 0.0], [0.0, 0.0, 0.0], [0.0, 0.0, 0.0], [0.0, 0.0, 0.0], [0.0, 0.0, 0.0], [0.0, 0.0, 0.0], [0.0, 0.0, 0.0], [0.0, 0.0, 0.0], [0.0, 0.0, 0.0], [0.0, 0.0, 0.0], [0.0, 0.0, 0.0], [0.0, 0.0, 0.0]], "action_params_change": 0, "value_params_change": 0.3350999329555915}
{"iterations": 1, "type_itr": 0, "sub_iteration": 8, "sub_it_time": 0.11603379249572754, "total_time": 1.0346693992614746, "value_loss": 2.630529787612004, "action_loss": -0.7368763167130195, "action_probs": [[0.024808665301523296, 0.8877619071374038, 0.0023768105956666636, 0.08505261696540627], [0.534505643406042, 0.10838171835831918, 0.296908497228372, 0.06020414100726677], [0.6637062571555943, 0.2744894748416365, 0.04372209123679985, 0.018082176765969262], [3.42207195171853e-05, 0.07571981194222151, 0.0004175139052253633, 0.923828453433036], [0.00869037958295903, 0.10575783270092143, 0.06724247606884595, 0.8183093116472735], [0.0034860437548466924, 0.7347335584350589, 0.001236187603553235, 0.26054421020654106], [0.9869010003425168, 0.005019342000366865, 0.008038772756085564, 4.088490103062151e-05], [0.26242844345476046, 0.10411655976260101, 0.45352305268155485, 0.17993194410108365], [0.0005549688975988303, 0.06084287188852116, 0.008483930361612423, 0.9301182288522678], [0.013172439513499244, 0.04126337690017278, 0.22880867478445535, 0.7167555088018727], [0.12635211050634387, 0.05128907278175682, 0.5849250166079494, 0.23743380010394988], [0.48740110763273076, 0.5012200915552656, 0.0056098737553453865, 0.005768927056658323], [0.02135992911789544, 0.033323629788711055, 0.3692497814603032, 0.5760666596330903], [0.0010043024102557579, 0.006259255228850706, 0.13726160806433965, 0.8554748342965539], [0.3067184851199219, 0.5874394702868678, 0.03630646172001633, 0.06953558287319397], [5.933290237573623e-06, 0.0045881843172999185, 0.0012855639556838133, 0.9941203184367786]], "state_values": [-2.0098788034293573, 1.8628022084206295, 2.4348532804558287, 4.8787369782623236, 2.313530154888145, 0.08587655660738852, -1.1695910835839671, 0.566903754836053, 2.5193456012900706, 0.3112548080080395, -2.276940025619789, 0.5513238548202234, -0.8145765111308644, 0.2595550046593391, 2.3089844463414684, 3.015320502002422], "value_grad": [-0.11256166894320696, 0.5817425667568421, 0.14813786919283833, -0.05657662382472717, 0.35854746985127717, 0.48989284706904845, 0.6453391099167387, -0.010549711704166409, -0.7646996930766075, 0.009044976469993138, -1.0281915088664113, -0.00920616464262869, 0.32272753752758554, -0.0735285042826801, -0.6872222359855811, 0.1706368282320727], "action_grad": [[0.0, 0.0, 0.0], [0.0, 0.0, 0.0], [0.0, 0.0, 0.0], [0.0, 0.0, 0.0], [0.0, 0.0, 0.0], [0.0, 0.0, 0.0], [0.0, 0.0, 0.0], [0.0, 0.0, 0.0], [0.0, 0.0, 0.0], [0.0, 0.0, 0.0], [0.0, 0.0, 0.0], [0.0, 0.0, 0.0], [0.0, 0.0, 0.0], [0.0, 0.0, 0.0], [0.0, 0.0, 0.0], [0.0, 0.0, 0.0]], "action_params_change": 0, "value_params_change": 0.23764018562750477}
{"iterations": 1, "type_itr": 0, "sub_iteration": 9, "sub_it_time": 0.10897111892700195, "total_time": 1.1640241146087646, "value_loss": 2.483804985515277, "action_loss": -0.8377552265419792, "action_probs": [[0.024808665301523296, 0.8877619071374038, 0.0023768105956666636, 0.08505261696540627], [0.534505643406042, 0.10838171835831918, 0.296908497228372, 0.06020414100726677], [0.6637062571555943, 0.2744894748416365, 0.04372209123679985, 0.018082176765969262], [3.42207195171853e-05, 0.07571981194222151, 0.0004175139052253633, 0.923828453433036], [0.00869037958295903, 0.10575783270092143, 0.06724247606884595, 0.8183093116472735], [0.0034860437548466924, 0.7347335584350589, 0.001236187603553235, 0.26054421020654106], [0.9869010003425168, 0.005019342000366865, 0.008038772756085564, 4.088490103062151e-05], [0.26242844345476046, 0.10411655976260101, 0.45352305268155485, 0.17993194410108365], [0.0005549688975988303, 0.06084287188852116, 0.008483930361612423, 0.9301182288522678], [0.013172439513499244, 0.04126337690017278, 0.22880867478445535, 0.7167555088018727], [0.12635211050634387, 0.05128907278175682, 0.5849250166079494, 0.23743380010394988], [0.48740110763273076, 0.5012200915552656, 0.0056098737553453865, 0.005768927056658323], [0.02135992911789544, 0.033323629788711055, 0.3692497814603032, 0.5760666596330903], [0.0010043024102557579, 0.006259255228850706, 0.13726160806433965, 0.8554748342965539], [0.3067184851199219, 0.5874394702868678, 0.03630646172001633, 0.06953558287319397], [5.933290237573623e-06, 0.0045881843172999185, 0.0012855639556838133, 0.9941203184367786]], "state_values": [-1.75414656836347, 1.4095122927150647, 2.0366065488989653, 4.9558621282411774, 2.5638175686506854, 0.6943432306612608, -0.8120524385988047, 0.7932703488764782, 2.312691749418636, 0.6653573041783746, -2.028033545669317, 0.7881069216294007, -0.7568799390723723, -0.14499609795927534, 2.150789371401694, 3.1271381689521043], "value_grad": [-0.1090557948862001, 0.45577894943481034, 0.04525278431652513, -0.04142643686040026, 0.42452824665914957, 0.2933246133792866, 0.5934233644819198, -0.03337713052613722, -0.7167711399100236, -0.01840866015996001, -1.100235712304991, -0.03247130093977324, 0.31077595070440633, 0.07413600409148913, -0.6879000434982809, 0.21588064393200668], "action_grad": [[0.0, 0.0, 0.0], [0.0, 0.0, 0.0], [0.0, 0.0, 0.0], [0.0, 0.0, 0.0], [0.0, 0.0, 0.0], [0.0, 0.0, 0.0], [0.0, 0.0, 0.0], [0.0, 0.0, 0.0], [0.0, 0.0, 0.0], [0.0, 0.0, 0.0], [0.0, 0.0, 0.0], [0.0, 0.0, 0.0], [0.0, 0.0, 0.0], [0.0, 0.0, 0.0], [0.0, 0.0, 0.0], [0.0, 0.0, 0.0]], "action_params_change": 0, "value_params_change": 0.24428548811073414}
{"iterations": 1, "type_itr": 0, "sub_iteration": 10, "sub_it_time": 0.10800647735595703, "total_time": 1.2751145362854004, "value_loss": 2.0789961316827723, "action_loss": -0.9121902804419972, "action_probs": [[0.024808665301523296, 0.8877619071374038, 0.0023768105956666636, 0.08505261696540627], [0.534505643406042, 0.10838171835831918, 0.296908497228372, 0.06020414100726677], [0.6637062571555943, 0.2744894748416365, 0.04372209123679985, 0.018082176765969262], [3.42207195171853e-05, 0.07571981194222151, 0.0004175139052253633, 0.923828453433036], [0.00869037958295903, 0.10575783270092143, 0.06724247606884595, 0.8183093116472735], [0.0034860437548466924, 0.7347335584350589, 0.001236187603553235, 0.26054421020654106], [0.9869010003425168, 0.005019342000366865, 0.008038772756085564, 4.088490103062151e-05], [0.26242844345476046, 0.10411655976260101, 0.45352305268155485, 0.17993194410108365], [0.0005549688975988303, 0.06084287188852116, 0.008483930361612423, 0.9301182288522678], [0.013172439513499244, 0.04126337690017278, 0.22880867478445535, 0.7167555088018727], [0.12635211050634387, 0.05128907278175682, 0.5849250166079494, 0.23743380010394988], [0.48740110763273076, 0.5012200915552656, 0.0056098737553453865, 0.005768927056658323], [0.02135992911789544, 0.033323629788711055, 0.3692497814603032, 0.5760666596330903], [0.0010043024102557579, 0.006259255228850706, 0.13726160806433965, 0.8554748342965539], [0.3067184851199219, 0.5874394702868678, 0.03630646172001633, 0.06953558287319397], [5.933290237573623e-06, 0.0045881843172999185, 0.0012855639556838133, 0.9941203184367786]], "state_values": [-1.3661658901570675, 0.9221018260956738, 1.7727956893025276, 4.995705920694335, 2.6220722489654764, 1.250664045093274, -0.3265640055500945, 0.8389377113706443, 1.999611640918522, 0.8585783680574377, -1.6035183786729863, 0.844757674711069, -0.543883865897957, -0.37398558053764963, 1.84857695680343, 3.0190952645237146], "value_grad": [-0.09734077466896718, 0.2844539985626091, -0.08891779645120401, -0.024484485747307883, 0.43191471746470667, 0.07036499057507273, 0.4566540962025991, -0.04641246637690344, -0.6302792194850213, -0.03907729205581667, -1.090865534445308, -0.046118089758750536, 0.2570805746221123, 0.19812970118294304, -0.6377489105876444, 0.24314112170332747], "action_grad": [[0.0, 0.0, 0.0], [0.0, 0.0, 0.0], [0.0, 0.0, 0.0], [0.0, 0.0, 0.0], [0.0, 0.0, 0.0], [0.0, 0.0, 0.0], [0.0, 0.0, 0.0], [0.0, 0.0, 0.0], [0.0, 0.0, 0.0], [0.0, 0.0, 0.0], [0.0, 0.0, 0.0], [0.0, 0.0, 0.0], [0.0, 0.0, 0.0], [0.0, 0.0, 0.0], [0.0, 0.0, 0.0], [0.0, 0.0, 0.0]], "action_params_change": 0, "value_params_change": 0.22699704443846302}
{"iterations": 1, "type_itr": 0, "sub_iteration": 11, "sub_it_time": 0.11324429512023926, "total_time": 1.3980395793914795, "value_loss": 1.5821062356861186, "action_loss": -0.957540354800834, "action_probs": [[0.024808665301523296, 0.8877619071374038, 0.0023768105956666636, 0.08505261696540627], [0.534505643406042, 0.10838171835831918, 0.296908497228372, 0.06020414100726677], [0.6637062571555943, 0.2744894748416365, 0.04372209123679985, 0.018082176765969262], [3.42207195171853e-05, 0.07571981194222151, 0.0004175139052253633, 0.923828453433036], [0.00869037958295903, 0.10575783270092143, 0.06724247606884595, 0.8183093116472735], [0.0034860437548466924, 0.7347335584350589, 0.001236187603553235, 0.26054421020654106], [0.9869010003425168, 0.005019342000366865, 0.008038772756085564, 4.088490103062151e-05], [0.26242844345476046, 0.10411655976260101, 0.45352305268155485, 0.17993194410108365], [0.0005549688975988303, 0.06084287188852116, 0.008483930361612423, 0.9301182288522678], [0.013172439513499244, 0.04126337690017278, 0.22880867478445535, 0.7167555088018727], [0.12635211050634387, 0.05128907278175682, 0.5849250166079494, 0.23743380010394988], [0.48740110763273076, 0.5012200915552656, 0.0056098737553453865, 0.005768927056658323], [0.02135992911789544, 0.033323629788711055, 0.3692497814603032, 0.5760666596330903], [0.0010043024102557579, 0.006259255228850706, 0.13726160806433965, 0.8554748342965539], [0.3067184851199219, 0.5874394702868678, 0.03630646172001633, 0.06953558287319397], [5.933290237573623e-06, 0.0045881843172999185, 0.0012855639556838133, 0.9941203184367786]], "state_values": [-0.8873709252116739, 0.4563326106519607, 1.7555998509109896, 4.9949553483284514, 2.5336122231033125, 1.6979587558981786, 0.21028555571089771, 0.7257310627281346, 1.6081244406571036, 0.8829076801583707, -1.0427281672661637, 0.7410662636632143, -0.24079918995377148, -0.4097742989123456, 1.440610597773858, 2.724143552603576], "value_grad": [-0.07787609910871907, 0.07553340749837911, -0.19615860612827207, -0.007554390902248631, 0.4103994296567155, -0.1403782360588801, 0.2745907077493126, -0.04900924065269696, -0.5150750548846716, -0.05012218727968021, -0.9860315747812425, -0.04933927982489017, 0.18235667283183932, 0.26708135945614253, -0.5314142638147834, 0.26292972861992214], "action_grad": [[0.0, 0.0, 0.0], [0.0, 0.0, 0.0], [0.0, 0.0, 0.0], [0.0, 0.0, 0.0], [0.0, 0.0, 0.0], [0.0, 0.0, 0.0], [0.0, 0.0, 0.0], [0.0, 0.0, 0.0], [0.0, 0.0, 0.0], [0.0, 0.0, 0.0], [0.0, 0.0, 0.0], [0.0, 0.0, 0.0], [0.0, 0.0, 0.0], [0.0, 0.0, 0.0], [0.0, 0.0, 0.0], [0.0, 0.0, 0.0]], "action_params_change": 0, "value_params_change": 0.23276930129140405}
{"iterations": 1, "type_itr": 0, "sub_iteration": 12, "sub_it_time": 0.10629844665527344, "total_time": 1.5060224533081055, "value_loss": 1.1228200831112893, "action_loss": -0.9764367055241604, "action_probs": [[0.024808665301523296, 0.8877619071374038, 0.0023768105956666636, 0.08505261696540627], [0.534505643406042, 0.10838171835831918, 0.296908497228372, 0.06020414100726677], [0.6637062571555943, 0.2744894748416365, 0.04372209123679985, 0.018082176765969262], [3.42207195171853e-05, 0.07571981194222151, 0.0004175139052253633, 0.923828453433036], [0.00869037958295903, 0.10575783270092143, 0.06724247606884595, 0.8183093116472735], [0.0034860437548466924, 0.7347335584350589, 0.001236187603553235, 0.26054421020654106], [0.9869010003425168, 0.005019342000366865, 0.008038772756085564, 4.088490103062151e-05], [0.26242844345476046, 0.10411655976260101, 0.45352305268155485, 0.17993194410108365], [0.0005549688975988303, 0.06084287188852116, 0.008483930361612423, 0.9301182288522678], [0.013172439513499244, 0.04126337690017278, 0.22880867478445535, 0.7167555088018727], [0.12635211050634387, 0.05128907278175682, 0.5849250166079494, 0.23743380010394988], [0.48740110763273076, 0.5012200915552656, 0.0056098737553453865, 0.005768927056658323], [0.02135992911789544, 0.033323629788711055, 0.3692497814603032, 0.5760666596330903], [0.0010043024102557579, 0.006259255228850706, 0.13726160806433965, 0.8554748342965539], [0.3067184851199219, 0.5874394702868678, 0.03630646172001633, 0.06953558287319397], [5.933290237573623e-06, 0.0045881843172999185, 0.0012855639556838133, 0.9941203184367786]], "state_values": [-0.36536483632162536, 0.07313454029067512, 1.961617318742928, 4.96508010449826, 2.328844190943224, 2.003211445405595, 0.7265578720408674, 0.4952326008621778, 1.1685340362862036, 0.7605613154568199, -0.3933954708098009, 0.517339785472536, 0.09457456791215223, -0.28114717052414684, 0.9716522150498161, 2.2593943999047847], "value_grad": [-0.05174934915253715, -0.15028588063848902, -0.22925595205776372, 0.008189731157929536, 0.37452142325522897, -0.3090952272995344, 0.09324471662759048, -0.04255017338708944, -0.3790028584736618, -0.05149746379986664, -0.7758114917821594, -0.043429316180514155, 0.10054196972170026, 0.27236620810231704, -0.3696063475187634, 0.2739059929511185], "action_grad": [[0.0, 0.0, 0.0], [0.0, 0.0, 0.0], [0.0, 0.0, 0.0], [0.0, 0.0, 0.0], [0.0, 0.0, 0.0], [0.0, 0.0, 0.0], [0.0, 0.0, 0.0], [0.0, 0.0, 0.0], [0.0, 0.0, 0.0], [0.0, 0.0, 0.0], [0.0, 0.0, 0.0], [0.0, 0.0, 0.0], [0.0, 0.0, 0.0], [0.0, 0.0, 0.0], [0.0, 0.0, 0.0], [0.0, 0.0, 0.0]], "action_params_change": 0, "value_params_change": 0.26265432650447096}
{"iterations": 1, "type_itr": 0, "sub_iteration": 13, "sub_it_time": 0.10165047645568848, "total_time": 1.6170294284820557, "value_loss": 0.7990163095148677, "action_loss": -0.9698440104199246, "action_probs": [[0.024808665301523296, 0.8877619071374038, 0.0023768105956666636, 0.08505261696540627], [0.534505643406042, 0.10838171835831918, 0.296908497228372, 0.06020414100726677], [0.6637062571555943, 0.2744894748416365, 0.04372209123679985, 0.018082176765969262], [3.42207195171853e-05, 0.07571981194222151, 0.0004175139052253633, 0.923828453433036], [0.00869037958295903, 0.10575783270092143, 0.06724247606884595, 0.8183093116472735], [0.0034860437548466924, 0.7347335584350589, 0.001236187603553235, 0.26054421020654106], [0.9869010003425168, 0.005019342000366865, 0.008038772756085564, 4.088490103062151e-05], [0.26242844345476046, 0.10411655976260101, 0.45352305268155485, 0.17993194410108365], [0.0005549688975988303, 0.06084287188852116, 0.008483930361612423, 0.9301182288522678], [0.013172439513499244, 0.04126337690017278, 0.22880867478445535, 0.7167555088018727], [0.12635211050634387, 0.05128907278175682, 0.5849250166079494, 0.23743380010394988], [0.48740110763273076, 0.5012200915552656, 0.0056098737553453865, 0.005768927056658323], [0.02135992911789544, 0.033323629788711055, 0.3692497814603032, 0.5760666596330903], [0.0010043024102557579, 0.006259255228850706, 0.13726160806433965, 0.8554748342965539], [0.3067184851199219, 0.5874394702868678, 0.03630646172001633, 0.06953558287319397], [5.933290237573623e-06, 0.0045881843172999185, 0.0012855639556838133, 0.9941203184367786]], "state_values": [0.1457265124423544, -0.17631210423096846, 2.3040198523619915, 4.925954345799177, 2.0306751959550784, 2.158403961482693, 1.1660700546787865, 0.1989476245015759, 0.7140687723390378, 0.5290667025111828, 0.2823271511021142, 0.22408261431705845, 0.4110572874827133, -0.03979265846908033, 0.496200418866474, 1.6434854956617502], "value_grad": [-0.02159301964700444, -0.35848174993316984, -0.19067903326085023, 0.02172382323757105, 0.3287855190415032, -0.42519533853533287, -0.054216969109498914, -0.029202341737156967, -0.23253926642209233, -0.04454511044812304, -0.47280217997370577, -0.030492138335761254, 0.022238373572946113, 0.22126671230026107, -0.1688071630950394, 0.2671414875085071], "action_grad": [[0.0, 0.0, 0.0], [0.0, 0.0, 0.0], [0.0, 0.0, 0.0], [0.0, 0.0, 0.0], [0.0, 0.0, 0.0], [0.0, 0.0, 0.0], [0.0, 0.0, 0.0], [0.0, 0.0, 0.0], [0.0, 0.0, 0.0], [0.0, 0.0, 0.0], [0.0, 0.0, 0.0], [0.0, 0.0, 0.0], [0.0, 0.0, 0.0], [0.0, 0.0, 0.0], [0.0, 0.0, 0.0], [0.0, 0.0, 0.0]], "action_params_change": 0, "value_params_change": 0.2705119510670464}
