{"iterations": 0, "type_itr": 0, "sub_iteration": 0, "sub_it_time": 0, "total_time": 0, "value_loss": 0, "action_loss": 0, "action_probs": [[0.0009548060475998311, 0.318844017630638, 0.002030839855089601, 0.6781703364666725], [0.0028308135052983463, 0.1272537848360466, 0.018930513672498882, 0.8509848879861561], [0.8270772539726695, 0.17250409474060055, 0.0003464019782346645, 7.224930849530849e-05], [0.4515899801979137, 0.003069496552702105, 0.5416588209166274, 0.0036817023327568423], [0.42810193412935327, 0.2761136826748784, 0.17981121620960513, 0.11597316698616307], [0.03523147468381036, 0.3252987241942923, 0.062489811337287496, 0.5769799897846098], [0.0530679369808265, 0.21823381334639175, 0.14253690860834137, 0.5861613410644403], [0.0027007611263349905, 7.400123146550804e-06, 0.9945667120907907, 0.0027251266597278097], [0.8795340770052485, 0.02336663553448609, 0.09458640467123731, 0.0025128827890281116], [0.03002749018519143, 0.025405648691827497, 0.511660943728119, 0.43290591739486195], [0.0009303618951497693, 0.9943445985252866, 4.416866647628366e-06, 0.004720622712916194], [0.05954779540961561, 0.03658109155077852, 0.5599100730056276, 0.34396104003397837], [0.23070596109786282, 0.009876411701057231, 0.728241938591729, 0.03117568860935073], [0.06298090111805099, 0.020332143811056986, 0.6929739577115855, 0.22371299735930641], [0.6018899904102073, 0.2571553224163944, 0.09875988384351414, 0.04219480332988412], [0.1028459605405467, 0.8289853685722917, 0.007523756947340816, 0.060644913939820855]], "state_values": [4.986779934509862, 4.032353635225013, 4.295891980160092, 0.3826316163779983, 4.921393515035402, 4.152546439105691, 4.938605864798498, 4.957025472092129, 1.6346177064171719, 1.823788051507192, -0.08280727230249127, 4.8072638676228125, 4.06960359902415, -1.4756154566272928, 3.1418763471578086, 2.1950383582159225], "value_grad": [0.0, 0.0, 0.0, 0.0, 0.0, 0.0, 0.0, 0.0, 0.0, 0.0, 0.0, 0.0, 0.0, 0.0, 0.0, 0.0], "action_grad": [[0.0, 0.0, 0.0], [0.0, 0.0, 0.0], [0.0, 0.0, 0.0], [0.0, 0.0, 0.0], [0.0, 0.0, 0.0], [0.0, 0.0, 0.0], [0.0, 0.0, 0.0], [0.0, 0.0, 0.0], [0.0, 0.0, 0.0], [0.0, 0.0, 0.0], [0.0, 0.0, 0.0], [0.0, 0.0, 0.0], [0.0, 0.0, 0.0], [0.0, 0.0, 0.0], [0.0, 0.0, 0.0], [0.0, 0.0, 0.0]], "action_params_change": 0, "value_params_change": 0}
{"iterations": 1, "type_itr": 0, "sub_iteration": 0, "sub_it_time": 0.11640310287475586, "total_time": 0.11773967742919922, "value_loss": 2.375999927520752, "action_loss": -2.9085898399353027, "action_probs": [[0.0009548060475998311, 0.318844017630638, 0.002030839855089601, 0.6781703364666725], [0.0028308135052983463, 0.1272537848360466, 0.018930513672498882, 0.8509848879861561], [0.8270772539726695, 0.17250409474060055, 0.0003464019782346645, 7.224930849530849e-05], [0.4515899801979137, 0.003069496552702105, 0.5416588209166274, 0.0036817023327568423], [0.42810193412935327, 0.2761136826748784, 0.17981121620960513, 0.11597316698616307], [0.03523147468381036, 0.3252987241942923, 0.062489811337287496, 0.5769799897846098], [0.0530679369808265, 0.21823381334639175, 0.14253690860834137, 0.5861613410644403], [0.0027007611263349905, 7.400123146550804e-06, 0.9945667120907907, 0.0027251266597278097], [0.8795340770052485, 0.02336663553448609, 0.09458640467123731, 0.0025128827890281116], [0.03002749018519143, 0.025405648691827497, 0.511660943728119, 0.43290591739486195], [0.0009303618951497693, 0.9943445985252866, 4.416866647628366e-06, 0.004720622712916194], [0.05954779540961561, 0.03658109155077852, 0.5599100730056276, 0.34396104003397837], [0.23070596109786282, 0.009876411701057231, 0.728241938591729, 0.03117568860935073], [0.06298090111805099, 0.020332143811056986, 0.6929739577115855, 0.22371299735930641], [0.6018899904102073, 0.2571553224163944, 0.09875988384351414, 0.04219480332988412], [0.1028459605405467, 0.8289853685722917, 0.007523756947340816, 0.060644913939820855]], "state_values": [4.741857890013254, 3.175579885550433, 4.795296627011033, -0.8626557828745458, 4.549914040694389, 4.712479754135645, 4.591820644628345, 4.641086856784636, 2.7528479298436523, 2.9188830505354235, 1.1566171373705174, 4.317674203013543, 3.2244107250969445, -0.24782015695857784, 2.0819125684992006, 1.0153582925693971], "value_grad": [-1.9007997512817383, 0.3564002513885498, 1.069199562072754, 4.633199691772461, -0.8315994739532471, 0.43559980392456055, -1.4255998134613037, 3.7620010375976562, -1.306800127029419, 0.11880016326904297, 1.8611993789672852, -1.9800000190734863, -1.6632001399993896, -1.8216001987457275, 0.1979999542236328, 1.9404001235961914], "action_grad": [[0.0, 0.0, 0.0], [0.0, 0.0, 0.0], [0.0, 0.0, 0.0], [0.0, 0.0, 0.0], [0.0, 0.0, 0.0], [0.0, 0.0, 0.0], [0.0, 0.0, 0.0], [0.0, 0.0, 0.0], [0.0, 0.0, 0.0], [0.0, 0.0, 0.0], [0.0, 0.0, 0.0], [0.0, 0.0, 0.0], [0.0, 0.0, 0.0], [0.0, 0.0, 0.0], [0.0, 0.0, 0.0], [0.0, 0.0, 0.0]], "action_params_change": 0, "value_params_change": 0.49999999892083213}
{"iterations": 1, "type_itr": 0, "sub_iteration": 1, "sub_it_time": 0.11478114128112793, "total_time": 0.23409056663513184, "value_loss": 4.2372002601623535, "action_loss": -2.5717294216156006, "action_probs": [[0.0009548060475998311, 0.318844017630638, 0.002030839855089601, 0.6781703364666725], [0.0028308135052983463, 0.1272537848360466, 0.018930513672498882, 0.8509848879861561], [0.8270772539726695, 0.17250409474060055, 0.0003464019782346645, 7.224930849530849e-05], [0.4515899801979137, 0.003069496552702105, 0.5416588209166274, 0.0036817023327568423], [0.42810193412935327, 0.2761136826748784, 0.17981121620960513, 0.11597316698616307], [0.03523147468381036, 0.3252987241942923, 0.062489811337287496, 0.5769799897846098], [0.0530679369808265, 0.21823381334639175, 0.14253690860834137, 0.5861613410644403], [0.0027007611263349905, 7.400123146550804e-06, 0.9945667120907907, 0.0027251266597278097], [0.8795340770052485, 0.02336663553448609, 0.09458640467123731, 0.0025128827890281116], [0.03002749018519143, 0.025405648691827497, 0.511660943728119, 0.43290591739486195], [0.0009303618951497693, 0.9943445985252866, 4.416866647628366e-06, 0.004720622712916194], [0.05954779540961561, 0.03658109155077852, 0.5599100730056276, 0.34396104003397837], [0.23070596109786282, 0.009876411701057231, 0.728241938591729, 0.03117568860935073], [0.06298090111805099, 0.020332143811056986, 0.6929739577115855, 0.22371299735930641], [0.6018899904102073, 0.2571553224163944, 0.09875988384351414, 0.04219480332988412], [0.1028459605405467, 0.8289853685722917, 0.007523756947340816, 0.060644913939820855]], "state_values": [4.820178623080573, 3.5152754836781708, 4.98930546440036, -0.7719743206675311, 3.9226788438313, 4.825067055694009, 4.143786974767514, 4.035915313709879, 2.233031301938625, 3.647312705774154, 2.2682151313017074, 3.5597525697070305, 2.1836007168579585, -0.6656040714831136, 1.1748030884079441, -0.13104702943641425], "value_grad": [2.653200149536133, -0.7128002643585205, 0.3959999084472656, -4.831201076507568, -1.6632001399993896, -0.1979999542236328, -0.1584000587463379, 4.435199737548828, 3.722400188446045, 2.37600040435791, 4.276800155639648, -2.455199718475342, -2.296800374984741, 3.366000175476074, 5.187600135803223, 0.9107999801635742], "action_grad": [[0.0, 0.0, 0.0], [0.0, 0.0, 0.0], [0.0, 0.0, 0.0], [0.0, 0.0, 0.0], [0.0, 0.0, 0.0], [0.0, 0.0, 0.0], [0.0, 0.0, 0.0], [0.0, 0.0, 0.0], [0.0, 0.0, 0.0], [0.0, 0.0, 0.0], [0.0, 0.0, 0.0], [0.0, 0.0, 0.0], [0.0, 0.0, 0.0], [0.0, 0.0, 0.0], [0.0, 0.0, 0.0], [0.0, 0.0, 0.0]], "action_params_change": 0, "value_params_change": 0.5004558555265242}
{"iterations": 1, "type_itr": 0, "sub_iteration": 2, "sub_it_time": 0.11412787437438965, "total_time": 0.3498532772064209, "value_loss": 0.31679999828338623, "action_loss": -2.4721200466156006, "action_probs": [[0.0009548060475998311, 0.318844017630638, 0.002030839855089601, 0.6781703364666725], [0.0028308135052983463, 0.1272537848360466, 0.018930513672498882, 0.8509848879861561], [0.8270772539726695, 0.17250409474060055, 0.0003464019782346645, 7.224930849530849e-05], [0.4515899801979137, 0.003069496552702105, 0.5416588209166274, 0.0036817023327568423], [0.42810193412935327, 0.2761136826748784, 0.17981121620960513, 0.11597316698616307], [0.03523147468381036, 0.3252987241942923, 0.062489811337287496, 0.5769799897846098], [0.0530679369808265, 0.21823381334639175, 0.14253690860834137, 0.5861613410644403], [0.0027007611263349905, 7.400123146550804e-06, 0.9945667120907907, 0.0027251266597278097], [0.8795340770052485, 0.02336663553448609, 0.09458640467123731, 0.0025128827890281116], [0.03002749018519143, 0.025405648691827497, 0.511660943728119, 0.43290591739486195], [0.0009303618951497693, 0.9943445985252866, 4.416866647628366e-06, 0.004720622712916194], [0.05954779540961561, 0.03658109155077852, 0.5599100730056276, 0.34396104003397837], [0.23070596109786282, 0.009876411701057231, 0.728241938591729, 0.03117568860935073], [0.06298090111805099, 0.020332143811056986, 0.6929739577115855, 0.22371299735930641], [0.6018899904102073, 0.2571553224163944, 0.09875988384351414, 0.04219480332988412], [0.1028459605405467, 0.8289853685722917, 0.007523756947340816, 0.060644913939820855]], "state_values": [4.7817343125061695, 3.1875068099858166, 4.930989963067276, -0.6136563299697209, 4.129061431677388, 4.967195052348475, 3.497253524300927, 3.208530912310164, 1.6890736203131682, 4.302731609572704, 3.2109947137912225, 2.6811042782509675, 1.0577159473204525, -0.4126797354926289, 0.3304866434153862, -1.2757825116393962], "value_grad": [-1.4652000665664673, 1.108799934387207, 1.4255996942520142, -0.7524001002311707, 4.158000469207764, 0.4355999231338501, -0.7523999214172363, 2.6927998065948486, 0.6732000112533569, 2.257200241088867, 1.6632000207901, -0.7919999361038208, -4.355999946594238, -3.1284003257751465, 0.7920000553131104, 1.108799695968628], "action_grad": [[0.0, 0.0, 0.0], [0.0, 0.0, 0.0], [0.0, 0.0, 0.0], [0.0, 0.0, 0.0], [0.0, 0.0, 0.0], [0.0, 0.0, 0.0], [0.0, 0.0, 0.0], [0.0, 0.0, 0.0], [0.0, 0.0, 0.0], [0.0, 0.0, 0.0], [0.0, 0.0, 0.0], [0.0, 0.0, 0.0], [0.0, 0.0, 0.0], [0.0, 0.0, 0.0], [0.0, 0.0, 0.0], [0.0, 0.0, 0.0]], "action_params_change": 0, "value_params_change": 0.48528711708488226}
{"iterations": 1, "type_itr": 0, "sub_iteration": 3, "sub_it_time": 0.11463308334350586, "total_time": 0.4661836624145508, "value_loss": 6.375600814819336, "action_loss": -2.421409845352173, "action_probs": [[0.0009548060475998311, 0.318844017630638, 0.002030839855089601, 0.6781703364666725], [0.0028308135052983463, 0.1272537848360466, 0.018930513672498882, 0.8509848879861561], [0.8270772539726695, 0.17250409474060055, 0.0003464019782346645, 7.224930849530849e-05], [0.4515899801979137, 0.003069496552702105, 0.5416588209166274, 0.0036817023327568423], [0.42810193412935327, 0.2761136826748784, 0.17981121620960513, 0.11597316698616307], [0.03523147468381036, 0.3252987241942923, 0.062489811337287496, 0.5769799897846098], [0.0530679369808265, 0.21823381334639175, 0.14253690860834137, 0.5861613410644403], [0.0027007611263349905, 7.400123146550804e-06, 0.9945667120907907, 0.0027251266597278097], [0.8795340770052485, 0.02336663553448609, 0.09458640467123731, 0.0025128827890281116], [0.03002749018519143, 0.025405648691827497, 0.511660943728119, 0.43290591739486195], [0.0009303618951497693, 0.9943445985252866, 4.416866647628366e-06, 0.004720622712916194], [0.05954779540961561, 0.03658109155077852, 0.5599100730056276, 0.34396104003397837], [0.23070596109786282, 0.009876411701057231, 0.728241938591729, 0.03117568860935073], [0.06298090111805099, 0.020332143811056986, 0.6929739577115855, 0.22371299735930641], [0.6018899904102073, 0.2571553224163944, 0.09875988384351414, 0.04219480332988412], [0.1028459605405467, 0.8289853685722917, 0.007523756947340816, 0.060644913939820855]], "state_values": [4.636451305026358, 2.5605780914927894, 4.606591498507786, -0.5688462312661549, 4.431920262348195, 4.853476148449173, 2.831655685915002, 2.3034959655914036, 1.7090944270087356, 4.276161964770639, 3.635998331179207, 2.088787703157769, 0.16411753364076276, -0.4359776544111051, -0.5881054563097264, -1.8609056236036738], "value_grad": [-1.8612000942230225, 1.3464000225067139, 0.83160001039505, 0.7920002937316895, 2.375999927520752, -4.949999809265137, -0.07920001447200775, 0.9504001140594482, -2.8116002082824707, -4.435200214385986, -2.0195999145507812, 0.9900004863739014, 0.5148003101348877, 1.5840001106262207, 2.0988004207611084, -0.9504001140594482], "action_grad": [[0.0, 0.0, 0.0], [0.0, 0.0, 0.0], [0.0, 0.0, 0.0], [0.0, 0.0, 0.0], [0.0, 0.0, 0.0], [0.0, 0.0, 0.0], [0.0, 0.0, 0.0], [0.0, 0.0, 0.0], [0.0, 0.0, 0.0], [0.0, 0.0, 0.0], [0.0, 0.0, 0.0], [0.0, 0.0, 0.0], [0.0, 0.0, 0.0], [0.0, 0.0, 0.0], [0.0, 0.0, 0.0], [0.0, 0.0, 0.0]], "action_params_change": 0, "value_params_change": 0.46600497879255}
{"iterations": 1, "type_itr": 0, "sub_iteration": 4, "sub_it_time": 0.11430096626281738, "total_time": 0.5820422172546387, "value_loss": 1.1088000535964966, "action_loss": -2.051950216293335, "action_probs": [[0.0009548060475998311, 0.318844017630638, 0.002030839855089601, 0.6781703364666725], [0.0028308135052983463, 0.1272537848360466, 0.018930513672498882, 0.8509848879861561], [0.8270772539726695, 0.17250409474060055, 0.0003464019782346645, 7.224930849530849e-05], [0.4515899801979137, 0.003069496552702105, 0.5416588209166274, 0.0036817023327568423], [0.42810193412935327, 0.2761136826748784, 0.17981121620960513, 0.11597316698616307], [0.03523147468381036, 0.3252987241942923, 0.062489811337287496, 0.5769799897846098], [0.0530679369808265, 0.21823381334639175, 0.14253690860834137, 0.5861613410644403], [0.0027007611263349905, 7.400123146550804e-06, 0.9945667120907907, 0.0027251266597278097], [0.8795340770052485, 0.02336663553448609, 0.09458640467123731, 0.0025128827890281116], [0.03002749018519143, 0.025405648691827497, 0.511660943728119, 0.43290591739486195], [0.0009303618951497693, 0.9943445985252866, 4.416866647628366e-06, 0.004720622712916194], [0.05954779540961561, 0.03658109155077852, 0.5599100730056276, 0.34396104003397837], [0.23070596109786282, 0.009876411701057231, 0.728241938591729, 0.03117568860935073], [0.06298090111805099, 0.020332143811056986, 0.6929739577115855, 0.22371299735930641], [0.6018899904102073, 0.2571553224163944, 0.09875988384351414, 0.04219480332988412], [0.1028459605405467, 0.8289853685722917, 0.007523756947340816, 0.060644913939820855]], "state_values": [4.389072578943305, 2.532812668975706, 4.299396289616651, -0.23509370508399124, 4.6641432253554065, 4.859369764631849, 2.784468047146635, 1.5017582299390844, 1.7000362379359015, 4.012747523109203, 4.121970006044432, 1.886628114955796, -0.34240439757426044, -0.08492807796132373, -1.4186587193452993, -1.7168696962855015], "value_grad": [-1.465200424194336, -1.7028002738952637, -0.7523998022079468, -3.326399803161621, 0.514799952507019, 4.1975998878479, 1.5443999767303467, -0.475199818611145, 0.1979994773864746, -4.633200645446777, 3.2075998783111572, 1.6236000061035156, 1.7424002885818481, -3.3264000415802, 0.6335999369621277, -2.8511996269226074], "action_grad": [[0.0, 0.0, 0.0], [0.0, 0.0, 0.0], [0.0, 0.0, 0.0], [0.0, 0.0, 0.0], [0.0, 0.0, 0.0], [0.0, 0.0, 0.0], [0.0, 0.0, 0.0], [0.0, 0.0, 0.0], [0.0, 0.0, 0.0], [0.0, 0.0, 0.0], [0.0, 0.0, 0.0], [0.0, 0.0, 0.0], [0.0, 0.0, 0.0], [0.0, 0.0, 0.0], [0.0, 0.0, 0.0], [0.0, 0.0, 0.0]], "action_params_change": 0, "value_params_change": 0.3474430205563195}
{"iterations": 1, "type_itr": 0, "sub_iteration": 5, "sub_it_time": 0.11338400840759277, "total_time": 0.6970791816711426, "value_loss": 6.098400115966797, "action_loss": -1.8472986221313477, "action_probs": [[0.0009548060475998311, 0.318844017630638, 0.002030839855089601, 0.6781703364666725], [0.0028308135052983463, 0.1272537848360466, 0.018930513672498882, 0.8509848879861561], [0.8270772539726695, 0.17250409474060055, 0.0003464019782346645, 7.224930849530849e-05], [0.4515899801979137, 0.003069496552702105, 0.5416588209166274, 0.0036817023327568423], [0.42810193412935327, 0.2761136826748784, 0.17981121620960513, 0.11597316698616307], [0.03523147468381036, 0.3252987241942923, 0.062489811337287496, 0.5769799897846098], [0.0530679369808265, 0.21823381334639175, 0.14253690860834137, 0.5861613410644403], [0.0027007611263349905, 7.400123146550804e-06, 0.9945667120907907, 0.0027251266597278097], [0.8795340770052485, 0.02336663553448609, 0.09458640467123731, 0.0025128827890281116], [0.03002749018519143, 0.025405648691827497, 0.511660943728119, 0.43290591739486195], [0.0009303618951497693, 0.9943445985252866, 4.416866647628366e-06, 0.004720622712916194], [0.05954779540961561, 0.03658109155077852, 0.5599100730056276, 0.34396104003397837], [0.23070596109786282, 0.009876411701057231, 0.728241938591729, 0.03117568860935073], [0.06298090111805099, 0.020332143811056986, 0.6929739577115855, 0.22371299735930641], [0.6018899904102073, 0.2571553224163944, 0.09875988384351414, 0.04219480332988412], [0.1028459605405467, 0.8289853685722917, 0.007523756947340816, 0.060644913939820855]], "state_values": [3.984398067601804, 2.9959208099678123, 3.8015433249674877, 0.19578330558578164, 4.692794077286719, 4.919992711525937, 2.829303792216151, 1.3180581245726413, 1.6723171447480547, 3.6713253470870417, 4.302292622080988, 1.5920639434044201, -0.7855732822009083, 0.39042337748697004, -2.295692870899441, -1.2892481469265793], "value_grad": [-2.257200002670288, -4.593600273132324, 3.841200351715088, -1.7820000648498535, -3.0887997150421143, 3.0096001625061035, 0.3564000129699707, -5.029200077056885, 0.1583998203277588, -1.5444002151489258, -2.8512003421783447, -0.7524001598358154, -0.0791999101638794, -1.8216001987457275, 2.8511998653411865, -2.296800136566162], "action_grad": [[0.0, 0.0, 0.0], [0.0, 0.0, 0.0], [0.0, 0.0, 0.0], [0.0, 0.0, 0.0], [0.0, 0.0, 0.0], [0.0, 0.0, 0.0], [0.0, 0.0, 0.0], [0.0, 0.0, 0.0], [0.0, 0.0, 0.0], [0.0, 0.0, 0.0], [0.0, 0.0, 0.0], [0.0, 0.0, 0.0], [0.0, 0.0, 0.0], [0.0, 0.0, 0.0], [0.0, 0.0, 0.0], [0.0, 0.0, 0.0]], "action_params_change": 0, "value_params_change": 0.37868344198508996}
{"iterations": 1, "type_itr": 0, "sub_iteration": 6, "sub_it_time": 0.11392474174499512, "total_time": 0.8125278949737549, "value_loss": 3.0096001625061035, "action_loss": -1.80021071434021, "action_probs": [[0.0009548060475998311, 0.318844017630638, 0.002030839855089601, 0.6781703364666725], [0.0028308135052983463, 0.1272537848360466, 0.018930513672498882, 0.8509848879861561], [0.8270772539726695, 0.17250409474060055, 0.0003464019782346645, 7.224930849530849e-05], [0.4515899801979137, 0.003069496552702105, 0.5416588209166274, 0.0036817023327568423], [0.42810193412935327, 0.2761136826748784, 0.17981121620960513, 0.11597316698616307], [0.03523147468381036, 0.3252987241942923, 0.062489811337287496, 0.5769799897846098], [0.0530679369808265, 0.21823381334639175, 0.14253690860834137, 0.5861613410644403], [0.0027007611263349905, 7.400123146550804e-06, 0.9945667120907907, 0.0027251266597278097], [0.8795340770052485, 0.02336663553448609, 0.09458640467123731, 0.0025128827890281116], [0.03002749018519143, 0.025405648691827497, 0.511660943728119, 0.43290591739486195], [0.0009303618951497693, 0.9943445985252866, 4.416866647628366e-06, 0.004720622712916194], [0.05954779540961561, 0.03658109155077852, 0.5599100730056276, 0.34396104003397837], [0.23070596109786282, 0.009876411701057231, 0.728241938591729, 0.03117568860935073], [0.06298090111805099, 0.020332143811056986, 0.6929739577115855, 0.22371299735930641], [0.6018899904102073, 0.2571553224163944, 0.09875988384351414, 0.04219480332988412], [0.1028459605405467, 0.8289853685722917, 0.007523756947340816, 0.060644913939820855]], "state_values": [3.8383479838526426, 3.4685575930771075, 3.151250181976757, 0.5217744686292691, 4.651572920845771, 4.971555155822602, 2.3190800560912823, 1.2636202671002899, 2.1446535142933314, 3.1955563222306584, 4.562136475855409, 1.8116867659453406, -1.45625905106873, 0.616086454384311, -2.839544445971613, -1.0153740852161854], "value_grad": [2.8908004760742188, -1.267199993133545, 1.4652001857757568, 0.5940001010894775, -1.8216001987457275, 1.267199993133545, -7.959600925445557, -1.4256000518798828, -7.286400318145752, -2.692800283432007, 3.841200113296509, 3.603600025177002, -4.039200782775879, 1.8216004371643066, -1.7028002738952637, 0.7524003982543945], "action_grad": [[0.0, 0.0, 0.0], [0.0, 0.0, 0.0], [0.0, 0.0, 0.0], [0.0, 0.0, 0.0], [0.0, 0.0, 0.0], [0.0, 0.0, 0.0], [0.0, 0.0, 0.0], [0.0, 0.0, 0.0], [0.0, 0.0, 0.0], [0.0, 0.0, 0.0], [0.0, 0.0, 0.0], [0.0, 0.0, 0.0], [0.0, 0.0, 0.0], [0.0, 0.0, 0.0], [0.0, 0.0, 0.0], [0.0, 0.0, 0.0]], "action_params_change": 0, "value_params_change": 0.3638259077187016}
{"iterations": 1, "type_itr": 0, "sub_iteration": 7, "sub_it_time": 0.11404657363891602, "total_time": 0.9282233715057373, "value_loss": 3.0887999534606934, "action_loss": -1.7114677429199219, "action_probs": [[0.0009548060475998311, 0.318844017630638, 0.002030839855089601, 0.6781703364666725], [0.0028308135052983463, 0.1272537848360466, 0.018930513672498882, 0.8509848879861561], [0.8270772539726695, 0.17250409474060055, 0.0003464019782346645, 7.224930849530849e-05], [0.4515899801979137, 0.003069496552702105, 0.5416588209166274, 0.0036817023327568423], [0.42810193412935327, 0.2761136826748784, 0.17981121620960513, 0.11597316698616307], [0.03523147468381036, 0.3252987241942923, 0.062489811337287496, 0.5769799897846098], [0.0530679369808265, 0.21823381334639175, 0.14253690860834137, 0.5861613410644403], [0.0027007611263349905, 7.400123146550804e-06, 0.9945667120907907, 0.0027251266597278097], [0.8795340770052485, 0.02336663553448609, 0.09458640467123731, 0.0025128827890281116], [0.03002749018519143, 0.025405648691827497, 0.511660943728119, 0.43290591739486195], [0.0009303618951497693, 0.9943445985252866, 4.416866647628366e-06, 0.004720622712916194], [0.05954779540961561, 0.03658109155077852, 0.5599100730056276, 0.34396104003397837], [0.23070596109786282, 0.009876411701057231, 0.728241938591729, 0.03117568860935073], [0.06298090111805099, 0.020332143811056986, 0.6929739577115855, 0.22371299735930641], [0.6018899904102073, 0.2571553224163944, 0.09875988384351414, 0.04219480332988412], [0.1028459605405467, 0.8289853685722917, 0.007523756947340816, 0.060644913939820855]], "state_values": [3.8475819551010657, 3.9847597333009857, 2.7101506782165248, 0.8561198342061441, 4.560951131199504, 4.999795318867025, 1.600680534609525, 1.2298063417061296, 2.2918681522172513, 2.6008004560219398, 4.647712274315186, 1.5692006800176723, -2.1162460757066084, 0.408355721589308, -3.2342975333827306, -1.0108372262751253], "value_grad": [2.0196001529693604, -2.9700000286102295, -1.6632003784179688, -0.6336004734039307, -1.386000156402588, 2.257200241088867, -5.583600997924805, -0.1979997158050537, 3.841200351715088, -2.336400032043457, -3.2868001461029053, -4.672800064086914, -1.2276005744934082, 4.949999809265137, -0.6335999965667725, 1.7820000648498535], "action_grad": [[0.0, 0.0, 0.0], [0.0, 0.0, 0.0], [0.0, 0.0, 0.0], [0.0, 0.0, 0.0], [0.0, 0.0, 0.0], [0.0, 0.0, 0.0], [0.0, 0.0, 0.0], [0.0, 0.0, 0.0], [0.0, 0.0, 0.0], [0.0, 0.0, 0.0], [0.0, 0.0, 0.0], [0.0, 0.0, 0.0], [0.0, 0.0, 0.0], [0.0, 0.0, 0.0], [0.0, 0.0, 0.0], [0.0, 0.0, 0.0]], "action_params_change": 0, "value_params_change": 0.3128491150123103}
{"iterations": 1, "type_itr": 0, "sub_iteration": 8, "sub_it_time": 0.11501622200012207, "total_time": 1.0449185371398926, "value_loss": 2.415600061416626, "action_loss": -1.5321712493896484, "action_probs": [[0.0009548060475998311, 0.318844017630638, 0.002030839855089601, 0.6781703364666725], [0.0028308135052983463, 0.1272537848360466, 0.018930513672498882, 0.8509848879861561], [0.8270772539726695, 0.17250409474060055, 0.0003464019782346645, 7.224930849530849e-05], [0.4515899801979137, 0.003069496552702105, 0.5416588209166274, 0.0036817023327568423], [0.42810193412935327, 0.2761136826748784, 0.17981121620960513, 0.11597316698616307], [0.03523147468381036, 0.3252987241942923, 0.062489811337287496, 0.5769799897846098], [0.0530679369808265, 0.21823381334639175, 0.14253690860834137, 0.5861613410644403], [0.0027007611263349905, 7.400123146550804e-06, 0.9945667120907907, 0.0027251266597278097], [0.8795340770052485, 0.02336663553448609, 0.09458640467123731, 0.0025128827890281116], [0.03002749018519143, 0.025405648691827497, 0.511660943728119, 0.43290591739486195], [0.0009303618951497693, 0.9943445985252866, 4.416866647628366e-06, 0.004720622712916194], [0.05954779540961561, 0.03658109155077852, 0.5599100730056276, 0.34396104003397837], [0.23070596109786282, 0.009876411701057231, 0.728241938591729, 0.03117568860935073], [0.06298090111805099, 0.020332143811056986, 0.6929739577115855, 0.22371299735930641], [0.6018899904102073, 0.2571553224163944, 0.09875988384351414, 0.04219480332988412], [0.1028459605405467, 0.8289853685722917, 0.007523756947340816, 0.060644913939820855]], "state_values": [4.099060182565325, 4.336414353099082, 2.030126032931285, 1.4174804329826198, 4.437328941731304, 4.99854713546432, 1.0292947622256339, 0.8625290463446937, 2.2802908730697045, 1.8381154066233696, 4.691755820855809, 1.1728285548289261, -2.7946884478523613, 0.15508620896695163, -3.5397121540947447, -0.8783907640174776], "value_grad": [5.306400299072266, 0.5147995948791504, 4.870799541473389, -4.831199645996094, -0.8316001892089844, -3.167999744415283, 1.5444002151489258, 5.821200370788574, 2.494800329208374, -4.0391998291015625, -0.9900002479553223, -2.375999689102173, -2.138399839401245, 0.9503993988037109, -0.27719998359680176, -1.069200038909912], "action_grad": [[0.0, 0.0, 0.0], [0.0, 0.0, 0.0], [0.0, 0.0, 0.0], [0.0, 0.0, 0.0], [0.0, 0.0, 0.0], [0.0, 0.0, 0.0], [0.0, 0.0, 0.0], [0.0, 0.0, 0.0], [0.0, 0.0, 0.0], [0.0, 0.0, 0.0], [0.0, 0.0, 0.0], [0.0, 0.0, 0.0], [0.0, 0.0, 0.0], [0.0, 0.0, 0.0], [0.0, 0.0, 0.0], [0.0, 0.0, 0.0]], "action_params_change": 0, "value_params_change": 0.34117311098295655}
{"iterations": 1, "type_itr": 0, "sub_iteration": 9, "sub_it_time": 0.1132054328918457, "total_time": 1.1597850322723389, "value_loss": 7.920000076293945, "action_loss": -1.244209885597229, "action_probs": [[0.0009548060475998311, 0.318844017630638, 0.002030839855089601, 0.6781703364666725], [0.0028308135052983463, 0.1272537848360466, 0.018930513672498882, 0.8509848879861561], [0.8270772539726695, 0.17250409474060055, 0.0003464019782346645, 7.224930849530849e-05], [0.4515899801979137, 0.003069496552702105, 0.5416588209166274, 0.0036817023327568423], [0.42810193412935327, 0.2761136826748784, 0.17981121620960513, 0.11597316698616307], [0.03523147468381036, 0.3252987241942923, 0.062489811337287496, 0.5769799897846098], [0.0530679369808265, 0.21823381334639175, 0.14253690860834137, 0.5861613410644403], [0.0027007611263349905, 7.400123146550804e-06, 0.9945667120907907, 0.0027251266597278097], [0.8795340770052485, 0.02336663553448609, 0.09458640467123731, 0.0025128827890281116], [0.03002749018519143, 0.025405648691827497, 0.511660943728119, 0.43290591739486195], [0.0009303618951497693, 0.9943445985252866, 4.416866647628366e-06, 0.004720622712916194], [0.05954779540961561, 0.03658109155077852, 0.5599100730056276, 0.34396104003397837], [0.23070596109786282, 0.009876411701057231, 0.728241938591729, 0.03117568860935073], [0.06298090111805099, 0.020332143811056986, 0.6929739577115855, 0.22371299735930641], [0.6018899904102073, 0.2571553224163944, 0.09875988384351414, 0.04219480332988412], [0.1028459605405467, 0.8289853685722917, 0.007523756947340816, 0.060644913939820855]], "state_values": [4.199104347911189, 4.661877403300737, 1.365339215081072, 1.9447299040424488, 4.271193448590834, 4.994134350889259, 0.45268767013842226, 0.4233003573961402, 2.1254030379049715, 1.0867067447662695, 4.715708835175938, 0.9346581118380888, -3.4249628870973003, -0.13019201060094954, -3.955141366016097, -1.2307574082508446], "value_grad": [-2.415600061416626, -2.5344009399414062, 0.1979999542236328, -0.7127995491027832, -0.9504008293151855, -0.3564000427722931, -0.9503998756408691, 1.9404001235961914, 2.7323997020721436, -0.3959999084472656, -0.5543994903564453, 1.4651999473571777, -1.544400691986084, 0.8315997123718262, 3.9599995613098145, 5.346000671386719], "action_grad": [[0.0, 0.0, 0.0], [0.0, 0.0, 0.0], [0.0, 0.0, 0.0], [0.0, 0.0, 0.0], [0.0, 0.0, 0.0], [0.0, 0.0, 0.0], [0.0, 0.0, 0.0], [0.0, 0.0, 0.0], [0.0, 0.0, 0.0], [0.0, 0.0, 0.0], [0.0, 0.0, 0.0], [0.0, 0.0, 0.0], [0.0, 0.0, 0.0], [0.0, 0.0, 0.0], [0.0, 0.0, 0.0], [0.0, 0.0, 0.0]], "action_params_change": 0, "value_params_change": 0.3229787532098456}
{"iterations": 1, "type_itr": 0, "sub_iteration": 10, "sub_it_time": 0.11426234245300293, "total_time": 1.2755763530731201, "value_loss": 5.3856000900268555, "action_loss": -1.1065679788589478, "action_probs": [[0.0009548060475998311, 0.318844017630638, 0.002030839855089601, 0.6781703364666725], [0.0028308135052983463, 0.1272537848360466, 0.018930513672498882, 0.8509848879861561], [0.8270772539726695, 0.17250409474060055, 0.0003464019782346645, 7.224930849530849e-05], [0.4515899801979137, 0.003069496552702105, 0.5416588209166274, 0.0036817023327568423], [0.42810193412935327, 0.2761136826748784, 0.17981121620960513, 0.11597316698616307], [0.03523147468381036, 0.3252987241942923, 0.062489811337287496, 0.5769799897846098], [0.0530679369808265, 0.21823381334639175, 0.14253690860834137, 0.5861613410644403], [0.0027007611263349905, 7.400123146550804e-06, 0.9945667120907907, 0.0027251266597278097], [0.8795340770052485, 0.02336663553448609, 0.09458640467123731, 0.0025128827890281116], [0.03002749018519143, 0.025405648691827497, 0.511660943728119, 0.43290591739486195], [0.0009303618951497693, 0.9943445985252866, 4.416866647628366e-06, 0.004720622712916194], [0.05954779540961561, 0.03658109155077852, 0.5599100730056276, 0.34396104003397837], [0.23070596109786282, 0.009876411701057231, 0.728241938591729, 0.03117568860935073], [0.06298090111805099, 0.020332143811056986, 0.6929739577115855, 0.22371299735930641], [0.6018899904102073, 0.2571553224163944, 0.09875988384351414, 0.04219480332988412], [0.1028459605405467, 0.8289853685722917, 0.007523756947340816, 0.060644913939820855]], "state_values": [4.360443712492437, 4.699064159863992, 0.6146335588274323, 2.269286273180482, 4.12241519777792, 4.99822929852878, 0.3825340967155306, -0.01381477370644094, 1.9930000054980064, 0.7108138790444514, 4.725545137450136, 1.1192959480422975, -3.8762054546874083, 0.023276628017665692, -4.286975589460562, -1.8093549003325966], "value_grad": [2.257199764251709, 5.940000057220459, 1.8216004371643066, 2.0592002868652344, 0.3168001174926758, -3.0888004302978516, 7.3259992599487305, 0.7128000259399414, -0.1583995819091797, 4.276800155639648, -0.47520017623901367, 5.702400207519531, 0.7127995491027832, -6.21720027923584, 0.3167996406555176, 5.029200553894043], "action_grad": [[0.0, 0.0, 0.0], [0.0, 0.0, 0.0], [0.0, 0.0, 0.0], [0.0, 0.0, 0.0], [0.0, 0.0, 0.0], [0.0, 0.0, 0.0], [0.0, 0.0, 0.0], [0.0, 0.0, 0.0], [0.0, 0.0, 0.0], [0.0, 0.0, 0.0], [0.0, 0.0, 0.0], [0.0, 0.0, 0.0], [0.0, 0.0, 0.0], [0.0, 0.0, 0.0], [0.0, 0.0, 0.0], [0.0, 0.0, 0.0]], "action_params_change": 0, "value_params_change": 0.30668442307994503}
{"iterations": 1, "type_itr": 0, "sub_iteration": 11, "sub_it_time": 0.11305785179138184, "total_time": 1.3902568817138672, "value_loss": 4.712400436401367, "action_loss": -0.9979035258293152, "action_probs": [[0.0009548060475998311, 0.318844017630638, 0.002030839855089601, 0.6781703364666725], [0.0028308135052983463, 0.1272537848360466, 0.018930513672498882, 0.8509848879861561], [0.8270772539726695, 0.17250409474060055, 0.0003464019782346645, 7.224930849530849e-05], [0.4515899801979137, 0.003069496552702105, 0.5416588209166274, 0.0036817023327568423], [0.42810193412935327, 0.2761136826748784, 0.17981121620960513, 0.11597316698616307], [0.03523147468381036, 0.3252987241942923, 0.062489811337287496, 0.5769799897846098], [0.0530679369808265, 0.21823381334639175, 0.14253690860834137, 0.5861613410644403], [0.0027007611263349905, 7.400123146550804e-06, 0.9945667120907907, 0.0027251266597278097], [0.8795340770052485, 0.02336663553448609, 0.09458640467123731, 0.0025128827890281116], [0.03002749018519143, 0.025405648691827497, 0.511660943728119, 0.43290591739486195], [0.0009303618951497693, 0.9943445985252866, 4.416866647628366e-06, 0.004720622712916194], [0.05954779540961561, 0.03658109155077852, 0.5599100730056276, 0.34396104003397837], [0.23070596109786282, 0.009876411701057231, 0.728241938591729, 0.03117568860935073], [0.06298090111805099, 0.020332143811056986, 0.6929739577115855, 0.22371299735930641], [0.6018899904102073, 0.2571553224163944, 0.09875988384351414, 0.04219480332988412], [0.1028459605405467, 0.8289853685722917, 0.007523756947340816, 0.060644913939820855]], "state_values": [4.6071541137397265, 4.660653653289087, -0.01736949506657541, 2.4723797435438293, 3.878524876719306, 4.997132987786435, 0.3783985119246473, -0.5907721641026658, 1.80267613750725, 0.45428717626472925, 4.758430909434229, 1.5358457907994618, -4.251637613523078, 0.37719047205003886, -4.459025148617142, -2.3852600333132616], "value_grad": [5.543999671936035, 3.1284003257751465, -0.6336007118225098, 1.386000156402588, -1.9403996467590332, 1.9800000190734863, 1.2276010513305664, 3.841200113296509, 1.3067998886108398, 1.386000633239746, 1.1088004112243652, 5.029199600219727, -0.6731996536254883, -4.2372002601623535, -2.0592007637023926, 1.4255995750427246], "action_grad": [[0.0, 0.0, 0.0], [0.0, 0.0, 0.0], [0.0, 0.0, 0.0], [0.0, 0.0, 0.0], [0.0, 0.0, 0.0], [0.0, 0.0, 0.0], [0.0, 0.0, 0.0], [0.0, 0.0, 0.0], [0.0, 0.0, 0.0], [0.0, 0.0, 0.0], [0.0, 0.0, 0.0], [0.0, 0.0, 0.0], [0.0, 0.0, 0.0], [0.0, 0.0, 0.0], [0.0, 0.0, 0.0], [0.0, 0.0, 0.0]], "action_params_change": 0, "value_params_change": 0.25902133386815684}
{"iterations": 1, "type_itr": 0, "sub_iteration": 12, "sub_it_time": 0.11226987838745117, "total_time": 1.5040788650512695, "value_loss": 6.850800514221191, "action_loss": -1.1138124465942383, "action_probs": [[0.0009548060475998311, 0.318844017630638, 0.002030839855089601, 0.6781703364666725], [0.0028308135052983463, 0.1272537848360466, 0.018930513672498882, 0.8509848879861561], [0.8270772539726695, 0.17250409474060055, 0.0003464019782346645, 7.224930849530849e-05], [0.4515899801979137, 0.003069496552702105, 0.5416588209166274, 0.0036817023327568423], [0.42810193412935327, 0.2761136826748784, 0.17981121620960513, 0.11597316698616307], [0.03523147468381036, 0.3252987241942923, 0.062489811337287496, 0.5769799897846098], [0.0530679369808265, 0.21823381334639175, 0.14253690860834137, 0.5861613410644403], [0.0027007611263349905, 7.400123146550804e-06, 0.9945667120907907, 0.0027251266597278097], [0.8795340770052485, 0.02336663553448609, 0.09458640467123731, 0.0025128827890281116], [0.03002749018519143, 0.025405648691827497, 0.511660943728119, 0.43290591739486195], [0.0009303618951497693, 0.9943445985252866, 4.416866647628366e-06, 0.004720622712916194], [0.05954779540961561, 0.03658109155077852, 0.5599100730056276, 0.34396104003397837], [0.23070596109786282, 0.009876411701057231, 0.728241938591729, 0.03117568860935073], [0.06298090111805099, 0.020332143811056986, 0.6929739577115855, 0.22371299735930641], [0.6018899904102073, 0.2571553224163944, 0.09875988384351414, 0.04219480332988412], [0.1028459605405467, 0.8289853685722917, 0.007523756947340816, 0.060644913939820855]], "state_values": [4.798826364008488, 4.619320587999734, -0.42965939769306516, 2.7007565624466463, 3.747279403954188, 4.997694823059114, 0.21556219086760306, -1.213173028148314, 1.4477634443835121, 0.11510904744276859, 4.790286285844701, 1.8573212412540552, -4.579436248967352, 0.5600218230577934, -4.56400989456625, -2.9208586029254646], "value_grad": [1.1879997253417969, 0.1979999542236328, -1.7423996925354004, -0.9503989219665527, 1.78200101852417, -0.7523999214172363, -3.445199489593506, 2.2968010902404785, 3.6431994438171387, -1.9007997512817383, 0.19800090789794922, -0.8316001892089844, -1.7423996925354004, 2.4552001953125, -0.9899997711181641, 0.9503998756408691], "action_grad": [[0.0, 0.0, 0.0], [0.0, 0.0, 0.0], [0.0, 0.0, 0.0], [0.0, 0.0, 0.0], [0.0, 0.0, 0.0], [0.0, 0.0, 0.0], [0.0, 0.0, 0.0], [0.0, 0.0, 0.0], [0.0, 0.0, 0.0], [0.0, 0.0, 0.0], [0.0, 0.0, 0.0], [0.0, 0.0, 0.0], [0.0, 0.0, 0.0], [0.0, 0.0, 0.0], [0.0, 0.0, 0.0], [0.0, 0.0, 0.0]], "action_params_change": 0, "value_params_change": 0.28221044451742294}
{"iterations": 1, "type_itr": 0, "sub_iteration": 13, "sub_it_time": 0.1148984432220459, "total_time": 1.6205573081970215, "value_loss": 7.920000076293945, "action_loss": -0.8059293031692505, "action_probs": [[0.0009548060475998311, 0.318844017630638, 0.002030839855089601, 0.6781703364666725], [0.0028308135052983463, 0.1272537848360466, 0.018930513672498882, 0.8509848879861561], [0.8270772539726695, 0.17250409474060055, 0.0003464019782346645, 7.224930849530849e-05], [0.4515899801979137, 0.003069496552702105, 0.5416588209166274, 0.0036817023327568423], [0.42810193412935327, 0.2761136826748784, 0.17981121620960513, 0.11597316698616307], [0.03523147468381036, 0.3252987241942923, 0.062489811337287496, 0.5769799897846098], [0.0530679369808265, 0.21823381334639175, 0.14253690860834137, 0.5861613410644403], [0.0027007611263349905, 7.400123146550804e-06, 0.9945667120907907, 0.0027251266597278097], [0.8795340770052485, 0.02336663553448609, 0.09458640467123731, 0.0025128827890281116], [0.03002749018519143, 0.025405648691827497, 0.511660943728119, 0.43290591739486195], [0.0009303618951497693, 0.9943445985252866, 4.416866647628366e-06, 0.004720622712916194], [0.05954779540961561, 0.03658109155077852, 0.5599100730056276, 0.34396104003397837], [0.23070596109786282, 0.009876411701057231, 0.728241938591729, 0.03117568860935073], [0.06298090111805099, 0.020332143811056986, 0.6929739577115855, 0.22371299735930641], [0.6018899904102073, 0.2571553224163944, 0.09875988384351414, 0.04219480332988412], [0.1028459605405467, 0.8289853685722917, 0.007523756947340816, 0.060644913939820855]], "state_values": [4.904499952205571, 4.572906848044636, -0.33910021248491823, 2.8378119985373536, 3.6633347217242336, 4.99320879965304, 0.021006282251923736, -1.9153819221908635, 1.2165898608981076, -0.3137085280704469, 4.795764691394251, 2.1220340077222852, -4.859621686974224, 0.6455820676063844, -4.569571874577909, -3.4366297070178136], "value_grad": [-1.1879987716674805, 0.27720022201538086, -5.979599952697754, 1.1880006790161133, 0.6732001304626465, 1.9008007049560547, -1.0296010971069336, 3.960000991821289, -1.7424001693725586, -2.257200241088867, -1.1088008880615234, -0.3564000129699707, -6.732001304626465, 1.5047998428344727, -2.7323994636535645, 1.6236000061035156], "action_grad": [[0.0, 0.0, 0.0], [0.0, 0.0, 0.0], [0.0, 0.0, 0.0], [0.0, 0.0, 0.0], [0.0, 0.0, 0.0], [0.0, 0.0, 0.0], [0.0, 0.0, 0.0], [0.0, 0.0, 0.0], [0.0, 0.0, 0.0], [0.0, 0.0, 0.0], [0.0, 0.0, 0.0], [0.0, 0.0, 0.0], [0.0, 0.0, 0.0], [0.0, 0.0, 0.0], [0.0, 0.0, 0.0], [0.0, 0.0, 0.0]], "action_params_change": 0, "value_params_change": 0.35112621918037057}
