{"iterations": 0, "type_itr": 0, "sub_iteration": 0, "sub_it_time": 0, "total_time": 0, "value_loss": 0, "action_loss": 0, "action_probs": [[0.25502424167426546, 0.7371542855698529, 0.0020103893639837767, 0.0058110833918979445], [0.0030943915555931424, 0.008543030723286866, 0.262805691937033, 0.725556885784087], [0.07375522987961793, 0.5579631585594785, 0.04299810709678166, 0.3252835044641218], [0.09090206984318433, 0.8370755613880879, 0.007055107985091968, 0.0649672607836359], [0.004830597559069549, 0.0004895035575860471, 0.9031592043539877, 0.09152069452935677], [0.6921728510994243, 0.16344941384392458, 0.11679727445621822, 0.027580460600432722], [0.43586328541827407, 0.06357162414871666, 0.4368496088328844, 0.06371548160012487], [0.6328183580894663, 0.34588093373355194, 0.013772850647099474, 0.007527857529882266], [0.981969329645865, 0.016663373500534963, 0.0013444818806014312, 2.28149729984366e-05], [0.1628961984429525, 0.6134722639787634, 0.04692195663103458, 0.17670958094724948], [0.01801985568771077, 0.00659478452623841, 0.7140589206455251, 0.26132643914052595], [0.561819976298302, 0.07018815376292852, 0.3271242470044449, 0.040867622934324596], [0.04651688995700575, 0.9208619871132436, 0.001568602769364542, 0.03105252016038581], [0.44239167711506633, 0.1493438379012153, 0.30522557060563854, 0.10303891437807976], [0.1276986793669091, 0.2912482752204445, 0.1771100272453333, 0.40394301816731315], [0.7718994948134926, 0.17250885292974003, 0.04543709127030379, 0.010154560986463543]], "state_values": [-4.03113268847822, 4.816335048975248, 3.802945833309873, 4.815925106751606, 3.166710028515985, -3.64855777487256, 4.7267482976819375, -0.2261952003884901, 4.9999961003794375, 4.4156876460214205, -3.6854452731203424, 4.823241168657463, 4.949797457173064, 3.7008437399543865, 0.29073981654669595, -0.17116829218487692], "value_grad": [0.0, 0.0, 0.0, 0.0, 0.0, 0.0, 0.0, 0.0, 0.0, 0.0, 0.0, 0.0, 0.0, 0.0, 0.0, 0.0], "action_grad": [[0.0, 0.0, 0.0], [0.0, 0.0, 0.0], [0.0, 0.0, 0.0], [0.0, 0.0, 0.0], [0.0, 0.0, 0.0], [0.0, 0.0, 0.0], [0.0, 0.0, 0.0], [0.0, 0.0, 0.0], [0.0, 0.0, 0.0], [0.0, 0.0, 0.0], [0.0, 0.0, 0.0], [0.0, 0.0, 0.0], [0.0, 0.0, 0.0], [0.0, 0.0, 0.0], [0.0, 0.0, 0.0], [0.0, 0.0, 0.0]], "action_params_change": 0, "value_params_change": 0}
{"iterations": 1, "type_itr": 0, "sub_iteration": 0, "sub_it_time": 0.2917506694793701, "total_time": 0.29358434677124023, "value_loss": 12.750410079956055, "action_loss": -1.8621855974197388, "action_probs": [[0.25502424167426546, 0.7371542855698529, 0.0020103893639837767, 0.0058110833918979445], [0.0030943915555931424, 0.008543030723286866, 0.262805691937033, 0.725556885784087], [0.07375522987961793, 0.5579631585594785, 0.04299810709678166, 0.3252835044641218], [0.09090206984318433, 0.8370755613880879, 0.007055107985091968, 0.0649672607836359], [0.004830597559069549, 0.0004895035575860471, 0.9031592043539877, 0.09152069452935677], [0.6921728510994243, 0.16344941384392458, 0.11679727445621822, 0.027580460600432722], [0.43586328541827407, 0.06357162414871666, 0.4368496088328844, 0.06371548160012487], [0.6328183580894663, 0.34588093373355194, 0.013772850647099474, 0.007527857529882266], [0.981969329645865, 0.016663373500534963, 0.0013444818806014312, 2.28149729984366e-05], [0.1628961984429525, 0.6134722639787634, 0.04692195663103458, 0.17670958094724948], [0.01801985568771077, 0.00659478452623841, 0.7140589206455251, 0.26132643914052595], [0.561819976298302, 0.07018815376292852, 0.3271242470044449, 0.040867622934324596], [0.04651688995700575, 0.9208619871132436, 0.001568602769364542, 0.03105252016038581], [0.44239167711506633, 0.1493438379012153, 0.30522557060563854, 0.10303891437807976], [0.1276986793669091, 0.2912482752204445, 0.1771100272453333, 0.40394301816731315], [0.7718994948134926, 0.17250885292974003, 0.04543709127030379, 0.010154560986463543]], "state_values": [-3.1739852456083746, 4.334410805118894, 4.487836100073643, 4.9987692917106585, 2.110969691795693, -2.689314350542234, 4.176464582994205, 1.016588880547399, 4.84301337610354, 3.6981111174575303, -2.734901144357298, 4.999303542074131, 4.621065837342016, 2.7539952016141607, -0.9532252843388359, 1.0704476179774345], "value_grad": [0.04712390899658203, 0.7876424789428711, 0.1738433837890625, 0.04039192199707031, -0.6256809234619141, -2.356992721557617, -0.2573995590209961, 0.011088371276855469, 0.4031257629394531, 0.38491058349609375, 2.1170167922973633, 0.2886829376220703, -0.24552154541015625, -0.41817569732666016, -0.497772216796875, 0.5373716354370117], "action_grad": [[0.0, 0.0, 0.0], [0.0, 0.0, 0.0], [0.0, 0.0, 0.0], [0.0, 0.0, 0.0], [0.0, 0.0, 0.0], [0.0, 0.0, 0.0], [0.0, 0.0, 0.0], [0.0, 0.0, 0.0], [0.0, 0.0, 0.0], [0.0, 0.0, 0.0], [0.0, 0.0, 0.0], [0.0, 0.0, 0.0], [0.0, 0.0, 0.0], [0.0, 0.0, 0.0], [0.0, 0.0, 0.0], [0.0, 0.0, 0.0]], "action_params_change": 0, "value_params_change": 0.49999999787865335}
{"iterations": 1, "type_itr": 0, "sub_iteration": 1, "sub_it_time": 0.2893080711364746, "total_time": 0.5845532417297363, "value_loss": 8.955143928527832, "action_loss": -1.8735231161117554, "action_probs": [[0.25502424167426546, 0.7371542855698529, 0.0020103893639837767, 0.0058110833918979445], [0.0030943915555931424, 0.008543030723286866, 0.262805691937033, 0.725556885784087], [0.07375522987961793, 0.5579631585594785, 0.04299810709678166, 0.3252835044641218], [0.09090206984318433, 0.8370755613880879, 0.007055107985091968, 0.0649672607836359], [0.004830597559069549, 0.0004895035575860471, 0.9031592043539877, 0.09152069452935677], [0.6921728510994243, 0.16344941384392458, 0.11679727445621822, 0.027580460600432722], [0.43586328541827407, 0.06357162414871666, 0.4368496088328844, 0.06371548160012487], [0.6328183580894663, 0.34588093373355194, 0.013772850647099474, 0.007527857529882266], [0.981969329645865, 0.016663373500534963, 0.0013444818806014312, 2.28149729984366e-05], [0.1628961984429525, 0.6134722639787634, 0.04692195663103458, 0.17670958094724948], [0.01801985568771077, 0.00659478452623841, 0.7140589206455251, 0.26132643914052595], [0.561819976298302, 0.07018815376292852, 0.3271242470044449, 0.040867622934324596], [0.04651688995700575, 0.9208619871132436, 0.001568602769364542, 0.03105252016038581], [0.44239167711506633, 0.1493438379012153, 0.30522557060563854, 0.10303891437807976], [0.1276986793669091, 0.2912482752204445, 0.1771100272453333, 0.40394301816731315], [0.7718994948134926, 0.17250885292974003, 0.04543709127030379, 0.010154560986463543]], "state_values": [-2.3046785239487013, 3.581846643303072, 4.8733901600026845, 4.940614329185197, 0.9916595406999212, -1.5920670220379263, 3.4288084244285915, 2.047326844479558, 4.394666170211314, 2.7910663832040035, -1.6165674241556147, 4.977302372355236, 4.038699155545965, 1.7482999318080237, -0.923263855679035, 2.240282377002848], "value_grad": [0.3160076141357422, 0.8906040191650391, 0.08236885070800781, -0.13939285278320312, -0.3417482376098633, -1.6445884704589844, -0.6858711242675781, 0.05148029327392578, 0.3061075210571289, 0.23760032653808594, 1.9990077018737793, -0.07959651947021484, -0.14414310455322266, -0.1738452911376953, 0.47044944763183594, 0.7472515106201172], "action_grad": [[0.0, 0.0, 0.0], [0.0, 0.0, 0.0], [0.0, 0.0, 0.0], [0.0, 0.0, 0.0], [0.0, 0.0, 0.0], [0.0, 0.0, 0.0], [0.0, 0.0, 0.0], [0.0, 0.0, 0.0], [0.0, 0.0, 0.0], [0.0, 0.0, 0.0], [0.0, 0.0, 0.0], [0.0, 0.0, 0.0], [0.0, 0.0, 0.0], [0.0, 0.0, 0.0], [0.0, 0.0, 0.0], [0.0, 0.0, 0.0]], "action_params_change": 0, "value_params_change": 0.5006578196830811}
{"iterations": 1, "type_itr": 0, "sub_iteration": 2, "sub_it_time": 0.2804725170135498, "total_time": 0.8666882514953613, "value_loss": 5.272739887237549, "action_loss": -1.8532025814056396, "action_probs": [[0.25502424167426546, 0.7371542855698529, 0.0020103893639837767, 0.0058110833918979445], [0.0030943915555931424, 0.008543030723286866, 0.262805691937033, 0.725556885784087], [0.07375522987961793, 0.5579631585594785, 0.04299810709678166, 0.3252835044641218], [0.09090206984318433, 0.8370755613880879, 0.007055107985091968, 0.0649672607836359], [0.004830597559069549, 0.0004895035575860471, 0.9031592043539877, 0.09152069452935677], [0.6921728510994243, 0.16344941384392458, 0.11679727445621822, 0.027580460600432722], [0.43586328541827407, 0.06357162414871666, 0.4368496088328844, 0.06371548160012487], [0.6328183580894663, 0.34588093373355194, 0.013772850647099474, 0.007527857529882266], [0.981969329645865, 0.016663373500534963, 0.0013444818806014312, 2.28149729984366e-05], [0.1628961984429525, 0.6134722639787634, 0.04692195663103458, 0.17670958094724948], [0.01801985568771077, 0.00659478452623841, 0.7140589206455251, 0.26132643914052595], [0.561819976298302, 0.07018815376292852, 0.3271242470044449, 0.040867622934324596], [0.04651688995700575, 0.9208619871132436, 0.001568602769364542, 0.03105252016038581], [0.44239167711506633, 0.1493438379012153, 0.30522557060563854, 0.10303891437807976], [0.1276986793669091, 0.2912482752204445, 0.1771100272453333, 0.40394301816731315], [0.7718994948134926, 0.17250885292974003, 0.04543709127030379, 0.010154560986463543]], "state_values": [-1.3207029658008183, 2.6048207709805453, 4.953939614813171, 4.736669985199689, 0.15194019705319714, -0.3911167395495827, 2.4769083163280157, 2.8443665571224224, 3.702213146323884, 2.0084875027551865, -0.41233955063362304, 4.901686637785435, 3.2431222894208993, 0.8555217894652768, -0.41101490248730993, 3.265825470459246], "value_grad": [0.712007999420166, 1.0810794830322266, -0.09464406967163086, -0.0918722152709961, 0.05702400207519531, -1.9657444953918457, -0.9084243774414062, 0.34372806549072266, 0.7215118408203125, -0.019007205963134766, 1.6592397689819336, 0.032471656799316406, -0.43639278411865234, -0.03088855743408203, 0.547271728515625, 1.0339560508728027], "action_grad": [[0.0, 0.0, 0.0], [0.0, 0.0, 0.0], [0.0, 0.0, 0.0], [0.0, 0.0, 0.0], [0.0, 0.0, 0.0], [0.0, 0.0, 0.0], [0.0, 0.0, 0.0], [0.0, 0.0, 0.0], [0.0, 0.0, 0.0], [0.0, 0.0, 0.0], [0.0, 0.0, 0.0], [0.0, 0.0, 0.0], [0.0, 0.0, 0.0], [0.0, 0.0, 0.0], [0.0, 0.0, 0.0], [0.0, 0.0, 0.0]], "action_params_change": 0, "value_params_change": 0.5012092031228779}
{"iterations": 1, "type_itr": 0, "sub_iteration": 3, "sub_it_time": 0.28676581382751465, "total_time": 1.155153751373291, "value_loss": 2.214035987854004, "action_loss": -1.8076359033584595, "action_probs": [[0.25502424167426546, 0.7371542855698529, 0.0020103893639837767, 0.0058110833918979445], [0.0030943915555931424, 0.008543030723286866, 0.262805691937033, 0.725556885784087], [0.07375522987961793, 0.5579631585594785, 0.04299810709678166, 0.3252835044641218], [0.09090206984318433, 0.8370755613880879, 0.007055107985091968, 0.0649672607836359], [0.004830597559069549, 0.0004895035575860471, 0.9031592043539877, 0.09152069452935677], [0.6921728510994243, 0.16344941384392458, 0.11679727445621822, 0.027580460600432722], [0.43586328541827407, 0.06357162414871666, 0.4368496088328844, 0.06371548160012487], [0.6328183580894663, 0.34588093373355194, 0.013772850647099474, 0.007527857529882266], [0.981969329645865, 0.016663373500534963, 0.0013444818806014312, 2.28149729984366e-05], [0.1628961984429525, 0.6134722639787634, 0.04692195663103458, 0.17670958094724948], [0.01801985568771077, 0.00659478452623841, 0.7140589206455251, 0.26132643914052595], [0.561819976298302, 0.07018815376292852, 0.3271242470044449, 0.040867622934324596], [0.04651688995700575, 0.9208619871132436, 0.001568602769364542, 0.03105252016038581], [0.44239167711506633, 0.1493438379012153, 0.30522557060563854, 0.10303891437807976], [0.1276986793669091, 0.2912482752204445, 0.1771100272453333, 0.40394301816731315], [0.7718994948134926, 0.17250885292974003, 0.04543709127030379, 0.010154560986463543]], "state_values": [-0.7995345298473101, 1.483984739361294, 4.908867200531529, 4.870497946840218, -0.06324126519740046, 0.7545534735112132, 1.7942109796957102, 2.950540167862627, 2.789976701739501, 1.1997145561651468, 0.7715708575154581, 4.751987928694441, 2.373389253232885, 0.7031689149937375, 0.4288002138816122, 4.02411288767477], "value_grad": [-0.3136320114135742, 0.7155721187591553, -0.22730422019958496, 0.5623199939727783, 0.43401598930358887, -0.8403120040893555, 0.3057122230529785, -0.27917981147766113, 0.876744270324707, 0.08593225479125977, 1.1091959476470947, 0.07603216171264648, -0.07642793655395508, 0.35164856910705566, 1.4541120529174805, 0.23086810111999512], "action_grad": [[0.0, 0.0, 0.0], [0.0, 0.0, 0.0], [0.0, 0.0, 0.0], [0.0, 0.0, 0.0], [0.0, 0.0, 0.0], [0.0, 0.0, 0.0], [0.0, 0.0, 0.0], [0.0, 0.0, 0.0], [0.0, 0.0, 0.0], [0.0, 0.0, 0.0], [0.0, 0.0, 0.0], [0.0, 0.0, 0.0], [0.0, 0.0, 0.0], [0.0, 0.0, 0.0], [0.0, 0.0, 0.0], [0.0, 0.0, 0.0]], "action_params_change": 0, "value_params_change": 0.4932867955832947}
{"iterations": 1, "type_itr": 0, "sub_iteration": 4, "sub_it_time": 0.2846038341522217, "total_time": 1.4413976669311523, "value_loss": 1.4751001596450806, "action_loss": -1.7399922609329224, "action_probs": [[0.25502424167426546, 0.7371542855698529, 0.0020103893639837767, 0.0058110833918979445], [0.0030943915555931424, 0.008543030723286866, 0.262805691937033, 0.725556885784087], [0.07375522987961793, 0.5579631585594785, 0.04299810709678166, 0.3252835044641218], [0.09090206984318433, 0.8370755613880879, 0.007055107985091968, 0.0649672607836359], [0.004830597559069549, 0.0004895035575860471, 0.9031592043539877, 0.09152069452935677], [0.6921728510994243, 0.16344941384392458, 0.11679727445621822, 0.027580460600432722], [0.43586328541827407, 0.06357162414871666, 0.4368496088328844, 0.06371548160012487], [0.6328183580894663, 0.34588093373355194, 0.013772850647099474, 0.007527857529882266], [0.981969329645865, 0.016663373500534963, 0.0013444818806014312, 2.28149729984366e-05], [0.1628961984429525, 0.6134722639787634, 0.04692195663103458, 0.17670958094724948], [0.01801985568771077, 0.00659478452623841, 0.7140589206455251, 0.26132643914052595], [0.561819976298302, 0.07018815376292852, 0.3271242470044449, 0.040867622934324596], [0.04651688995700575, 0.9208619871132436, 0.001568602769364542, 0.03105252016038581], [0.44239167711506633, 0.1493438379012153, 0.30522557060563854, 0.10303891437807976], [0.1276986793669091, 0.2912482752204445, 0.1771100272453333, 0.40394301816731315], [0.7718994948134926, 0.17250885292974003, 0.04543709127030379, 0.010154560986463543]], "state_values": [-0.6156924314911199, 0.26423796025691976, 4.75400038949825, 4.891223530159541, 0.18858204240629955, 1.7435965523318449, 1.0656371915768166, 2.8385240317624145, 1.7329777726389575, 0.756560663084306, 1.7757425579742003, 4.653663364490114, 1.3880449919147135, 0.4543204048544863, 1.3228609938056626, 4.295188968022662], "value_grad": [-0.31165194511413574, 0.9761401414871216, -0.2637360095977783, -0.2661120891571045, 0.6035038232803345, -0.2930399179458618, -0.24274802207946777, -0.16790401935577393, 0.43718409538269043, -0.16394412517547607, 0.1999797821044922, -0.08870387077331543, -0.18216001987457275, -0.10454368591308594, 0.659736156463623, -0.787247896194458], "action_grad": [[0.0, 0.0, 0.0], [0.0, 0.0, 0.0], [0.0, 0.0, 0.0], [0.0, 0.0, 0.0], [0.0, 0.0, 0.0], [0.0, 0.0, 0.0], [0.0, 0.0, 0.0], [0.0, 0.0, 0.0], [0.0, 0.0, 0.0], [0.0, 0.0, 0.0], [0.0, 0.0, 0.0], [0.0, 0.0, 0.0], [0.0, 0.0, 0.0], [0.0, 0.0, 0.0], [0.0, 0.0, 0.0], [0.0, 0.0, 0.0]], "action_params_change": 0, "value_params_change": 0.4969289705077453}
{"iterations": 1, "type_itr": 0, "sub_iteration": 5, "sub_it_time": 0.28159236907958984, "total_time": 1.7245912551879883, "value_loss": 1.446984052658081, "action_loss": -1.6601598262786865, "action_probs": [[0.25502424167426546, 0.7371542855698529, 0.0020103893639837767, 0.0058110833918979445], [0.0030943915555931424, 0.008543030723286866, 0.262805691937033, 0.725556885784087], [0.07375522987961793, 0.5579631585594785, 0.04299810709678166, 0.3252835044641218], [0.09090206984318433, 0.8370755613880879, 0.007055107985091968, 0.0649672607836359], [0.004830597559069549, 0.0004895035575860471, 0.9031592043539877, 0.09152069452935677], [0.6921728510994243, 0.16344941384392458, 0.11679727445621822, 0.027580460600432722], [0.43586328541827407, 0.06357162414871666, 0.4368496088328844, 0.06371548160012487], [0.6328183580894663, 0.34588093373355194, 0.013772850647099474, 0.007527857529882266], [0.981969329645865, 0.016663373500534963, 0.0013444818806014312, 2.28149729984366e-05], [0.1628961984429525, 0.6134722639787634, 0.04692195663103458, 0.17670958094724948], [0.01801985568771077, 0.00659478452623841, 0.7140589206455251, 0.26132643914052595], [0.561819976298302, 0.07018815376292852, 0.3271242470044449, 0.040867622934324596], [0.04651688995700575, 0.9208619871132436, 0.001568602769364542, 0.03105252016038581], [0.44239167711506633, 0.1493438379012153, 0.30522557060563854, 0.10303891437807976], [0.1276986793669091, 0.2912482752204445, 0.1771100272453333, 0.40394301816731315], [0.7718994948134926, 0.17250885292974003, 0.04543709127030379, 0.010154560986463543]], "state_values": [-0.5802980571193733, -0.6051822008584994, 4.430428256695457, 4.925407403668199, 0.5608769535944361, 2.397273531071069, 0.8937506777177576, 2.3640976882218747, 0.5554452451517041, 0.36478322161571275, 2.4798231923533107, 4.377927295176745, 0.3331729988297974, 0.6741638729610673, 2.0910300264340664, 4.477172219869536], "value_grad": [-0.16988396644592285, -0.5246998071670532, -0.6700320243835449, 0.09860396385192871, 0.2661118507385254, 0.7991280555725098, 0.8359560966491699, -0.5048998594284058, 0.7195321321487427, 0.003564000129699707, -0.579348087310791, 0.3476881980895996, -0.17582404613494873, 0.4403519630432129, 0.10018801689147949, -0.10216796398162842], "action_grad": [[0.0, 0.0, 0.0], [0.0, 0.0, 0.0], [0.0, 0.0, 0.0], [0.0, 0.0, 0.0], [0.0, 0.0, 0.0], [0.0, 0.0, 0.0], [0.0, 0.0, 0.0], [0.0, 0.0, 0.0], [0.0, 0.0, 0.0], [0.0, 0.0, 0.0], [0.0, 0.0, 0.0], [0.0, 0.0, 0.0], [0.0, 0.0, 0.0], [0.0, 0.0, 0.0], [0.0, 0.0, 0.0], [0.0, 0.0, 0.0]], "action_params_change": 0, "value_params_change": 0.4852408557839212}
{"iterations": 1, "type_itr": 0, "sub_iteration": 6, "sub_it_time": 0.2816758155822754, "total_time": 2.0080137252807617, "value_loss": 1.7384401559829712, "action_loss": -1.5329861640930176, "action_probs": [[0.25502424167426546, 0.7371542855698529, 0.0020103893639837767, 0.0058110833918979445], [0.0030943915555931424, 0.008543030723286866, 0.262805691937033, 0.725556885784087], [0.07375522987961793, 0.5579631585594785, 0.04299810709678166, 0.3252835044641218], [0.09090206984318433, 0.8370755613880879, 0.007055107985091968, 0.0649672607836359], [0.004830597559069549, 0.0004895035575860471, 0.9031592043539877, 0.09152069452935677], [0.6921728510994243, 0.16344941384392458, 0.11679727445621822, 0.027580460600432722], [0.43586328541827407, 0.06357162414871666, 0.4368496088328844, 0.06371548160012487], [0.6328183580894663, 0.34588093373355194, 0.013772850647099474, 0.007527857529882266], [0.981969329645865, 0.016663373500534963, 0.0013444818806014312, 2.28149729984366e-05], [0.1628961984429525, 0.6134722639787634, 0.04692195663103458, 0.17670958094724948], [0.01801985568771077, 0.00659478452623841, 0.7140589206455251, 0.26132643914052595], [0.561819976298302, 0.07018815376292852, 0.3271242470044449, 0.040867622934324596], [0.04651688995700575, 0.9208619871132436, 0.001568602769364542, 0.03105252016038581], [0.44239167711506633, 0.1493438379012153, 0.30522557060563854, 0.10303891437807976], [0.1276986793669091, 0.2912482752204445, 0.1771100272453333, 0.40394301816731315], [0.7718994948134926, 0.17250885292974003, 0.04543709127030379, 0.010154560986463543]], "state_values": [-0.5318809674024992, -1.0316063012867134, 3.9287538592248326, 4.906715635881414, 0.8622225598684294, 2.833665123527364, 0.8945414075121999, 1.6769412032438205, -0.6022430906711516, 0.3157130734291777, 2.9948074394065514, 3.9691170633159425, -0.562639348980144, 1.1184788519607625, 2.6794901740059496, 4.533953196687509], "value_grad": [0.025343894958496094, -0.9381241798400879, -0.352836012840271, -0.27680420875549316, -0.036036014556884766, 0.627264142036438, 0.36115193367004395, -0.45144009590148926, 0.2898716926574707, -0.2237401008605957, -0.3468959331512451, 0.1710721254348755, 0.03524422645568848, 0.357191801071167, -0.12315583229064941, -0.4953960180282593], "action_grad": [[0.0, 0.0, 0.0], [0.0, 0.0, 0.0], [0.0, 0.0, 0.0], [0.0, 0.0, 0.0], [0.0, 0.0, 0.0], [0.0, 0.0, 0.0], [0.0, 0.0, 0.0], [0.0, 0.0, 0.0], [0.0, 0.0, 0.0], [0.0, 0.0, 0.0], [0.0, 0.0, 0.0], [0.0, 0.0, 0.0], [0.0, 0.0, 0.0], [0.0, 0.0, 0.0], [0.0, 0.0, 0.0], [0.0, 0.0, 0.0]], "action_params_change": 0, "value_params_change": 0.46412118614641606}
{"iterations": 1, "type_itr": 0, "sub_iteration": 7, "sub_it_time": 0.29849815368652344, "total_time": 2.3081798553466797, "value_loss": 2.326500177383423, "action_loss": -1.4325437545776367, "action_probs": [[0.25502424167426546, 0.7371542855698529, 0.0020103893639837767, 0.0058110833918979445], [0.0030943915555931424, 0.008543030723286866, 0.262805691937033, 0.725556885784087], [0.07375522987961793, 0.5579631585594785, 0.04299810709678166, 0.3252835044641218], [0.09090206984318433, 0.8370755613880879, 0.007055107985091968, 0.0649672607836359], [0.004830597559069549, 0.0004895035575860471, 0.9031592043539877, 0.09152069452935677], [0.6921728510994243, 0.16344941384392458, 0.11679727445621822, 0.027580460600432722], [0.43586328541827407, 0.06357162414871666, 0.4368496088328844, 0.06371548160012487], [0.6328183580894663, 0.34588093373355194, 0.013772850647099474, 0.007527857529882266], [0.981969329645865, 0.016663373500534963, 0.0013444818806014312, 2.28149729984366e-05], [0.1628961984429525, 0.6134722639787634, 0.04692195663103458, 0.17670958094724948], [0.01801985568771077, 0.00659478452623841, 0.7140589206455251, 0.26132643914052595], [0.561819976298302, 0.07018815376292852, 0.3271242470044449, 0.040867622934324596], [0.04651688995700575, 0.9208619871132436, 0.001568602769364542, 0.03105252016038581], [0.44239167711506633, 0.1493438379012153, 0.30522557060563854, 0.10303891437807976], [0.1276986793669091, 0.2912482752204445, 0.1771100272453333, 0.40394301816731315], [0.7718994948134926, 0.17250885292974003, 0.04543709127030379, 0.010154560986463543]], "state_values": [-0.6339851306433897, -1.1257464242699344, 3.3810924559292848, 4.909267312118987, 0.8455497511281053, 3.0460334558841033, 1.1606788415264355, 0.8538057777793405, -1.4138155068794411, 0.46983852457368624, 3.3520799606485885, 3.3685390185414668, -1.49795848232523, 1.5436690445291976, 3.024779786306465, 4.559577970488451], "value_grad": [-0.21859240531921387, -1.0125720500946045, 0.011880159378051758, 0.11879992485046387, -0.49262356758117676, 1.0727640390396118, 0.744084358215332, -0.3492722511291504, -0.4051082134246826, -0.17859601974487305, -0.44549989700317383, 0.3219480514526367, -0.21740388870239258, 0.0578157901763916, -0.4625279903411865, -0.14572787284851074], "action_grad": [[0.0, 0.0, 0.0], [0.0, 0.0, 0.0], [0.0, 0.0, 0.0], [0.0, 0.0, 0.0], [0.0, 0.0, 0.0], [0.0, 0.0, 0.0], [0.0, 0.0, 0.0], [0.0, 0.0, 0.0], [0.0, 0.0, 0.0], [0.0, 0.0, 0.0], [0.0, 0.0, 0.0], [0.0, 0.0, 0.0], [0.0, 0.0, 0.0], [0.0, 0.0, 0.0], [0.0, 0.0, 0.0], [0.0, 0.0, 0.0]], "action_params_change": 0, "value_params_change": 0.3829959000454046}
{"iterations": 1, "type_itr": 0, "sub_iteration": 8, "sub_it_time": 0.2898671627044678, "total_time": 2.5996615886688232, "value_loss": 3.005244255065918, "action_loss": -1.309281826019287, "action_probs": [[0.25502424167426546, 0.7371542855698529, 0.0020103893639837767, 0.0058110833918979445], [0.0030943915555931424, 0.008543030723286866, 0.262805691937033, 0.725556885784087], [0.07375522987961793, 0.5579631585594785, 0.04299810709678166, 0.3252835044641218], [0.09090206984318433, 0.8370755613880879, 0.007055107985091968, 0.0649672607836359], [0.004830597559069549, 0.0004895035575860471, 0.9031592043539877, 0.09152069452935677], [0.6921728510994243, 0.16344941384392458, 0.11679727445621822, 0.027580460600432722], [0.43586328541827407, 0.06357162414871666, 0.4368496088328844, 0.06371548160012487], [0.6328183580894663, 0.34588093373355194, 0.013772850647099474, 0.007527857529882266], [0.981969329645865, 0.016663373500534963, 0.0013444818806014312, 2.28149729984366e-05], [0.1628961984429525, 0.6134722639787634, 0.04692195663103458, 0.17670958094724948], [0.01801985568771077, 0.00659478452623841, 0.7140589206455251, 0.26132643914052595], [0.561819976298302, 0.07018815376292852, 0.3271242470044449, 0.040867622934324596], [0.04651688995700575, 0.9208619871132436, 0.001568602769364542, 0.03105252016038581], [0.44239167711506633, 0.1493438379012153, 0.30522557060563854, 0.10303891437807976], [0.1276986793669091, 0.2912482752204445, 0.1771100272453333, 0.40394301816731315], [0.7718994948134926, 0.17250885292974003, 0.04543709127030379, 0.010154560986463543]], "state_values": [-0.8360843716352085, -1.0437848856623313, 2.6369928982892032, 4.844654930770152, 0.7929377880427166, 3.097441290844175, 1.4779174250175828, -0.1024158094699206, -1.7758956935640053, 0.9003468753700518, 3.5291250943686165, 3.0521160036903137, -1.498195389864319, 1.7659531291126942, 3.2318058541610264, 4.52062720160742], "value_grad": [-0.17899179458618164, -0.7044837474822998, -0.5825161933898926, -0.4150083065032959, -0.07365632057189941, 1.0501923561096191, 0.25343966484069824, -0.5171759128570557, -0.7967522144317627, -0.34372806549072266, -0.9389162063598633, -0.3152163028717041, 0.8660521507263184, -0.1987919807434082, -0.32075977325439453, -0.4158000946044922], "action_grad": [[0.0, 0.0, 0.0], [0.0, 0.0, 0.0], [0.0, 0.0, 0.0], [0.0, 0.0, 0.0], [0.0, 0.0, 0.0], [0.0, 0.0, 0.0], [0.0, 0.0, 0.0], [0.0, 0.0, 0.0], [0.0, 0.0, 0.0], [0.0, 0.0, 0.0], [0.0, 0.0, 0.0], [0.0, 0.0, 0.0], [0.0, 0.0, 0.0], [0.0, 0.0, 0.0], [0.0, 0.0, 0.0], [0.0, 0.0, 0.0]], "action_params_change": 0, "value_params_change": 0.38417342739422766}
{"iterations": 1, "type_itr": 0, "sub_iteration": 9, "sub_it_time": 0.28079891204833984, "total_time": 2.8821656703948975, "value_loss": 2.6151838302612305, "action_loss": -1.2746360301971436, "action_probs": [[0.25502424167426546, 0.7371542855698529, 0.0020103893639837767, 0.0058110833918979445], [0.0030943915555931424, 0.008543030723286866, 0.262805691937033, 0.725556885784087], [0.07375522987961793, 0.5579631585594785, 0.04299810709678166, 0.3252835044641218], [0.09090206984318433, 0.8370755613880879, 0.007055107985091968, 0.0649672607836359], [0.004830597559069549, 0.0004895035575860471, 0.9031592043539877, 0.09152069452935677], [0.6921728510994243, 0.16344941384392458, 0.11679727445621822, 0.027580460600432722], [0.43586328541827407, 0.06357162414871666, 0.4368496088328844, 0.06371548160012487], [0.6328183580894663, 0.34588093373355194, 0.013772850647099474, 0.007527857529882266], [0.981969329645865, 0.016663373500534963, 0.0013444818806014312, 2.28149729984366e-05], [0.1628961984429525, 0.6134722639787634, 0.04692195663103458, 0.17670958094724948], [0.01801985568771077, 0.00659478452623841, 0.7140589206455251, 0.26132643914052595], [0.561819976298302, 0.07018815376292852, 0.3271242470044449, 0.040867622934324596], [0.04651688995700575, 0.9208619871132436, 0.001568602769364542, 0.03105252016038581], [0.44239167711506633, 0.1493438379012153, 0.30522557060563854, 0.10303891437807976], [0.1276986793669091, 0.2912482752204445, 0.1771100272453333, 0.40394301816731315], [0.7718994948134926, 0.17250885292974003, 0.04543709127030379, 0.010154560986463543]], "state_values": [-0.9519808724606537, -0.8025321547293769, 2.0418229620516337, 4.799188852018319, 0.46851068408587465, 2.9896134755762716, 1.8727376888381748, -1.141691962559342, -1.8320665304128925, 1.332973763954767, 3.6330563301219034, 2.5564054194857744, -1.1312417285312577, 1.6899546904327531, 3.3787571334474733, 4.394113344962085], "value_grad": [0.10058355331420898, -0.7745761871337891, 0.24353981018066406, 0.12276029586791992, -0.6260757446289062, 1.3341237306594849, 0.38570380210876465, -0.7167596817016602, -0.8022961616516113, -0.06336021423339844, -0.41896820068359375, 0.33541202545166016, 0.8616957664489746, -0.4158003330230713, -0.12790799140930176, -0.6130080223083496], "action_grad": [[0.0, 0.0, 0.0], [0.0, 0.0, 0.0], [0.0, 0.0, 0.0], [0.0, 0.0, 0.0], [0.0, 0.0, 0.0], [0.0, 0.0, 0.0], [0.0, 0.0, 0.0], [0.0, 0.0, 0.0], [0.0, 0.0, 0.0], [0.0, 0.0, 0.0], [0.0, 0.0, 0.0], [0.0, 0.0, 0.0], [0.0, 0.0, 0.0], [0.0, 0.0, 0.0], [0.0, 0.0, 0.0], [0.0, 0.0, 0.0]], "action_params_change": 0, "value_params_change": 0.41977210116352603}
{"iterations": 1, "type_itr": 0, "sub_iteration": 10, "sub_it_time": 0.2809255123138428, "total_time": 3.164698839187622, "value_loss": 2.138796091079712, "action_loss": -1.196723461151123, "action_probs": [[0.25502424167426546, 0.7371542855698529, 0.0020103893639837767, 0.0058110833918979445], [0.0030943915555931424, 0.008543030723286866, 0.262805691937033, 0.725556885784087], [0.07375522987961793, 0.5579631585594785, 0.04299810709678166, 0.3252835044641218], [0.09090206984318433, 0.8370755613880879, 0.007055107985091968, 0.0649672607836359], [0.004830597559069549, 0.0004895035575860471, 0.9031592043539877, 0.09152069452935677], [0.6921728510994243, 0.16344941384392458, 0.11679727445621822, 0.027580460600432722], [0.43586328541827407, 0.06357162414871666, 0.4368496088328844, 0.06371548160012487], [0.6328183580894663, 0.34588093373355194, 0.013772850647099474, 0.007527857529882266], [0.981969329645865, 0.016663373500534963, 0.0013444818806014312, 2.28149729984366e-05], [0.1628961984429525, 0.6134722639787634, 0.04692195663103458, 0.17670958094724948], [0.01801985568771077, 0.00659478452623841, 0.7140589206455251, 0.26132643914052595], [0.561819976298302, 0.07018815376292852, 0.3271242470044449, 0.040867622934324596], [0.04651688995700575, 0.9208619871132436, 0.001568602769364542, 0.03105252016038581], [0.44239167711506633, 0.1493438379012153, 0.30522557060563854, 0.10303891437807976], [0.1276986793669091, 0.2912482752204445, 0.1771100272453333, 0.40394301816731315], [0.7718994948134926, 0.17250885292974003, 0.04543709127030379, 0.010154560986463543]], "state_values": [-1.052962365456166, -0.452266441382621, 1.6407632798589566, 4.712569817727357, -0.09534787989673155, 2.8133446626717618, 2.204693700507216, -2.0369639666963097, -1.5694333292945557, 1.283366098434501, 3.6685675800020614, 1.9302548018718833, -0.7187159630235803, 1.5139191203068785, 3.5099641151864924, 4.198625795939453], "value_grad": [0.0039598941802978516, -0.6399362087249756, 0.27957630157470703, -0.18651604652404785, -0.8129880428314209, 0.6834959983825684, -0.03484797477722168, -0.011879920959472656, -1.2410640716552734, 0.5096516609191895, -0.5049002170562744, 0.25383591651916504, 0.18849587440490723, -0.18097209930419922, 0.01742410659790039, -0.4371837377548218], "action_grad": [[0.0, 0.0, 0.0], [0.0, 0.0, 0.0], [0.0, 0.0, 0.0], [0.0, 0.0, 0.0], [0.0, 0.0, 0.0], [0.0, 0.0, 0.0], [0.0, 0.0, 0.0], [0.0, 0.0, 0.0], [0.0, 0.0, 0.0], [0.0, 0.0, 0.0], [0.0, 0.0, 0.0], [0.0, 0.0, 0.0], [0.0, 0.0, 0.0], [0.0, 0.0, 0.0], [0.0, 0.0, 0.0], [0.0, 0.0, 0.0]], "action_params_change": 0, "value_params_change": 0.37845347247232297}
{"iterations": 1, "type_itr": 0, "sub_iteration": 11, "sub_it_time": 0.28159284591674805, "total_time": 3.447953462600708, "value_loss": 1.8631800413131714, "action_loss": -1.099794626235962, "action_probs": [[0.25502424167426546, 0.7371542855698529, 0.0020103893639837767, 0.0058110833918979445], [0.0030943915555931424, 0.008543030723286866, 0.262805691937033, 0.725556885784087], [0.07375522987961793, 0.5579631585594785, 0.04299810709678166, 0.3252835044641218], [0.09090206984318433, 0.8370755613880879, 0.007055107985091968, 0.0649672607836359], [0.004830597559069549, 0.0004895035575860471, 0.9031592043539877, 0.09152069452935677], [0.6921728510994243, 0.16344941384392458, 0.11679727445621822, 0.027580460600432722], [0.43586328541827407, 0.06357162414871666, 0.4368496088328844, 0.06371548160012487], [0.6328183580894663, 0.34588093373355194, 0.013772850647099474, 0.007527857529882266], [0.981969329645865, 0.016663373500534963, 0.0013444818806014312, 2.28149729984366e-05], [0.1628961984429525, 0.6134722639787634, 0.04692195663103458, 0.17670958094724948], [0.01801985568771077, 0.00659478452623841, 0.7140589206455251, 0.26132643914052595], [0.561819976298302, 0.07018815376292852, 0.3271242470044449, 0.040867622934324596], [0.04651688995700575, 0.9208619871132436, 0.001568602769364542, 0.03105252016038581], [0.44239167711506633, 0.1493438379012153, 0.30522557060563854, 0.10303891437807976], [0.1276986793669091, 0.2912482752204445, 0.1771100272453333, 0.40394301816731315], [0.7718994948134926, 0.17250885292974003, 0.04543709127030379, 0.010154560986463543]], "state_values": [-0.9922020856562332, -0.02286826842568241, 1.4639129850056154, 4.619892994772091, -0.5786706713266505, 2.5343246984651784, 2.360166542370162, -2.662723460535093, -1.1580249806641922, 1.4004351489128644, 3.605317709219317, 1.5088236073263295, -0.27934889098127313, 1.222520390865189, 3.6104374747656616, 3.8794960480398597], "value_grad": [0.2494797706604004, -0.5579643249511719, 0.35243988037109375, -0.007524013519287109, 0.058608293533325195, 1.031976342201233, -0.4296600818634033, 0.26215219497680664, -0.7630919218063354, -0.2399759292602539, -0.8898121118545532, -0.21819591522216797, 0.15364789962768555, -0.22849178314208984, -0.06217217445373535, -0.7563600540161133], "action_grad": [[0.0, 0.0, 0.0], [0.0, 0.0, 0.0], [0.0, 0.0, 0.0], [0.0, 0.0, 0.0], [0.0, 0.0, 0.0], [0.0, 0.0, 0.0], [0.0, 0.0, 0.0], [0.0, 0.0, 0.0], [0.0, 0.0, 0.0], [0.0, 0.0, 0.0], [0.0, 0.0, 0.0], [0.0, 0.0, 0.0], [0.0, 0.0, 0.0], [0.0, 0.0, 0.0], [0.0, 0.0, 0.0], [0.0, 0.0, 0.0]], "action_params_change": 0, "value_params_change": 0.2840136648368339}
{"iterations": 1, "type_itr": 0, "sub_iteration": 12, "sub_it_time": 0.27976393699645996, "total_time": 3.729517698287964, "value_loss": 1.5451921224594116, "action_loss": -1.0287460088729858, "action_probs": [[0.25502424167426546, 0.7371542855698529, 0.0020103893639837767, 0.0058110833918979445], [0.0030943915555931424, 0.008543030723286866, 0.262805691937033, 0.725556885784087], [0.07375522987961793, 0.5579631585594785, 0.04299810709678166, 0.3252835044641218], [0.09090206984318433, 0.8370755613880879, 0.007055107985091968, 0.0649672607836359], [0.004830597559069549, 0.0004895035575860471, 0.9031592043539877, 0.09152069452935677], [0.6921728510994243, 0.16344941384392458, 0.11679727445621822, 0.027580460600432722], [0.43586328541827407, 0.06357162414871666, 0.4368496088328844, 0.06371548160012487], [0.6328183580894663, 0.34588093373355194, 0.013772850647099474, 0.007527857529882266], [0.981969329645865, 0.016663373500534963, 0.0013444818806014312, 2.28149729984366e-05], [0.1628961984429525, 0.6134722639787634, 0.04692195663103458, 0.17670958094724948], [0.01801985568771077, 0.00659478452623841, 0.7140589206455251, 0.26132643914052595], [0.561819976298302, 0.07018815376292852, 0.3271242470044449, 0.040867622934324596], [0.04651688995700575, 0.9208619871132436, 0.001568602769364542, 0.03105252016038581], [0.44239167711506633, 0.1493438379012153, 0.30522557060563854, 0.10303891437807976], [0.1276986793669091, 0.2912482752204445, 0.1771100272453333, 0.40394301816731315], [0.7718994948134926, 0.17250885292974003, 0.04543709127030379, 0.010154560986463543]], "state_values": [-0.8341162539664937, 0.484352217275001, 1.5392427179864687, 4.649362530227155, -1.0156873720835489, 2.1469643366593307, 2.425729370271914, -3.227400421911439, -0.7092816345763493, 1.1807758744071528, 3.4800984932817363, 1.0372097364515813, 0.22353165397111477, 0.8293097375690855, 3.658837771053542, 3.500358837157917], "value_grad": [0.17622005939483643, -0.6213241815567017, 0.48589205741882324, 0.4581719636917114, -0.015444040298461914, 1.1325600147247314, -0.24670815467834473, -0.13661980628967285, -0.30095982551574707, 0.5456880331039429, -0.6237000226974487, 0.12077975273132324, 0.26254796981811523, -0.22611606121063232, -0.18453609943389893, -0.2645280361175537], "action_grad": [[0.0, 0.0, 0.0], [0.0, 0.0, 0.0], [0.0, 0.0, 0.0], [0.0, 0.0, 0.0], [0.0, 0.0, 0.0], [0.0, 0.0, 0.0], [0.0, 0.0, 0.0], [0.0, 0.0, 0.0], [0.0, 0.0, 0.0], [0.0, 0.0, 0.0], [0.0, 0.0, 0.0], [0.0, 0.0, 0.0], [0.0, 0.0, 0.0], [0.0, 0.0, 0.0], [0.0, 0.0, 0.0], [0.0, 0.0, 0.0]], "action_params_change": 0, "value_params_change": 0.2800949375432724}
{"iterations": 1, "type_itr": 0, "sub_iteration": 13, "sub_it_time": 0.28169918060302734, "total_time": 4.012918472290039, "value_loss": 1.3745160102844238, "action_loss": -0.9342621564865112, "action_probs": [[0.25502424167426546, 0.7371542855698529, 0.0020103893639837767, 0.0058110833918979445], [0.0030943915555931424, 0.008543030723286866, 0.262805691937033, 0.725556885784087], [0.07375522987961793, 0.5579631585594785, 0.04299810709678166, 0.3252835044641218], [0.09090206984318433, 0.8370755613880879, 0.007055107985091968, 0.0649672607836359], [0.004830597559069549, 0.0004895035575860471, 0.9031592043539877, 0.09152069452935677], [0.6921728510994243, 0.16344941384392458, 0.11679727445621822, 0.027580460600432722], [0.43586328541827407, 0.06357162414871666, 0.4368496088328844, 0.06371548160012487], [0.6328183580894663, 0.34588093373355194, 0.013772850647099474, 0.007527857529882266], [0.981969329645865, 0.016663373500534963, 0.0013444818806014312, 2.28149729984366e-05], [0.1628961984429525, 0.6134722639787634, 0.04692195663103458, 0.17670958094724948], [0.01801985568771077, 0.00659478452623841, 0.7140589206455251, 0.26132643914052595], [0.561819976298302, 0.07018815376292852, 0.3271242470044449, 0.040867622934324596], [0.04651688995700575, 0.9208619871132436, 0.001568602769364542, 0.03105252016038581], [0.44239167711506633, 0.1493438379012153, 0.30522557060563854, 0.10303891437807976], [0.1276986793669091, 0.2912482752204445, 0.1771100272453333, 0.40394301816731315], [0.7718994948134926, 0.17250885292974003, 0.04543709127030379, 0.010154560986463543]], "state_values": [-0.6200016447107904, 0.9406253720075092, 1.8274395693444596, 4.647730250767552, -1.3399752582848754, 1.7155425722228863, 2.3840632633416656, -3.4113215941005053, -0.36039296879335353, 0.779581888594061, 3.313641642379917, 0.3441659667232571, 0.586370591702329, 0.44779432437048966, 3.705207112425189, 3.0791022916923794], "value_grad": [0.12077999114990234, -0.010692119598388672, 0.5437078475952148, -0.12117588520050049, 0.16592395305633545, 0.5658838748931885, -0.349668025970459, 0.7444798946380615, 0.24274802207946777, 0.3960000276565552, -0.44272804260253906, 0.5468759536743164, -0.2027517557144165, -0.03643178939819336, 0.015444159507751465, -0.18255627155303955], "action_grad": [[0.0, 0.0, 0.0], [0.0, 0.0, 0.0], [0.0, 0.0, 0.0], [0.0, 0.0, 0.0], [0.0, 0.0, 0.0], [0.0, 0.0, 0.0], [0.0, 0.0, 0.0], [0.0, 0.0, 0.0], [0.0, 0.0, 0.0], [0.0, 0.0, 0.0], [0.0, 0.0, 0.0], [0.0, 0.0, 0.0], [0.0, 0.0, 0.0], [0.0, 0.0, 0.0], [0.0, 0.0, 0.0], [0.0, 0.0, 0.0]], "action_params_change": 0, "value_params_change": 0.28014326382418275}
