{"iterations": 0, "type_itr": 0, "sub_iteration": 0, "sub_it_time": 0, "total_time": 0, "value_loss": 0, "action_loss": 0, "action_probs": [[0.0030338899497543946, 0.3920431214112073, 0.004645346914226244, 0.600277641724812], [0.12620819302600067, 0.36119367482791387, 0.13273253196898055, 0.37986560017710486], [0.2185649742673756, 0.032623121637495534, 0.6515597562857378, 0.09725214780939109], [0.710242196451498, 4.147158421093003e-06, 0.28975196450623386, 1.6918838469946194e-06], [0.1639917367245759, 0.02047814144911961, 0.7249975028637023, 0.09053261896260213], [0.7662545310771086, 0.055735079871537606, 0.16594037853103766, 0.012070010520316083], [0.9747634661988379, 0.021935415507679527, 0.003228467061765156, 7.265123171761357e-05], [0.2645826081749718, 0.732841432416215, 0.000683314248704732, 0.0018926451601082792], [0.010141442912244348, 0.973366438545641, 0.00017005850369892082, 0.016322060038415864], [0.0058240259867209715, 0.07047079917156526, 0.07051176709804022, 0.8531934077436734], [0.8218792692677717, 0.000362586825993898, 0.1776797572846876, 7.83866215467607e-05], [0.05501971515796161, 0.8371740846639998, 0.006648181625159819, 0.10115801855287891], [0.8215072501373547, 0.13813686929780516, 0.03454681563536977, 0.005809064929470244], [4.013163516517834e-05, 0.0010992508422902935, 0.03518213653136165, 0.9636784809911828], [0.2518106282590324, 0.00639896286300048, 0.7234073222625026, 0.018383086615464696], [0.01904722059824055, 0.01684860044579089, 0.5115777949119595, 0.45252638404400897]], "state_values": [-4.666705782362559, -0.8983222315022826, 1.8665495284962976, -1.2649558863672443, 4.382095340232947, 4.182614057564345, 4.717702283272242, -2.1472435883790553, 4.7364590730122895, 2.776802398044791, -1.3478984260917637, 4.470065054002486, 4.229883861424463, -4.783279775368478, 4.979258870367555, 4.9981464190395934], "value_grad": [0.0, 0.0, 0.0, 0.0, 0.0, 0.0, 0.0, 0.0, 0.0, 0.0, 0.0, 0.0, 0.0, 0.0, 0.0, 0.0], "action_grad": [[0.0, 0.0, 0.0], [0.0, 0.0, 0.0], [0.0, 0.0, 0.0], [0.0, 0.0, 0.0], [0.0, 0.0, 0.0], [0.0, 0.0, 0.0], [0.0, 0.0, 0.0], [0.0, 0.0, 0.0], [0.0, 0.0, 0.0], [0.0, 0.0, 0.0], [0.0, 0.0, 0.0], [0.0, 0.0, 0.0], [0.0, 0.0, 0.0], [0.0, 0.0, 0.0], [0.0, 0.0, 0.0], [0.0, 0.0, 0.0]]}
{"iterations": 1, "type_itr": 0, "sub_iteration": 0, "sub_it_time": 0.12232780456542969, "total_time": 0.12332701683044434, "value_loss": 12.70443558915043, "action_loss": -1.1263900763214334, "action_probs": [[0.0030338899497543946, 0.3920431214112073, 0.004645346914226244, 0.600277641724812], [0.12620819302600067, 0.36119367482791387, 0.13273253196898055, 0.37986560017710486], [0.2185649742673756, 0.032623121637495534, 0.6515597562857378, 0.09725214780939109], [0.710242196451498, 4.147158421093003e-06, 0.28975196450623386, 1.6918838469946194e-06], [0.1639917367245759, 0.02047814144911961, 0.7249975028637023, 0.09053261896260213], [0.7662545310771086, 0.055735079871537606, 0.16594037853103766, 0.012070010520316083], [0.9747634661988379, 0.021935415507679527, 0.003228467061765156, 7.265123171761357e-05], [0.2645826081749718, 0.732841432416215, 0.000683314248704732, 0.0018926451601082792], [0.010141442912244348, 0.973366438545641, 0.00017005850369892082, 0.016322060038415864], [0.0058240259867209715, 0.07047079917156526, 0.07051176709804022, 0.8531934077436734], [0.8218792692677717, 0.000362586825993898, 0.1776797572846876, 7.83866215467607e-05], [0.05501971515796161, 0.8371740846639998, 0.006648181625159819, 0.10115801855287891], [0.8215072501373547, 0.13813686929780516, 0.03454681563536977, 0.005809064929470244], [4.013163516517834e-05, 0.0010992508422902935, 0.03518213653136165, 0.9636784809911828], [0.2518106282590324, 0.00639896286300048, 0.7234073222625026, 0.018383086615464696], [0.01904722059824055, 0.01684860044579089, 0.5115777949119595, 0.45252638404400897]], "state_values": [-4.077550735130166, 0.3464953480757039, 0.6609315886516309, -0.02885370184532767, 3.650180748019002, 3.3747838782485924, 4.161268500969788, -0.9633493426230181, 4.192907562211614, 1.6617607274466113, -0.11477257848744898, 3.7768660407579726, 3.4387836435420973, -4.274333667134213, 4.711908927048254, 4.809086518661638], "value_grad": [0.09927566114545883, -0.3473624490587657, -0.10947842189936274, -0.5353133647278057, -0.6126132709571479, -0.5449820394235143, 0.7534750440959268, 0.1149111520136028, -0.18478876118335563, 0.13684022116420458, 2.2768225482840627, -0.11868090013596166, 0.6912777013294367, 0.7774619002496657, -0.18365439122412042, 0.009132510264743487], "action_grad": [[0.0, 0.0, 0.0], [0.0, 0.0, 0.0], [0.0, 0.0, 0.0], [0.0, 0.0, 0.0], [0.0, 0.0, 0.0], [0.0, 0.0, 0.0], [0.0, 0.0, 0.0], [0.0, 0.0, 0.0], [0.0, 0.0, 0.0], [0.0, 0.0, 0.0], [0.0, 0.0, 0.0], [0.0, 0.0, 0.0], [0.0, 0.0, 0.0], [0.0, 0.0, 0.0], [0.0, 0.0, 0.0], [0.0, 0.0, 0.0]]}
{"iterations": 1, "type_itr": 0, "sub_iteration": 1, "sub_it_time": 0.11609005928039551, "total_time": 0.24042296409606934, "value_loss": 8.85353161283368, "action_loss": -1.0912214853886062, "action_probs": [[0.0030338899497543946, 0.3920431214112073, 0.004645346914226244, 0.600277641724812], [0.12620819302600067, 0.36119367482791387, 0.13273253196898055, 0.37986560017710486], [0.2185649742673756, 0.032623121637495534, 0.6515597562857378, 0.09725214780939109], [0.710242196451498, 4.147158421093003e-06, 0.28975196450623386, 1.6918838469946194e-06], [0.1639917367245759, 0.02047814144911961, 0.7249975028637023, 0.09053261896260213], [0.7662545310771086, 0.055735079871537606, 0.16594037853103766, 0.012070010520316083], [0.9747634661988379, 0.021935415507679527, 0.003228467061765156, 7.265123171761357e-05], [0.2645826081749718, 0.732841432416215, 0.000683314248704732, 0.0018926451601082792], [0.010141442912244348, 0.973366438545641, 0.00017005850369892082, 0.016322060038415864], [0.0058240259867209715, 0.07047079917156526, 0.07051176709804022, 0.8531934077436734], [0.8218792692677717, 0.000362586825993898, 0.1776797572846876, 7.83866215467607e-05], [0.05501971515796161, 0.8371740846639998, 0.006648181625159819, 0.10115801855287891], [0.8215072501373547, 0.13813686929780516, 0.03454681563536977, 0.005809064929470244], [4.013163516517834e-05, 0.0010992508422902935, 0.03518213653136165, 0.9636784809911828], [0.2518106282590324, 0.00639896286300048, 0.7234073222625026, 0.018383086615464696], [0.01904722059824055, 0.01684860044579089, 0.5115777949119595, 0.45252638404400897]], "state_values": [-3.2399846752123063, 0.5265431354193896, 1.3115962939394208, 1.2038135041651339, 2.6903239321725856, 2.3593133056043034, 3.3502156609985203, 0.19110417697961932, 3.4152945516937327, 0.47778947550024997, 1.09765167413719, 2.848887907830302, 2.4323937902865373, -3.5112272000087925, 4.212322644290998, 4.440550334224198], "value_grad": [0.13984089263702515, 0.2315355575082858, 0.3829416077828558, -0.4800561184652672, -0.7207678825187482, -0.5135938272257281, 1.0426393302140031, 0.0560168574584452, -0.34971828657720927, 0.09287545706788691, 1.615845939864906, -0.14666198390539265, 0.7680763630347496, 1.2299873734514453, -0.5813677196622766, 0.10105398839661461], "action_grad": [[0.0, 0.0, 0.0], [0.0, 0.0, 0.0], [0.0, 0.0, 0.0], [0.0, 0.0, 0.0], [0.0, 0.0, 0.0], [0.0, 0.0, 0.0], [0.0, 0.0, 0.0], [0.0, 0.0, 0.0], [0.0, 0.0, 0.0], [0.0, 0.0, 0.0], [0.0, 0.0, 0.0], [0.0, 0.0, 0.0], [0.0, 0.0, 0.0], [0.0, 0.0, 0.0], [0.0, 0.0, 0.0], [0.0, 0.0, 0.0]]}
{"iterations": 1, "type_itr": 0, "sub_iteration": 2, "sub_it_time": 0.10974502563476562, "total_time": 0.35218262672424316, "value_loss": 5.1748419255187645, "action_loss": -1.0423929232692588, "action_probs": [[0.0030338899497543946, 0.3920431214112073, 0.004645346914226244, 0.600277641724812], [0.12620819302600067, 0.36119367482791387, 0.13273253196898055, 0.37986560017710486], [0.2185649742673756, 0.032623121637495534, 0.6515597562857378, 0.09725214780939109], [0.710242196451498, 4.147158421093003e-06, 0.28975196450623386, 1.6918838469946194e-06], [0.1639917367245759, 0.02047814144911961, 0.7249975028637023, 0.09053261896260213], [0.7662545310771086, 0.055735079871537606, 0.16594037853103766, 0.012070010520316083], [0.9747634661988379, 0.021935415507679527, 0.003228467061765156, 7.265123171761357e-05], [0.2645826081749718, 0.732841432416215, 0.000683314248704732, 0.0018926451601082792], [0.010141442912244348, 0.973366438545641, 0.00017005850369892082, 0.016322060038415864], [0.0058240259867209715, 0.07047079917156526, 0.07051176709804022, 0.8531934077436734], [0.8218792692677717, 0.000362586825993898, 0.1776797572846876, 7.83866215467607e-05], [0.05501971515796161, 0.8371740846639998, 0.006648181625159819, 0.10115801855287891], [0.8215072501373547, 0.13813686929780516, 0.03454681563536977, 0.005809064929470244], [4.013163516517834e-05, 0.0010992508422902935, 0.03518213653136165, 0.9636784809911828], [0.2518106282590324, 0.00639896286300048, 0.7234073222625026, 0.018383086615464696], [0.01904722059824055, 0.01684860044579089, 0.5115777949119595, 0.45252638404400897]], "state_values": [-2.1976277266868873, 0.28769768849068567, 2.018729666449294, 2.3474328072083925, 1.564765291185892, 1.2119167417475913, 2.334155660899261, 1.007352686245458, 2.440222924268053, -0.5806035373880004, 2.1561190437080344, 1.742347762881553, 1.2808906824415638, -2.528730768120348, 3.468247351613333, 3.849712682813703], "value_grad": [0.14623240065116505, 0.21363495668759658, 0.1412307694298205, -0.3950454944394366, -0.6477229279464085, -0.42506675638353464, 0.8495605057680553, -0.011316235146075826, -0.49032231865129017, 0.028183431048256047, 0.7698044624033251, -0.13873632080191278, 0.6565540580089362, 1.3777781581392716, -0.7373920977607096, 0.18516406053843149], "action_grad": [[0.0, 0.0, 0.0], [0.0, 0.0, 0.0], [0.0, 0.0, 0.0], [0.0, 0.0, 0.0], [0.0, 0.0, 0.0], [0.0, 0.0, 0.0], [0.0, 0.0, 0.0], [0.0, 0.0, 0.0], [0.0, 0.0, 0.0], [0.0, 0.0, 0.0], [0.0, 0.0, 0.0], [0.0, 0.0, 0.0], [0.0, 0.0, 0.0], [0.0, 0.0, 0.0], [0.0, 0.0, 0.0], [0.0, 0.0, 0.0]]}
{"iterations": 1, "type_itr": 0, "sub_iteration": 3, "sub_it_time": 0.11401581764221191, "total_time": 0.4681663513183594, "value_loss": 2.5589389866774166, "action_loss": -0.9164114944857137, "action_probs": [[0.0030338899497543946, 0.3920431214112073, 0.004645346914226244, 0.600277641724812], [0.12620819302600067, 0.36119367482791387, 0.13273253196898055, 0.37986560017710486], [0.2185649742673756, 0.032623121637495534, 0.6515597562857378, 0.09725214780939109], [0.710242196451498, 4.147158421093003e-06, 0.28975196450623386, 1.6918838469946194e-06], [0.1639917367245759, 0.02047814144911961, 0.7249975028637023, 0.09053261896260213], [0.7662545310771086, 0.055735079871537606, 0.16594037853103766, 0.012070010520316083], [0.9747634661988379, 0.021935415507679527, 0.003228467061765156, 7.265123171761357e-05], [0.2645826081749718, 0.732841432416215, 0.000683314248704732, 0.0018926451601082792], [0.010141442912244348, 0.973366438545641, 0.00017005850369892082, 0.016322060038415864], [0.0058240259867209715, 0.07047079917156526, 0.07051176709804022, 0.8531934077436734], [0.8218792692677717, 0.000362586825993898, 0.1776797572846876, 7.83866215467607e-05], [0.05501971515796161, 0.8371740846639998, 0.006648181625159819, 0.10115801855287891], [0.8215072501373547, 0.13813686929780516, 0.03454681563536977, 0.005809064929470244], [4.013163516517834e-05, 0.0010992508422902935, 0.03518213653136165, 0.9636784809911828], [0.2518106282590324, 0.00639896286300048, 0.7234073222625026, 0.018383086615464696], [0.01904722059824055, 0.01684860044579089, 0.5115777949119595, 0.45252638404400897]], "state_values": [-1.0249633189418474, 0.04974433367814479, 2.2928183372274735, 3.325043353859729, 0.3827797351430379, 0.04461686509117567, 1.2669413704001407, 1.3107263659580093, 1.3103000926697839, -1.2736729504883297, 2.9367400316623757, 0.5535946556247429, 0.10455187753387149, -1.3873255463827117, 2.5074967749484864, 3.0501446096058804], "value_grad": [0.11697443515618788, 0.027207234394863278, -0.1674985242529461, -0.29953673480696263, -0.4104909511141841, -0.26610063766437797, 0.32993064160254537, -0.05846996249314351, -0.5618057911053485, -0.034172831991531094, -0.03909259512321306, -0.09677696627343657, 0.38476502716551586, 1.1929881208447988, -0.6689645461111153, 0.26994197133827313], "action_grad": [[0.0, 0.0, 0.0], [0.0, 0.0, 0.0], [0.0, 0.0, 0.0], [0.0, 0.0, 0.0], [0.0, 0.0, 0.0], [0.0, 0.0, 0.0], [0.0, 0.0, 0.0], [0.0, 0.0, 0.0], [0.0, 0.0, 0.0], [0.0, 0.0, 0.0], [0.0, 0.0, 0.0], [0.0, 0.0, 0.0], [0.0, 0.0, 0.0], [0.0, 0.0, 0.0], [0.0, 0.0, 0.0], [0.0, 0.0, 0.0]]}
{"iterations": 1, "type_itr": 0, "sub_iteration": 4, "sub_it_time": 0.11993217468261719, "total_time": 0.5911056995391846, "value_loss": 1.3746199008179347, "action_loss": -0.727522611800529, "action_probs": [[0.0030338899497543946, 0.3920431214112073, 0.004645346914226244, 0.600277641724812], [0.12620819302600067, 0.36119367482791387, 0.13273253196898055, 0.37986560017710486], [0.2185649742673756, 0.032623121637495534, 0.6515597562857378, 0.09725214780939109], [0.710242196451498, 4.147158421093003e-06, 0.28975196450623386, 1.6918838469946194e-06], [0.1639917367245759, 0.02047814144911961, 0.7249975028637023, 0.09053261896260213], [0.7662545310771086, 0.055735079871537606, 0.16594037853103766, 0.012070010520316083], [0.9747634661988379, 0.021935415507679527, 0.003228467061765156, 7.265123171761357e-05], [0.2645826081749718, 0.732841432416215, 0.000683314248704732, 0.0018926451601082792], [0.010141442912244348, 0.973366438545641, 0.00017005850369892082, 0.016322060038415864], [0.0058240259867209715, 0.07047079917156526, 0.07051176709804022, 0.8531934077436734], [0.8218792692677717, 0.000362586825993898, 0.1776797572846876, 7.83866215467607e-05], [0.05501971515796161, 0.8371740846639998, 0.006648181625159819, 0.10115801855287891], [0.8215072501373547, 0.13813686929780516, 0.03454681563536977, 0.005809064929470244], [4.013163516517834e-05, 0.0010992508422902935, 0.03518213653136165, 0.9636784809911828], [0.2518106282590324, 0.00639896286300048, 0.7234073222625026, 0.018383086615464696], [0.01904722059824055, 0.01684860044579089, 0.5115777949119595, 0.45252638404400897]], "state_values": [0.14625893551399574, 0.0308818552080755, 2.108802531363561, 4.08349857692561, -0.6794910351446589, -0.9616758143706585, 0.4329327873995606, 1.2258981109901272, 0.08808260658219959, -1.5432074054960723, 3.4030394551310867, -0.5581113807752669, -0.9159744832133263, -0.19823858554646623, 1.42436480893651, 2.0671321545443067], "value_grad": [0.059447736624064884, -0.12498973744333686, -0.34179139251383384, -0.21009819877744174, -0.08172834974012488, -0.020656477834133602, -0.25706478521631904, -0.0749551316736794, -0.5092437145563751, -0.07298583394226887, -0.6372655676832228, -0.03260338787840311, 0.03700546400194993, 0.7228418084787569, -0.3870866419730006, 0.3351753344057036], "action_grad": [[0.0, 0.0, 0.0], [0.0, 0.0, 0.0], [0.0, 0.0, 0.0], [0.0, 0.0, 0.0], [0.0, 0.0, 0.0], [0.0, 0.0, 0.0], [0.0, 0.0, 0.0], [0.0, 0.0, 0.0], [0.0, 0.0, 0.0], [0.0, 0.0, 0.0], [0.0, 0.0, 0.0], [0.0, 0.0, 0.0], [0.0, 0.0, 0.0], [0.0, 0.0, 0.0], [0.0, 0.0, 0.0], [0.0, 0.0, 0.0]]}
{"iterations": 1, "type_itr": 0, "sub_iteration": 5, "sub_it_time": 0.11801409721374512, "total_time": 0.7101223468780518, "value_loss": 1.3894232061034397, "action_loss": -0.5268550011919482, "action_probs": [[0.0030338899497543946, 0.3920431214112073, 0.004645346914226244, 0.600277641724812], [0.12620819302600067, 0.36119367482791387, 0.13273253196898055, 0.37986560017710486], [0.2185649742673756, 0.032623121637495534, 0.6515597562857378, 0.09725214780939109], [0.710242196451498, 4.147158421093003e-06, 0.28975196450623386, 1.6918838469946194e-06], [0.1639917367245759, 0.02047814144911961, 0.7249975028637023, 0.09053261896260213], [0.7662545310771086, 0.055735079871537606, 0.16594037853103766, 0.012070010520316083], [0.9747634661988379, 0.021935415507679527, 0.003228467061765156, 7.265123171761357e-05], [0.2645826081749718, 0.732841432416215, 0.000683314248704732, 0.0018926451601082792], [0.010141442912244348, 0.973366438545641, 0.00017005850369892082, 0.016322060038415864], [0.0058240259867209715, 0.07047079917156526, 0.07051176709804022, 0.8531934077436734], [0.8218792692677717, 0.000362586825993898, 0.1776797572846876, 7.83866215467607e-05], [0.05501971515796161, 0.8371740846639998, 0.006648181625159819, 0.10115801855287891], [0.8215072501373547, 0.13813686929780516, 0.03454681563536977, 0.005809064929470244], [4.013163516517834e-05, 0.0010992508422902935, 0.03518213653136165, 0.9636784809911828], [0.2518106282590324, 0.00639896286300048, 0.7234073222625026, 0.018383086615464696], [0.01904722059824055, 0.01684860044579089, 0.5115777949119595, 0.45252638404400897]], "state_values": [1.1299352182442874, 0.21983951376868316, 1.6477113494275788, 4.603188271126376, -1.447647012055663, -1.5930610229466897, 0.0047411712676683395, 0.9007163790328333, -1.1167190483136904, -1.488425869401761, 3.606217134573319, -1.4087753474963998, -1.6244402991842664, 0.8672395436716784, 0.4409937243338619, 0.9406544919591175], "value_grad": [-0.00866334788687495, -0.16002627080876253, -0.3586617549256572, -0.13640213339848106, 0.22001133600196487, 0.2637968125245942, -0.6525405058801053, -0.07042736140852424, -0.3129505151317218, -0.08698323000361818, -0.9969166955646864, 0.032866053701063214, -0.2654366051650534, 0.11357395100550383, 0.029882275834385297, 0.3517066103626181], "action_grad": [[0.0, 0.0, 0.0], [0.0, 0.0, 0.0], [0.0, 0.0, 0.0], [0.0, 0.0, 0.0], [0.0, 0.0, 0.0], [0.0, 0.0, 0.0], [0.0, 0.0, 0.0], [0.0, 0.0, 0.0], [0.0, 0.0, 0.0], [0.0, 0.0, 0.0], [0.0, 0.0, 0.0], [0.0, 0.0, 0.0], [0.0, 0.0, 0.0], [0.0, 0.0, 0.0], [0.0, 0.0, 0.0], [0.0, 0.0, 0.0]]}
{"iterations": 1, "type_itr": 0, "sub_iteration": 6, "sub_it_time": 0.12008213996887207, "total_time": 0.8322024345397949, "value_loss": 2.0471379778961336, "action_loss": -0.3589587558152754, "action_probs": [[0.0030338899497543946, 0.3920431214112073, 0.004645346914226244, 0.600277641724812], [0.12620819302600067, 0.36119367482791387, 0.13273253196898055, 0.37986560017710486], [0.2185649742673756, 0.032623121637495534, 0.6515597562857378, 0.09725214780939109], [0.710242196451498, 4.147158421093003e-06, 0.28975196450623386, 1.6918838469946194e-06], [0.1639917367245759, 0.02047814144911961, 0.7249975028637023, 0.09053261896260213], [0.7662545310771086, 0.055735079871537606, 0.16594037853103766, 0.012070010520316083], [0.9747634661988379, 0.021935415507679527, 0.003228467061765156, 7.265123171761357e-05], [0.2645826081749718, 0.732841432416215, 0.000683314248704732, 0.0018926451601082792], [0.010141442912244348, 0.973366438545641, 0.00017005850369892082, 0.016322060038415864], [0.0058240259867209715, 0.07047079917156526, 0.07051176709804022, 0.8531934077436734], [0.8218792692677717, 0.000362586825993898, 0.1776797572846876, 7.83866215467607e-05], [0.05501971515796161, 0.8371740846639998, 0.006648181625159819, 0.10115801855287891], [0.8215072501373547, 0.13813686929780516, 0.03454681563536977, 0.005809064929470244], [4.013163516517834e-05, 0.0010992508422902935, 0.03518213653136165, 0.9636784809911828], [0.2518106282590324, 0.00639896286300048, 0.7234073222625026, 0.018383086615464696], [0.01904722059824055, 0.01684860044579089, 0.5115777949119595, 0.45252638404400897]], "state_values": [1.7871702853179035, 0.5011297889388601, 1.047919631321312, 4.8965986859396295, -1.8788957486749318, -1.7974025614278368, -0.0795720114665112, 0.4440950515258379, -2.130616206127498, -1.212204329936979, 3.611060824051753, -1.9140373836715119, -2.000763449033291, 1.6515803853708575, -0.17778061170173934, -0.25889164244552815], "value_grad": [-0.06522586270654385, -0.09855561336811869, -0.24150298498188283, -0.08026104546695878, 0.40303080533300806, 0.48323344470645524, -0.7673927003563292, -0.05250173326022178, -0.02386345980917781, -0.08420289642881684, -1.1903692271957975, 0.08009949557697116, -0.4421506090745728, -0.42603688922020977, 0.42684479157131205, 0.2772990200973604], "action_grad": [[0.0, 0.0, 0.0], [0.0, 0.0, 0.0], [0.0, 0.0, 0.0], [0.0, 0.0, 0.0], [0.0, 0.0, 0.0], [0.0, 0.0, 0.0], [0.0, 0.0, 0.0], [0.0, 0.0, 0.0], [0.0, 0.0, 0.0], [0.0, 0.0, 0.0], [0.0, 0.0, 0.0], [0.0, 0.0, 0.0], [0.0, 0.0, 0.0], [0.0, 0.0, 0.0], [0.0, 0.0, 0.0], [0.0, 0.0, 0.0]]}
{"iterations": 1, "type_itr": 0, "sub_iteration": 7, "sub_it_time": 0.12074995040893555, "total_time": 0.9558780193328857, "value_loss": 2.7212320207925043, "action_loss": -0.24288236050212778, "action_probs": [[0.0030338899497543946, 0.3920431214112073, 0.004645346914226244, 0.600277641724812], [0.12620819302600067, 0.36119367482791387, 0.13273253196898055, 0.37986560017710486], [0.2185649742673756, 0.032623121637495534, 0.6515597562857378, 0.09725214780939109], [0.710242196451498, 4.147158421093003e-06, 0.28975196450623386, 1.6918838469946194e-06], [0.1639917367245759, 0.02047814144911961, 0.7249975028637023, 0.09053261896260213], [0.7662545310771086, 0.055735079871537606, 0.16594037853103766, 0.012070010520316083], [0.9747634661988379, 0.021935415507679527, 0.003228467061765156, 7.265123171761357e-05], [0.2645826081749718, 0.732841432416215, 0.000683314248704732, 0.0018926451601082792], [0.010141442912244348, 0.973366438545641, 0.00017005850369892082, 0.016322060038415864], [0.0058240259867209715, 0.07047079917156526, 0.07051176709804022, 0.8531934077436734], [0.8218792692677717, 0.000362586825993898, 0.1776797572846876, 7.83866215467607e-05], [0.05501971515796161, 0.8371740846639998, 0.006648181625159819, 0.10115801855287891], [0.8215072501373547, 0.13813686929780516, 0.03454681563536977, 0.005809064929470244], [4.013163516517834e-05, 0.0010992508422902935, 0.03518213653136165, 0.9636784809911828], [0.2518106282590324, 0.00639896286300048, 0.7234073222625026, 0.018383086615464696], [0.01904722059824055, 0.01684860044579089, 0.5115777949119595, 0.45252638404400897]], "state_values": [2.113542497948543, 0.7322961657039089, 0.4812059327767654, 4.998473824139047, -2.0337734465022925, -1.664296028899399, 0.05799954198628567, -0.04595297425598547, -2.8039463007603334, -0.7937700096576401, 3.457793942604225, -2.111255809352606, -2.111146244804689, 2.117058183515527, -0.3854592237980972, -1.3779234605791155], "value_grad": [-0.0989084483104441, 0.013094378434568732, -0.028464739440599462, -0.0380743841821789, 0.4708210707283538, 0.6037495389689616, -0.6699525525947823, -0.026212312558200335, 0.24916039695167358, -0.06969011731468955, -1.2844449273506928, 0.10478300157703435, -0.5057840727636487, -0.7571372200559914, 0.6562761959933896, 0.08997747579912119], "action_grad": [[0.0, 0.0, 0.0], [0.0, 0.0, 0.0], [0.0, 0.0, 0.0], [0.0, 0.0, 0.0], [0.0, 0.0, 0.0], [0.0, 0.0, 0.0], [0.0, 0.0, 0.0], [0.0, 0.0, 0.0], [0.0, 0.0, 0.0], [0.0, 0.0, 0.0], [0.0, 0.0, 0.0], [0.0, 0.0, 0.0], [0.0, 0.0, 0.0], [0.0, 0.0, 0.0], [0.0, 0.0, 0.0], [0.0, 0.0, 0.0]]}
{"iterations": 1, "type_itr": 0, "sub_iteration": 8, "sub_it_time": 0.12112760543823242, "total_time": 1.0799927711486816, "value_loss": 3.062932639394621, "action_loss": -0.18254324575855108, "action_probs": [[0.0030338899497543946, 0.3920431214112073, 0.004645346914226244, 0.600277641724812], [0.12620819302600067, 0.36119367482791387, 0.13273253196898055, 0.37986560017710486], [0.2185649742673756, 0.032623121637495534, 0.6515597562857378, 0.09725214780939109], [0.710242196451498, 4.147158421093003e-06, 0.28975196450623386, 1.6918838469946194e-06], [0.1639917367245759, 0.02047814144911961, 0.7249975028637023, 0.09053261896260213], [0.7662545310771086, 0.055735079871537606, 0.16594037853103766, 0.012070010520316083], [0.9747634661988379, 0.021935415507679527, 0.003228467061765156, 7.265123171761357e-05], [0.2645826081749718, 0.732841432416215, 0.000683314248704732, 0.0018926451601082792], [0.010141442912244348, 0.973366438545641, 0.00017005850369892082, 0.016322060038415864], [0.0058240259867209715, 0.07047079917156526, 0.07051176709804022, 0.8531934077436734], [0.8218792692677717, 0.000362586825993898, 0.1776797572846876, 7.83866215467607e-05], [0.05501971515796161, 0.8371740846639998, 0.006648181625159819, 0.10115801855287891], [0.8215072501373547, 0.13813686929780516, 0.03454681563536977, 0.005809064929470244], [4.013163516517834e-05, 0.0010992508422902935, 0.03518213653136165, 0.9636784809911828], [0.2518106282590324, 0.00639896286300048, 0.7234073222625026, 0.018383086615464696], [0.01904722059824055, 0.01684860044579089, 0.5115777949119595, 0.45252638404400897]], "state_values": [2.174097547012085, 0.8056840157534909, 0.15610303171668147, 4.954632014688483, -1.9819105287478707, -1.2859945853010637, 0.31273868284234346, -0.47169917217501883, -3.1317757320660022, -0.305160751098066, 3.165494508424539, -2.070001679463523, -2.022599390382501, 2.316452941232289, -0.2852022058933225, -2.1718452160504036], "value_grad": [-0.11350520068500103, 0.11129392237808045, 0.19969882597786492, -0.004500242814224009, 0.47356697185465935, 0.6390799154299973, -0.4559199065877757, 0.0027229803960713284, 0.43180374373988384, -0.046440944833843645, -1.3069627718737387, 0.11340906709825171, -0.5057878818023167, -0.8934950128953503, 0.7057958002576146, -0.14864092855262445], "action_grad": [[0.0, 0.0, 0.0], [0.0, 0.0, 0.0], [0.0, 0.0, 0.0], [0.0, 0.0, 0.0], [0.0, 0.0, 0.0], [0.0, 0.0, 0.0], [0.0, 0.0, 0.0], [0.0, 0.0, 0.0], [0.0, 0.0, 0.0], [0.0, 0.0, 0.0], [0.0, 0.0, 0.0], [0.0, 0.0, 0.0], [0.0, 0.0, 0.0], [0.0, 0.0, 0.0], [0.0, 0.0, 0.0], [0.0, 0.0, 0.0]]}
{"iterations": 1, "type_itr": 0, "sub_iteration": 9, "sub_it_time": 0.12082719802856445, "total_time": 1.202871561050415, "value_loss": 2.9867242011004924, "action_loss": -0.1788558000755655, "action_probs": [[0.0030338899497543946, 0.3920431214112073, 0.004645346914226244, 0.600277641724812], [0.12620819302600067, 0.36119367482791387, 0.13273253196898055, 0.37986560017710486], [0.2185649742673756, 0.032623121637495534, 0.6515597562857378, 0.09725214780939109], [0.710242196451498, 4.147158421093003e-06, 0.28975196450623386, 1.6918838469946194e-06], [0.1639917367245759, 0.02047814144911961, 0.7249975028637023, 0.09053261896260213], [0.7662545310771086, 0.055735079871537606, 0.16594037853103766, 0.012070010520316083], [0.9747634661988379, 0.021935415507679527, 0.003228467061765156, 7.265123171761357e-05], [0.2645826081749718, 0.732841432416215, 0.000683314248704732, 0.0018926451601082792], [0.010141442912244348, 0.973366438545641, 0.00017005850369892082, 0.016322060038415864], [0.0058240259867209715, 0.07047079917156526, 0.07051176709804022, 0.8531934077436734], [0.8218792692677717, 0.000362586825993898, 0.1776797572846876, 7.83866215467607e-05], [0.05501971515796161, 0.8371740846639998, 0.006648181625159819, 0.10115801855287891], [0.8215072501373547, 0.13813686929780516, 0.03454681563536977, 0.005809064929470244], [4.013163516517834e-05, 0.0010992508422902935, 0.03518213653136165, 0.9636784809911828], [0.2518106282590324, 0.00639896286300048, 0.7234073222625026, 0.018383086615464696], [0.01904722059824055, 0.01684860044579089, 0.5115777949119595, 0.45252638404400897]], "state_values": [2.030871260925684, 0.7209886932528404, 0.1471614724027743, 4.813718326738039, -1.774901298424348, -0.7347230621515028, 0.6001608106392804, -0.7550398368127275, -3.1862738216496185, 0.17831728602110336, 2.746202522700287, -1.8460989392260276, -1.7837108219314257, 2.314654145512137, 0.01801530051309182, -2.5351678364431063], "value_grad": [-0.11601669115139401, 0.1357275964145046, 0.34350318089217335, 0.02483159375223698, 0.4409862998367391, 0.5868600227876115, -0.21210344552130422, 0.027827428948537847, 0.5411091727795658, -0.018049598237854347, -1.2536157933966532, 0.11165890615055174, -0.46966829856270653, -0.9066618882714557, 0.629692999426045, -0.33497491649229705], "action_grad": [[0.0, 0.0, 0.0], [0.0, 0.0, 0.0], [0.0, 0.0, 0.0], [0.0, 0.0, 0.0], [0.0, 0.0, 0.0], [0.0, 0.0, 0.0], [0.0, 0.0, 0.0], [0.0, 0.0, 0.0], [0.0, 0.0, 0.0], [0.0, 0.0, 0.0], [0.0, 0.0, 0.0], [0.0, 0.0, 0.0], [0.0, 0.0, 0.0], [0.0, 0.0, 0.0], [0.0, 0.0, 0.0], [0.0, 0.0, 0.0]]}
{"iterations": 1, "type_itr": 0, "sub_iteration": 10, "sub_it_time": 0.11699724197387695, "total_time": 1.3218579292297363, "value_loss": 2.5502324605424542, "action_loss": -0.22500206743544895, "action_probs": [[0.0030338899497543946, 0.3920431214112073, 0.004645346914226244, 0.600277641724812], [0.12620819302600067, 0.36119367482791387, 0.13273253196898055, 0.37986560017710486], [0.2185649742673756, 0.032623121637495534, 0.6515597562857378, 0.09725214780939109], [0.710242196451498, 4.147158421093003e-06, 0.28975196450623386, 1.6918838469946194e-06], [0.1639917367245759, 0.02047814144911961, 0.7249975028637023, 0.09053261896260213], [0.7662545310771086, 0.055735079871537606, 0.16594037853103766, 0.012070010520316083], [0.9747634661988379, 0.021935415507679527, 0.003228467061765156, 7.265123171761357e-05], [0.2645826081749718, 0.732841432416215, 0.000683314248704732, 0.0018926451601082792], [0.010141442912244348, 0.973366438545641, 0.00017005850369892082, 0.016322060038415864], [0.0058240259867209715, 0.07047079917156526, 0.07051176709804022, 0.8531934077436734], [0.8218792692677717, 0.000362586825993898, 0.1776797572846876, 7.83866215467607e-05], [0.05501971515796161, 0.8371740846639998, 0.006648181625159819, 0.10115801855287891], [0.8215072501373547, 0.13813686929780516, 0.03454681563536977, 0.005809064929470244], [4.013163516517834e-05, 0.0010992508422902935, 0.03518213653136165, 0.9636784809911828], [0.2518106282590324, 0.00639896286300048, 0.7234073222625026, 0.018383086615464696], [0.01904722059824055, 0.01684860044579089, 0.5115777949119595, 0.45252638404400897]], "state_values": [1.729292515518855, 0.5613478702061887, 0.3868451409265541, 4.622089411849999, -1.453094525195871, -0.08184896688558639, 0.8554413185784091, -0.8627941734366555, -3.023965375334792, 0.5832764969117054, 2.2171679772943524, -1.4820364710001237, -1.433091132148862, 2.1615198779925318, 0.43744682179409655, -2.5448007020912855], "value_grad": [-0.10997164163784978, 0.07800245144674633, 0.3671956051022982, 0.052217670899984636, 0.3803395481009475, 0.4431118675706558, 0.0021928728627496064, 0.04422930037993078, 0.6163638889149392, 0.010560058290265406, -1.1067622756893671, 0.10166695539465787, -0.4040967219884539, -0.8442787857747893, 0.46965090319008507, -0.44633590823644775], "action_grad": [[0.0, 0.0, 0.0], [0.0, 0.0, 0.0], [0.0, 0.0, 0.0], [0.0, 0.0, 0.0], [0.0, 0.0, 0.0], [0.0, 0.0, 0.0], [0.0, 0.0, 0.0], [0.0, 0.0, 0.0], [0.0, 0.0, 0.0], [0.0, 0.0, 0.0], [0.0, 0.0, 0.0], [0.0, 0.0, 0.0], [0.0, 0.0, 0.0], [0.0, 0.0, 0.0], [0.0, 0.0, 0.0], [0.0, 0.0, 0.0]]}
{"iterations": 1, "type_itr": 0, "sub_iteration": 11, "sub_it_time": 0.12074637413024902, "total_time": 1.4436044692993164, "value_loss": 1.9436374267171426, "action_loss": -0.3054252904789672, "action_probs": [[0.0030338899497543946, 0.3920431214112073, 0.004645346914226244, 0.600277641724812], [0.12620819302600067, 0.36119367482791387, 0.13273253196898055, 0.37986560017710486], [0.2185649742673756, 0.032623121637495534, 0.6515597562857378, 0.09725214780939109], [0.710242196451498, 4.147158421093003e-06, 0.28975196450623386, 1.6918838469946194e-06], [0.1639917367245759, 0.02047814144911961, 0.7249975028637023, 0.09053261896260213], [0.7662545310771086, 0.055735079871537606, 0.16594037853103766, 0.012070010520316083], [0.9747634661988379, 0.021935415507679527, 0.003228467061765156, 7.265123171761357e-05], [0.2645826081749718, 0.732841432416215, 0.000683314248704732, 0.0018926451601082792], [0.010141442912244348, 0.973366438545641, 0.00017005850369892082, 0.016322060038415864], [0.0058240259867209715, 0.07047079917156526, 0.07051176709804022, 0.8531934077436734], [0.8218792692677717, 0.000362586825993898, 0.1776797572846876, 7.83866215467607e-05], [0.05501971515796161, 0.8371740846639998, 0.006648181625159819, 0.10115801855287891], [0.8215072501373547, 0.13813686929780516, 0.03454681563536977, 0.005809064929470244], [4.013163516517834e-05, 0.0010992508422902935, 0.03518213653136165, 0.9636784809911828], [0.2518106282590324, 0.00639896286300048, 0.7234073222625026, 0.018383086615464696], [0.01904722059824055, 0.01684860044579089, 0.5115777949119595, 0.45252638404400897]], "state_values": [1.3072864757910871, 0.44456692262244135, 0.7776799996548044, 4.420456509316729, -1.0551398643499317, 0.5862885349867866, 1.0368749642171102, -0.8048681267027533, -2.673384102574426, 0.8557161322091493, 1.6089568759829906, -1.0177065549803879, -1.0085589729281674, 1.895268224614853, 0.891788532529089, -2.285604234668679], "value_grad": [-0.09615087587933058, -0.025040201676957974, 0.29521289351997604, 0.07797608404489931, 0.29387334570885115, 0.2248275662071646, 0.15966952150818292, 0.050360764957915194, 0.670376601348734, 0.034327990229936045, -0.8579207526729573, 0.08387634932196786, -0.312188042870686, -0.7268846461481488, 0.25526917436985075, -0.514918732540147], "action_grad": [[0.0, 0.0, 0.0], [0.0, 0.0, 0.0], [0.0, 0.0, 0.0], [0.0, 0.0, 0.0], [0.0, 0.0, 0.0], [0.0, 0.0, 0.0], [0.0, 0.0, 0.0], [0.0, 0.0, 0.0], [0.0, 0.0, 0.0], [0.0, 0.0, 0.0], [0.0, 0.0, 0.0], [0.0, 0.0, 0.0], [0.0, 0.0, 0.0], [0.0, 0.0, 0.0], [0.0, 0.0, 0.0], [0.0, 0.0, 0.0]]}
{"iterations": 1, "type_itr": 0, "sub_iteration": 12, "sub_it_time": 0.11508870124816895, "total_time": 1.5606908798217773, "value_loss": 1.3737377510980773, "action_loss": -0.4049872003763394, "action_probs": [[0.0030338899497543946, 0.3920431214112073, 0.004645346914226244, 0.600277641724812], [0.12620819302600067, 0.36119367482791387, 0.13273253196898055, 0.37986560017710486], [0.2185649742673756, 0.032623121637495534, 0.6515597562857378, 0.09725214780939109], [0.710242196451498, 4.147158421093003e-06, 0.28975196450623386, 1.6918838469946194e-06], [0.1639917367245759, 0.02047814144911961, 0.7249975028637023, 0.09053261896260213], [0.7662545310771086, 0.055735079871537606, 0.16594037853103766, 0.012070010520316083], [0.9747634661988379, 0.021935415507679527, 0.003228467061765156, 7.265123171761357e-05], [0.2645826081749718, 0.732841432416215, 0.000683314248704732, 0.0018926451601082792], [0.010141442912244348, 0.973366438545641, 0.00017005850369892082, 0.016322060038415864], [0.0058240259867209715, 0.07047079917156526, 0.07051176709804022, 0.8531934077436734], [0.8218792692677717, 0.000362586825993898, 0.1776797572846876, 7.83866215467607e-05], [0.05501971515796161, 0.8371740846639998, 0.006648181625159819, 0.10115801855287891], [0.8215072501373547, 0.13813686929780516, 0.03454681563536977, 0.005809064929470244], [4.013163516517834e-05, 0.0010992508422902935, 0.03518213653136165, 0.9636784809911828], [0.2518106282590324, 0.00639896286300048, 0.7234073222625026, 0.018383086615464696], [0.01904722059824055, 0.01684860044579089, 0.5115777949119595, 0.45252638404400897]], "state_values": [0.8052261225956173, 0.46634857362842314, 1.2235458230639797, 4.241379874581799, -0.6230155371099947, 1.1720659952948678, 1.1266655070326608, -0.6153600928071473, -2.1519813424648118, 0.9737087406619018, 0.9685054427381837, -0.49836860642750164, -0.5511938627092212, 1.5508871142019591, 1.3015475084000763, -1.8093580096047368], "value_grad": [-0.07477287549054057, -0.11774847595487237, 0.1680960993457179, 0.10112937745428296, 0.18765669300019794, -0.021006247904285402, 0.2531315144611559, 0.04707311564973482, 0.6906069883518697, 0.04996014633995882, -0.5230227020752818, 0.05904510936575447, -0.20201148885126385, -0.565430808573284, 0.020290260810162497, -0.5528344949198178], "action_grad": [[0.0, 0.0, 0.0], [0.0, 0.0, 0.0], [0.0, 0.0, 0.0], [0.0, 0.0, 0.0], [0.0, 0.0, 0.0], [0.0, 0.0, 0.0], [0.0, 0.0, 0.0], [0.0, 0.0, 0.0], [0.0, 0.0, 0.0], [0.0, 0.0, 0.0], [0.0, 0.0, 0.0], [0.0, 0.0, 0.0], [0.0, 0.0, 0.0], [0.0, 0.0, 0.0], [0.0, 0.0, 0.0], [0.0, 0.0, 0.0]]}
{"iterations": 1, "type_itr": 0, "sub_iteration": 13, "sub_it_time": 0.12392377853393555, "total_time": 1.6876084804534912, "value_loss": 0.9608315278285705, "action_loss": -0.5109593537429183, "action_probs": [[0.0030338899497543946, 0.3920431214112073, 0.004645346914226244, 0.600277641724812], [0.12620819302600067, 0.36119367482791387, 0.13273253196898055, 0.37986560017710486], [0.2185649742673756, 0.032623121637495534, 0.6515597562857378, 0.09725214780939109], [0.710242196451498, 4.147158421093003e-06, 0.28975196450623386, 1.6918838469946194e-06], [0.1639917367245759, 0.02047814144911961, 0.7249975028637023, 0.09053261896260213], [0.7662545310771086, 0.055735079871537606, 0.16594037853103766, 0.012070010520316083], [0.9747634661988379, 0.021935415507679527, 0.003228467061765156, 7.265123171761357e-05], [0.2645826081749718, 0.732841432416215, 0.000683314248704732, 0.0018926451601082792], [0.010141442912244348, 0.973366438545641, 0.00017005850369892082, 0.016322060038415864], [0.0058240259867209715, 0.07047079917156526, 0.07051176709804022, 0.8531934077436734], [0.8218792692677717, 0.000362586825993898, 0.1776797572846876, 7.83866215467607e-05], [0.05501971515796161, 0.8371740846639998, 0.006648181625159819, 0.10115801855287891], [0.8215072501373547, 0.13813686929780516, 0.03454681563536977, 0.005809064929470244], [4.013163516517834e-05, 0.0010992508422902935, 0.03518213653136165, 0.9636784809911828], [0.2518106282590324, 0.00639896286300048, 0.7234073222625026, 0.018383086615464696], [0.01904722059824055, 0.01684860044579089, 0.5115777949119595, 0.45252638404400897]], "state_values": [0.27109771915225606, 0.6400479750025934, 1.634807620112624, 4.10760585765385, -0.20107928638945669, 1.5974834951438885, 1.126011735965979, -0.3400768879504998, -1.4829119970948448, 0.9436775256157587, 0.3547320699152265, 0.02342975800849542, -0.10331670018283867, 1.16528977715762, 1.5998056462080412, -1.1554324890300365], "value_grad": [-0.047093495866318946, -0.15075203239759483, 0.028851353164600413, 0.12021801415565525, 0.07396025345497415, -0.23393176497896206, 0.28789126983046964, 0.03618797876969615, 0.6530269660831933, 0.05659563169476112, -0.145689292368258, 0.029385412749423523, -0.0879914862073159, -0.37399439865922757, -0.1977330647421982, -0.5481932553613794], "action_grad": [[0.0, 0.0, 0.0], [0.0, 0.0, 0.0], [0.0, 0.0, 0.0], [0.0, 0.0, 0.0], [0.0, 0.0, 0.0], [0.0, 0.0, 0.0], [0.0, 0.0, 0.0], [0.0, 0.0, 0.0], [0.0, 0.0, 0.0], [0.0, 0.0, 0.0], [0.0, 0.0, 0.0], [0.0, 0.0, 0.0], [0.0, 0.0, 0.0], [0.0, 0.0, 0.0], [0.0, 0.0, 0.0], [0.0, 0.0, 0.0]]}
