{"iterations": 0, "type_itr": 0, "sub_iteration": 0, "sub_it_time": 0, "total_time": 0, "value_loss": 0, "action_loss": 0, "action_probs": [[0.5964688996080729, 0.10375835722197935, 0.2553529822025606, 0.044419760967387104], [0.04313342403207744, 0.1682669686768371, 0.1609032074961787, 0.6276963997949068], [0.0005566919357592958, 0.00043193059921266274, 0.5625418781115904, 0.43646949935343765], [0.2296738121814026, 0.047303452647893526, 0.599541583251695, 0.12348115191900882], [0.7061132064838639, 0.20570561960664407, 0.06828756950293774, 0.0198936044065543], [0.07745310400501028, 0.22396050421957947, 0.17951307765225025, 0.51907331412316], [0.5126768715885703, 0.24310396985217114, 0.1656637841645668, 0.07855537439469172], [1.4902660069909001e-05, 0.013042024482450551, 0.0011264577769794664, 0.9858166150805002], [0.2447453114917443, 0.021449585979294472, 0.6746761868800337, 0.05912891564892747], [0.0005818613087744031, 0.0658623159500382, 0.008175283903633652, 0.9253805388375537], [0.027250438907714322, 0.6118568296294139, 0.01538784772934532, 0.34550488373352645], [0.0028460353200043835, 0.45769571351968014, 0.0033337199946328875, 0.5361245311656826], [0.05942282087636908, 0.2995505366480619, 0.10611264193948874, 0.5349140005360803], [0.8291176191093007, 0.001418380640146265, 0.16917459141429583, 0.00028940883625711396], [0.2211393196368671, 0.2160301512921534, 0.28470414460808163, 0.278126384462898], [0.7108869825001453, 0.017427575957928047, 0.2651843787605382, 0.006501062781388454]], "state_values": [4.170274801081226, 4.603109524230771, 4.866042050793853, 2.0702991382239726, 1.6197110807392576, 3.5310200595594083, -1.8831489720865862, 3.545864634779547, -0.42558755660273084, 2.3297859025398466, 2.3637387282376614, 4.989447779501698, 0.4392787598751776, -0.2738705796969373, -0.03459787485346142, -0.347077095145265], "value_grad": [0.0, 0.0, 0.0, 0.0, 0.0, 0.0, 0.0, 0.0, 0.0, 0.0, 0.0, 0.0, 0.0, 0.0, 0.0, 0.0], "action_grad": [[0.0, 0.0, 0.0], [0.0, 0.0, 0.0], [0.0, 0.0, 0.0], [0.0, 0.0, 0.0], [0.0, 0.0, 0.0], [0.0, 0.0, 0.0], [0.0, 0.0, 0.0], [0.0, 0.0, 0.0], [0.0, 0.0, 0.0], [0.0, 0.0, 0.0], [0.0, 0.0, 0.0], [0.0, 0.0, 0.0], [0.0, 0.0, 0.0], [0.0, 0.0, 0.0], [0.0, 0.0, 0.0], [0.0, 0.0, 0.0]], "action_params_change": 0, "value_params_change": 0}
{"iterations": 1, "type_itr": 0, "sub_iteration": 0, "sub_it_time": 0.6500599384307861, "total_time": 0.6519756317138672, "value_loss": 4.3847173711384375, "action_loss": 9.055385138137419, "action_probs": [[0.5964688996080729, 0.10375835722197935, 0.2553529822025606, 0.044419760967387104], [0.04313342403207744, 0.1682669686768371, 0.1609032074961787, 0.6276963997949068], [0.0005566919357592958, 0.00043193059921266274, 0.5625418781115904, 0.43646949935343765], [0.2296738121814026, 0.047303452647893526, 0.599541583251695, 0.12348115191900882], [0.7061132064838639, 0.20570561960664407, 0.06828756950293774, 0.0198936044065543], [0.07745310400501028, 0.22396050421957947, 0.17951307765225025, 0.51907331412316], [0.5126768715885703, 0.24310396985217114, 0.1656637841645668, 0.07855537439469172], [1.4902660069909001e-05, 0.013042024482450551, 0.0011264577769794664, 0.9858166150805002], [0.2447453114917443, 0.021449585979294472, 0.6746761868800337, 0.05912891564892747], [0.0005818613087744031, 0.0658623159500382, 0.008175283903633652, 0.9253805388375537], [0.027250438907714322, 0.6118568296294139, 0.01538784772934532, 0.34550488373352645], [0.0028460353200043835, 0.45769571351968014, 0.0033337199946328875, 0.5361245311656826], [0.05942282087636908, 0.2995505366480619, 0.10611264193948874, 0.5349140005360803], [0.8291176191093007, 0.001418380640146265, 0.16917459141429583, 0.00028940883625711396], [0.2211393196368671, 0.2160301512921534, 0.28470414460808163, 0.278126384462898], [0.7108869825001453, 0.017427575957928047, 0.2651843787605382, 0.006501062781388454]], "state_values": [3.3581902927939105, 3.9770091574607336, 4.430347141248061, 0.8799416921718626, 2.7396739545897053, 2.545428805257834, -1.8831489720865862, 2.5634906279189815, 0.8201734576951936, 1.1628344981666616, 1.2001967372266267, 4.754013397625793, -0.8066137689623666, 0.9698061076948503, -1.2705124919945565, -1.570323215992458], "value_grad": [-202.49858678151344, -0.17080538904378706, -0.2846792050600033, -202.42267400433772, -0.2277348249795086, -0.7591305773612875, 0.0, -0.15182522285322708, 0.5124026708110403, -0.11386792177337579, 0.24671408983518184, 0.018978417270848702, -0.15182288282901268, 0.37955715822910996, 202.5175648728684, -202.25186789454307], "action_grad": [[0.0, 0.0, 0.0], [0.0, 0.0, 0.0], [0.0, 0.0, 0.0], [0.0, 0.0, 0.0], [0.0, 0.0, 0.0], [0.0, 0.0, 0.0], [0.0, 0.0, 0.0], [0.0, 0.0, 0.0], [0.0, 0.0, 0.0], [0.0, 0.0, 0.0], [0.0, 0.0, 0.0], [0.0, 0.0, 0.0], [0.0, 0.0, 0.0], [0.0, 0.0, 0.0], [0.0, 0.0, 0.0], [0.0, 0.0, 0.0]], "action_params_change": 0, "value_params_change": 0.49999999997531086}
{"iterations": 1, "type_itr": 0, "sub_iteration": 1, "sub_it_time": 0.3667910099029541, "total_time": 1.0205848217010498, "value_loss": -198.00000000000009, "action_loss": -1.435950161963498, "action_probs": [[0.5964688996080729, 0.10375835722197935, 0.2553529822025606, 0.044419760967387104], [0.04313342403207744, 0.1682669686768371, 0.1609032074961787, 0.6276963997949068], [0.0005566919357592958, 0.00043193059921266274, 0.5625418781115904, 0.43646949935343765], [0.2296738121814026, 0.047303452647893526, 0.599541583251695, 0.12348115191900882], [0.7061132064838639, 0.20570561960664407, 0.06828756950293774, 0.0198936044065543], [0.07745310400501028, 0.22396050421957947, 0.17951307765225025, 0.51907331412316], [0.5126768715885703, 0.24310396985217114, 0.1656637841645668, 0.07855537439469172], [1.4902660069909001e-05, 0.013042024482450551, 0.0011264577769794664, 0.9858166150805002], [0.2447453114917443, 0.021449585979294472, 0.6746761868800337, 0.05912891564892747], [0.0005818613087744031, 0.0658623159500382, 0.008175283903633652, 0.9253805388375537], [0.027250438907714322, 0.6118568296294139, 0.01538784772934532, 0.34550488373352645], [0.0028460353200043835, 0.45769571351968014, 0.0033337199946328875, 0.5361245311656826], [0.05942282087636908, 0.2995505366480619, 0.10611264193948874, 0.5349140005360803], [0.8291176191093007, 0.001418380640146265, 0.16917459141429583, 0.00028940883625711396], [0.2211393196368671, 0.2160301512921534, 0.28470414460808163, 0.278126384462898], [0.7108869825001453, 0.017427575957928047, 0.2651843787605382, 0.006501062781388454]], "state_values": [2.6929529971250994, 3.110302646594832, 3.748146109384623, 0.04889623469457274, 2.6421357046828997, 1.4263645920940586, -2.7073713137054387, 1.4285366820861753, 1.7202999871297693, -0.039366201685563935, 0.30535888611703077, 4.298607052872074, -0.2999071748255364, 1.040943715609631, -2.056957361697689, -2.3362635757428474], "value_grad": [-0.15183331567545943, -0.24673078127758297, -0.5693844323038788, 0.41753581436125264, 0.24672793016494632, -0.550394006004939, 201.11308573463262, -0.1328535069636505, 202.10003757984472, -0.07591576731380645, 0.01897896075893346, 0.07591752603162982, 0.3416209126141947, -0.303663041343075, -0.4934533403927506, 0.8730340730670219], "action_grad": [[0.0, 0.0, 0.0], [0.0, 0.0, 0.0], [0.0, 0.0, 0.0], [0.0, 0.0, 0.0], [0.0, 0.0, 0.0], [0.0, 0.0, 0.0], [0.0, 0.0, 0.0], [0.0, 0.0, 0.0], [0.0, 0.0, 0.0], [0.0, 0.0, 0.0], [0.0, 0.0, 0.0], [0.0, 0.0, 0.0], [0.0, 0.0, 0.0], [0.0, 0.0, 0.0], [0.0, 0.0, 0.0], [0.0, 0.0, 0.0]], "action_params_change": 0, "value_params_change": 0.497159974064628}
{"iterations": 1, "type_itr": 0, "sub_iteration": 2, "sub_it_time": 0.36397790908813477, "total_time": 1.3861963748931885, "value_loss": 4.119016502916899, "action_loss": -0.9419980363141488, "action_probs": [[0.5964688996080729, 0.10375835722197935, 0.2553529822025606, 0.044419760967387104], [0.04313342403207744, 0.1682669686768371, 0.1609032074961787, 0.6276963997949068], [0.0005566919357592958, 0.00043193059921266274, 0.5625418781115904, 0.43646949935343765], [0.2296738121814026, 0.047303452647893526, 0.599541583251695, 0.12348115191900882], [0.7061132064838639, 0.20570561960664407, 0.06828756950293774, 0.0198936044065543], [0.07745310400501028, 0.22396050421957947, 0.17951307765225025, 0.51907331412316], [0.5126768715885703, 0.24310396985217114, 0.1656637841645668, 0.07855537439469172], [1.4902660069909001e-05, 0.013042024482450551, 0.0011264577769794664, 0.9858166150805002], [0.2447453114917443, 0.021449585979294472, 0.6746761868800337, 0.05912891564892747], [0.0005818613087744031, 0.0658623159500382, 0.008175283903633652, 0.9253805388375537], [0.027250438907714322, 0.6118568296294139, 0.01538784772934532, 0.34550488373352645], [0.0028460353200043835, 0.45769571351968014, 0.0033337199946328875, 0.5361245311656826], [0.05942282087636908, 0.2995505366480619, 0.10611264193948874, 0.5349140005360803], [0.8291176191093007, 0.001418380640146265, 0.16917459141429583, 0.00028940883625711396], [0.2211393196368671, 0.2160301512921534, 0.28470414460808163, 0.278126384462898], [0.7108869825001453, 0.017427575957928047, 0.2651843787605382, 0.006501062781388454]], "state_values": [2.125450986273279, 2.0470315689514647, 2.856140661462212, -0.5937840228724094, 2.0855817657469493, 0.26299278007379645, -3.2770434241851283, 0.26805552605083743, 2.375795876759276, -0.8540901131548273, -0.1298567879961013, 4.649905129480372, 0.4983271732910656, 0.48626474676502607, -2.62480173327679, -2.8821645115740284], "value_grad": [-0.13285002985274552, -0.2657014141518701, -0.854049172468025, 0.4744603183816958, 0.3416146802015181, -0.39854836995135123, -1.5942140352209608, -0.07591390811257881, -0.28467743065820983, 0.018978417270848702, -0.07591374864351685, -202.08105861908572, 202.47960864880852, -0.5503750824722937, -0.5693564944163638, 0.8730164964752123], "action_grad": [[0.0, 0.0, 0.0], [0.0, 0.0, 0.0], [0.0, 0.0, 0.0], [0.0, 0.0, 0.0], [0.0, 0.0, 0.0], [0.0, 0.0, 0.0], [0.0, 0.0, 0.0], [0.0, 0.0, 0.0], [0.0, 0.0, 0.0], [0.0, 0.0, 0.0], [0.0, 0.0, 0.0], [0.0, 0.0, 0.0], [0.0, 0.0, 0.0], [0.0, 0.0, 0.0], [0.0, 0.0, 0.0], [0.0, 0.0, 0.0]], "action_params_change": 0, "value_params_change": 0.4991368010655608}
{"iterations": 1, "type_itr": 0, "sub_iteration": 3, "sub_it_time": 0.363753080368042, "total_time": 1.7516224384307861, "value_loss": 4.213910546872961, "action_loss": 9.055385138137419, "action_probs": [[0.5964688996080729, 0.10375835722197935, 0.2553529822025606, 0.044419760967387104], [0.04313342403207744, 0.1682669686768371, 0.1609032074961787, 0.6276963997949068], [0.0005566919357592958, 0.00043193059921266274, 0.5625418781115904, 0.43646949935343765], [0.2296738121814026, 0.047303452647893526, 0.599541583251695, 0.12348115191900882], [0.7061132064838639, 0.20570561960664407, 0.06828756950293774, 0.0198936044065543], [0.07745310400501028, 0.22396050421957947, 0.17951307765225025, 0.51907331412316], [0.5126768715885703, 0.24310396985217114, 0.1656637841645668, 0.07855537439469172], [1.4902660069909001e-05, 0.013042024482450551, 0.0011264577769794664, 0.9858166150805002], [0.2447453114917443, 0.021449585979294472, 0.6746761868800337, 0.05912891564892747], [0.0005818613087744031, 0.0658623159500382, 0.008175283903633652, 0.9253805388375537], [0.027250438907714322, 0.6118568296294139, 0.01538784772934532, 0.34550488373352645], [0.0028460353200043835, 0.45769571351968014, 0.0033337199946328875, 0.5361245311656826], [0.05942282087636908, 0.2995505366480619, 0.10611264193948874, 0.5349140005360803], [0.8291176191093007, 0.001418380640146265, 0.16917459141429583, 0.00028940883625711396], [0.2211393196368671, 0.2160301512921534, 0.28470414460808163, 0.278126384462898], [0.7108869825001453, 0.017427575957928047, 0.2651843787605382, 0.006501062781388454]], "state_values": [1.6331499581526088, 0.8697996748108425, 1.7842005540929124, -1.111574929807656, 1.3189925691447635, -0.8094994368344666, -3.6913029337079144, -0.7559798670143659, 2.875324242718225, -1.2974050365284318, -0.11500669509271469, 4.8497899591526155, 1.1439647254274803, -0.31142600640706675, -3.0563292075542385, -3.291959662213059], "value_grad": [-0.11387014054574962, -0.18978356292444776, -0.9489269092047063, 0.5124127612581457, 0.2846756327064117, -0.17080429614269743, -1.36646460027796, -0.018978255708400837, -0.4744603183818059, 0.03795655206912585, -0.1328477875167824, 0.09489365923905435, 0.09489127766994265, -0.5313915702237271, -0.5883319576726009, 0.9299474391498417], "action_grad": [[0.0, 0.0, 0.0], [0.0, 0.0, 0.0], [0.0, 0.0, 0.0], [0.0, 0.0, 0.0], [0.0, 0.0, 0.0], [0.0, 0.0, 0.0], [0.0, 0.0, 0.0], [0.0, 0.0, 0.0], [0.0, 0.0, 0.0], [0.0, 0.0, 0.0], [0.0, 0.0, 0.0], [0.0, 0.0, 0.0], [0.0, 0.0, 0.0], [0.0, 0.0, 0.0], [0.0, 0.0, 0.0], [0.0, 0.0, 0.0]], "action_params_change": 0, "value_params_change": 0.49390749192662}
{"iterations": 1, "type_itr": 0, "sub_iteration": 4, "sub_it_time": 0.36407470703125, "total_time": 2.1175827980041504, "value_loss": 4.213910546872961, "action_loss": -0.2083434168359256, "action_probs": [[0.5964688996080729, 0.10375835722197935, 0.2553529822025606, 0.044419760967387104], [0.04313342403207744, 0.1682669686768371, 0.1609032074961787, 0.6276963997949068], [0.0005566919357592958, 0.00043193059921266274, 0.5625418781115904, 0.43646949935343765], [0.2296738121814026, 0.047303452647893526, 0.599541583251695, 0.12348115191900882], [0.7061132064838639, 0.20570561960664407, 0.06828756950293774, 0.0198936044065543], [0.07745310400501028, 0.22396050421957947, 0.17951307765225025, 0.51907331412316], [0.5126768715885703, 0.24310396985217114, 0.1656637841645668, 0.07855537439469172], [1.4902660069909001e-05, 0.013042024482450551, 0.0011264577769794664, 0.9858166150805002], [0.2447453114917443, 0.021449585979294472, 0.6746761868800337, 0.05912891564892747], [0.0005818613087744031, 0.0658623159500382, 0.008175283903633652, 0.9253805388375537], [0.027250438907714322, 0.6118568296294139, 0.01538784772934532, 0.34550488373352645], [0.0028460353200043835, 0.45769571351968014, 0.0033337199946328875, 0.5361245311656826], [0.05942282087636908, 0.2995505366480619, 0.10611264193948874, 0.5349140005360803], [0.8291176191093007, 0.001418380640146265, 0.16917459141429583, 0.00028940883625711396], [0.2211393196368671, 0.2160301512921534, 0.28470414460808163, 0.278126384462898], [0.7108869825001453, 0.017427575957928047, 0.2651843787605382, 0.006501062781388454]], "state_values": [1.2021182611219416, -0.22374571626669623, 0.5899526874066306, -1.5381696549987571, 0.5043046589476726, -1.652096266510141, -4.000756547802896, -1.405367767973251, 3.2653049440047166, -1.9420767541353312, 0.02846438405225891, 4.987337874569777, 1.6744620117147697, 0.36687496455264185, -3.6448995706464893, -3.6084075147287233], "value_grad": [-0.09489148093114252, -0.037956552069191574, -0.9299396251728402, 0.5313915702237706, 0.13284807208271765, 0.05693476695081756, -1.1577033560395273, 0.05693476695092681, -0.6073123006147325, -202.38471737113852, -0.05693476695092681, -202.156974235304, -0.11386965481186895, 202.25186789454295, 202.0241215124331, 0.9299512948513433], "action_grad": [[0.0, 0.0, 0.0], [0.0, 0.0, 0.0], [0.0, 0.0, 0.0], [0.0, 0.0, 0.0], [0.0, 0.0, 0.0], [0.0, 0.0, 0.0], [0.0, 0.0, 0.0], [0.0, 0.0, 0.0], [0.0, 0.0, 0.0], [0.0, 0.0, 0.0], [0.0, 0.0, 0.0], [0.0, 0.0, 0.0], [0.0, 0.0, 0.0], [0.0, 0.0, 0.0], [0.0, 0.0, 0.0], [0.0, 0.0, 0.0]], "action_params_change": 0, "value_params_change": 0.49323415870254017}
{"iterations": 1, "type_itr": 0, "sub_iteration": 5, "sub_it_time": 0.34479808807373047, "total_time": 2.4640848636627197, "value_loss": -198.00000000000009, "action_loss": 0.06424435013189779, "action_probs": [[0.5964688996080729, 0.10375835722197935, 0.2553529822025606, 0.044419760967387104], [0.04313342403207744, 0.1682669686768371, 0.1609032074961787, 0.6276963997949068], [0.0005566919357592958, 0.00043193059921266274, 0.5625418781115904, 0.43646949935343765], [0.2296738121814026, 0.047303452647893526, 0.599541583251695, 0.12348115191900882], [0.7061132064838639, 0.20570561960664407, 0.06828756950293774, 0.0198936044065543], [0.07745310400501028, 0.22396050421957947, 0.17951307765225025, 0.51907331412316], [0.5126768715885703, 0.24310396985217114, 0.1656637841645668, 0.07855537439469172], [1.4902660069909001e-05, 0.013042024482450551, 0.0011264577769794664, 0.9858166150805002], [0.2447453114917443, 0.021449585979294472, 0.6746761868800337, 0.05912891564892747], [0.0005818613087744031, 0.0658623159500382, 0.008175283903633652, 0.9253805388375537], [0.027250438907714322, 0.6118568296294139, 0.01538784772934532, 0.34550488373352645], [0.0028460353200043835, 0.45769571351968014, 0.0033337199946328875, 0.5361245311656826], [0.05942282087636908, 0.2995505366480619, 0.10611264193948874, 0.5349140005360803], [0.8291176191093007, 0.001418380640146265, 0.16917459141429583, 0.00028940883625711396], [0.2211393196368671, 0.2160301512921534, 0.28470414460808163, 0.278126384462898], [0.7108869825001453, 0.017427575957928047, 0.2651843787605382, 0.006501062781388454]], "state_values": [0.822516546394608, -0.9723457638550103, -0.6448014857216622, -1.8946492834784567, -0.11777076726537639, -1.0275427798607024, -4.235673847277071, -1.7217131664120722, 3.5742939492752894, -2.46885009790741, -0.1594651692755, 4.984305713382371, 2.1149826118592894, 0.9442346298823893, -4.077870474228562, -4.072681137585522], "value_grad": [-0.05693154795066846, 0.11386295929161427, -0.7780639904168272, 0.5503394268758548, -0.07590864010926524, 202.97302620682842, -0.9678666842524475, 0.07590882051114889, -0.7211452115794739, 0.11386349945072549, 0.15181727742735784, 0.018977754274502878, -0.1707950442615367, -0.7211316866422681, -0.6452382264851053, -202.25186789454295], "action_grad": [[0.0, 0.0, 0.0], [0.0, 0.0, 0.0], [0.0, 0.0, 0.0], [0.0, 0.0, 0.0], [0.0, 0.0, 0.0], [0.0, 0.0, 0.0], [0.0, 0.0, 0.0], [0.0, 0.0, 0.0], [0.0, 0.0, 0.0], [0.0, 0.0, 0.0], [0.0, 0.0, 0.0], [0.0, 0.0, 0.0], [0.0, 0.0, 0.0], [0.0, 0.0, 0.0], [0.0, 0.0, 0.0], [0.0, 0.0, 0.0]], "action_params_change": 0, "value_params_change": 0.49517298009294164}
{"iterations": 1, "type_itr": 0, "sub_iteration": 6, "sub_it_time": 0.3514132499694824, "total_time": 2.817108631134033, "value_loss": 5.2386999805160555, "action_loss": 0.25260591234662183, "action_probs": [[0.5964688996080729, 0.10375835722197935, 0.2553529822025606, 0.044419760967387104], [0.04313342403207744, 0.1682669686768371, 0.1609032074961787, 0.6276963997949068], [0.0005566919357592958, 0.00043193059921266274, 0.5625418781115904, 0.43646949935343765], [0.2296738121814026, 0.047303452647893526, 0.599541583251695, 0.12348115191900882], [0.7061132064838639, 0.20570561960664407, 0.06828756950293774, 0.0198936044065543], [0.07745310400501028, 0.22396050421957947, 0.17951307765225025, 0.51907331412316], [0.5126768715885703, 0.24310396985217114, 0.1656637841645668, 0.07855537439469172], [1.4902660069909001e-05, 0.013042024482450551, 0.0011264577769794664, 0.9858166150805002], [0.2447453114917443, 0.021449585979294472, 0.6746761868800337, 0.05912891564892747], [0.0005818613087744031, 0.0658623159500382, 0.008175283903633652, 0.9253805388375537], [0.027250438907714322, 0.6118568296294139, 0.01538784772934532, 0.34550488373352645], [0.0028460353200043835, 0.45769571351968014, 0.0033337199946328875, 0.5361245311656826], [0.05942282087636908, 0.2995505366480619, 0.10611264193948874, 0.5349140005360803], [0.8291176191093007, 0.001418380640146265, 0.16917459141429583, 0.00028940883625711396], [0.2211393196368671, 0.2160301512921534, 0.28470414460808163, 0.278126384462898], [0.7108869825001453, 0.017427575957928047, 0.2651843787605382, 0.006501062781388454]], "state_values": [0.48670755539162486, -1.1677571802874895, -1.8050820965976089, -2.1956040212399026, 0.5127441338960276, -0.468557014790218, -4.415803164350853, -1.7531592057933816, 3.439362894373916, -2.900931162574058, -0.5933843107016472, 4.8894894467690975, 2.4836738490491386, 1.435323360518193, -4.39315907789968, -4.406977275355495], "value_grad": [-0.05692740416600106, 0.3036131944195919, -0.4554185320014996, 0.5313257770357591, -203.65616808638902, -0.3036123918776168, -0.8159903933861461, 0.09487925672034603, -203.65616808638902, 0.13283165552805354, 0.17078175557390463, -0.01897643877338062, -0.17078310750912173, -0.9677674637620317, -0.626220635290168, 0.81598834530954], "action_grad": [[0.0, 0.0, 0.0], [0.0, 0.0, 0.0], [0.0, 0.0, 0.0], [0.0, 0.0, 0.0], [0.0, 0.0, 0.0], [0.0, 0.0, 0.0], [0.0, 0.0, 0.0], [0.0, 0.0, 0.0], [0.0, 0.0, 0.0], [0.0, 0.0, 0.0], [0.0, 0.0, 0.0], [0.0, 0.0, 0.0], [0.0, 0.0, 0.0], [0.0, 0.0, 0.0], [0.0, 0.0, 0.0], [0.0, 0.0, 0.0]], "action_params_change": 0, "value_params_change": 0.48007427585856854}
{"iterations": 1, "type_itr": 0, "sub_iteration": 7, "sub_it_time": 0.3595108985900879, "total_time": 3.1782681941986084, "value_loss": -198.00000000000009, "action_loss": 0.36800447915923856, "action_probs": [[0.5964688996080729, 0.10375835722197935, 0.2553529822025606, 0.044419760967387104], [0.04313342403207744, 0.1682669686768371, 0.1609032074961787, 0.6276963997949068], [0.0005566919357592958, 0.00043193059921266274, 0.5625418781115904, 0.43646949935343765], [0.2296738121814026, 0.047303452647893526, 0.599541583251695, 0.12348115191900882], [0.7061132064838639, 0.20570561960664407, 0.06828756950293774, 0.0198936044065543], [0.07745310400501028, 0.22396050421957947, 0.17951307765225025, 0.51907331412316], [0.5126768715885703, 0.24310396985217114, 0.1656637841645668, 0.07855537439469172], [1.4902660069909001e-05, 0.013042024482450551, 0.0011264577769794664, 0.9858166150805002], [0.2447453114917443, 0.021449585979294472, 0.6746761868800337, 0.05912891564892747], [0.0005818613087744031, 0.0658623159500382, 0.008175283903633652, 0.9253805388375537], [0.027250438907714322, 0.6118568296294139, 0.01538784772934532, 0.34550488373352645], [0.0028460353200043835, 0.45769571351968014, 0.0033337199946328875, 0.5361245311656826], [0.05942282087636908, 0.2995505366480619, 0.10611264193948874, 0.5349140005360803], [0.8291176191093007, 0.001418380640146265, 0.16917459141429583, 0.00028940883625711396], [0.2211393196368671, 0.2160301512921534, 0.28470414460808163, 0.278126384462898], [0.7108869825001453, 0.017427575957928047, 0.2651843787605382, 0.006501062781388454]], "state_values": [0.715154462422676, -1.0596585935052296, -2.76855522442187, -2.4515571532284834, 1.0625860670471199, 0.027743876309497276, -4.554783779669668, -1.574794189787019, 3.315210745387884, -3.256395427635807, -1.0594253968459801, 4.735877270097914, 2.794132889978333, 1.8528748716459655, -4.618990149612954, -4.6425183713829], "value_grad": [203.75104375873136, 0.26565002260898485, -0.09487514633503569, 0.5502787276122945, -0.15179959699699008, -0.5502741437625236, -0.6831294153462979, 0.09487514633503569, -0.6831147937794766, 0.13282630643217974, 0.05692492956275519, -0.05692695038149598, -0.17077620655356274, -1.1764549897424557, -0.5692715843628431, 0.6831294153462979], "action_grad": [[0.0, 0.0, 0.0], [0.0, 0.0, 0.0], [0.0, 0.0, 0.0], [0.0, 0.0, 0.0], [0.0, 0.0, 0.0], [0.0, 0.0, 0.0], [0.0, 0.0, 0.0], [0.0, 0.0, 0.0], [0.0, 0.0, 0.0], [0.0, 0.0, 0.0], [0.0, 0.0, 0.0], [0.0, 0.0, 0.0], [0.0, 0.0, 0.0], [0.0, 0.0, 0.0], [0.0, 0.0, 0.0], [0.0, 0.0, 0.0]], "action_params_change": 0, "value_params_change": 0.4349133476113378}
{"iterations": 1, "type_itr": 0, "sub_iteration": 8, "sub_it_time": 0.3446226119995117, "total_time": 3.5245659351348877, "value_loss": 6.016688541005683, "action_loss": 0.40269996653671114, "action_probs": [[0.5964688996080729, 0.10375835722197935, 0.2553529822025606, 0.044419760967387104], [0.04313342403207744, 0.1682669686768371, 0.1609032074961787, 0.6276963997949068], [0.0005566919357592958, 0.00043193059921266274, 0.5625418781115904, 0.43646949935343765], [0.2296738121814026, 0.047303452647893526, 0.599541583251695, 0.12348115191900882], [0.7061132064838639, 0.20570561960664407, 0.06828756950293774, 0.0198936044065543], [0.07745310400501028, 0.22396050421957947, 0.17951307765225025, 0.51907331412316], [0.5126768715885703, 0.24310396985217114, 0.1656637841645668, 0.07855537439469172], [1.4902660069909001e-05, 0.013042024482450551, 0.0011264577769794664, 0.9858166150805002], [0.2447453114917443, 0.021449585979294472, 0.6746761868800337, 0.05912891564892747], [0.0005818613087744031, 0.0658623159500382, 0.008175283903633652, 0.9253805388375537], [0.027250438907714322, 0.6118568296294139, 0.01538784772934532, 0.34550488373352645], [0.0028460353200043835, 0.45769571351968014, 0.0033337199946328875, 0.5361245311656826], [0.05942282087636908, 0.2995505366480619, 0.10611264193948874, 0.5349140005360803], [0.8291176191093007, 0.001418380640146265, 0.16917459141429583, 0.00028940883625711396], [0.2211393196368671, 0.2160301512921534, 0.28470414460808163, 0.278126384462898], [0.7108869825001453, 0.017427575957928047, 0.2651843787605382, 0.006501062781388454]], "state_values": [0.9166213361199633, -0.7737565741804481, -2.2485917788161287, -2.670524719944272, 1.5398691859053326, 0.4659715066503746, -4.662368195722299, -1.2289763359977544, 3.20084637422265, -3.549477075666953, -1.3735328479206577, 4.546144642326011, 3.0567709965105814, 2.207945726389997, -4.776687952697401, -4.869651783121044], "value_grad": [-0.03794713927668081, 0.2087095721130252, 204.26334900030773, 0.5502407822193724, 0.0, -0.758942321627412, -0.5882107531725076, 0.09486827692503574, -0.6071685062695344, 0.15179128355881488, -0.05692079483611767, -0.09487136661247941, -0.20871207839493255, -1.3091916197561568, -0.47436221086499675, -203.63719279525202], "action_grad": [[0.0, 0.0, 0.0], [0.0, 0.0, 0.0], [0.0, 0.0, 0.0], [0.0, 0.0, 0.0], [0.0, 0.0, 0.0], [0.0, 0.0, 0.0], [0.0, 0.0, 0.0], [0.0, 0.0, 0.0], [0.0, 0.0, 0.0], [0.0, 0.0, 0.0], [0.0, 0.0, 0.0], [0.0, 0.0, 0.0], [0.0, 0.0, 0.0], [0.0, 0.0, 0.0], [0.0, 0.0, 0.0], [0.0, 0.0, 0.0]], "action_params_change": 0, "value_params_change": 0.3031888666365905}
{"iterations": 1, "type_itr": 0, "sub_iteration": 9, "sub_it_time": 0.34944868087768555, "total_time": 3.875661849975586, "value_loss": 6.547945108179376, "action_loss": 0.3627996767812975, "action_probs": [[0.5964688996080729, 0.10375835722197935, 0.2553529822025606, 0.044419760967387104], [0.04313342403207744, 0.1682669686768371, 0.1609032074961787, 0.6276963997949068], [0.0005566919357592958, 0.00043193059921266274, 0.5625418781115904, 0.43646949935343765], [0.2296738121814026, 0.047303452647893526, 0.599541583251695, 0.12348115191900882], [0.7061132064838639, 0.20570561960664407, 0.06828756950293774, 0.0198936044065543], [0.07745310400501028, 0.22396050421957947, 0.17951307765225025, 0.51907331412316], [0.5126768715885703, 0.24310396985217114, 0.1656637841645668, 0.07855537439469172], [1.4902660069909001e-05, 0.013042024482450551, 0.0011264577769794664, 0.9858166150805002], [0.2447453114917443, 0.021449585979294472, 0.6746761868800337, 0.05912891564892747], [0.0005818613087744031, 0.0658623159500382, 0.008175283903633652, 0.9253805388375537], [0.027250438907714322, 0.6118568296294139, 0.01538784772934532, 0.34550488373352645], [0.0028460353200043835, 0.45769571351968014, 0.0033337199946328875, 0.5361245311656826], [0.05942282087636908, 0.2995505366480619, 0.10611264193948874, 0.5349140005360803], [0.8291176191093007, 0.001418380640146265, 0.16917459141429583, 0.00028940883625711396], [0.2211393196368671, 0.2160301512921534, 0.28470414460808163, 0.278126384462898], [0.7108869825001453, 0.017427575957928047, 0.2651843787605382, 0.006501062781388454]], "state_values": [1.0950274716714203, -0.5163552425082755, -1.7567147643069567, -2.858743186781465, 1.9529471257212354, 0.8514649025370452, -4.745681975917814, -0.7728474195248141, 2.8328135400132877, -3.420253767210752, -1.9447828510339864, 4.336018379860266, 3.2798929548275315, 2.509938224786502, -4.882488416552746, -4.9780872714305975], "value_grad": [-0.0569157757264227, 0.0, 0.03794416043099691, 0.5501946114414142, 0.11383210883366246, -0.9106531027710147, -0.5691911847525324, 0.07588782506350711, -204.88944251020487, 204.718696310343, 204.69972419924915, -0.11383577238917475, -0.2086945653364154, -1.4229190839598704, -0.3794596814254687, 0.322542247681989], "action_grad": [[0.0, 0.0, 0.0], [0.0, 0.0, 0.0], [0.0, 0.0, 0.0], [0.0, 0.0, 0.0], [0.0, 0.0, 0.0], [0.0, 0.0, 0.0], [0.0, 0.0, 0.0], [0.0, 0.0, 0.0], [0.0, 0.0, 0.0], [0.0, 0.0, 0.0], [0.0, 0.0, 0.0], [0.0, 0.0, 0.0], [0.0, 0.0, 0.0], [0.0, 0.0, 0.0], [0.0, 0.0, 0.0], [0.0, 0.0, 0.0]], "action_params_change": 0, "value_params_change": 0.27036597904549264}
{"iterations": 1, "type_itr": 0, "sub_iteration": 10, "sub_it_time": 0.3538081645965576, "total_time": 4.231068849563599, "value_loss": 6.832527673909574, "action_loss": 0.2925237970260854, "action_probs": [[0.5964688996080729, 0.10375835722197935, 0.2553529822025606, 0.044419760967387104], [0.04313342403207744, 0.1682669686768371, 0.1609032074961787, 0.6276963997949068], [0.0005566919357592958, 0.00043193059921266274, 0.5625418781115904, 0.43646949935343765], [0.2296738121814026, 0.047303452647893526, 0.599541583251695, 0.12348115191900882], [0.7061132064838639, 0.20570561960664407, 0.06828756950293774, 0.0198936044065543], [0.07745310400501028, 0.22396050421957947, 0.17951307765225025, 0.51907331412316], [0.5126768715885703, 0.24310396985217114, 0.1656637841645668, 0.07855537439469172], [1.4902660069909001e-05, 0.013042024482450551, 0.0011264577769794664, 0.9858166150805002], [0.2447453114917443, 0.021449585979294472, 0.6746761868800337, 0.05912891564892747], [0.0005818613087744031, 0.0658623159500382, 0.008175283903633652, 0.9253805388375537], [0.027250438907714322, 0.6118568296294139, 0.01538784772934532, 0.34550488373352645], [0.0028460353200043835, 0.45769571351968014, 0.0033337199946328875, 0.5361245311656826], [0.05942282087636908, 0.2995505366480619, 0.10611264193948874, 0.5349140005360803], [0.8291176191093007, 0.001418380640146265, 0.16917459141429583, 0.00028940883625711396], [0.2211393196368671, 0.2160301512921534, 0.28470414460808163, 0.278126384462898], [0.7108869825001453, 0.017427575957928047, 0.2651843787605382, 0.006501062781388454]], "state_values": [1.2535693329472595, -1.1098868869363718, -1.298838170572191, -3.0211624375442514, 1.814082603919002, 1.505464337314019, -4.810125052689084, -0.2523927121544406, 2.4817949736730407, -3.30042529535781, -1.9048925205351572, 4.344758574481205, 3.4701053018069232, 2.7670159336141227, -4.948841345354665, -4.998116725572006], "value_grad": [-0.056912918197030926, -204.94635677656376, -0.11382602951176146, 0.5501673679488723, 205.1360668210999, 204.54794510817945, -0.5312198140895328, 0.05691272351005061, -0.3794251952819039, 0.15177060913621876, -205.17400804846886, 204.81355593597235, -0.22765590672914193, -1.4418224785226306, -0.26560910348520306, 0.1328052062926881], "action_grad": [[0.0, 0.0, 0.0], [0.0, 0.0, 0.0], [0.0, 0.0, 0.0], [0.0, 0.0, 0.0], [0.0, 0.0, 0.0], [0.0, 0.0, 0.0], [0.0, 0.0, 0.0], [0.0, 0.0, 0.0], [0.0, 0.0, 0.0], [0.0, 0.0, 0.0], [0.0, 0.0, 0.0], [0.0, 0.0, 0.0], [0.0, 0.0, 0.0], [0.0, 0.0, 0.0], [0.0, 0.0, 0.0], [0.0, 0.0, 0.0]], "action_params_change": 0, "value_params_change": 0.2694230244898317}
{"iterations": 1, "type_itr": 0, "sub_iteration": 11, "sub_it_time": 0.35712671279907227, "total_time": 4.589849472045898, "value_loss": 7.515467057843991, "action_loss": 0.22049444656532716, "action_probs": [[0.5964688996080729, 0.10375835722197935, 0.2553529822025606, 0.044419760967387104], [0.04313342403207744, 0.1682669686768371, 0.1609032074961787, 0.6276963997949068], [0.0005566919357592958, 0.00043193059921266274, 0.5625418781115904, 0.43646949935343765], [0.2296738121814026, 0.047303452647893526, 0.599541583251695, 0.12348115191900882], [0.7061132064838639, 0.20570561960664407, 0.06828756950293774, 0.0198936044065543], [0.07745310400501028, 0.22396050421957947, 0.17951307765225025, 0.51907331412316], [0.5126768715885703, 0.24310396985217114, 0.1656637841645668, 0.07855537439469172], [1.4902660069909001e-05, 0.013042024482450551, 0.0011264577769794664, 0.9858166150805002], [0.2447453114917443, 0.021449585979294472, 0.6746761868800337, 0.05912891564892747], [0.0005818613087744031, 0.0658623159500382, 0.008175283903633652, 0.9253805388375537], [0.027250438907714322, 0.6118568296294139, 0.01538784772934532, 0.34550488373352645], [0.0028460353200043835, 0.45769571351968014, 0.0033337199946328875, 0.5361245311656826], [0.05942282087636908, 0.2995505366480619, 0.10611264193948874, 0.5349140005360803], [0.8291176191093007, 0.001418380640146265, 0.16917459141429583, 0.00028940883625711396], [0.2211393196368671, 0.2160301512921534, 0.28470414460808163, 0.278126384462898], [0.7108869825001453, 0.017427575957928047, 0.2651843787605382, 0.006501062781388454]], "state_values": [1.3948709064435332, -1.628389362053071, -0.8778088630332709, -3.161859404346407, 1.6875308854017133, 2.0680770306364242, -4.859829098568107, 0.21809072689074202, 2.1510771997566165, -3.4710012756767163, -1.8683557224600096, 4.352459045362352, 3.6332650901514247, 2.9860747036370716, -4.985314001776659, -4.953594358879238], "value_grad": [-0.056905579903726355, 0.6069937530202445, -0.36040195747041537, 0.5121615090470755, 0.1517490613391379, -1.289869578815817, -0.4932185026051039, 0.0, -0.3035003611540832, -205.55340558476232, -0.28453000332068346, -0.13278459938075127, 0.0, -1.441650282692021, -0.1896981122144421, -0.037939759383455396], "action_grad": [[0.0, 0.0, 0.0], [0.0, 0.0, 0.0], [0.0, 0.0, 0.0], [0.0, 0.0, 0.0], [0.0, 0.0, 0.0], [0.0, 0.0, 0.0], [0.0, 0.0, 0.0], [0.0, 0.0, 0.0], [0.0, 0.0, 0.0], [0.0, 0.0, 0.0], [0.0, 0.0, 0.0], [0.0, 0.0, 0.0], [0.0, 0.0, 0.0], [0.0, 0.0, 0.0], [0.0, 0.0, 0.0], [0.0, 0.0, 0.0]], "action_params_change": 0, "value_params_change": 0.24116600543442024}
{"iterations": 1, "type_itr": 0, "sub_iteration": 12, "sub_it_time": 0.3496522903442383, "total_time": 4.941380977630615, "value_loss": 8.42591223082702, "action_loss": 0.18056826035347706, "action_probs": [[0.5964688996080729, 0.10375835722197935, 0.2553529822025606, 0.044419760967387104], [0.04313342403207744, 0.1682669686768371, 0.1609032074961787, 0.6276963997949068], [0.0005566919357592958, 0.00043193059921266274, 0.5625418781115904, 0.43646949935343765], [0.2296738121814026, 0.047303452647893526, 0.599541583251695, 0.12348115191900882], [0.7061132064838639, 0.20570561960664407, 0.06828756950293774, 0.0198936044065543], [0.07745310400501028, 0.22396050421957947, 0.17951307765225025, 0.51907331412316], [0.5126768715885703, 0.24310396985217114, 0.1656637841645668, 0.07855537439469172], [1.4902660069909001e-05, 0.013042024482450551, 0.0011264577769794664, 0.9858166150805002], [0.2447453114917443, 0.021449585979294472, 0.6746761868800337, 0.05912891564892747], [0.0005818613087744031, 0.0658623159500382, 0.008175283903633652, 0.9253805388375537], [0.027250438907714322, 0.6118568296294139, 0.01538784772934532, 0.34550488373352645], [0.0028460353200043835, 0.45769571351968014, 0.0033337199946328875, 0.5361245311656826], [0.05942282087636908, 0.2995505366480619, 0.10611264193948874, 0.5349140005360803], [0.8291176191093007, 0.001418380640146265, 0.16917459141429583, 0.00028940883625711396], [0.2211393196368671, 0.2160301512921534, 0.28470414460808163, 0.278126384462898], [0.7108869825001453, 0.017427575957928047, 0.2651843787605382, 0.006501062781388454]], "state_values": [1.5210789045371413, -2.07741762135994, -0.49434656602211063, -3.284071960975752, 1.9222817036579898, 2.547011131333861, -4.897976771605769, 0.6023717810434311, 1.8422742211992396, -3.618209802238476, -1.8348038927443102, 4.3592529409231044, 3.7731826898707728, 3.172849422868988, -4.999298341471768, -4.863049398197472], "value_grad": [-0.0758598133284174, 0.8723944373301897, -0.6068757298144316, 0.5120674295717098, -206.59660141637906, -1.5172241293072792, -0.4741653750579804, -0.018964913735942446, -0.20861578565814298, 0.15172340836954668, -0.2655115457337551, -0.13276043783617197, -0.24655205339191966, -1.4603555504813048, -0.11379857813610883, -0.18966429224462722], "action_grad": [[0.0, 0.0, 0.0], [0.0, 0.0, 0.0], [0.0, 0.0, 0.0], [0.0, 0.0, 0.0], [0.0, 0.0, 0.0], [0.0, 0.0, 0.0], [0.0, 0.0, 0.0], [0.0, 0.0, 0.0], [0.0, 0.0, 0.0], [0.0, 0.0, 0.0], [0.0, 0.0, 0.0], [0.0, 0.0, 0.0], [0.0, 0.0, 0.0], [0.0, 0.0, 0.0], [0.0, 0.0, 0.0], [0.0, 0.0, 0.0]], "action_params_change": 0, "value_params_change": 0.21613697739661175}
{"iterations": 1, "type_itr": 0, "sub_iteration": 13, "sub_it_time": 0.36708903312683105, "total_time": 5.310167551040649, "value_loss": 9.355140815845536, "action_loss": 0.13282588556210664, "action_probs": [[0.5964688996080729, 0.10375835722197935, 0.2553529822025606, 0.044419760967387104], [0.04313342403207744, 0.1682669686768371, 0.1609032074961787, 0.6276963997949068], [0.0005566919357592958, 0.00043193059921266274, 0.5625418781115904, 0.43646949935343765], [0.2296738121814026, 0.047303452647893526, 0.599541583251695, 0.12348115191900882], [0.7061132064838639, 0.20570561960664407, 0.06828756950293774, 0.0198936044065543], [0.07745310400501028, 0.22396050421957947, 0.17951307765225025, 0.51907331412316], [0.5126768715885703, 0.24310396985217114, 0.1656637841645668, 0.07855537439469172], [1.4902660069909001e-05, 0.013042024482450551, 0.0011264577769794664, 0.9858166150805002], [0.2447453114917443, 0.021449585979294472, 0.6746761868800337, 0.05912891564892747], [0.0005818613087744031, 0.0658623159500382, 0.008175283903633652, 0.9253805388375537], [0.027250438907714322, 0.6118568296294139, 0.01538784772934532, 0.34550488373352645], [0.0028460353200043835, 0.45769571351968014, 0.0033337199946328875, 0.5361245311656826], [0.05942282087636908, 0.2995505366480619, 0.10611264193948874, 0.5349140005360803], [0.8291176191093007, 0.001418380640146265, 0.16917459141429583, 0.00028940883625711396], [0.2211393196368671, 0.2160301512921534, 0.28470414460808163, 0.278126384462898], [0.7108869825001453, 0.017427575957928047, 0.2651843787605382, 0.006501062781388454]], "state_values": [1.6340755574823662, -2.463654202784111, -0.14778447896531358, -3.390508565170335, 2.1300696611499643, 2.951544574721672, -4.927062773966712, 0.9086585043010429, 1.555942673889728, -3.7456120008813376, -1.803929892875602, 4.365250283229754, 3.893463003372277, 3.600456614061241, -4.995121470285164, -4.740707546410816], "value_grad": [-0.05688269725550121, 1.0997484994726534, -0.8342731392532592, 0.4929979962083877, 0.0758437716910656, -1.6117238581975464, -0.4361440591590551, -0.018960811235615438, -0.0758437716910656, 0.15169172669608777, -0.2464928135352995, -0.13273177484226828, -0.26546172070447405, 206.61556648867406, -207.20344358576116, -0.3413233254201895], "action_grad": [[0.0, 0.0, 0.0], [0.0, 0.0, 0.0], [0.0, 0.0, 0.0], [0.0, 0.0, 0.0], [0.0, 0.0, 0.0], [0.0, 0.0, 0.0], [0.0, 0.0, 0.0], [0.0, 0.0, 0.0], [0.0, 0.0, 0.0], [0.0, 0.0, 0.0], [0.0, 0.0, 0.0], [0.0, 0.0, 0.0], [0.0, 0.0, 0.0], [0.0, 0.0, 0.0], [0.0, 0.0, 0.0], [0.0, 0.0, 0.0]], "action_params_change": 0, "value_params_change": 0.2329640990449524}
