{"iterations": 0, "type_itr": 0, "sub_iteration": 0, "sub_it_time": 0, "total_time": 0, "value_loss": 0, "action_loss": 0, "action_probs": [[0.5807575186140972, 0.3804240095850881, 0.023454590728215378, 0.015363881072599407], [0.002947012883027182, 0.025419283005649343, 0.10094434094733291, 0.8706893631639906], [4.0239020199951885e-05, 0.0005215730436515707, 0.07158339241998637, 0.9278547955161621], [0.014266893206850198, 0.004012041982324487, 0.7662431889832473, 0.21547787582757805], [0.19482748568914976, 0.001584933910665154, 0.7971030963285536, 0.0064844840716315605], [0.04369343128739283, 0.011904357139763814, 0.7421909091417105, 0.20221130243113294], [0.055602543611109785, 0.009531415584556217, 0.7980618781090052, 0.13680416269532877], [0.13690683087175134, 0.22868268474603792, 0.23757554628395058, 0.3968349380982601], [0.008033012268256052, 0.8966836752917113, 0.0008460239855364911, 0.09443728845449606], [0.9386655935166885, 2.5125058572864912e-05, 0.06130764041641022, 1.6410083282753892e-06], [0.8721495390587818, 0.0007305851929075142, 0.12701347866540572, 0.0001063970829047995], [0.15040138258319605, 0.28065056242242836, 0.19851568953727336, 0.37043236545710234], [0.3893729441445223, 0.08529223293701953, 0.4309377989745852, 0.09439702394387305], [0.001284549072652904, 0.8606055645348523, 0.0002058370593753753, 0.13790404933311934], [0.6446791671260058, 0.01219874005591005, 0.3367500453310789, 0.006372047487005024], [8.458464508900707e-06, 0.000879286441573268, 0.00951957650471434, 0.9895926785892034]], "state_values": [-4.3836911530052785, 4.02766597738949, 4.196042712682801, 4.855303591916462, 4.791951177992481, 4.939939139725893, -1.2762828512902868, -4.665156393620649, -3.2915169343929813, -4.221565786361088, 2.0941037174192716, -3.3939707768272327, 3.715893759866961, 3.5729372656690006, 4.544082311849398, -3.5760529262425984], "value_grad": [0.0, 0.0, 0.0, 0.0, 0.0, 0.0, 0.0, 0.0, 0.0, 0.0, 0.0, 0.0, 0.0, 0.0, 0.0, 0.0], "action_grad": [[0.0, 0.0, 0.0], [0.0, 0.0, 0.0], [0.0, 0.0, 0.0], [0.0, 0.0, 0.0], [0.0, 0.0, 0.0], [0.0, 0.0, 0.0], [0.0, 0.0, 0.0], [0.0, 0.0, 0.0], [0.0, 0.0, 0.0], [0.0, 0.0, 0.0], [0.0, 0.0, 0.0], [0.0, 0.0, 0.0], [0.0, 0.0, 0.0], [0.0, 0.0, 0.0], [0.0, 0.0, 0.0], [0.0, 0.0, 0.0]], "action_params_change": 0, "value_params_change": 0}
{"iterations": 1, "type_itr": 0, "sub_iteration": 0, "sub_it_time": 0.10933375358581543, "total_time": 0.11064505577087402, "value_loss": 13.464001655578613, "action_loss": -0.8330954313278198, "action_probs": [[0.5807575186140972, 0.3804240095850881, 0.023454590728215378, 0.015363881072599407], [0.002947012883027182, 0.025419283005649343, 0.10094434094733291, 0.8706893631639906], [4.0239020199951885e-05, 0.0005215730436515707, 0.07158339241998637, 0.9278547955161621], [0.014266893206850198, 0.004012041982324487, 0.7662431889832473, 0.21547787582757805], [0.19482748568914976, 0.001584933910665154, 0.7971030963285536, 0.0064844840716315605], [0.04369343128739283, 0.011904357139763814, 0.7421909091417105, 0.20221130243113294], [0.055602543611109785, 0.009531415584556217, 0.7980618781090052, 0.13680416269532877], [0.13690683087175134, 0.22868268474603792, 0.23757554628395058, 0.3968349380982601], [0.008033012268256052, 0.8966836752917113, 0.0008460239855364911, 0.09443728845449606], [0.9386655935166885, 2.5125058572864912e-05, 0.06130764041641022, 1.6410083282753892e-06], [0.8721495390587818, 0.0007305851929075142, 0.12701347866540572, 0.0001063970829047995], [0.15040138258319605, 0.28065056242242836, 0.19851568953727336, 0.37043236545710234], [0.3893729441445223, 0.08529223293701953, 0.4309377989745852, 0.09439702394387305], [0.001284549072652904, 0.8606055645348523, 0.0002058370593753753, 0.13790404933311934], [0.6446791671260058, 0.01219874005591005, 0.3367500453310789, 0.006372047487005024], [8.458464508900707e-06, 0.000879286441573268, 0.00951957650471434, 0.9895926785892034]], "state_values": [-3.652446058746668, 3.1694587170499937, 3.3928945284684078, 4.408923127875653, 4.289859737450005, 4.595209607021488, -0.04056482958867128, -4.075054113791872, -2.2580216351364224, -4.753184667164694, 0.9057038630712362, -2.380081428747364, 2.772694429367144, 2.5965109047815536, 3.886737905556109, -4.329446394199221], "value_grad": [-3.5639991760253906, 2.772000312805176, -0.39600038528442383, -1.9800004959106445, -4.355999946594238, 0.7920007705688477, -10.692000389099121, 13.067999839782715, 5.544000625610352, -4.356000900268555, -3.168001174926758, -12.276001930236816, -5.940001487731934, 3.564000129699707, -0.3959989547729492, -8.711999893188477], "action_grad": [[0.0, 0.0, 0.0], [0.0, 0.0, 0.0], [0.0, 0.0, 0.0], [0.0, 0.0, 0.0], [0.0, 0.0, 0.0], [0.0, 0.0, 0.0], [0.0, 0.0, 0.0], [0.0, 0.0, 0.0], [0.0, 0.0, 0.0], [0.0, 0.0, 0.0], [0.0, 0.0, 0.0], [0.0, 0.0, 0.0], [0.0, 0.0, 0.0], [0.0, 0.0, 0.0], [0.0, 0.0, 0.0], [0.0, 0.0, 0.0]], "action_params_change": 0, "value_params_change": 0.49999999961738606}
{"iterations": 1, "type_itr": 0, "sub_iteration": 1, "sub_it_time": 0.10483503341674805, "total_time": 0.2169351577758789, "value_loss": 10.296000480651855, "action_loss": -0.14488616585731506, "action_probs": [[0.5807575186140972, 0.3804240095850881, 0.023454590728215378, 0.015363881072599407], [0.002947012883027182, 0.025419283005649343, 0.10094434094733291, 0.8706893631639906], [4.0239020199951885e-05, 0.0005215730436515707, 0.07158339241998637, 0.9278547955161621], [0.014266893206850198, 0.004012041982324487, 0.7662431889832473, 0.21547787582757805], [0.19482748568914976, 0.001584933910665154, 0.7971030963285536, 0.0064844840716315605], [0.04369343128739283, 0.011904357139763814, 0.7421909091417105, 0.20221130243113294], [0.055602543611109785, 0.009531415584556217, 0.7980618781090052, 0.13680416269532877], [0.13690683087175134, 0.22868268474603792, 0.23757554628395058, 0.3968349380982601], [0.008033012268256052, 0.8966836752917113, 0.0008460239855364911, 0.09443728845449606], [0.9386655935166885, 2.5125058572864912e-05, 0.06130764041641022, 1.6410083282753892e-06], [0.8721495390587818, 0.0007305851929075142, 0.12701347866540572, 0.0001063970829047995], [0.15040138258319605, 0.28065056242242836, 0.19851568953727336, 0.37043236545710234], [0.3893729441445223, 0.08529223293701953, 0.4309377989745852, 0.09439702394387305], [0.001284549072652904, 0.8606055645348523, 0.0002058370593753753, 0.13790404933311934], [0.6446791671260058, 0.01219874005591005, 0.3367500453310789, 0.006372047487005024], [8.458464508900707e-06, 0.000879286441573268, 0.00951957650471434, 0.9895926785892034]], "state_values": [-2.808115533237625, 3.6498980717261205, 3.819624425033515, 4.6060099552238505, 3.857940049605019, 4.040034187265514, 0.1722965975493153, -3.3189033718107277, -1.228386118274755, -4.856640982722296, -0.2001586844785348, -1.2663835262053151, 3.0147940009354897, 3.0451243781204194, 3.187086637676201, -4.392996347029265], "value_grad": [-13.46399974822998, -9.503999710083008, 1.1880006790161133, 3.9600000381469727, 0.3960000276565552, 2.772000312805176, 6.731999397277832, 5.5439982414245605, 1.9800000190734863, 1.980001449584961, -1.1880006790161133, -7.523999214172363, 8.711999893188477, -8.71199893951416, -4.752000331878662, 6.335999488830566], "action_grad": [[0.0, 0.0, 0.0], [0.0, 0.0, 0.0], [0.0, 0.0, 0.0], [0.0, 0.0, 0.0], [0.0, 0.0, 0.0], [0.0, 0.0, 0.0], [0.0, 0.0, 0.0], [0.0, 0.0, 0.0], [0.0, 0.0, 0.0], [0.0, 0.0, 0.0], [0.0, 0.0, 0.0], [0.0, 0.0, 0.0], [0.0, 0.0, 0.0], [0.0, 0.0, 0.0], [0.0, 0.0, 0.0], [0.0, 0.0, 0.0]], "action_params_change": 0, "value_params_change": 0.4801067458617272}
{"iterations": 1, "type_itr": 0, "sub_iteration": 2, "sub_it_time": 0.10341286659240723, "total_time": 0.32204198837280273, "value_loss": 2.375999927520752, "action_loss": 0.05433230847120285, "action_probs": [[0.5807575186140972, 0.3804240095850881, 0.023454590728215378, 0.015363881072599407], [0.002947012883027182, 0.025419283005649343, 0.10094434094733291, 0.8706893631639906], [4.0239020199951885e-05, 0.0005215730436515707, 0.07158339241998637, 0.9278547955161621], [0.014266893206850198, 0.004012041982324487, 0.7662431889832473, 0.21547787582757805], [0.19482748568914976, 0.001584933910665154, 0.7971030963285536, 0.0064844840716315605], [0.04369343128739283, 0.011904357139763814, 0.7421909091417105, 0.20221130243113294], [0.055602543611109785, 0.009531415584556217, 0.7980618781090052, 0.13680416269532877], [0.13690683087175134, 0.22868268474603792, 0.23757554628395058, 0.3968349380982601], [0.008033012268256052, 0.8966836752917113, 0.0008460239855364911, 0.09443728845449606], [0.9386655935166885, 2.5125058572864912e-05, 0.06130764041641022, 1.6410083282753892e-06], [0.8721495390587818, 0.0007305851929075142, 0.12701347866540572, 0.0001063970829047995], [0.15040138258319605, 0.28065056242242836, 0.19851568953727336, 0.37043236545710234], [0.3893729441445223, 0.08529223293701953, 0.4309377989745852, 0.09439702394387305], [0.001284549072652904, 0.8606055645348523, 0.0002058370593753753, 0.13790404933311934], [0.6446791671260058, 0.01219874005591005, 0.3367500453310789, 0.006372047487005024], [8.458464508900707e-06, 0.000879286441573268, 0.00951957650471434, 0.9895926785892034]], "state_values": [-2.86859743969311, 3.9177097385069537, 4.308178887970926, 4.630502810783182, 3.202539594023817, 3.3985753599039175, 0.8747258907250467, -2.6154785230319137, -0.7477460430300139, -4.986861918654174, -1.0510754750055684, -0.775288853905962, 3.410560458927159, 3.1318839228005912, 2.342550574833612, -4.503933905366669], "value_grad": [17.02800178527832, 1.187997817993164, 11.484001159667969, -1.5839991569519043, -14.652000427246094, 13.068000793457031, -14.256000518798828, 0.0, -2.3759994506835938, -8.315999984741211, 0.0, 6.731999397277832, 4.356000900268555, 3.5640010833740234, -1.9799985885620117, -1.9799995422363281], "action_grad": [[0.0, 0.0, 0.0], [0.0, 0.0, 0.0], [0.0, 0.0, 0.0], [0.0, 0.0, 0.0], [0.0, 0.0, 0.0], [0.0, 0.0, 0.0], [0.0, 0.0, 0.0], [0.0, 0.0, 0.0], [0.0, 0.0, 0.0], [0.0, 0.0, 0.0], [0.0, 0.0, 0.0], [0.0, 0.0, 0.0], [0.0, 0.0, 0.0], [0.0, 0.0, 0.0], [0.0, 0.0, 0.0], [0.0, 0.0, 0.0]], "action_params_change": 0, "value_params_change": 0.40707627794806367}
{"iterations": 1, "type_itr": 0, "sub_iteration": 3, "sub_it_time": 0.10727906227111816, "total_time": 0.43091869354248047, "value_loss": 4.355999946594238, "action_loss": -0.05433230847120285, "action_probs": [[0.5807575186140972, 0.3804240095850881, 0.023454590728215378, 0.015363881072599407], [0.002947012883027182, 0.025419283005649343, 0.10094434094733291, 0.8706893631639906], [4.0239020199951885e-05, 0.0005215730436515707, 0.07158339241998637, 0.9278547955161621], [0.014266893206850198, 0.004012041982324487, 0.7662431889832473, 0.21547787582757805], [0.19482748568914976, 0.001584933910665154, 0.7971030963285536, 0.0064844840716315605], [0.04369343128739283, 0.011904357139763814, 0.7421909091417105, 0.20221130243113294], [0.055602543611109785, 0.009531415584556217, 0.7980618781090052, 0.13680416269532877], [0.13690683087175134, 0.22868268474603792, 0.23757554628395058, 0.3968349380982601], [0.008033012268256052, 0.8966836752917113, 0.0008460239855364911, 0.09443728845449606], [0.9386655935166885, 2.5125058572864912e-05, 0.06130764041641022, 1.6410083282753892e-06], [0.8721495390587818, 0.0007305851929075142, 0.12701347866540572, 0.0001063970829047995], [0.15040138258319605, 0.28065056242242836, 0.19851568953727336, 0.37043236545710234], [0.3893729441445223, 0.08529223293701953, 0.4309377989745852, 0.09439702394387305], [0.001284549072652904, 0.8606055645348523, 0.0002058370593753753, 0.13790404933311934], [0.6446791671260058, 0.01219874005591005, 0.3367500453310789, 0.006372047487005024], [8.458464508900707e-06, 0.000879286441573268, 0.00951957650471434, 0.9895926785892034]], "state_values": [-2.770091572575808, 4.354708348039039, 4.698713489482871, 4.85363679569263, 2.7386085158807765, 2.5398649190144074, 1.1405755517888143, -1.69672703217716, -1.1810271860991481, -4.9646286547695535, -0.9569891579326811, -0.0685320918686805, 3.294439359970766, 3.3632880072299116, 1.3812429898651182, -4.61708022451274], "value_grad": [-5.544000625610352, -13.464001655578613, 4.7519989013671875, 22.17599868774414, 3.564000129699707, 13.85999870300293, 7.524001121520996, 15.048001289367676, -11.483999252319336, -5.54400110244751, 3.9600002765655518, -8.711999893188477, -9.899999618530273, -3.168001174926758, -1.9799995422363281, -1.1879997253417969], "action_grad": [[0.0, 0.0, 0.0], [0.0, 0.0, 0.0], [0.0, 0.0, 0.0], [0.0, 0.0, 0.0], [0.0, 0.0, 0.0], [0.0, 0.0, 0.0], [0.0, 0.0, 0.0], [0.0, 0.0, 0.0], [0.0, 0.0, 0.0], [0.0, 0.0, 0.0], [0.0, 0.0, 0.0], [0.0, 0.0, 0.0], [0.0, 0.0, 0.0], [0.0, 0.0, 0.0], [0.0, 0.0, 0.0], [0.0, 0.0, 0.0]], "action_params_change": 0, "value_params_change": 0.42908837569798464}
{"iterations": 1, "type_itr": 0, "sub_iteration": 4, "sub_it_time": 0.10478591918945312, "total_time": 0.5372219085693359, "value_loss": -0.7920000553131104, "action_loss": -0.47088006138801575, "action_probs": [[0.5807575186140972, 0.3804240095850881, 0.023454590728215378, 0.015363881072599407], [0.002947012883027182, 0.025419283005649343, 0.10094434094733291, 0.8706893631639906], [4.0239020199951885e-05, 0.0005215730436515707, 0.07158339241998637, 0.9278547955161621], [0.014266893206850198, 0.004012041982324487, 0.7662431889832473, 0.21547787582757805], [0.19482748568914976, 0.001584933910665154, 0.7971030963285536, 0.0064844840716315605], [0.04369343128739283, 0.011904357139763814, 0.7421909091417105, 0.20221130243113294], [0.055602543611109785, 0.009531415584556217, 0.7980618781090052, 0.13680416269532877], [0.13690683087175134, 0.22868268474603792, 0.23757554628395058, 0.3968349380982601], [0.008033012268256052, 0.8966836752917113, 0.0008460239855364911, 0.09443728845449606], [0.9386655935166885, 2.5125058572864912e-05, 0.06130764041641022, 1.6410083282753892e-06], [0.8721495390587818, 0.0007305851929075142, 0.12701347866540572, 0.0001063970829047995], [0.15040138258319605, 0.28065056242242836, 0.19851568953727336, 0.37043236545710234], [0.3893729441445223, 0.08529223293701953, 0.4309377989745852, 0.09439702394387305], [0.001284549072652904, 0.8606055645348523, 0.0002058370593753753, 0.13790404933311934], [0.6446791671260058, 0.01219874005591005, 0.3367500453310789, 0.006372047487005024], [8.458464508900707e-06, 0.000879286441573268, 0.00951957650471434, 0.9895926785892034]], "state_values": [-2.725791161263335, 4.647047319550774, 4.939649079018755, 4.932514756942756, 2.7101514746621653, 1.6492872106522602, 1.2853487789576954, -0.6370321986038229, -1.7115388128123983, -4.8668269962815085, -1.5469596385680344, 0.53048892762956, 2.9559263194545835, 3.803406852789241, 1.0749381358829015, -4.630726936088439], "value_grad": [1.5839991569519043, -0.3959999084472656, 4.75200080871582, -6.73199987411499, 10.295999526977539, 2.375999927520752, 2.37600040435791, 12.67199993133545, -3.9600014686584473, 3.564000129699707, -13.860000610351562, 0.0, -7.919999599456787, -8.71200180053711, 3.960000514984131, 3.1680009365081787], "action_grad": [[0.0, 0.0, 0.0], [0.0, 0.0, 0.0], [0.0, 0.0, 0.0], [0.0, 0.0, 0.0], [0.0, 0.0, 0.0], [0.0, 0.0, 0.0], [0.0, 0.0, 0.0], [0.0, 0.0, 0.0], [0.0, 0.0, 0.0], [0.0, 0.0, 0.0], [0.0, 0.0, 0.0], [0.0, 0.0, 0.0], [0.0, 0.0, 0.0], [0.0, 0.0, 0.0], [0.0, 0.0, 0.0], [0.0, 0.0, 0.0]], "action_params_change": 0, "value_params_change": 0.43693451285495755}
{"iterations": 1, "type_itr": 0, "sub_iteration": 5, "sub_it_time": 0.10434913635253906, "total_time": 0.6431925296783447, "value_loss": 16.236000061035156, "action_loss": 0.19921846687793732, "action_probs": [[0.5807575186140972, 0.3804240095850881, 0.023454590728215378, 0.015363881072599407], [0.002947012883027182, 0.025419283005649343, 0.10094434094733291, 0.8706893631639906], [4.0239020199951885e-05, 0.0005215730436515707, 0.07158339241998637, 0.9278547955161621], [0.014266893206850198, 0.004012041982324487, 0.7662431889832473, 0.21547787582757805], [0.19482748568914976, 0.001584933910665154, 0.7971030963285536, 0.0064844840716315605], [0.04369343128739283, 0.011904357139763814, 0.7421909091417105, 0.20221130243113294], [0.055602543611109785, 0.009531415584556217, 0.7980618781090052, 0.13680416269532877], [0.13690683087175134, 0.22868268474603792, 0.23757554628395058, 0.3968349380982601], [0.008033012268256052, 0.8966836752917113, 0.0008460239855364911, 0.09443728845449606], [0.9386655935166885, 2.5125058572864912e-05, 0.06130764041641022, 1.6410083282753892e-06], [0.8721495390587818, 0.0007305851929075142, 0.12701347866540572, 0.0001063970829047995], [0.15040138258319605, 0.28065056242242836, 0.19851568953727336, 0.37043236545710234], [0.3893729441445223, 0.08529223293701953, 0.4309377989745852, 0.09439702394387305], [0.001284549072652904, 0.8606055645348523, 0.0002058370593753753, 0.13790404933311934], [0.6446791671260058, 0.01219874005591005, 0.3367500453310789, 0.006372047487005024], [8.458464508900707e-06, 0.000879286441573268, 0.00951957650471434, 0.9895926785892034]], "state_values": [-2.438726487653262, 4.893790406773457, 4.997300318021494, 4.95563881656387, 2.6276061053580433, 0.6097875745680571, 1.2412815958805083, 0.23440175492139134, -1.53100340017774, -4.686938295680704, -2.2230281885398293, 0.6428318347314207, 2.4796133679007584, 4.041179036551649, 1.483786018487312, -4.716781025700714], "value_grad": [-11.483999252319336, -12.2760009765625, -3.9600000381469727, -6.336000919342041, -1.980001449584961, 14.256001472473145, 5.543999671936035, -2.376000165939331, 16.236000061035156, -2.772000312805176, -5.940000534057617, 10.691999435424805, -5.940000057220459, 3.1680002212524414, 11.484001159667969, -3.9599990844726562], "action_grad": [[0.0, 0.0, 0.0], [0.0, 0.0, 0.0], [0.0, 0.0, 0.0], [0.0, 0.0, 0.0], [0.0, 0.0, 0.0], [0.0, 0.0, 0.0], [0.0, 0.0, 0.0], [0.0, 0.0, 0.0], [0.0, 0.0, 0.0], [0.0, 0.0, 0.0], [0.0, 0.0, 0.0], [0.0, 0.0, 0.0], [0.0, 0.0, 0.0], [0.0, 0.0, 0.0], [0.0, 0.0, 0.0], [0.0, 0.0, 0.0]], "action_params_change": 0, "value_params_change": 0.4277813592230211}
{"iterations": 1, "type_itr": 0, "sub_iteration": 6, "sub_it_time": 0.1039583683013916, "total_time": 0.7486510276794434, "value_loss": 1.9800000190734863, "action_loss": -0.018110770732164383, "action_probs": [[0.5807575186140972, 0.3804240095850881, 0.023454590728215378, 0.015363881072599407], [0.002947012883027182, 0.025419283005649343, 0.10094434094733291, 0.8706893631639906], [4.0239020199951885e-05, 0.0005215730436515707, 0.07158339241998637, 0.9278547955161621], [0.014266893206850198, 0.004012041982324487, 0.7662431889832473, 0.21547787582757805], [0.19482748568914976, 0.001584933910665154, 0.7971030963285536, 0.0064844840716315605], [0.04369343128739283, 0.011904357139763814, 0.7421909091417105, 0.20221130243113294], [0.055602543611109785, 0.009531415584556217, 0.7980618781090052, 0.13680416269532877], [0.13690683087175134, 0.22868268474603792, 0.23757554628395058, 0.3968349380982601], [0.008033012268256052, 0.8966836752917113, 0.0008460239855364911, 0.09443728845449606], [0.9386655935166885, 2.5125058572864912e-05, 0.06130764041641022, 1.6410083282753892e-06], [0.8721495390587818, 0.0007305851929075142, 0.12701347866540572, 0.0001063970829047995], [0.15040138258319605, 0.28065056242242836, 0.19851568953727336, 0.37043236545710234], [0.3893729441445223, 0.08529223293701953, 0.4309377989745852, 0.09439702394387305], [0.001284549072652904, 0.8606055645348523, 0.0002058370593753753, 0.13790404933311934], [0.6446791671260058, 0.01219874005591005, 0.3367500453310789, 0.006372047487005024], [8.458464508900707e-06, 0.000879286441573268, 0.00951957650471434, 0.9895926785892034]], "state_values": [-2.118639877226696, 4.999730923468157, 4.9559450651095975, 4.976032922180442, 2.5205344750236485, -0.2073574342987636, 1.2483173191835986, 1.1553097427658738, -1.7411399483032608, -4.509130384948207, -2.9597352784511144, 0.9360330792056379, 2.2653905582295404, 4.407376525521978, 1.5948458573157034, -4.5822033248377085], "value_grad": [-2.772001266479492, -17.424001693725586, 17.82000160217285, 1.5840001106262207, -1.188000202178955, -3.960000514984131, -1.5840001106262207, 8.711999893188477, -14.652000427246094, 1.5840015411376953, -8.71200180053711, -7.1280012130737305, 6.73199987411499, -14.651998519897461, -5.1479997634887695, 15.444000244140625], "action_grad": [[0.0, 0.0, 0.0], [0.0, 0.0, 0.0], [0.0, 0.0, 0.0], [0.0, 0.0, 0.0], [0.0, 0.0, 0.0], [0.0, 0.0, 0.0], [0.0, 0.0, 0.0], [0.0, 0.0, 0.0], [0.0, 0.0, 0.0], [0.0, 0.0, 0.0], [0.0, 0.0, 0.0], [0.0, 0.0, 0.0], [0.0, 0.0, 0.0], [0.0, 0.0, 0.0], [0.0, 0.0, 0.0], [0.0, 0.0, 0.0]], "action_params_change": 0, "value_params_change": 0.39221625312244845}
{"iterations": 1, "type_itr": 0, "sub_iteration": 7, "sub_it_time": 0.10480380058288574, "total_time": 0.85495924949646, "value_loss": 16.632001876831055, "action_loss": -0.2897723317146301, "action_probs": [[0.5807575186140972, 0.3804240095850881, 0.023454590728215378, 0.015363881072599407], [0.002947012883027182, 0.025419283005649343, 0.10094434094733291, 0.8706893631639906], [4.0239020199951885e-05, 0.0005215730436515707, 0.07158339241998637, 0.9278547955161621], [0.014266893206850198, 0.004012041982324487, 0.7662431889832473, 0.21547787582757805], [0.19482748568914976, 0.001584933910665154, 0.7971030963285536, 0.0064844840716315605], [0.04369343128739283, 0.011904357139763814, 0.7421909091417105, 0.20221130243113294], [0.055602543611109785, 0.009531415584556217, 0.7980618781090052, 0.13680416269532877], [0.13690683087175134, 0.22868268474603792, 0.23757554628395058, 0.3968349380982601], [0.008033012268256052, 0.8966836752917113, 0.0008460239855364911, 0.09443728845449606], [0.9386655935166885, 2.5125058572864912e-05, 0.06130764041641022, 1.6410083282753892e-06], [0.8721495390587818, 0.0007305851929075142, 0.12701347866540572, 0.0001063970829047995], [0.15040138258319605, 0.28065056242242836, 0.19851568953727336, 0.37043236545710234], [0.3893729441445223, 0.08529223293701953, 0.4309377989745852, 0.09439702394387305], [0.001284549072652904, 0.8606055645348523, 0.0002058370593753753, 0.13790404933311934], [0.6446791671260058, 0.01219874005591005, 0.3367500453310789, 0.006372047487005024], [8.458464508900707e-06, 0.000879286441573268, 0.00951957650471434, 0.9895926785892034]], "state_values": [-1.696540584191756, 4.9700887724711125, 4.812808812828526, 4.971703493530805, 2.515338552421652, -0.6177339185657807, 1.0261573004073667, 1.9604355497687176, -1.8611812970208377, -4.311156598579083, -3.429494761974227, 1.3209076210678625, 2.2673240647408903, 4.546637651921779, 1.843353364466345, -4.564210918848728], "value_grad": [-6.336000442504883, 9.90000057220459, -0.7920007705688477, -7.9200005531311035, 3.167999744415283, -10.692001342773438, 8.711999893188477, 1.1879997253417969, 2.7719998359680176, -0.3959980010986328, 3.960000514984131, -5.147999286651611, 6.732000350952148, 8.71199893951416, 3.9600019454956055, -8.711999893188477], "action_grad": [[0.0, 0.0, 0.0], [0.0, 0.0, 0.0], [0.0, 0.0, 0.0], [0.0, 0.0, 0.0], [0.0, 0.0, 0.0], [0.0, 0.0, 0.0], [0.0, 0.0, 0.0], [0.0, 0.0, 0.0], [0.0, 0.0, 0.0], [0.0, 0.0, 0.0], [0.0, 0.0, 0.0], [0.0, 0.0, 0.0], [0.0, 0.0, 0.0], [0.0, 0.0, 0.0], [0.0, 0.0, 0.0], [0.0, 0.0, 0.0]], "action_params_change": 0, "value_params_change": 0.3394604940505159}
{"iterations": 1, "type_itr": 0, "sub_iteration": 8, "sub_it_time": 0.10883855819702148, "total_time": 0.9653408527374268, "value_loss": 9.107999801635742, "action_loss": -0.5433230996131897, "action_probs": [[0.5807575186140972, 0.3804240095850881, 0.023454590728215378, 0.015363881072599407], [0.002947012883027182, 0.025419283005649343, 0.10094434094733291, 0.8706893631639906], [4.0239020199951885e-05, 0.0005215730436515707, 0.07158339241998637, 0.9278547955161621], [0.014266893206850198, 0.004012041982324487, 0.7662431889832473, 0.21547787582757805], [0.19482748568914976, 0.001584933910665154, 0.7971030963285536, 0.0064844840716315605], [0.04369343128739283, 0.011904357139763814, 0.7421909091417105, 0.20221130243113294], [0.055602543611109785, 0.009531415584556217, 0.7980618781090052, 0.13680416269532877], [0.13690683087175134, 0.22868268474603792, 0.23757554628395058, 0.3968349380982601], [0.008033012268256052, 0.8966836752917113, 0.0008460239855364911, 0.09443728845449606], [0.9386655935166885, 2.5125058572864912e-05, 0.06130764041641022, 1.6410083282753892e-06], [0.8721495390587818, 0.0007305851929075142, 0.12701347866540572, 0.0001063970829047995], [0.15040138258319605, 0.28065056242242836, 0.19851568953727336, 0.37043236545710234], [0.3893729441445223, 0.08529223293701953, 0.4309377989745852, 0.09439702394387305], [0.001284549072652904, 0.8606055645348523, 0.0002058370593753753, 0.13790404933311934], [0.6446791671260058, 0.01219874005591005, 0.3367500453310789, 0.006372047487005024], [8.458464508900707e-06, 0.000879286441573268, 0.00951957650471434, 0.9895926785892034]], "state_values": [-1.7167274668561845, 4.838092872513618, 4.661694869545792, 4.938221160675762, 2.42397098306201, -1.0930606063919703, 1.2276383970398357, 2.6124199444394756, -2.041995382048734, -4.257558940932882, -3.9388261529660817, 1.766158279103379, 2.585942667264331, 4.6175001264783075, 1.877874076056077, -4.524382807880679], "value_grad": [18.612001419067383, -12.276000022888184, -5.1479997634887695, -9.90000057220459, -3.167999744415283, 5.544000625610352, -17.423999786376953, -0.7920000553131104, -3.5640010833740234, 5.1479997634887695, -9.108000755310059, -4.75200080871582, 15.04800033569336, 3.563998222351074, -4.751999855041504, 1.9800007343292236], "action_grad": [[0.0, 0.0, 0.0], [0.0, 0.0, 0.0], [0.0, 0.0, 0.0], [0.0, 0.0, 0.0], [0.0, 0.0, 0.0], [0.0, 0.0, 0.0], [0.0, 0.0, 0.0], [0.0, 0.0, 0.0], [0.0, 0.0, 0.0], [0.0, 0.0, 0.0], [0.0, 0.0, 0.0], [0.0, 0.0, 0.0], [0.0, 0.0, 0.0], [0.0, 0.0, 0.0], [0.0, 0.0, 0.0], [0.0, 0.0, 0.0]], "action_params_change": 0, "value_params_change": 0.3026683945140487}
{"iterations": 1, "type_itr": 0, "sub_iteration": 9, "sub_it_time": 0.1112067699432373, "total_time": 1.078071117401123, "value_loss": 19.80000114440918, "action_loss": -0.23544003069400787, "action_probs": [[0.5807575186140972, 0.3804240095850881, 0.023454590728215378, 0.015363881072599407], [0.002947012883027182, 0.025419283005649343, 0.10094434094733291, 0.8706893631639906], [4.0239020199951885e-05, 0.0005215730436515707, 0.07158339241998637, 0.9278547955161621], [0.014266893206850198, 0.004012041982324487, 0.7662431889832473, 0.21547787582757805], [0.19482748568914976, 0.001584933910665154, 0.7971030963285536, 0.0064844840716315605], [0.04369343128739283, 0.011904357139763814, 0.7421909091417105, 0.20221130243113294], [0.055602543611109785, 0.009531415584556217, 0.7980618781090052, 0.13680416269532877], [0.13690683087175134, 0.22868268474603792, 0.23757554628395058, 0.3968349380982601], [0.008033012268256052, 0.8966836752917113, 0.0008460239855364911, 0.09443728845449606], [0.9386655935166885, 2.5125058572864912e-05, 0.06130764041641022, 1.6410083282753892e-06], [0.8721495390587818, 0.0007305851929075142, 0.12701347866540572, 0.0001063970829047995], [0.15040138258319605, 0.28065056242242836, 0.19851568953727336, 0.37043236545710234], [0.3893729441445223, 0.08529223293701953, 0.4309377989745852, 0.09439702394387305], [0.001284549072652904, 0.8606055645348523, 0.0002058370593753753, 0.13790404933311934], [0.6446791671260058, 0.01219874005591005, 0.3367500453310789, 0.006372047487005024], [8.458464508900707e-06, 0.000879286441573268, 0.00951957650471434, 0.9895926785892034]], "state_values": [-1.849927233498317, 4.712268212304931, 4.362875660773922, 4.906196046843471, 1.9423995122589832, -1.3206375990017982, 1.2141120336633526, 3.248265190431622, -2.3503151691276303, -4.35625303741833, -4.410904588479796, 2.1955339122717406, 2.8965540074766656, 4.738191343418627, 1.9085953334134236, -4.448278509450034], "value_grad": [6.732000350952148, 10.296001434326172, 17.027999877929688, 1.9799995422363281, -24.948001861572266, -8.316000938415527, 9.50400161743164, 6.73199987411499, -7.920001029968262, 6.732000350952148, -9.504000663757324, -1.9800004959106445, 1.9800004959106445, -7.52400016784668, 0.0, 3.168001174926758], "action_grad": [[0.0, 0.0, 0.0], [0.0, 0.0, 0.0], [0.0, 0.0, 0.0], [0.0, 0.0, 0.0], [0.0, 0.0, 0.0], [0.0, 0.0, 0.0], [0.0, 0.0, 0.0], [0.0, 0.0, 0.0], [0.0, 0.0, 0.0], [0.0, 0.0, 0.0], [0.0, 0.0, 0.0], [0.0, 0.0, 0.0], [0.0, 0.0, 0.0], [0.0, 0.0, 0.0], [0.0, 0.0, 0.0], [0.0, 0.0, 0.0]], "action_params_change": 0, "value_params_change": 0.3466021171039326}
{"iterations": 1, "type_itr": 0, "sub_iteration": 10, "sub_it_time": 0.1079397201538086, "total_time": 1.1877171993255615, "value_loss": 12.672000885009766, "action_loss": -0.36221539974212646, "action_probs": [[0.5807575186140972, 0.3804240095850881, 0.023454590728215378, 0.015363881072599407], [0.002947012883027182, 0.025419283005649343, 0.10094434094733291, 0.8706893631639906], [4.0239020199951885e-05, 0.0005215730436515707, 0.07158339241998637, 0.9278547955161621], [0.014266893206850198, 0.004012041982324487, 0.7662431889832473, 0.21547787582757805], [0.19482748568914976, 0.001584933910665154, 0.7971030963285536, 0.0064844840716315605], [0.04369343128739283, 0.011904357139763814, 0.7421909091417105, 0.20221130243113294], [0.055602543611109785, 0.009531415584556217, 0.7980618781090052, 0.13680416269532877], [0.13690683087175134, 0.22868268474603792, 0.23757554628395058, 0.3968349380982601], [0.008033012268256052, 0.8966836752917113, 0.0008460239855364911, 0.09443728845449606], [0.9386655935166885, 2.5125058572864912e-05, 0.06130764041641022, 1.6410083282753892e-06], [0.8721495390587818, 0.0007305851929075142, 0.12701347866540572, 0.0001063970829047995], [0.15040138258319605, 0.28065056242242836, 0.19851568953727336, 0.37043236545710234], [0.3893729441445223, 0.08529223293701953, 0.4309377989745852, 0.09439702394387305], [0.001284549072652904, 0.8606055645348523, 0.0002058370593753753, 0.13790404933311934], [0.6446791671260058, 0.01219874005591005, 0.3367500453310789, 0.006372047487005024], [8.458464508900707e-06, 0.000879286441573268, 0.00951957650471434, 0.9895926785892034]], "state_values": [-1.9075165730543142, 4.487430131902042, 3.963914226992664, 4.896119433423357, 1.6757903396784335, -1.432472644375155, 1.2248291660883859, 3.7063264177036848, -2.674452166690362, -4.565489321164054, -4.613001719249926, 2.5463106105829243, 2.7187127745886506, 4.832594132846556, 2.3125480048753446, -4.457445147901962], "value_grad": [-3.5640006065368652, -13.068000793457031, 5.1479997634887695, 5.147999286651611, 9.503999710083008, -4.355998992919922, -1.188000202178955, -2.771998882293701, -3.1679983139038086, 9.108001708984375, 9.900001525878906, 0.7920002937316895, -27.323999404907227, -0.7919998168945312, 15.443999290466309, -6.336000442504883], "action_grad": [[0.0, 0.0, 0.0], [0.0, 0.0, 0.0], [0.0, 0.0, 0.0], [0.0, 0.0, 0.0], [0.0, 0.0, 0.0], [0.0, 0.0, 0.0], [0.0, 0.0, 0.0], [0.0, 0.0, 0.0], [0.0, 0.0, 0.0], [0.0, 0.0, 0.0], [0.0, 0.0, 0.0], [0.0, 0.0, 0.0], [0.0, 0.0, 0.0], [0.0, 0.0, 0.0], [0.0, 0.0, 0.0], [0.0, 0.0, 0.0]], "action_params_change": 0, "value_params_change": 0.29017638205793106}
{"iterations": 1, "type_itr": 0, "sub_iteration": 11, "sub_it_time": 0.10852193832397461, "total_time": 1.2977416515350342, "value_loss": 12.275999069213867, "action_loss": -0.07244308292865753, "action_probs": [[0.5807575186140972, 0.3804240095850881, 0.023454590728215378, 0.015363881072599407], [0.002947012883027182, 0.025419283005649343, 0.10094434094733291, 0.8706893631639906], [4.0239020199951885e-05, 0.0005215730436515707, 0.07158339241998637, 0.9278547955161621], [0.014266893206850198, 0.004012041982324487, 0.7662431889832473, 0.21547787582757805], [0.19482748568914976, 0.001584933910665154, 0.7971030963285536, 0.0064844840716315605], [0.04369343128739283, 0.011904357139763814, 0.7421909091417105, 0.20221130243113294], [0.055602543611109785, 0.009531415584556217, 0.7980618781090052, 0.13680416269532877], [0.13690683087175134, 0.22868268474603792, 0.23757554628395058, 0.3968349380982601], [0.008033012268256052, 0.8966836752917113, 0.0008460239855364911, 0.09443728845449606], [0.9386655935166885, 2.5125058572864912e-05, 0.06130764041641022, 1.6410083282753892e-06], [0.8721495390587818, 0.0007305851929075142, 0.12701347866540572, 0.0001063970829047995], [0.15040138258319605, 0.28065056242242836, 0.19851568953727336, 0.37043236545710234], [0.3893729441445223, 0.08529223293701953, 0.4309377989745852, 0.09439702394387305], [0.001284549072652904, 0.8606055645348523, 0.0002058370593753753, 0.13790404933311934], [0.6446791671260058, 0.01219874005591005, 0.3367500453310789, 0.006372047487005024], [8.458464508900707e-06, 0.000879286441573268, 0.00951957650471434, 0.9895926785892034]], "state_values": [-2.0114629169193723, 4.2556979310304355, 3.5337982453837546, 4.890195141336863, 1.2214155511279583, -1.6095209312527388, 1.0394774567000755, 4.081853790812624, -2.931829248965627, -4.616897906033171, -4.707592957114748, 2.6883265334369226, 2.3706964409190068, 4.914637024272762, 2.3193689152736954, -4.583522328484101], "value_grad": [3.1680002212524414, 2.3759989738464355, 0.0, 0.7920002937316895, -14.256000518798828, 3.9600000381469727, 10.692000389099121, 1.1880016326904297, 1.1880006790161133, -7.9200005531311035, 6.33599853515625, 7.128000259399414, -15.048003196716309, -3.1680009365081787, -14.256000518798828, -11.880000114440918], "action_grad": [[0.0, 0.0, 0.0], [0.0, 0.0, 0.0], [0.0, 0.0, 0.0], [0.0, 0.0, 0.0], [0.0, 0.0, 0.0], [0.0, 0.0, 0.0], [0.0, 0.0, 0.0], [0.0, 0.0, 0.0], [0.0, 0.0, 0.0], [0.0, 0.0, 0.0], [0.0, 0.0, 0.0], [0.0, 0.0, 0.0], [0.0, 0.0, 0.0], [0.0, 0.0, 0.0], [0.0, 0.0, 0.0], [0.0, 0.0, 0.0]], "action_params_change": 0, "value_params_change": 0.26090784701509406}
{"iterations": 1, "type_itr": 0, "sub_iteration": 12, "sub_it_time": 0.10412073135375977, "total_time": 1.4033691883087158, "value_loss": 8.711999893188477, "action_loss": -0.39843693375587463, "action_probs": [[0.5807575186140972, 0.3804240095850881, 0.023454590728215378, 0.015363881072599407], [0.002947012883027182, 0.025419283005649343, 0.10094434094733291, 0.8706893631639906], [4.0239020199951885e-05, 0.0005215730436515707, 0.07158339241998637, 0.9278547955161621], [0.014266893206850198, 0.004012041982324487, 0.7662431889832473, 0.21547787582757805], [0.19482748568914976, 0.001584933910665154, 0.7971030963285536, 0.0064844840716315605], [0.04369343128739283, 0.011904357139763814, 0.7421909091417105, 0.20221130243113294], [0.055602543611109785, 0.009531415584556217, 0.7980618781090052, 0.13680416269532877], [0.13690683087175134, 0.22868268474603792, 0.23757554628395058, 0.3968349380982601], [0.008033012268256052, 0.8966836752917113, 0.0008460239855364911, 0.09443728845449606], [0.9386655935166885, 2.5125058572864912e-05, 0.06130764041641022, 1.6410083282753892e-06], [0.8721495390587818, 0.0007305851929075142, 0.12701347866540572, 0.0001063970829047995], [0.15040138258319605, 0.28065056242242836, 0.19851568953727336, 0.37043236545710234], [0.3893729441445223, 0.08529223293701953, 0.4309377989745852, 0.09439702394387305], [0.001284549072652904, 0.8606055645348523, 0.0002058370593753753, 0.13790404933311934], [0.6446791671260058, 0.01219874005591005, 0.3367500453310789, 0.006372047487005024], [8.458464508900707e-06, 0.000879286441573268, 0.00951957650471434, 0.9895926785892034]], "state_values": [-2.019133951422552, 3.877318874455053, 2.9389055751225994, 4.834872635264097, 0.6590092355637907, -1.8699722071749136, 0.7277792001820683, 4.1012130799593445, -3.263260618635622, -4.6513966048398165, -4.64084805623108, 2.5096741578902715, 2.1499371400155503, 4.975504104116423, 1.9647434443016918, -4.670096590182811], "value_grad": [-5.148000717163086, -17.424001693725586, 13.068000793457031, -10.691999435424805, -9.899999618530273, 5.544002532958984, 8.316000938415527, -22.176000595092773, -7.128000259399414, -0.7920017242431641, 20.195999145507812, 16.236000061035156, 7.5240020751953125, -3.9600000381469727, -22.968002319335938, 1.5839996337890625], "action_grad": [[0.0, 0.0, 0.0], [0.0, 0.0, 0.0], [0.0, 0.0, 0.0], [0.0, 0.0, 0.0], [0.0, 0.0, 0.0], [0.0, 0.0, 0.0], [0.0, 0.0, 0.0], [0.0, 0.0, 0.0], [0.0, 0.0, 0.0], [0.0, 0.0, 0.0], [0.0, 0.0, 0.0], [0.0, 0.0, 0.0], [0.0, 0.0, 0.0], [0.0, 0.0, 0.0], [0.0, 0.0, 0.0], [0.0, 0.0, 0.0]], "action_params_change": 0, "value_params_change": 0.31318789619739196}
{"iterations": 1, "type_itr": 0, "sub_iteration": 13, "sub_it_time": 0.10510468482971191, "total_time": 1.5099565982818604, "value_loss": 5.148000240325928, "action_loss": -0.5252123475074768, "action_probs": [[0.5807575186140972, 0.3804240095850881, 0.023454590728215378, 0.015363881072599407], [0.002947012883027182, 0.025419283005649343, 0.10094434094733291, 0.8706893631639906], [4.0239020199951885e-05, 0.0005215730436515707, 0.07158339241998637, 0.9278547955161621], [0.014266893206850198, 0.004012041982324487, 0.7662431889832473, 0.21547787582757805], [0.19482748568914976, 0.001584933910665154, 0.7971030963285536, 0.0064844840716315605], [0.04369343128739283, 0.011904357139763814, 0.7421909091417105, 0.20221130243113294], [0.055602543611109785, 0.009531415584556217, 0.7980618781090052, 0.13680416269532877], [0.13690683087175134, 0.22868268474603792, 0.23757554628395058, 0.3968349380982601], [0.008033012268256052, 0.8966836752917113, 0.0008460239855364911, 0.09443728845449606], [0.9386655935166885, 2.5125058572864912e-05, 0.06130764041641022, 1.6410083282753892e-06], [0.8721495390587818, 0.0007305851929075142, 0.12701347866540572, 0.0001063970829047995], [0.15040138258319605, 0.28065056242242836, 0.19851568953727336, 0.37043236545710234], [0.3893729441445223, 0.08529223293701953, 0.4309377989745852, 0.09439702394387305], [0.001284549072652904, 0.8606055645348523, 0.0002058370593753753, 0.13790404933311934], [0.6446791671260058, 0.01219874005591005, 0.3367500453310789, 0.006372047487005024], [8.458464508900707e-06, 0.000879286441573268, 0.00951957650471434, 0.9895926785892034]], "state_values": [-2.1751070232156553, 3.5756226701930864, 2.267082793223653, 4.731895359677027, 0.009821275295980014, -2.1908972591033793, 0.49462872327467844, 4.2538866703076685, -3.4933938184573354, -4.6267897461503535, -4.522905313127395, 2.446177833613502, 1.8199046164801393, 4.997521315003533, 1.5653004462805167, -4.660982395770327], "value_grad": [9.50400161743164, 8.315999984741211, 4.751999855041504, -7.524001121520996, -9.50400161743164, 5.148000717163086, -2.772000312805176, 15.840002059936523, 3.1680002212524414, -4.7519989013671875, 7.128000259399414, -5.544000148773193, -9.899999618530273, 1.980001449584961, -4.355999946594238, 9.900001525878906], "action_grad": [[0.0, 0.0, 0.0], [0.0, 0.0, 0.0], [0.0, 0.0, 0.0], [0.0, 0.0, 0.0], [0.0, 0.0, 0.0], [0.0, 0.0, 0.0], [0.0, 0.0, 0.0], [0.0, 0.0, 0.0], [0.0, 0.0, 0.0], [0.0, 0.0, 0.0], [0.0, 0.0, 0.0], [0.0, 0.0, 0.0], [0.0, 0.0, 0.0], [0.0, 0.0, 0.0], [0.0, 0.0, 0.0], [0.0, 0.0, 0.0]], "action_params_change": 0, "value_params_change": 0.31543712453020145}
