{"iterations": 0, "type_itr": 0, "sub_iteration": 0, "sub_it_time": 0, "total_time": 0, "value_loss": 0, "action_loss": 0, "action_probs": [[0.0003598517759200526, 0.0032183884963619116, 0.10020683702571345, 0.8962149227020045], [0.28670693775898176, 0.2688661962444461, 0.22934922156785273, 0.21507764442871932], [0.17056790251304993, 0.15542084070359513, 0.3526645895969435, 0.32134666718641136], [0.07123291467451803, 0.1187917519633152, 0.30362849639839484, 0.506346836963772], [0.12901551205083783, 0.1822444750171355, 0.28547885732232314, 0.4032611556097037], [0.005429248184638626, 0.00018985922558118563, 0.9607826051008356, 0.03359828748894453], [0.6390654246379871, 0.35348320639388997, 0.004797661419166018, 0.00265370754895673], [0.17171570215830512, 0.055804601566429586, 0.5830112358210642, 0.18946846045420113], [0.12099265566674836, 0.8317412942715997, 0.006002562331495401, 0.041263487730156624], [0.04994088314112218, 0.057333120152184766, 0.41560418470327043, 0.4771218120034226], [8.663118509843566e-05, 0.0011841147222397307, 0.06808686014638432, 0.9306423939462776], [0.8392168751515509, 0.08664452565111802, 0.0672005156414962, 0.0069380835558347205], [0.0009909825893536478, 0.006025421979101929, 0.1402469662325996, 0.8527366291989448], [0.39611932320859633, 0.4189858317305488, 0.08985395374628949, 0.09504089131456529], [0.6639875733293324, 0.3041165600462875, 0.02187622007697906, 0.010019646547400984], [0.048517034650017374, 0.008929929305709697, 0.7960364684281996, 0.1465165676160731]], "state_values": [4.767388463898028, 4.245223332080622, -4.774729227465218, 2.237771199731581, 2.886624275423331, 4.985899994790879, 2.0010075769151197, -4.238015917964011, -4.747823756216971, 4.799307361352594, 3.2040584464033546, 2.9614605676180195, 3.6947379444406443, -3.551510475581679, -3.5833919893344586, 3.785669435487443], "value_grad": [0.0, 0.0, 0.0, 0.0, 0.0, 0.0, 0.0, 0.0, 0.0, 0.0, 0.0, 0.0, 0.0, 0.0, 0.0, 0.0], "action_grad": [[0.0, 0.0, 0.0], [0.0, 0.0, 0.0], [0.0, 0.0, 0.0], [0.0, 0.0, 0.0], [0.0, 0.0, 0.0], [0.0, 0.0, 0.0], [0.0, 0.0, 0.0], [0.0, 0.0, 0.0], [0.0, 0.0, 0.0], [0.0, 0.0, 0.0], [0.0, 0.0, 0.0], [0.0, 0.0, 0.0], [0.0, 0.0, 0.0], [0.0, 0.0, 0.0], [0.0, 0.0, 0.0], [0.0, 0.0, 0.0]], "action_params_change": 0, "value_params_change": 0}
{"iterations": 1, "type_itr": 0, "sub_iteration": 0, "sub_it_time": 0.36434388160705566, "total_time": 0.36582112312316895, "value_loss": -198.00000000000009, "action_loss": -1.2977771148923296, "action_probs": [[0.0003598517759200526, 0.0032183884963619116, 0.10020683702571345, 0.8962149227020045], [0.28670693775898176, 0.2688661962444461, 0.22934922156785273, 0.21507764442871932], [0.17056790251304993, 0.15542084070359513, 0.3526645895969435, 0.32134666718641136], [0.07123291467451803, 0.1187917519633152, 0.30362849639839484, 0.506346836963772], [0.12901551205083783, 0.1822444750171355, 0.28547885732232314, 0.4032611556097037], [0.005429248184638626, 0.00018985922558118563, 0.9607826051008356, 0.03359828748894453], [0.6390654246379871, 0.35348320639388997, 0.004797661419166018, 0.00265370754895673], [0.17171570215830512, 0.055804601566429586, 0.5830112358210642, 0.18946846045420113], [0.12099265566674836, 0.8317412942715997, 0.006002562331495401, 0.041263487730156624], [0.04994088314112218, 0.057333120152184766, 0.41560418470327043, 0.4771218120034226], [8.663118509843566e-05, 0.0011841147222397307, 0.06808686014638432, 0.9306423939462776], [0.8392168751515509, 0.08664452565111802, 0.0672005156414962, 0.0069380835558347205], [0.0009909825893536478, 0.006025421979101929, 0.1402469662325996, 0.8527366291989448], [0.39611932320859633, 0.4189858317305488, 0.08985395374628949, 0.09504089131456529], [0.6639875733293324, 0.3041165600462875, 0.02187622007697906, 0.010019646547400984], [0.048517034650017374, 0.008929929305709697, 0.7960364684281996, 0.1465165676160731]], "state_values": [4.246265574067763, 3.459706012370251, -4.25917159918156, 3.274417661629368, 1.786841476803831, 4.738065904880752, 0.8051625621947378, -3.449865698575753, -4.212331865224606, 4.303156056800578, 2.1547942929546355, 1.8727003330748924, 2.7464194433073947, -2.570368147318208, -2.6092906992274156, 2.8598869332600274], "value_grad": [0.07571490749973364, -0.5300080452762757, 0.7761472386577157, 213.32293770650256, 0.511051248632933, -0.05678762174586005, -1.400651298848759, 213.07688679843272, 0.8140022027760914, -0.09464397778872069, 0.6814139776391972, -0.1324938313678281, 0.7760688402785156, 1.2303697321251192, -1.3818092964149713, -0.7950059965161866], "action_grad": [[0.0, 0.0, 0.0], [0.0, 0.0, 0.0], [0.0, 0.0, 0.0], [0.0, 0.0, 0.0], [0.0, 0.0, 0.0], [0.0, 0.0, 0.0], [0.0, 0.0, 0.0], [0.0, 0.0, 0.0], [0.0, 0.0, 0.0], [0.0, 0.0, 0.0], [0.0, 0.0, 0.0], [0.0, 0.0, 0.0], [0.0, 0.0, 0.0], [0.0, 0.0, 0.0], [0.0, 0.0, 0.0], [0.0, 0.0, 0.0]], "action_params_change": 0, "value_params_change": 0.4999999999765612}
{"iterations": 1, "type_itr": 0, "sub_iteration": 1, "sub_it_time": 0.3523280620574951, "total_time": 0.7198235988616943, "value_loss": 9.980832734870791, "action_loss": -1.137765801404087, "action_probs": [[0.0003598517759200526, 0.0032183884963619116, 0.10020683702571345, 0.8962149227020045], [0.28670693775898176, 0.2688661962444461, 0.22934922156785273, 0.21507764442871932], [0.17056790251304993, 0.15542084070359513, 0.3526645895969435, 0.32134666718641136], [0.07123291467451803, 0.1187917519633152, 0.30362849639839484, 0.506346836963772], [0.12901551205083783, 0.1822444750171355, 0.28547885732232314, 0.4032611556097037], [0.005429248184638626, 0.00018985922558118563, 0.9607826051008356, 0.03359828748894453], [0.6390654246379871, 0.35348320639388997, 0.004797661419166018, 0.00265370754895673], [0.17171570215830512, 0.055804601566429586, 0.5830112358210642, 0.18946846045420113], [0.12099265566674836, 0.8317412942715997, 0.006002562331495401, 0.041263487730156624], [0.04994088314112218, 0.057333120152184766, 0.41560418470327043, 0.4771218120034226], [8.663118509843566e-05, 0.0011841147222397307, 0.06808686014638432, 0.9306423939462776], [0.8392168751515509, 0.08664452565111802, 0.0672005156414962, 0.0069380835558347205], [0.0009909825893536478, 0.006025421979101929, 0.1402469662325996, 0.8527366291989448], [0.39611932320859633, 0.4189858317305488, 0.08985395374628949, 0.09504089131456529], [0.6639875733293324, 0.3041165600462875, 0.02187622007697906, 0.010019646547400984], [0.048517034650017374, 0.008929929305709697, 0.7960364684281996, 0.1465165676160731]], "state_values": [3.4806165128249402, 2.4577573435451763, -3.490710871273897, 3.8592364153966807, 0.666686923545075, 4.287668186801313, -0.40307513658780963, -2.797593331340587, -4.636661086820541, 3.538940763869406, 1.0076617793612686, 0.6759811452287813, 1.6291797609046539, -1.4319192518046997, -1.4794985623008587, 1.7570520669445966], "value_grad": [0.13271054174668606, -0.5687551253955156, 1.2323636673371574, 0.22749766224156254, 0.24645276441027342, -0.28438659377006736, -0.9289319594237977, 0.15166660019203526, -207.26033068630662, -0.11375216989356218, 0.4549930118539258, -0.11374715467688645, 0.739372453152491, 1.1564590354112365, -1.213336860683702, -0.7772927458553731], "action_grad": [[0.0, 0.0, 0.0], [0.0, 0.0, 0.0], [0.0, 0.0, 0.0], [0.0, 0.0, 0.0], [0.0, 0.0, 0.0], [0.0, 0.0, 0.0], [0.0, 0.0, 0.0], [0.0, 0.0, 0.0], [0.0, 0.0, 0.0], [0.0, 0.0, 0.0], [0.0, 0.0, 0.0], [0.0, 0.0, 0.0], [0.0, 0.0, 0.0], [0.0, 0.0, 0.0], [0.0, 0.0, 0.0], [0.0, 0.0, 0.0]], "action_params_change": 0, "value_params_change": 0.500607998828253}
{"iterations": 1, "type_itr": 0, "sub_iteration": 2, "sub_it_time": 0.348285436630249, "total_time": 1.0698390007019043, "value_loss": 6.453081214505708, "action_loss": -0.8461020069796047, "action_probs": [[0.0003598517759200526, 0.0032183884963619116, 0.10020683702571345, 0.8962149227020045], [0.28670693775898176, 0.2688661962444461, 0.22934922156785273, 0.21507764442871932], [0.17056790251304993, 0.15542084070359513, 0.3526645895969435, 0.32134666718641136], [0.07123291467451803, 0.1187917519633152, 0.30362849639839484, 0.506346836963772], [0.12901551205083783, 0.1822444750171355, 0.28547885732232314, 0.4032611556097037], [0.005429248184638626, 0.00018985922558118563, 0.9607826051008356, 0.03359828748894453], [0.6390654246379871, 0.35348320639388997, 0.004797661419166018, 0.00265370754895673], [0.17171570215830512, 0.055804601566429586, 0.5830112358210642, 0.18946846045420113], [0.12099265566674836, 0.8317412942715997, 0.006002562331495401, 0.041263487730156624], [0.04994088314112218, 0.057333120152184766, 0.41560418470327043, 0.4771218120034226], [8.663118509843566e-05, 0.0011841147222397307, 0.06808686014638432, 0.9306423939462776], [0.8392168751515509, 0.08664452565111802, 0.0672005156414962, 0.0069380835558347205], [0.0009909825893536478, 0.006025421979101929, 0.1402469662325996, 0.8527366291989448], [0.39611932320859633, 0.4189858317305488, 0.08985395374628949, 0.09504089131456529], [0.6639875733293324, 0.3041165600462875, 0.02187622007697906, 0.010019646547400984], [0.048517034650017374, 0.008929929305709697, 0.7960364684281996, 0.1465165676160731]], "state_values": [2.4987292778209493, 1.3280001965246293, -2.871491758436485, 3.8045714212932866, -0.30200652537820044, 3.623432571344147, -1.4593244379550199, -2.238152170240175, -4.855622998705829, 2.557966197007172, -0.024207247910776154, -0.4288231005328328, 0.44403386966664216, -0.23128574744360283, -0.3055693789611337, 0.5706448060684808], "value_grad": [0.15178102822437634, -0.39842197028423776, 205.0981253313582, -204.47205411256874, 0.056916702078573245, -0.531245129370701, -0.3414996189927253, 0.13280734336673117, 0.7968845516646876, -0.1517810282245522, 0.11383358681183164, -0.03794440676065136, 0.5122534793604805, 0.8537553751671147, -0.7778661109685441, -0.569171409273685], "action_grad": [[0.0, 0.0, 0.0], [0.0, 0.0, 0.0], [0.0, 0.0, 0.0], [0.0, 0.0, 0.0], [0.0, 0.0, 0.0], [0.0, 0.0, 0.0], [0.0, 0.0, 0.0], [0.0, 0.0, 0.0], [0.0, 0.0, 0.0], [0.0, 0.0, 0.0], [0.0, 0.0, 0.0], [0.0, 0.0, 0.0], [0.0, 0.0, 0.0], [0.0, 0.0, 0.0], [0.0, 0.0, 0.0], [0.0, 0.0, 0.0]], "action_params_change": 0, "value_params_change": 0.49864839071328726}
{"iterations": 1, "type_itr": 0, "sub_iteration": 3, "sub_it_time": 0.35752367973327637, "total_time": 1.4291253089904785, "value_loss": 4.232889240161795, "action_loss": -0.4755406035864373, "action_probs": [[0.0003598517759200526, 0.0032183884963619116, 0.10020683702571345, 0.8962149227020045], [0.28670693775898176, 0.2688661962444461, 0.22934922156785273, 0.21507764442871932], [0.17056790251304993, 0.15542084070359513, 0.3526645895969435, 0.32134666718641136], [0.07123291467451803, 0.1187917519633152, 0.30362849639839484, 0.506346836963772], [0.12901551205083783, 0.1822444750171355, 0.28547885732232314, 0.4032611556097037], [0.005429248184638626, 0.00018985922558118563, 0.9607826051008356, 0.03359828748894453], [0.6390654246379871, 0.35348320639388997, 0.004797661419166018, 0.00265370754895673], [0.17171570215830512, 0.055804601566429586, 0.5830112358210642, 0.18946846045420113], [0.12099265566674836, 0.8317412942715997, 0.006002562331495401, 0.041263487730156624], [0.04994088314112218, 0.057333120152184766, 0.41560418470327043, 0.4771218120034226], [8.663118509843566e-05, 0.0011841147222397307, 0.06808686014638432, 0.9306423939462776], [0.8392168751515509, 0.08664452565111802, 0.0672005156414962, 0.0069380835558347205], [0.0009909825893536478, 0.006025421979101929, 0.1402469662325996, 0.8527366291989448], [0.39611932320859633, 0.4189858317305488, 0.08985395374628949, 0.09504089131456529], [0.6639875733293324, 0.3041165600462875, 0.02187622007697906, 0.010019646547400984], [0.048517034650017374, 0.008929929305709697, 0.7960364684281996, 0.1465165676160731]], "state_values": [1.3579705862848834, 2.0079001687290443, -2.3044183785540797, 3.759217658926125, -0.9340655737266073, 3.084352728398337, -2.2159831228297806, -1.7510150935643312, -4.961398074238259, 1.4145525898538858, -0.6496533442629759, 0.2960867210624285, -0.6508947343009538, 0.8874284743651415, 0.7238767706596266, -0.5510732847128634], "value_grad": [0.1328483554273756, 202.3657389939966, 1.1766663115993823, 0.15182749449579536, -0.11386916489134791, -202.6693880941731, 0.15182587887173948, 0.13284807208271765, 0.45549630677644837, -0.13284835542748485, -0.2277383203626826, 202.47960864880847, 0.1897819368336835, 0.3795638300564086, -0.1518255515602709, -0.24671677758800037], "action_grad": [[0.0, 0.0, 0.0], [0.0, 0.0, 0.0], [0.0, 0.0, 0.0], [0.0, 0.0, 0.0], [0.0, 0.0, 0.0], [0.0, 0.0, 0.0], [0.0, 0.0, 0.0], [0.0, 0.0, 0.0], [0.0, 0.0, 0.0], [0.0, 0.0, 0.0], [0.0, 0.0, 0.0], [0.0, 0.0, 0.0], [0.0, 0.0, 0.0], [0.0, 0.0, 0.0], [0.0, 0.0, 0.0], [0.0, 0.0, 0.0]], "action_params_change": 0, "value_params_change": 0.5004215855605461}
{"iterations": 1, "type_itr": 0, "sub_iteration": 4, "sub_it_time": 0.37444472312927246, "total_time": 1.805191993713379, "value_loss": 3.64453252134938, "action_loss": -0.3272304037754446, "action_probs": [[0.0003598517759200526, 0.0032183884963619116, 0.10020683702571345, 0.8962149227020045], [0.28670693775898176, 0.2688661962444461, 0.22934922156785273, 0.21507764442871932], [0.17056790251304993, 0.15542084070359513, 0.3526645895969435, 0.32134666718641136], [0.07123291467451803, 0.1187917519633152, 0.30362849639839484, 0.506346836963772], [0.12901551205083783, 0.1822444750171355, 0.28547885732232314, 0.4032611556097037], [0.005429248184638626, 0.00018985922558118563, 0.9607826051008356, 0.03359828748894453], [0.6390654246379871, 0.35348320639388997, 0.004797661419166018, 0.00265370754895673], [0.17171570215830512, 0.055804601566429586, 0.5830112358210642, 0.18946846045420113], [0.12099265566674836, 0.8317412942715997, 0.006002562331495401, 0.041263487730156624], [0.04994088314112218, 0.057333120152184766, 0.41560418470327043, 0.4771218120034226], [8.663118509843566e-05, 0.0011841147222397307, 0.06808686014638432, 0.9306423939462776], [0.8392168751515509, 0.08664452565111802, 0.0672005156414962, 0.0069380835558347205], [0.0009909825893536478, 0.006025421979101929, 0.1402469662325996, 0.8527366291989448], [0.39611932320859633, 0.4189858317305488, 0.08985395374628949, 0.09504089131456529], [0.6639875733293324, 0.3041165600462875, 0.02187622007697906, 0.010019646547400984], [0.048517034650017374, 0.008929929305709697, 0.7960364684281996, 0.1465165676160731]], "state_values": [0.17424827154529882, 2.549140580439283, -1.7897104874327965, 3.7205830424371324, -1.2504868854552997, 2.574748315647753, -1.5916428331794015, -0.9870536961876656, -4.998314898008042, 0.22408898421101658, -0.7131146074705627, 0.9044952267403321, -1.4888472379274564, 1.7544760976411757, 1.398016201097346, -1.3266174864805194], "value_grad": [0.07591766805564415, -0.47448663797576396, 1.081834414488842, 0.1708161674364015, -0.1708145892921662, -0.8351044554455886, 202.06207962081453, 201.91024630513905, 0.2087808112313212, -0.07591766805571032, -0.569381252465119, -0.01897936379843923, -0.11387628817501749, -0.13285554414728828, -201.7014717583622, 0.2657113227929435], "action_grad": [[0.0, 0.0, 0.0], [0.0, 0.0, 0.0], [0.0, 0.0, 0.0], [0.0, 0.0, 0.0], [0.0, 0.0, 0.0], [0.0, 0.0, 0.0], [0.0, 0.0, 0.0], [0.0, 0.0, 0.0], [0.0, 0.0, 0.0], [0.0, 0.0, 0.0], [0.0, 0.0, 0.0], [0.0, 0.0, 0.0], [0.0, 0.0, 0.0], [0.0, 0.0, 0.0], [0.0, 0.0, 0.0], [0.0, 0.0, 0.0]], "action_params_change": 0, "value_params_change": 0.48398886175914635}
{"iterations": 1, "type_itr": 0, "sub_iteration": 5, "sub_it_time": 0.35335254669189453, "total_time": 2.160292148590088, "value_loss": 3.72045143621934, "action_loss": -0.22136236231902776, "action_probs": [[0.0003598517759200526, 0.0032183884963619116, 0.10020683702571345, 0.8962149227020045], [0.28670693775898176, 0.2688661962444461, 0.22934922156785273, 0.21507764442871932], [0.17056790251304993, 0.15542084070359513, 0.3526645895969435, 0.32134666718641136], [0.07123291467451803, 0.1187917519633152, 0.30362849639839484, 0.506346836963772], [0.12901551205083783, 0.1822444750171355, 0.28547885732232314, 0.4032611556097037], [0.005429248184638626, 0.00018985922558118563, 0.9607826051008356, 0.03359828748894453], [0.6390654246379871, 0.35348320639388997, 0.004797661419166018, 0.00265370754895673], [0.17171570215830512, 0.055804601566429586, 0.5830112358210642, 0.18946846045420113], [0.12099265566674836, 0.8317412942715997, 0.006002562331495401, 0.041263487730156624], [0.04994088314112218, 0.057333120152184766, 0.41560418470327043, 0.4771218120034226], [8.663118509843566e-05, 0.0011841147222397307, 0.06808686014638432, 0.9306423939462776], [0.8392168751515509, 0.08664452565111802, 0.0672005156414962, 0.0069380835558347205], [0.0009909825893536478, 0.006025421979101929, 0.1402469662325996, 0.8527366291989448], [0.39611932320859633, 0.4189858317305488, 0.08985395374628949, 0.09504089131456529], [0.6639875733293324, 0.3041165600462875, 0.02187622007697906, 0.010019646547400984], [0.048517034650017374, 0.008929929305709697, 0.7960364684281996, 0.1465165676160731]], "state_values": [-0.8565441611485125, 2.985624860007403, -1.8924548814635505, 3.6871355524830647, -1.3587690705928959, 1.8230072996485536, -1.0285405892953965, -0.30776160234562866, -4.991354755577246, -0.8150222956499431, -0.43871436491717836, 1.4181185231134716, -1.978487162392828, 2.2801730682862598, 1.956217430300897, -1.6416680925766338], "value_grad": [0.0, 0.0, -201.34085161356188, 0.1708149080610255, -0.15183418875388544, -202.25186789454295, 0.3985650666976026, 0.056937767741942924, 0.018979945157521882, 0.0, -0.5883567188124581, -0.05693776774181103, -0.36060649996558203, -0.5314215268575473, 0.6452962573229852, 0.6263163779439518], "action_grad": [[0.0, 0.0, 0.0], [0.0, 0.0, 0.0], [0.0, 0.0, 0.0], [0.0, 0.0, 0.0], [0.0, 0.0, 0.0], [0.0, 0.0, 0.0], [0.0, 0.0, 0.0], [0.0, 0.0, 0.0], [0.0, 0.0, 0.0], [0.0, 0.0, 0.0], [0.0, 0.0, 0.0], [0.0, 0.0, 0.0], [0.0, 0.0, 0.0], [0.0, 0.0, 0.0], [0.0, 0.0, 0.0], [0.0, 0.0, 0.0]], "action_params_change": 0, "value_params_change": 0.41713578739069046}
{"iterations": 1, "type_itr": 0, "sub_iteration": 6, "sub_it_time": 0.39759063720703125, "total_time": 2.559643507003784, "value_loss": 4.213910546872917, "action_loss": -0.13022163777671975, "action_probs": [[0.0003598517759200526, 0.0032183884963619116, 0.10020683702571345, 0.8962149227020045], [0.28670693775898176, 0.2688661962444461, 0.22934922156785273, 0.21507764442871932], [0.17056790251304993, 0.15542084070359513, 0.3526645895969435, 0.32134666718641136], [0.07123291467451803, 0.1187917519633152, 0.30362849639839484, 0.506346836963772], [0.12901551205083783, 0.1822444750171355, 0.28547885732232314, 0.4032611556097037], [0.005429248184638626, 0.00018985922558118563, 0.9607826051008356, 0.03359828748894453], [0.6390654246379871, 0.35348320639388997, 0.004797661419166018, 0.00265370754895673], [0.17171570215830512, 0.055804601566429586, 0.5830112358210642, 0.18946846045420113], [0.12099265566674836, 0.8317412942715997, 0.006002562331495401, 0.041263487730156624], [0.04994088314112218, 0.057333120152184766, 0.41560418470327043, 0.4771218120034226], [8.663118509843566e-05, 0.0011841147222397307, 0.06808686014638432, 0.9306423939462776], [0.8392168751515509, 0.08664452565111802, 0.0672005156414962, 0.0069380835558347205], [0.0009909825893536478, 0.006025421979101929, 0.1402469662325996, 0.8527366291989448], [0.39611932320859633, 0.4189858317305488, 0.08985395374628949, 0.09504089131456529], [0.6639875733293324, 0.3041165600462875, 0.02187622007697906, 0.010019646547400984], [0.048517034650017374, 0.008929929305709697, 0.7960364684281996, 0.1465165676160731]], "state_values": [-1.6346883368418363, 3.338019342430587, -1.979005885475009, 3.6578766003135943, -1.4342842345356555, 1.122408525233357, -0.5243405856418613, 0.2906786865745627, -4.90008460361759, -1.4324636285885555, 0.026941296920219383, 1.8536450925466281, -2.544845983871633, 2.4954191131711267, 2.419334875465309, -1.5836916550812596], "value_grad": [-0.037956552069191574, -0.8919923196717039, 1.1956384710395955, 0.1708064678150638, -0.01897829636072501, -0.6832205135736507, 0.22773930020372202, 0.018978255708466563, -202.10003757984472, -202.403695707977, -0.49343399067694005, -0.09489148093120825, 202.13799538812833, -0.7591370258981964, 0.7781146074462182, 0.8160696395143354], "action_grad": [[0.0, 0.0, 0.0], [0.0, 0.0, 0.0], [0.0, 0.0, 0.0], [0.0, 0.0, 0.0], [0.0, 0.0, 0.0], [0.0, 0.0, 0.0], [0.0, 0.0, 0.0], [0.0, 0.0, 0.0], [0.0, 0.0, 0.0], [0.0, 0.0, 0.0], [0.0, 0.0, 0.0], [0.0, 0.0, 0.0], [0.0, 0.0, 0.0], [0.0, 0.0, 0.0], [0.0, 0.0, 0.0], [0.0, 0.0, 0.0]], "action_params_change": 0, "value_params_change": 0.32180671661213234}
{"iterations": 1, "type_itr": 0, "sub_iteration": 7, "sub_it_time": 0.3518538475036621, "total_time": 2.9132602214813232, "value_loss": 4.707343473787889, "action_loss": -0.09723363924163238, "action_probs": [[0.0003598517759200526, 0.0032183884963619116, 0.10020683702571345, 0.8962149227020045], [0.28670693775898176, 0.2688661962444461, 0.22934922156785273, 0.21507764442871932], [0.17056790251304993, 0.15542084070359513, 0.3526645895969435, 0.32134666718641136], [0.07123291467451803, 0.1187917519633152, 0.30362849639839484, 0.506346836963772], [0.12901551205083783, 0.1822444750171355, 0.28547885732232314, 0.4032611556097037], [0.005429248184638626, 0.00018985922558118563, 0.9607826051008356, 0.03359828748894453], [0.6390654246379871, 0.35348320639388997, 0.004797661419166018, 0.00265370754895673], [0.17171570215830512, 0.055804601566429586, 0.5830112358210642, 0.18946846045420113], [0.12099265566674836, 0.8317412942715997, 0.006002562331495401, 0.041263487730156624], [0.04994088314112218, 0.057333120152184766, 0.41560418470327043, 0.4771218120034226], [8.663118509843566e-05, 0.0011841147222397307, 0.06808686014638432, 0.9306423939462776], [0.8392168751515509, 0.08664452565111802, 0.0672005156414962, 0.0069380835558347205], [0.0009909825893536478, 0.006025421979101929, 0.1402469662325996, 0.8527366291989448], [0.39611932320859633, 0.4189858317305488, 0.08985395374628949, 0.09504089131456529], [0.6639875733293324, 0.3041165600462875, 0.02187622007697906, 0.010019646547400984], [0.048517034650017374, 0.008929929305709697, 0.7960364684281996, 0.1465165676160731]], "state_values": [-2.1092712785752883, 3.6236508720133065, -1.7085549690535342, 3.632104336234332, -1.553973309385708, 0.956681540666146, -0.07491965786036482, 0.8150266113440309, -4.738203300536585, -1.9577937477524747, 0.5754735094318406, 1.7113369727933334, -2.506793777683558, 2.4701362235701065, 2.804370901522416, -1.256281631446716], "value_grad": [-0.07590864010919951, -1.024787082996185, 203.50436431621625, 0.17079625019994626, 0.056931412387550395, 202.68836580552775, 0.07590845900972631, -0.01897709215853105, -0.2277348249795086, 0.07590864010926524, -0.3226105311109668, -202.95404916020635, -203.1248409195564, -0.8539806151811211, 0.8160259761784285, 0.8919289486610307], "action_grad": [[0.0, 0.0, 0.0], [0.0, 0.0, 0.0], [0.0, 0.0, 0.0], [0.0, 0.0, 0.0], [0.0, 0.0, 0.0], [0.0, 0.0, 0.0], [0.0, 0.0, 0.0], [0.0, 0.0, 0.0], [0.0, 0.0, 0.0], [0.0, 0.0, 0.0], [0.0, 0.0, 0.0], [0.0, 0.0, 0.0], [0.0, 0.0, 0.0], [0.0, 0.0, 0.0], [0.0, 0.0, 0.0], [0.0, 0.0, 0.0]], "action_params_change": 0, "value_params_change": 0.2495634583094004}
{"iterations": 1, "type_itr": 0, "sub_iteration": 8, "sub_it_time": 0.3540523052215576, "total_time": 3.26900577545166, "value_loss": 4.745298680327143, "action_loss": -0.09983800756267856, "action_probs": [[0.0003598517759200526, 0.0032183884963619116, 0.10020683702571345, 0.8962149227020045], [0.28670693775898176, 0.2688661962444461, 0.22934922156785273, 0.21507764442871932], [0.17056790251304993, 0.15542084070359513, 0.3526645895969435, 0.32134666718641136], [0.07123291467451803, 0.1187917519633152, 0.30362849639839484, 0.506346836963772], [0.12901551205083783, 0.1822444750171355, 0.28547885732232314, 0.4032611556097037], [0.005429248184638626, 0.00018985922558118563, 0.9607826051008356, 0.03359828748894453], [0.6390654246379871, 0.35348320639388997, 0.004797661419166018, 0.00265370754895673], [0.17171570215830512, 0.055804601566429586, 0.5830112358210642, 0.18946846045420113], [0.12099265566674836, 0.8317412942715997, 0.006002562331495401, 0.041263487730156624], [0.04994088314112218, 0.057333120152184766, 0.41560418470327043, 0.4771218120034226], [8.663118509843566e-05, 0.0011841147222397307, 0.06808686014638432, 0.9306423939462776], [0.8392168751515509, 0.08664452565111802, 0.0672005156414962, 0.0069380835558347205], [0.0009909825893536478, 0.006025421979101929, 0.1402469662325996, 0.8527366291989448], [0.39611932320859633, 0.4189858317305488, 0.08985395374628949, 0.09504089131456529], [0.6639875733293324, 0.3041165600462875, 0.02187622007697906, 0.010019646547400984], [0.048517034650017374, 0.008929929305709697, 0.7960364684281996, 0.1465165676160731]], "state_values": [-2.278160611294152, 3.856000962534791, -1.7841779409989411, 3.609298009853848, -0.9634836708419489, 0.8079147841963661, 0.3246709949875979, 1.2730865515728775, -4.532365110394145, -2.6513003077405606, 1.0820568624397968, 1.5834779358041495, -2.471794326561704, 1.9216241815214516, 3.3664651312752865, -0.7348197700934815], "value_grad": [-0.11386295929174661, -1.043765776285106, -202.25186789454295, 0.17079544781087996, -202.93507206804782, -0.41749544983551257, 1.3233858453531866e-13, 0.0, -0.32262178708365674, -202.87814052009716, -0.056931139691548616, -0.09488545992056707, -0.5693173088638854, -203.29562886328517, -202.4416522600461, 0.8729465765152522], "action_grad": [[0.0, 0.0, 0.0], [0.0, 0.0, 0.0], [0.0, 0.0, 0.0], [0.0, 0.0, 0.0], [0.0, 0.0, 0.0], [0.0, 0.0, 0.0], [0.0, 0.0, 0.0], [0.0, 0.0, 0.0], [0.0, 0.0, 0.0], [0.0, 0.0, 0.0], [0.0, 0.0, 0.0], [0.0, 0.0, 0.0], [0.0, 0.0, 0.0], [0.0, 0.0, 0.0], [0.0, 0.0, 0.0], [0.0, 0.0, 0.0]], "action_params_change": 0, "value_params_change": 0.31316455502118057}
{"iterations": 1, "type_itr": 0, "sub_iteration": 9, "sub_it_time": 0.3515665531158447, "total_time": 3.6221795082092285, "value_loss": 4.954049160206273, "action_loss": -0.12154073523261115, "action_probs": [[0.0003598517759200526, 0.0032183884963619116, 0.10020683702571345, 0.8962149227020045], [0.28670693775898176, 0.2688661962444461, 0.22934922156785273, 0.21507764442871932], [0.17056790251304993, 0.15542084070359513, 0.3526645895969435, 0.32134666718641136], [0.07123291467451803, 0.1187917519633152, 0.30362849639839484, 0.506346836963772], [0.12901551205083783, 0.1822444750171355, 0.28547885732232314, 0.4032611556097037], [0.005429248184638626, 0.00018985922558118563, 0.9607826051008356, 0.03359828748894453], [0.6390654246379871, 0.35348320639388997, 0.004797661419166018, 0.00265370754895673], [0.17171570215830512, 0.055804601566429586, 0.5830112358210642, 0.18946846045420113], [0.12099265566674836, 0.8317412942715997, 0.006002562331495401, 0.041263487730156624], [0.04994088314112218, 0.057333120152184766, 0.41560418470327043, 0.4771218120034226], [8.663118509843566e-05, 0.0011841147222397307, 0.06808686014638432, 0.9306423939462776], [0.8392168751515509, 0.08664452565111802, 0.0672005156414962, 0.0069380835558347205], [0.0009909825893536478, 0.006025421979101929, 0.1402469662325996, 0.8527366291989448], [0.39611932320859633, 0.4189858317305488, 0.08985395374628949, 0.09504089131456529], [0.6639875733293324, 0.3041165600462875, 0.02187622007697906, 0.010019646547400984], [0.048517034650017374, 0.008929929305709697, 0.7960364684281996, 0.1465165676160731]], "state_values": [-1.7239972300973228, 4.0456048238849185, -1.8493550897297253, 3.823025836151727, -0.4248287689867891, 0.6739309969046766, 0.6793388587024987, 1.6724306392957418, -4.301086858641567, -3.2157205001692226, 1.438052026090825, 1.4681909125506554, -2.745330492540625, 1.4055007003323883, 3.809160042384267, -0.07653770095048283], "value_grad": [-203.18177066436996, -1.0247655032928806, 1.3852979508757546, 203.16279413016267, 0.2466949288232012, -0.34157800096776825, -0.09488267016474516, -0.07590623139116737, -0.41749843797852737, 0.13283705843197957, 0.18976557237330116, -0.09488290744118455, 202.84018593031192, -0.7400899351088164, 0.7780546554288783, 0.7970148960321479], "action_grad": [[0.0, 0.0, 0.0], [0.0, 0.0, 0.0], [0.0, 0.0, 0.0], [0.0, 0.0, 0.0], [0.0, 0.0, 0.0], [0.0, 0.0, 0.0], [0.0, 0.0, 0.0], [0.0, 0.0, 0.0], [0.0, 0.0, 0.0], [0.0, 0.0, 0.0], [0.0, 0.0, 0.0], [0.0, 0.0, 0.0], [0.0, 0.0, 0.0], [0.0, 0.0, 0.0], [0.0, 0.0, 0.0], [0.0, 0.0, 0.0]], "action_params_change": 0, "value_params_change": 0.27937976971314615}
{"iterations": 1, "type_itr": 0, "sub_iteration": 10, "sub_it_time": 0.3506782054901123, "total_time": 3.9745562076568604, "value_loss": 5.181770664369948, "action_loss": 9.055385138137419, "action_probs": [[0.0003598517759200526, 0.0032183884963619116, 0.10020683702571345, 0.8962149227020045], [0.28670693775898176, 0.2688661962444461, 0.22934922156785273, 0.21507764442871932], [0.17056790251304993, 0.15542084070359513, 0.3526645895969435, 0.32134666718641136], [0.07123291467451803, 0.1187917519633152, 0.30362849639839484, 0.506346836963772], [0.12901551205083783, 0.1822444750171355, 0.28547885732232314, 0.4032611556097037], [0.005429248184638626, 0.00018985922558118563, 0.9607826051008356, 0.03359828748894453], [0.6390654246379871, 0.35348320639388997, 0.004797661419166018, 0.00265370754895673], [0.17171570215830512, 0.055804601566429586, 0.5830112358210642, 0.18946846045420113], [0.12099265566674836, 0.8317412942715997, 0.006002562331495401, 0.041263487730156624], [0.04994088314112218, 0.057333120152184766, 0.41560418470327043, 0.4771218120034226], [8.663118509843566e-05, 0.0011841147222397307, 0.06808686014638432, 0.9306423939462776], [0.8392168751515509, 0.08664452565111802, 0.0672005156414962, 0.0069380835558347205], [0.0009909825893536478, 0.006025421979101929, 0.1402469662325996, 0.8527366291989448], [0.39611932320859633, 0.4189858317305488, 0.08985395374628949, 0.09504089131456529], [0.6639875733293324, 0.3041165600462875, 0.02187622007697906, 0.010019646547400984], [0.048517034650017374, 0.008929929305709697, 0.7960364684281996, 0.1465165676160731]], "state_values": [-1.205401931674774, 4.20079649159726, -2.147723356722772, 4.0014863492373625, 0.06123929802435592, 0.5530108062185304, 0.9938059019482562, 2.020291949473045, -4.057259848912499, -3.668398538837852, 1.5916580718338778, 1.3639848466388784, -2.700062770258496, 0.9266329073386402, 4.152710210228991, 0.6586432178622892], "value_grad": [-0.09488000256259266, -0.9678095148266621, -202.5934768212988, 0.1707862070810684, 0.3795184679837451, -0.24668734892894495, -0.1707835550144825, -0.09488000256276852, -0.4744144281885241, 0.151809768307424, 0.3605439633419749, -0.07590390330226082, -203.54231556581735, -0.6262077617328323, 0.7211069972203736, 0.6451812087655782], "action_grad": [[0.0, 0.0, 0.0], [0.0, 0.0, 0.0], [0.0, 0.0, 0.0], [0.0, 0.0, 0.0], [0.0, 0.0, 0.0], [0.0, 0.0, 0.0], [0.0, 0.0, 0.0], [0.0, 0.0, 0.0], [0.0, 0.0, 0.0], [0.0, 0.0, 0.0], [0.0, 0.0, 0.0], [0.0, 0.0, 0.0], [0.0, 0.0, 0.0], [0.0, 0.0, 0.0], [0.0, 0.0, 0.0], [0.0, 0.0, 0.0]], "action_params_change": 0, "value_params_change": 0.294841512725883}
{"iterations": 1, "type_itr": 0, "sub_iteration": 11, "sub_it_time": 0.34966444969177246, "total_time": 4.325902223587036, "value_loss": 5.542315565817257, "action_loss": -0.27430107394340747, "action_probs": [[0.0003598517759200526, 0.0032183884963619116, 0.10020683702571345, 0.8962149227020045], [0.28670693775898176, 0.2688661962444461, 0.22934922156785273, 0.21507764442871932], [0.17056790251304993, 0.15542084070359513, 0.3526645895969435, 0.32134666718641136], [0.07123291467451803, 0.1187917519633152, 0.30362849639839484, 0.506346836963772], [0.12901551205083783, 0.1822444750171355, 0.28547885732232314, 0.4032611556097037], [0.005429248184638626, 0.00018985922558118563, 0.9607826051008356, 0.03359828748894453], [0.6390654246379871, 0.35348320639388997, 0.004797661419166018, 0.00265370754895673], [0.17171570215830512, 0.055804601566429586, 0.5830112358210642, 0.18946846045420113], [0.12099265566674836, 0.8317412942715997, 0.006002562331495401, 0.041263487730156624], [0.04994088314112218, 0.057333120152184766, 0.41560418470327043, 0.4771218120034226], [8.663118509843566e-05, 0.0011841147222397307, 0.06808686014638432, 0.9306423939462776], [0.8392168751515509, 0.08664452565111802, 0.0672005156414962, 0.0069380835558347205], [0.0009909825893536478, 0.006025421979101929, 0.1402469662325996, 0.8527366291989448], [0.39611932320859633, 0.4189858317305488, 0.08985395374628949, 0.09504089131456529], [0.6639875733293324, 0.3041165600462875, 0.02187622007697906, 0.010019646547400984], [0.048517034650017374, 0.008929929305709697, 0.7960364684281996, 0.1465165676160731]], "state_values": [-0.7266546157500664, 4.328140893986259, -2.5990566067584684, 4.150866549398161, 0.49651460545008896, 0.4437120907912863, 1.2722599240896286, 2.3232785800713516, -3.8098651405189172, -4.026441258077388, 1.5435041901330653, 1.269583558046114, -2.658543321711305, 0.4868010105076534, 4.415099745374436, 1.4079528760185183], "value_grad": [-0.05692492956275519, -0.9298134162291243, -202.85916324753669, 0.15180253287098555, 0.47437430110736667, -0.17077478397895085, -0.3036000188621326, -0.0948754097747262, -0.4743885984311129, 0.1518029467002311, 0.45540123908399543, -0.07590001169215288, -0.4364304121195941, -0.4933499512926609, 0.6451726817592629, 0.4553987016915837], "action_grad": [[0.0, 0.0, 0.0], [0.0, 0.0, 0.0], [0.0, 0.0, 0.0], [0.0, 0.0, 0.0], [0.0, 0.0, 0.0], [0.0, 0.0, 0.0], [0.0, 0.0, 0.0], [0.0, 0.0, 0.0], [0.0, 0.0, 0.0], [0.0, 0.0, 0.0], [0.0, 0.0, 0.0], [0.0, 0.0, 0.0], [0.0, 0.0, 0.0], [0.0, 0.0, 0.0], [0.0, 0.0, 0.0], [0.0, 0.0, 0.0]], "action_params_change": 0, "value_params_change": 0.3066774827364731}
{"iterations": 1, "type_itr": 0, "sub_iteration": 12, "sub_it_time": 0.3526601791381836, "total_time": 4.680230617523193, "value_loss": 6.073611028973966, "action_loss": -0.3359063234427547, "action_probs": [[0.0003598517759200526, 0.0032183884963619116, 0.10020683702571345, 0.8962149227020045], [0.28670693775898176, 0.2688661962444461, 0.22934922156785273, 0.21507764442871932], [0.17056790251304993, 0.15542084070359513, 0.3526645895969435, 0.32134666718641136], [0.07123291467451803, 0.1187917519633152, 0.30362849639839484, 0.506346836963772], [0.12901551205083783, 0.1822444750171355, 0.28547885732232314, 0.4032611556097037], [0.005429248184638626, 0.00018985922558118563, 0.9607826051008356, 0.03359828748894453], [0.6390654246379871, 0.35348320639388997, 0.004797661419166018, 0.00265370754895673], [0.17171570215830512, 0.055804601566429586, 0.5830112358210642, 0.18946846045420113], [0.12099265566674836, 0.8317412942715997, 0.006002562331495401, 0.041263487730156624], [0.04994088314112218, 0.057333120152184766, 0.41560418470327043, 0.4771218120034226], [8.663118509843566e-05, 0.0011841147222397307, 0.06808686014638432, 0.9306423939462776], [0.8392168751515509, 0.08664452565111802, 0.0672005156414962, 0.0069380835558347205], [0.0009909825893536478, 0.006025421979101929, 0.1402469662325996, 0.8527366291989448], [0.39611932320859633, 0.4189858317305488, 0.08985395374628949, 0.09504089131456529], [0.6639875733293324, 0.3041165600462875, 0.02187622007697906, 0.010019646547400984], [0.048517034650017374, 0.008929929305709697, 0.7960364684281996, 0.1465165676160731]], "state_values": [-0.28883233797079033, 4.432873910218344, -2.9809650879994782, 4.27617915687691, 0.8840499209108339, 0.3447982940306863, 1.5185017649937798, 2.5872100606721875, -3.5650345378410577, -4.30558411895116, 1.3292886751901256, 0.8571417844467323, -2.6203881564712788, 0.6307309080327305, 4.611788042785151, 2.1131116245020594], "value_grad": [-0.05692027669384725, -0.891795274206757, 1.6886704385612799, 0.13281678082287662, 0.5881759780495752, -0.11384037858079754, -0.43639002922912873, -0.13281478413759729, -0.4933230187827844, 0.15179128355881488, 0.45536419194343214, -204.3202692770016, -0.39844669960241585, 204.13053301449656, 0.5502537543862003, 0.26562753374465764], "action_grad": [[0.0, 0.0, 0.0], [0.0, 0.0, 0.0], [0.0, 0.0, 0.0], [0.0, 0.0, 0.0], [0.0, 0.0, 0.0], [0.0, 0.0, 0.0], [0.0, 0.0, 0.0], [0.0, 0.0, 0.0], [0.0, 0.0, 0.0], [0.0, 0.0, 0.0], [0.0, 0.0, 0.0], [0.0, 0.0, 0.0], [0.0, 0.0, 0.0], [0.0, 0.0, 0.0], [0.0, 0.0, 0.0], [0.0, 0.0, 0.0]], "action_params_change": 0, "value_params_change": 0.3017708730768325}
{"iterations": 1, "type_itr": 0, "sub_iteration": 13, "sub_it_time": 0.3588275909423828, "total_time": 5.040773153305054, "value_loss": 6.718696310342922, "action_loss": -0.38014854149784705, "action_probs": [[0.0003598517759200526, 0.0032183884963619116, 0.10020683702571345, 0.8962149227020045], [0.28670693775898176, 0.2688661962444461, 0.22934922156785273, 0.21507764442871932], [0.17056790251304993, 0.15542084070359513, 0.3526645895969435, 0.32134666718641136], [0.07123291467451803, 0.1187917519633152, 0.30362849639839484, 0.506346836963772], [0.12901551205083783, 0.1822444750171355, 0.28547885732232314, 0.4032611556097037], [0.005429248184638626, 0.00018985922558118563, 0.9607826051008356, 0.03359828748894453], [0.6390654246379871, 0.35348320639388997, 0.004797661419166018, 0.00265370754895673], [0.17171570215830512, 0.055804601566429586, 0.5830112358210642, 0.18946846045420113], [0.12099265566674836, 0.8317412942715997, 0.006002562331495401, 0.041263487730156624], [0.04994088314112218, 0.057333120152184766, 0.41560418470327043, 0.4771218120034226], [8.663118509843566e-05, 0.0011841147222397307, 0.06808686014638432, 0.9306423939462776], [0.8392168751515509, 0.08664452565111802, 0.0672005156414962, 0.0069380835558347205], [0.0009909825893536478, 0.006025421979101929, 0.1402469662325996, 0.8527366291989448], [0.39611932320859633, 0.4189858317305488, 0.08985395374628949, 0.09504089131456529], [0.6639875733293324, 0.3041165600462875, 0.02187622007697906, 0.010019646547400984], [0.048517034650017374, 0.008929929305709697, 0.7960364684281996, 0.1465165676160731]], "state_values": [0.10877916906525473, 4.519243430850259, -3.3027564039675967, 4.381526132922558, 1.2276976576831677, 0.2552871677615785, 1.7359400120947934, 2.4809974326877318, -3.6224529173466613, -4.627329771531228, 0.9843605975032044, 0.47910197004827676, -2.5852026921803106, 0.7594805503874519, 4.755782370509252, 2.7213462199993095], "value_grad": [-0.018971358502800406, -0.8158159754137628, 1.7264510147976875, 0.13280303870069776, 0.6450269869772978, -0.018971358502800406, -0.5691434225344496, -204.92738541806096, 204.52897244912177, -204.68075202657278, 0.41737190968937554, -0.056914075333730274, -0.41737608346821364, -0.39839846141983326, 0.4363641084355212, 0.0569144568607598], "action_grad": [[0.0, 0.0, 0.0], [0.0, 0.0, 0.0], [0.0, 0.0, 0.0], [0.0, 0.0, 0.0], [0.0, 0.0, 0.0], [0.0, 0.0, 0.0], [0.0, 0.0, 0.0], [0.0, 0.0, 0.0], [0.0, 0.0, 0.0], [0.0, 0.0, 0.0], [0.0, 0.0, 0.0], [0.0, 0.0, 0.0], [0.0, 0.0, 0.0], [0.0, 0.0, 0.0], [0.0, 0.0, 0.0], [0.0, 0.0, 0.0]], "action_params_change": 0, "value_params_change": 0.2896028355031275}
