{"iterations": 0, "type_itr": 0, "sub_iteration": 0, "sub_it_time": 0, "total_time": 0, "value_loss": 0, "action_loss": 0, "action_probs": [[0.07148461408731153, 0.9011480386557034, 0.002011390684593764, 0.025355956572391307], [0.17269327143888244, 0.05655250201534072, 0.5806173298288291, 0.1901368967169477], [0.8194088682882278, 0.036553550694844054, 0.13788651070951874, 0.006151070307409269], [5.086905938653808e-05, 1.854597848258236e-06, 0.9647733114787905, 0.03517396486397479], [0.21418354449096016, 0.001592590566235192, 0.7784357015354224, 0.005788163407382174], [0.21371719547266885, 0.07129862002464035, 0.5361260898894606, 0.17885809461323027], [0.005864200922685413, 0.5646809731343141, 0.004414040291742173, 0.4250407856512583], [0.2283868459958796, 0.004714598034746923, 0.7513876335044384, 0.015510922464935118], [0.03791095218215151, 0.10455839887555873, 0.22818805016955335, 0.6293425987727364], [0.0017716494765377402, 0.01723712384405518, 0.09143002359609792, 0.8895612030833091], [0.0028440698610365926, 0.9572781922293903, 0.00011812565648462332, 0.03975961225308848], [0.0004933016726636385, 0.006388774564302993, 0.07118589159373756, 0.9219320321692955], [0.004598943072127113, 0.6186380366319278, 0.0027801811164133807, 0.37398283917953157], [0.5187372035116734, 0.35400451362303365, 0.07563933805521342, 0.05161894481007949], [0.21181664193686026, 0.060043738833160505, 0.5673209482368462, 0.16081867099313288], [0.4954672252198453, 0.4278103167260622, 0.041172303751686415, 0.035550154302406316]], "state_values": [4.459171870466405, -2.5971292012248486, -2.6427248848543043, 2.9948901624088116, -2.2199100784761527, 3.524023415685727, 1.069344355913126, -4.703368258450729, -3.1950183741997056, 2.8793485253193327, 1.8899826055906637, 2.133002847297955, 4.979207104022453, 1.770533110647463, 0.48364022847823884, -0.7885566841127493], "value_grad": [0.0, 0.0, 0.0, 0.0, 0.0, 0.0, 0.0, 0.0, 0.0, 0.0, 0.0, 0.0, 0.0, 0.0, 0.0, 0.0], "action_grad": [[0.0, 0.0, 0.0], [0.0, 0.0, 0.0], [0.0, 0.0, 0.0], [0.0, 0.0, 0.0], [0.0, 0.0, 0.0], [0.0, 0.0, 0.0], [0.0, 0.0, 0.0], [0.0, 0.0, 0.0], [0.0, 0.0, 0.0], [0.0, 0.0, 0.0], [0.0, 0.0, 0.0], [0.0, 0.0, 0.0], [0.0, 0.0, 0.0], [0.0, 0.0, 0.0], [0.0, 0.0, 0.0], [0.0, 0.0, 0.0]], "action_params_change": 0, "value_params_change": 0}
{"iterations": 1, "type_itr": 0, "sub_iteration": 0, "sub_it_time": 0.10745549201965332, "total_time": 0.10870981216430664, "value_loss": 1.5840001106262207, "action_loss": -1.3764184713363647, "action_probs": [[0.07148461408731153, 0.9011480386557034, 0.002011390684593764, 0.025355956572391307], [0.17269327143888244, 0.05655250201534072, 0.5806173298288291, 0.1901368967169477], [0.8194088682882278, 0.036553550694844054, 0.13788651070951874, 0.006151070307409269], [5.086905938653808e-05, 1.854597848258236e-06, 0.9647733114787905, 0.03517396486397479], [0.21418354449096016, 0.001592590566235192, 0.7784357015354224, 0.005788163407382174], [0.21371719547266885, 0.07129862002464035, 0.5361260898894606, 0.17885809461323027], [0.005864200922685413, 0.5646809731343141, 0.004414040291742173, 0.4250407856512583], [0.2283868459958796, 0.004714598034746923, 0.7513876335044384, 0.015510922464935118], [0.03791095218215151, 0.10455839887555873, 0.22818805016955335, 0.6293425987727364], [0.0017716494765377402, 0.01723712384405518, 0.09143002359609792, 0.8895612030833091], [0.0028440698610365926, 0.9572781922293903, 0.00011812565648462332, 0.03975961225308848], [0.0004933016726636385, 0.006388774564302993, 0.07118589159373756, 0.9219320321692955], [0.004598943072127113, 0.6186380366319278, 0.0027801811164133807, 0.37398283917953157], [0.5187372035116734, 0.35400451362303365, 0.07563933805521342, 0.05161894481007949], [0.21181664193686026, 0.060043738833160505, 0.5673209482368462, 0.16081867099313288], [0.4954672252198453, 0.4278103167260622, 0.041172303751686415, 0.035550154302406316]], "state_values": [4.880127860524288, -3.5734433738314775, -3.610681626411898, 3.8923490005713464, -2.2199100784761527, 4.29201364746376, -0.17229706972584458, -4.976888406403541, -4.047213170118451, 1.7785215523344342, 2.9764692280677614, 3.1855033006219453, 4.937112561420605, 2.872358687589277, -0.7626141970741656, 0.4574964436365734], "value_grad": [9.108000755310059, 10.692001342773438, 3.9600000381469727, -5.148000717163086, 0.0, -15.04800033569336, -15.444000244140625, -5.1479997634887695, -4.752000331878662, -3.563999652862549, 9.504000663757324, 3.563999652862549, 5.940000534057617, -1.5839996337890625, 12.672001838684082, -5.543999671936035], "action_grad": [[0.0, 0.0, 0.0], [0.0, 0.0, 0.0], [0.0, 0.0, 0.0], [0.0, 0.0, 0.0], [0.0, 0.0, 0.0], [0.0, 0.0, 0.0], [0.0, 0.0, 0.0], [0.0, 0.0, 0.0], [0.0, 0.0, 0.0], [0.0, 0.0, 0.0], [0.0, 0.0, 0.0], [0.0, 0.0, 0.0], [0.0, 0.0, 0.0], [0.0, 0.0, 0.0], [0.0, 0.0, 0.0], [0.0, 0.0, 0.0]], "action_params_change": 0, "value_params_change": 0.49999999967624964}
{"iterations": 1, "type_itr": 0, "sub_iteration": 1, "sub_it_time": 0.10593414306640625, "total_time": 0.21624326705932617, "value_loss": 7.920000076293945, "action_loss": -1.340196967124939, "action_probs": [[0.07148461408731153, 0.9011480386557034, 0.002011390684593764, 0.025355956572391307], [0.17269327143888244, 0.05655250201534072, 0.5806173298288291, 0.1901368967169477], [0.8194088682882278, 0.036553550694844054, 0.13788651070951874, 0.006151070307409269], [5.086905938653808e-05, 1.854597848258236e-06, 0.9647733114787905, 0.03517396486397479], [0.21418354449096016, 0.001592590566235192, 0.7784357015354224, 0.005788163407382174], [0.21371719547266885, 0.07129862002464035, 0.5361260898894606, 0.17885809461323027], [0.005864200922685413, 0.5646809731343141, 0.004414040291742173, 0.4250407856512583], [0.2283868459958796, 0.004714598034746923, 0.7513876335044384, 0.015510922464935118], [0.03791095218215151, 0.10455839887555873, 0.22818805016955335, 0.6293425987727364], [0.0017716494765377402, 0.01723712384405518, 0.09143002359609792, 0.8895612030833091], [0.0028440698610365926, 0.9572781922293903, 0.00011812565648462332, 0.03975961225308848], [0.0004933016726636385, 0.006388774564302993, 0.07118589159373756, 0.9219320321692955], [0.004598943072127113, 0.6186380366319278, 0.0027801811164133807, 0.37398283917953157], [0.5187372035116734, 0.35400451362303365, 0.07563933805521342, 0.05161894481007949], [0.21181664193686026, 0.060043738833160505, 0.5673209482368462, 0.16081867099313288], [0.4954672252198453, 0.4278103167260622, 0.041172303751686415, 0.035550154302406316]], "state_values": [4.956998038802575, -4.065581493766699, -3.522973922882831, 4.029915478857589, -1.3529394024219423, 4.249365974377377, -1.070460042861554, -4.952269345899769, -4.601381928241922, 0.5654284035932772, 3.362886294518227, 4.034928727753722, 4.602656693987248, 2.1602304969921113, -0.8976546234102774, 1.5650495214799423], "value_grad": [-3.5640010833740234, -0.7920007705688477, -4.3560004234313965, 3.1680002212524414, -0.7920007705688477, 15.444000244140625, -1.188002586364746, -13.068001747131348, -16.23600196838379, -3.9600000381469727, -3.167999744415283, 5.147998809814453, 3.9600000381469727, 13.46399974822998, -9.108001708984375, -18.215999603271484], "action_grad": [[0.0, 0.0, 0.0], [0.0, 0.0, 0.0], [0.0, 0.0, 0.0], [0.0, 0.0, 0.0], [0.0, 0.0, 0.0], [0.0, 0.0, 0.0], [0.0, 0.0, 0.0], [0.0, 0.0, 0.0], [0.0, 0.0, 0.0], [0.0, 0.0, 0.0], [0.0, 0.0, 0.0], [0.0, 0.0, 0.0], [0.0, 0.0, 0.0], [0.0, 0.0, 0.0], [0.0, 0.0, 0.0], [0.0, 0.0, 0.0]], "action_params_change": 0, "value_params_change": 0.5006788947477392}
{"iterations": 1, "type_itr": 0, "sub_iteration": 2, "sub_it_time": 0.10502982139587402, "total_time": 0.3227367401123047, "value_loss": 14.65200138092041, "action_loss": -1.4307509660720825, "action_probs": [[0.07148461408731153, 0.9011480386557034, 0.002011390684593764, 0.025355956572391307], [0.17269327143888244, 0.05655250201534072, 0.5806173298288291, 0.1901368967169477], [0.8194088682882278, 0.036553550694844054, 0.13788651070951874, 0.006151070307409269], [5.086905938653808e-05, 1.854597848258236e-06, 0.9647733114787905, 0.03517396486397479], [0.21418354449096016, 0.001592590566235192, 0.7784357015354224, 0.005788163407382174], [0.21371719547266885, 0.07129862002464035, 0.5361260898894606, 0.17885809461323027], [0.005864200922685413, 0.5646809731343141, 0.004414040291742173, 0.4250407856512583], [0.2283868459958796, 0.004714598034746923, 0.7513876335044384, 0.015510922464935118], [0.03791095218215151, 0.10455839887555873, 0.22818805016955335, 0.6293425987727364], [0.0017716494765377402, 0.01723712384405518, 0.09143002359609792, 0.8895612030833091], [0.0028440698610365926, 0.9572781922293903, 0.00011812565648462332, 0.03975961225308848], [0.0004933016726636385, 0.006388774564302993, 0.07118589159373756, 0.9219320321692955], [0.004598943072127113, 0.6186380366319278, 0.0027801811164133807, 0.37398283917953157], [0.5187372035116734, 0.35400451362303365, 0.07563933805521342, 0.05161894481007949], [0.21181664193686026, 0.060043738833160505, 0.5673209482368462, 0.16081867099313288], [0.4954672252198453, 0.4278103167260622, 0.041172303751686415, 0.035550154302406316]], "state_values": [4.997340172968643, -4.1884561420945925, -3.8938662165391476, 4.300956925949957, -1.983441520883333, 3.9951183416153797, -1.9745462103639917, -4.663108832378378, -4.866708260030862, -0.4927969142067256, 3.1871897956147124, 4.605895800909285, 3.991675331052008, 1.8965400558667926, -1.0991044204534401, 2.549636081634986], "value_grad": [10.691998481750488, -4.751999855041504, 7.128000259399414, -2.772000789642334, 4.752001762390137, 12.276000022888184, -6.336000442504883, -6.335999965667725, 0.3960001468658447, -16.236000061035156, -8.71200180053711, 11.484000205993652, 7.52400016784668, -5.543999671936035, 1.9800007343292236, -6.336000442504883], "action_grad": [[0.0, 0.0, 0.0], [0.0, 0.0, 0.0], [0.0, 0.0, 0.0], [0.0, 0.0, 0.0], [0.0, 0.0, 0.0], [0.0, 0.0, 0.0], [0.0, 0.0, 0.0], [0.0, 0.0, 0.0], [0.0, 0.0, 0.0], [0.0, 0.0, 0.0], [0.0, 0.0, 0.0], [0.0, 0.0, 0.0], [0.0, 0.0, 0.0], [0.0, 0.0, 0.0], [0.0, 0.0, 0.0], [0.0, 0.0, 0.0]], "action_params_change": 0, "value_params_change": 0.489825898118569}
{"iterations": 1, "type_itr": 0, "sub_iteration": 3, "sub_it_time": 0.10717153549194336, "total_time": 0.4314415454864502, "value_loss": 11.880000114440918, "action_loss": -1.0323138236999512, "action_probs": [[0.07148461408731153, 0.9011480386557034, 0.002011390684593764, 0.025355956572391307], [0.17269327143888244, 0.05655250201534072, 0.5806173298288291, 0.1901368967169477], [0.8194088682882278, 0.036553550694844054, 0.13788651070951874, 0.006151070307409269], [5.086905938653808e-05, 1.854597848258236e-06, 0.9647733114787905, 0.03517396486397479], [0.21418354449096016, 0.001592590566235192, 0.7784357015354224, 0.005788163407382174], [0.21371719547266885, 0.07129862002464035, 0.5361260898894606, 0.17885809461323027], [0.005864200922685413, 0.5646809731343141, 0.004414040291742173, 0.4250407856512583], [0.2283868459958796, 0.004714598034746923, 0.7513876335044384, 0.015510922464935118], [0.03791095218215151, 0.10455839887555873, 0.22818805016955335, 0.6293425987727364], [0.0017716494765377402, 0.01723712384405518, 0.09143002359609792, 0.8895612030833091], [0.0028440698610365926, 0.9572781922293903, 0.00011812565648462332, 0.03975961225308848], [0.0004933016726636385, 0.006388774564302993, 0.07118589159373756, 0.9219320321692955], [0.004598943072127113, 0.6186380366319278, 0.0027801811164133807, 0.37398283917953157], [0.5187372035116734, 0.35400451362303365, 0.07563933805521342, 0.05161894481007949], [0.21181664193686026, 0.060043738833160505, 0.5673209482368462, 0.16081867099313288], [0.4954672252198453, 0.4278103167260622, 0.041172303751686415, 0.035550154302406316]], "state_values": [4.8793724833474625, -4.295758937375297, -4.108081456530085, 4.662287422602274, -2.193255772527552, 3.703333636748562, -2.4500574898662677, -4.3708910448796905, -4.995009861644517, -1.1258300126612366, 2.669699943400235, 4.692089601946669, 3.237344720700525, 1.2507997325299274, -0.7799821210543819, 3.2353494542386456], "value_grad": [7.920000076293945, 0.3959994316101074, -1.187999963760376, -9.900001525878906, -1.980001449584961, 3.1680002212524414, 5.147999286651611, 4.75200080871582, -7.524001598358154, 4.7519989013671875, -12.672000885009766, -11.484001159667969, 1.5840015411376953, 14.651997566223145, -12.67199993133545, 1.1879997253417969], "action_grad": [[0.0, 0.0, 0.0], [0.0, 0.0, 0.0], [0.0, 0.0, 0.0], [0.0, 0.0, 0.0], [0.0, 0.0, 0.0], [0.0, 0.0, 0.0], [0.0, 0.0, 0.0], [0.0, 0.0, 0.0], [0.0, 0.0, 0.0], [0.0, 0.0, 0.0], [0.0, 0.0, 0.0], [0.0, 0.0, 0.0], [0.0, 0.0, 0.0], [0.0, 0.0, 0.0], [0.0, 0.0, 0.0], [0.0, 0.0, 0.0]], "action_params_change": 0, "value_params_change": 0.4405338058980095}
{"iterations": 1, "type_itr": 0, "sub_iteration": 4, "sub_it_time": 0.10476803779602051, "total_time": 0.5377092361450195, "value_loss": 18.612001419067383, "action_loss": -1.4488615989685059, "action_probs": [[0.07148461408731153, 0.9011480386557034, 0.002011390684593764, 0.025355956572391307], [0.17269327143888244, 0.05655250201534072, 0.5806173298288291, 0.1901368967169477], [0.8194088682882278, 0.036553550694844054, 0.13788651070951874, 0.006151070307409269], [5.086905938653808e-05, 1.854597848258236e-06, 0.9647733114787905, 0.03517396486397479], [0.21418354449096016, 0.001592590566235192, 0.7784357015354224, 0.005788163407382174], [0.21371719547266885, 0.07129862002464035, 0.5361260898894606, 0.17885809461323027], [0.005864200922685413, 0.5646809731343141, 0.004414040291742173, 0.4250407856512583], [0.2283868459958796, 0.004714598034746923, 0.7513876335044384, 0.015510922464935118], [0.03791095218215151, 0.10455839887555873, 0.22818805016955335, 0.6293425987727364], [0.0017716494765377402, 0.01723712384405518, 0.09143002359609792, 0.8895612030833091], [0.0028440698610365926, 0.9572781922293903, 0.00011812565648462332, 0.03975961225308848], [0.0004933016726636385, 0.006388774564302993, 0.07118589159373756, 0.9219320321692955], [0.004598943072127113, 0.6186380366319278, 0.0027801811164133807, 0.37398283917953157], [0.5187372035116734, 0.35400451362303365, 0.07563933805521342, 0.05161894481007949], [0.21181664193686026, 0.060043738833160505, 0.5673209482368462, 0.16081867099313288], [0.4954672252198453, 0.4278103167260622, 0.041172303751686415, 0.035550154302406316]], "state_values": [4.839961175501782, -4.3809486905619925, -4.257531788165714, 4.89090059724376, -1.7475116388530767, 3.282001606901643, -2.6543489912771543, -4.2310431712231145, -4.979221831914038, -1.903197481391949, 1.9859797986786643, 4.670586661948915, 2.3172876109741134, 0.6365292334302225, -0.9466214731215328, 3.8398962966876233], "value_grad": [-13.859999656677246, 0.0, -0.3959989547729492, -1.9800004959106445, -8.71200180053711, 8.71199893951416, 5.148000717163086, 6.732000350952148, 2.7719998359680176, -10.692001342773438, -8.316000938415527, -6.73199987411499, 3.9599990844726562, 1.5839996337890625, 14.256001472473145, -5.1479997634887695], "action_grad": [[0.0, 0.0, 0.0], [0.0, 0.0, 0.0], [0.0, 0.0, 0.0], [0.0, 0.0, 0.0], [0.0, 0.0, 0.0], [0.0, 0.0, 0.0], [0.0, 0.0, 0.0], [0.0, 0.0, 0.0], [0.0, 0.0, 0.0], [0.0, 0.0, 0.0], [0.0, 0.0, 0.0], [0.0, 0.0, 0.0], [0.0, 0.0, 0.0], [0.0, 0.0, 0.0], [0.0, 0.0, 0.0], [0.0, 0.0, 0.0]], "action_params_change": 0, "value_params_change": 0.44473086124918115}
{"iterations": 1, "type_itr": 0, "sub_iteration": 5, "sub_it_time": 0.1047658920288086, "total_time": 0.6439299583435059, "value_loss": 6.336000442504883, "action_loss": -0.25355079770088196, "action_probs": [[0.07148461408731153, 0.9011480386557034, 0.002011390684593764, 0.025355956572391307], [0.17269327143888244, 0.05655250201534072, 0.5806173298288291, 0.1901368967169477], [0.8194088682882278, 0.036553550694844054, 0.13788651070951874, 0.006151070307409269], [5.086905938653808e-05, 1.854597848258236e-06, 0.9647733114787905, 0.03517396486397479], [0.21418354449096016, 0.001592590566235192, 0.7784357015354224, 0.005788163407382174], [0.21371719547266885, 0.07129862002464035, 0.5361260898894606, 0.17885809461323027], [0.005864200922685413, 0.5646809731343141, 0.004414040291742173, 0.4250407856512583], [0.2283868459958796, 0.004714598034746923, 0.7513876335044384, 0.015510922464935118], [0.03791095218215151, 0.10455839887555873, 0.22818805016955335, 0.6293425987727364], [0.0017716494765377402, 0.01723712384405518, 0.09143002359609792, 0.8895612030833091], [0.0028440698610365926, 0.9572781922293903, 0.00011812565648462332, 0.03975961225308848], [0.0004933016726636385, 0.006388774564302993, 0.07118589159373756, 0.9219320321692955], [0.004598943072127113, 0.6186380366319278, 0.0027801811164133807, 0.37398283917953157], [0.5187372035116734, 0.35400451362303365, 0.07563933805521342, 0.05161894481007949], [0.21181664193686026, 0.060043738833160505, 0.5673209482368462, 0.16081867099313288], [0.4954672252198453, 0.4278103167260622, 0.041172303751686415, 0.035550154302406316]], "state_values": [4.748829843026864, -4.157293496707394, -4.569882938508624, 4.998437035002213, -1.0596403725672572, 2.689270274543446, -2.7421197526051673, -4.279504800849739, -4.849945239379223, -2.011745199884738, 1.797193455940733, 4.713039905608916, 1.2393443925295489, 0.27167770858928786, -0.7345577041411876, 4.326504331898219], "value_grad": [6.336001396179199, -15.443999290466309, 13.464000701904297, -6.732000350952148, -7.128000259399414, 12.671998977661133, 2.772000312805176, 9.108003616333008, -6.732000350952148, 17.423999786376953, 13.067998886108398, 5.148001194000244, 8.71200180053711, -5.148001194000244, -15.04800033569336, -3.9600000381469727], "action_grad": [[0.0, 0.0, 0.0], [0.0, 0.0, 0.0], [0.0, 0.0, 0.0], [0.0, 0.0, 0.0], [0.0, 0.0, 0.0], [0.0, 0.0, 0.0], [0.0, 0.0, 0.0], [0.0, 0.0, 0.0], [0.0, 0.0, 0.0], [0.0, 0.0, 0.0], [0.0, 0.0, 0.0], [0.0, 0.0, 0.0], [0.0, 0.0, 0.0], [0.0, 0.0, 0.0], [0.0, 0.0, 0.0], [0.0, 0.0, 0.0]], "action_params_change": 0, "value_params_change": 0.4628264801388364}
{"iterations": 1, "type_itr": 0, "sub_iteration": 6, "sub_it_time": 0.10469675064086914, "total_time": 0.7502901554107666, "value_loss": 20.59200096130371, "action_loss": -0.19921846687793732, "action_probs": [[0.07148461408731153, 0.9011480386557034, 0.002011390684593764, 0.025355956572391307], [0.17269327143888244, 0.05655250201534072, 0.5806173298288291, 0.1901368967169477], [0.8194088682882278, 0.036553550694844054, 0.13788651070951874, 0.006151070307409269], [5.086905938653808e-05, 1.854597848258236e-06, 0.9647733114787905, 0.03517396486397479], [0.21418354449096016, 0.001592590566235192, 0.7784357015354224, 0.005788163407382174], [0.21371719547266885, 0.07129862002464035, 0.5361260898894606, 0.17885809461323027], [0.005864200922685413, 0.5646809731343141, 0.004414040291742173, 0.4250407856512583], [0.2283868459958796, 0.004714598034746923, 0.7513876335044384, 0.015510922464935118], [0.03791095218215151, 0.10455839887555873, 0.22818805016955335, 0.6293425987727364], [0.0017716494765377402, 0.01723712384405518, 0.09143002359609792, 0.8895612030833091], [0.0028440698610365926, 0.9572781922293903, 0.00011812565648462332, 0.03975961225308848], [0.0004933016726636385, 0.006388774564302993, 0.07118589159373756, 0.9219320321692955], [0.004598943072127113, 0.6186380366319278, 0.0027801811164133807, 0.37398283917953157], [0.5187372035116734, 0.35400451362303365, 0.07563933805521342, 0.05161894481007949], [0.21181664193686026, 0.060043738833160505, 0.5673209482368462, 0.16081867099313288], [0.4954672252198453, 0.4278103167260622, 0.041172303751686415, 0.035550154302406316]], "state_values": [4.734696038941577, -4.243799404471598, -4.5220837246943475, 4.919963872592297, -0.6388087361772345, 2.0928354821206767, -3.077119873396234, -4.46037443640397, -4.661697983542614, -2.2108011718451346, 1.4057273528635172, 4.751829733875186, 0.10275296370144413, 0.33826617602248477, -0.3107714626712103, 4.549548609469721], "value_grad": [-8.315999984741211, 18.215999603271484, -19.799999237060547, -12.672000885009766, 3.564000129699707, 1.5840015411376953, -11.484000205993652, 10.691999435424805, 1.583998680114746, -5.148000717163086, -10.296000480651855, 0.3959996700286865, 15.443999290466309, -13.464000701904297, -12.672000885009766, 7.5240020751953125], "action_grad": [[0.0, 0.0, 0.0], [0.0, 0.0, 0.0], [0.0, 0.0, 0.0], [0.0, 0.0, 0.0], [0.0, 0.0, 0.0], [0.0, 0.0, 0.0], [0.0, 0.0, 0.0], [0.0, 0.0, 0.0], [0.0, 0.0, 0.0], [0.0, 0.0, 0.0], [0.0, 0.0, 0.0], [0.0, 0.0, 0.0], [0.0, 0.0, 0.0], [0.0, 0.0, 0.0], [0.0, 0.0, 0.0], [0.0, 0.0, 0.0]], "action_params_change": 0, "value_params_change": 0.4598556521751358}
{"iterations": 1, "type_itr": 0, "sub_iteration": 7, "sub_it_time": 0.1056373119354248, "total_time": 0.8574161529541016, "value_loss": 1.9800000190734863, "action_loss": 0.05433230847120285, "action_probs": [[0.07148461408731153, 0.9011480386557034, 0.002011390684593764, 0.025355956572391307], [0.17269327143888244, 0.05655250201534072, 0.5806173298288291, 0.1901368967169477], [0.8194088682882278, 0.036553550694844054, 0.13788651070951874, 0.006151070307409269], [5.086905938653808e-05, 1.854597848258236e-06, 0.9647733114787905, 0.03517396486397479], [0.21418354449096016, 0.001592590566235192, 0.7784357015354224, 0.005788163407382174], [0.21371719547266885, 0.07129862002464035, 0.5361260898894606, 0.17885809461323027], [0.005864200922685413, 0.5646809731343141, 0.004414040291742173, 0.4250407856512583], [0.2283868459958796, 0.004714598034746923, 0.7513876335044384, 0.015510922464935118], [0.03791095218215151, 0.10455839887555873, 0.22818805016955335, 0.6293425987727364], [0.0017716494765377402, 0.01723712384405518, 0.09143002359609792, 0.8895612030833091], [0.0028440698610365926, 0.9572781922293903, 0.00011812565648462332, 0.03975961225308848], [0.0004933016726636385, 0.006388774564302993, 0.07118589159373756, 0.9219320321692955], [0.004598943072127113, 0.6186380366319278, 0.0027801811164133807, 0.37398283917953157], [0.5187372035116734, 0.35400451362303365, 0.07563933805521342, 0.05161894481007949], [0.21181664193686026, 0.060043738833160505, 0.5673209482368462, 0.16081867099313288], [0.4954672252198453, 0.4278103167260622, 0.041172303751686415, 0.035550154302406316]], "state_values": [4.6980699610491214, -4.259257152824728, -4.6371591231897895, 4.63294720296864, -0.6261580025629231, 1.3164160413864103, -3.371729821581612, -4.658347565008006, -4.500995235951213, -2.2949723468578287, 1.128080808558618, 4.844859648738768, -1.022039518706801, 0.6537522573517123, 0.15968718489055583, 4.585409225779007], "value_grad": [2.7719998359680176, -4.75200080871582, 19.00800132751465, -5.148000717163086, 7.524001598358154, 16.631999969482422, -0.7919998168945312, 6.335999011993408, 4.355999946594238, 4.355999946594238, 3.168001174926758, 7.920000076293945, 5.147999286651611, -11.880000114440918, -5.1479997634887695, 11.880001068115234], "action_grad": [[0.0, 0.0, 0.0], [0.0, 0.0, 0.0], [0.0, 0.0, 0.0], [0.0, 0.0, 0.0], [0.0, 0.0, 0.0], [0.0, 0.0, 0.0], [0.0, 0.0, 0.0], [0.0, 0.0, 0.0], [0.0, 0.0, 0.0], [0.0, 0.0, 0.0], [0.0, 0.0, 0.0], [0.0, 0.0, 0.0], [0.0, 0.0, 0.0], [0.0, 0.0, 0.0], [0.0, 0.0, 0.0], [0.0, 0.0, 0.0]], "action_params_change": 0, "value_params_change": 0.4528216819861641}
{"iterations": 1, "type_itr": 0, "sub_iteration": 8, "sub_it_time": 0.10518169403076172, "total_time": 0.964094877243042, "value_loss": 6.732000827789307, "action_loss": -0.23544003069400787, "action_probs": [[0.07148461408731153, 0.9011480386557034, 0.002011390684593764, 0.025355956572391307], [0.17269327143888244, 0.05655250201534072, 0.5806173298288291, 0.1901368967169477], [0.8194088682882278, 0.036553550694844054, 0.13788651070951874, 0.006151070307409269], [5.086905938653808e-05, 1.854597848258236e-06, 0.9647733114787905, 0.03517396486397479], [0.21418354449096016, 0.001592590566235192, 0.7784357015354224, 0.005788163407382174], [0.21371719547266885, 0.07129862002464035, 0.5361260898894606, 0.17885809461323027], [0.005864200922685413, 0.5646809731343141, 0.004414040291742173, 0.4250407856512583], [0.2283868459958796, 0.004714598034746923, 0.7513876335044384, 0.015510922464935118], [0.03791095218215151, 0.10455839887555873, 0.22818805016955335, 0.6293425987727364], [0.0017716494765377402, 0.01723712384405518, 0.09143002359609792, 0.8895612030833091], [0.0028440698610365926, 0.9572781922293903, 0.00011812565648462332, 0.03975961225308848], [0.0004933016726636385, 0.006388774564302993, 0.07118589159373756, 0.9219320321692955], [0.004598943072127113, 0.6186380366319278, 0.0027801811164133807, 0.37398283917953157], [0.5187372035116734, 0.35400451362303365, 0.07563933805521342, 0.05161894481007949], [0.21181664193686026, 0.060043738833160505, 0.5673209482368462, 0.16081867099313288], [0.4954672252198453, 0.4278103167260622, 0.041172303751686415, 0.035550154302406316]], "state_values": [4.685113136018465, -4.207429822145024, -4.795624807689575, 4.127579635111463, -0.4740904351984572, 0.4815499162098775, -3.7002051567742162, -4.868811910467943, -4.540544383698768, -2.3305576262695147, 0.6694744621524247, 4.9393148994650575, -1.7118331998963563, 0.8620379062407285, 0.751939181364329, 4.5036931336108506], "value_grad": [-2.375999927520752, -5.544001579284668, 14.256000518798828, -20.987998962402344, -3.5640010833740234, 7.523998737335205, -4.751999855041504, 17.424001693725586, 15.840002059936523, 1.9799985885620117, -10.691999435424805, 6.732000350952148, -8.316000938415527, 3.167999744415283, -11.088000297546387, 12.276000022888184], "action_grad": [[0.0, 0.0, 0.0], [0.0, 0.0, 0.0], [0.0, 0.0, 0.0], [0.0, 0.0, 0.0], [0.0, 0.0, 0.0], [0.0, 0.0, 0.0], [0.0, 0.0, 0.0], [0.0, 0.0, 0.0], [0.0, 0.0, 0.0], [0.0, 0.0, 0.0], [0.0, 0.0, 0.0], [0.0, 0.0, 0.0], [0.0, 0.0, 0.0], [0.0, 0.0, 0.0], [0.0, 0.0, 0.0], [0.0, 0.0, 0.0]], "action_params_change": 0, "value_params_change": 0.4282489718882412}
{"iterations": 1, "type_itr": 0, "sub_iteration": 9, "sub_it_time": 0.1033174991607666, "total_time": 1.0689349174499512, "value_loss": 10.692001342773438, "action_loss": 0.2173292338848114, "action_probs": [[0.07148461408731153, 0.9011480386557034, 0.002011390684593764, 0.025355956572391307], [0.17269327143888244, 0.05655250201534072, 0.5806173298288291, 0.1901368967169477], [0.8194088682882278, 0.036553550694844054, 0.13788651070951874, 0.006151070307409269], [5.086905938653808e-05, 1.854597848258236e-06, 0.9647733114787905, 0.03517396486397479], [0.21418354449096016, 0.001592590566235192, 0.7784357015354224, 0.005788163407382174], [0.21371719547266885, 0.07129862002464035, 0.5361260898894606, 0.17885809461323027], [0.005864200922685413, 0.5646809731343141, 0.004414040291742173, 0.4250407856512583], [0.2283868459958796, 0.004714598034746923, 0.7513876335044384, 0.015510922464935118], [0.03791095218215151, 0.10455839887555873, 0.22818805016955335, 0.6293425987727364], [0.0017716494765377402, 0.01723712384405518, 0.09143002359609792, 0.8895612030833091], [0.0028440698610365926, 0.9572781922293903, 0.00011812565648462332, 0.03975961225308848], [0.0004933016726636385, 0.006388774564302993, 0.07118589159373756, 0.9219320321692955], [0.004598943072127113, 0.6186380366319278, 0.0027801811164133807, 0.37398283917953157], [0.5187372035116734, 0.35400451362303365, 0.07563933805521342, 0.05161894481007949], [0.21181664193686026, 0.060043738833160505, 0.5673209482368462, 0.16081867099313288], [0.4954672252198453, 0.4278103167260622, 0.041172303751686415, 0.035550154302406316]], "state_values": [4.690716037691122, -4.058090141091942, -4.917612608469616, 3.4545236129135684, -0.49326528671711795, -0.483829694416381, -3.860211087261955, -4.987634286172962, -4.50574979215373, -2.0205020343030196, 0.27219459954288794, 4.9663405044940765, -2.3161956633036884, 1.150270269120783, 1.336326439762703, 4.397336615370646], "value_grad": [-1.9799995422363281, -8.712000846862793, 5.940000057220459, -4.752000331878662, 3.9599997997283936, 22.968000411987305, 5.939999580383301, 9.900001525878906, -7.127999305725098, 21.780000686645508, 0.791999340057373, -7.5239996910095215, 0.7920000553131104, -5.147998809814453, -3.95999813079834, 2.7719998359680176], "action_grad": [[0.0, 0.0, 0.0], [0.0, 0.0, 0.0], [0.0, 0.0, 0.0], [0.0, 0.0, 0.0], [0.0, 0.0, 0.0], [0.0, 0.0, 0.0], [0.0, 0.0, 0.0], [0.0, 0.0, 0.0], [0.0, 0.0, 0.0], [0.0, 0.0, 0.0], [0.0, 0.0, 0.0], [0.0, 0.0, 0.0], [0.0, 0.0, 0.0], [0.0, 0.0, 0.0], [0.0, 0.0, 0.0], [0.0, 0.0, 0.0]], "action_params_change": 0, "value_params_change": 0.4167519906440009}
{"iterations": 1, "type_itr": 0, "sub_iteration": 10, "sub_it_time": 0.10624217987060547, "total_time": 1.176654577255249, "value_loss": -4.355999946594238, "action_loss": 0.0, "action_probs": [[0.07148461408731153, 0.9011480386557034, 0.002011390684593764, 0.025355956572391307], [0.17269327143888244, 0.05655250201534072, 0.5806173298288291, 0.1901368967169477], [0.8194088682882278, 0.036553550694844054, 0.13788651070951874, 0.006151070307409269], [5.086905938653808e-05, 1.854597848258236e-06, 0.9647733114787905, 0.03517396486397479], [0.21418354449096016, 0.001592590566235192, 0.7784357015354224, 0.005788163407382174], [0.21371719547266885, 0.07129862002464035, 0.5361260898894606, 0.17885809461323027], [0.005864200922685413, 0.5646809731343141, 0.004414040291742173, 0.4250407856512583], [0.2283868459958796, 0.004714598034746923, 0.7513876335044384, 0.015510922464935118], [0.03791095218215151, 0.10455839887555873, 0.22818805016955335, 0.6293425987727364], [0.0017716494765377402, 0.01723712384405518, 0.09143002359609792, 0.8895612030833091], [0.0028440698610365926, 0.9572781922293903, 0.00011812565648462332, 0.03975961225308848], [0.0004933016726636385, 0.006388774564302993, 0.07118589159373756, 0.9219320321692955], [0.004598943072127113, 0.6186380366319278, 0.0027801811164133807, 0.37398283917953157], [0.5187372035116734, 0.35400451362303365, 0.07563933805521342, 0.05161894481007949], [0.21181664193686026, 0.060043738833160505, 0.5673209482368462, 0.16081867099313288], [0.4954672252198453, 0.4278103167260622, 0.041172303751686415, 0.035550154302406316]], "state_values": [4.621453127829618, -3.7530686405187605, -4.950527043620745, 2.968763038562487, -0.46548755671841335, -1.3402276115044296, -4.001988155421437, -4.980149969310285, -4.429878401215253, -2.005194623869258, 0.010318639915184393, 4.9949638476639855, -2.663073275683247, 1.5374254908338951, 1.7898389074973584, 4.212418070543288], "value_grad": [8.712000846862793, -15.04800033569336, -14.651997566223145, 11.880000114440918, -1.1880016326904297, 0.3959999084472656, -0.39600038528442383, 4.751999855041504, -4.355999946594238, -17.02800178527832, 4.3560004234313965, 7.52400016784668, -6.732000350952148, -7.127999782562256, 3.168001174926758, 7.920001029968262], "action_grad": [[0.0, 0.0, 0.0], [0.0, 0.0, 0.0], [0.0, 0.0, 0.0], [0.0, 0.0, 0.0], [0.0, 0.0, 0.0], [0.0, 0.0, 0.0], [0.0, 0.0, 0.0], [0.0, 0.0, 0.0], [0.0, 0.0, 0.0], [0.0, 0.0, 0.0], [0.0, 0.0, 0.0], [0.0, 0.0, 0.0], [0.0, 0.0, 0.0], [0.0, 0.0, 0.0], [0.0, 0.0, 0.0], [0.0, 0.0, 0.0]], "action_params_change": 0, "value_params_change": 0.34889229744152006}
{"iterations": 1, "type_itr": 0, "sub_iteration": 11, "sub_it_time": 0.10465216636657715, "total_time": 1.2827892303466797, "value_loss": 4.355999946594238, "action_loss": -0.25355079770088196, "action_probs": [[0.07148461408731153, 0.9011480386557034, 0.002011390684593764, 0.025355956572391307], [0.17269327143888244, 0.05655250201534072, 0.5806173298288291, 0.1901368967169477], [0.8194088682882278, 0.036553550694844054, 0.13788651070951874, 0.006151070307409269], [5.086905938653808e-05, 1.854597848258236e-06, 0.9647733114787905, 0.03517396486397479], [0.21418354449096016, 0.001592590566235192, 0.7784357015354224, 0.005788163407382174], [0.21371719547266885, 0.07129862002464035, 0.5361260898894606, 0.17885809461323027], [0.005864200922685413, 0.5646809731343141, 0.004414040291742173, 0.4250407856512583], [0.2283868459958796, 0.004714598034746923, 0.7513876335044384, 0.015510922464935118], [0.03791095218215151, 0.10455839887555873, 0.22818805016955335, 0.6293425987727364], [0.0017716494765377402, 0.01723712384405518, 0.09143002359609792, 0.8895612030833091], [0.0028440698610365926, 0.9572781922293903, 0.00011812565648462332, 0.03975961225308848], [0.0004933016726636385, 0.006388774564302993, 0.07118589159373756, 0.9219320321692955], [0.004598943072127113, 0.6186380366319278, 0.0027801811164133807, 0.37398283917953157], [0.5187372035116734, 0.35400451362303365, 0.07563933805521342, 0.05161894481007949], [0.21181664193686026, 0.060043738833160505, 0.5673209482368462, 0.16081867099313288], [0.4954672252198453, 0.4278103167260622, 0.041172303751686415, 0.035550154302406316]], "state_values": [4.542005374592128, -3.580576846500731, -4.96000945793462, 2.3818665928120866, -0.5001660333549519, -1.8634834601465409, -3.879300850190379, -4.814690268310377, -4.404314277555965, -1.9469369829509968, -0.5141192493927723, 4.997310490629729, -3.0279891223627753, 1.6564855767696762, 2.2807019365225325, 4.061199947628042], "value_grad": [1.1879997253417969, 9.503999710083008, -7.128000736236572, -7.524000644683838, 1.584000587463379, -13.860000610351562, 17.424001693725586, 17.42400360107422, 4.356001853942871, 3.1680002212524414, -18.612001419067383, -10.295999526977539, 3.564000129699707, 11.088000297546387, -6.731999397277832, -2.772000312805176], "action_grad": [[0.0, 0.0, 0.0], [0.0, 0.0, 0.0], [0.0, 0.0, 0.0], [0.0, 0.0, 0.0], [0.0, 0.0, 0.0], [0.0, 0.0, 0.0], [0.0, 0.0, 0.0], [0.0, 0.0, 0.0], [0.0, 0.0, 0.0], [0.0, 0.0, 0.0], [0.0, 0.0, 0.0], [0.0, 0.0, 0.0], [0.0, 0.0, 0.0], [0.0, 0.0, 0.0], [0.0, 0.0, 0.0], [0.0, 0.0, 0.0]], "action_params_change": 0, "value_params_change": 0.3679374733548597}
{"iterations": 1, "type_itr": 0, "sub_iteration": 12, "sub_it_time": 0.10368967056274414, "total_time": 1.3879108428955078, "value_loss": 7.127999782562256, "action_loss": 0.5976554155349731, "action_probs": [[0.07148461408731153, 0.9011480386557034, 0.002011390684593764, 0.025355956572391307], [0.17269327143888244, 0.05655250201534072, 0.5806173298288291, 0.1901368967169477], [0.8194088682882278, 0.036553550694844054, 0.13788651070951874, 0.006151070307409269], [5.086905938653808e-05, 1.854597848258236e-06, 0.9647733114787905, 0.03517396486397479], [0.21418354449096016, 0.001592590566235192, 0.7784357015354224, 0.005788163407382174], [0.21371719547266885, 0.07129862002464035, 0.5361260898894606, 0.17885809461323027], [0.005864200922685413, 0.5646809731343141, 0.004414040291742173, 0.4250407856512583], [0.2283868459958796, 0.004714598034746923, 0.7513876335044384, 0.015510922464935118], [0.03791095218215151, 0.10455839887555873, 0.22818805016955335, 0.6293425987727364], [0.0017716494765377402, 0.01723712384405518, 0.09143002359609792, 0.8895612030833091], [0.0028440698610365926, 0.9572781922293903, 0.00011812565648462332, 0.03975961225308848], [0.0004933016726636385, 0.006388774564302993, 0.07118589159373756, 0.9219320321692955], [0.004598943072127113, 0.6186380366319278, 0.0027801811164133807, 0.37398283917953157], [0.5187372035116734, 0.35400451362303365, 0.07563933805521342, 0.05161894481007949], [0.21181664193686026, 0.060043738833160505, 0.5673209482368462, 0.16081867099313288], [0.4954672252198453, 0.4278103167260622, 0.041172303751686415, 0.035550154302406316]], "state_values": [4.533226477401802, -3.278677907826652, -4.963387084725037, 2.04141145038268, -0.9149825027243507, -2.3158743260902237, -3.7743302805054975, -4.607463616794399, -4.262498042134846, -1.94455655862755, -0.8137600295262114, 4.999688904340327, -3.1180813962827174, 1.798173357115761, 2.7065188887954994, 3.838118598117061], "value_grad": [-6.732000350952148, -11.880001068115234, -2.37600040435791, 11.880001068115234, 13.860000610351562, 0.0, -0.7919988632202148, -10.296001434326172, -11.880000114440918, -3.564000129699707, 9.107998847961426, 2.37600040435791, -11.088001251220703, -1.9800000190734863, -0.3959999084472656, 6.336000442504883], "action_grad": [[0.0, 0.0, 0.0], [0.0, 0.0, 0.0], [0.0, 0.0, 0.0], [0.0, 0.0, 0.0], [0.0, 0.0, 0.0], [0.0, 0.0, 0.0], [0.0, 0.0, 0.0], [0.0, 0.0, 0.0], [0.0, 0.0, 0.0], [0.0, 0.0, 0.0], [0.0, 0.0, 0.0], [0.0, 0.0, 0.0], [0.0, 0.0, 0.0], [0.0, 0.0, 0.0], [0.0, 0.0, 0.0], [0.0, 0.0, 0.0]], "action_params_change": 0, "value_params_change": 0.2515698029453297}
{"iterations": 1, "type_itr": 0, "sub_iteration": 13, "sub_it_time": 0.10351800918579102, "total_time": 1.4928951263427734, "value_loss": 12.275999069213867, "action_loss": -0.3078831136226654, "action_probs": [[0.07148461408731153, 0.9011480386557034, 0.002011390684593764, 0.025355956572391307], [0.17269327143888244, 0.05655250201534072, 0.5806173298288291, 0.1901368967169477], [0.8194088682882278, 0.036553550694844054, 0.13788651070951874, 0.006151070307409269], [5.086905938653808e-05, 1.854597848258236e-06, 0.9647733114787905, 0.03517396486397479], [0.21418354449096016, 0.001592590566235192, 0.7784357015354224, 0.005788163407382174], [0.21371719547266885, 0.07129862002464035, 0.5361260898894606, 0.17885809461323027], [0.005864200922685413, 0.5646809731343141, 0.004414040291742173, 0.4250407856512583], [0.2283868459958796, 0.004714598034746923, 0.7513876335044384, 0.015510922464935118], [0.03791095218215151, 0.10455839887555873, 0.22818805016955335, 0.6293425987727364], [0.0017716494765377402, 0.01723712384405518, 0.09143002359609792, 0.8895612030833091], [0.0028440698610365926, 0.9572781922293903, 0.00011812565648462332, 0.03975961225308848], [0.0004933016726636385, 0.006388774564302993, 0.07118589159373756, 0.9219320321692955], [0.004598943072127113, 0.6186380366319278, 0.0027801811164133807, 0.37398283917953157], [0.5187372035116734, 0.35400451362303365, 0.07563933805521342, 0.05161894481007949], [0.21181664193686026, 0.060043738833160505, 0.5673209482368462, 0.16081867099313288], [0.4954672252198453, 0.4278103167260622, 0.041172303751686415, 0.035550154302406316]], "state_values": [4.453160671457466, -3.002619482496323, -4.969764770209572, 1.6199144333318427, -1.4282784158814215, -2.761642827704129, -3.6206843553267825, -4.37041655771639, -4.131586160598464, -1.908900358839296, -0.9733120727385413, 4.99879474439522, -3.3361336859279183, 1.9663997203750156, 3.1154600567577946, 3.527795287937842], "value_grad": [7.52400016784668, 1.188000202178955, 1.9799995422363281, -6.732000350952148, 5.939999580383301, 5.1479997634887695, 3.9599990844726562, -1.584000587463379, 0.7919999361038208, 2.37600040435791, 6.335999965667725, -6.732001304626465, 8.711999893188477, -2.37600040435791, -3.564000368118286, 7.128000259399414], "action_grad": [[0.0, 0.0, 0.0], [0.0, 0.0, 0.0], [0.0, 0.0, 0.0], [0.0, 0.0, 0.0], [0.0, 0.0, 0.0], [0.0, 0.0, 0.0], [0.0, 0.0, 0.0], [0.0, 0.0, 0.0], [0.0, 0.0, 0.0], [0.0, 0.0, 0.0], [0.0, 0.0, 0.0], [0.0, 0.0, 0.0], [0.0, 0.0, 0.0], [0.0, 0.0, 0.0], [0.0, 0.0, 0.0], [0.0, 0.0, 0.0]], "action_params_change": 0, "value_params_change": 0.21672179069243214}
