{"iterations": 0, "type_itr": 0, "sub_iteration": 0, "sub_it_time": 0, "total_time": 0, "value_loss": 0, "action_loss": 0, "action_probs": [[0.02607732176259168, 0.0006044831425941904, 0.9512674214156819, 0.02205077367913241], [0.0009294446692958002, 0.0005434207664444532, 0.6301157592862623, 0.36841137527799744], [0.9630372066735453, 0.0004996773434749847, 0.03644420669862189, 1.8909284357892574e-05], [0.6415769334199637, 0.20162501443770045, 0.11930476882233759, 0.03749328331999822], [0.5830991363298056, 0.01676907886515876, 0.3889462589080324, 0.011185525897003223], [0.033466553076807036, 0.11196304866614226, 0.1966554624944111, 0.6579149357626394], [0.03889204726168125, 0.0025654253598462328, 0.8992270613664196, 0.059315466012053106], [0.09505400038309618, 0.4547050933931147, 0.07784718753575173, 0.37239371868803733], [0.29380980905796583, 0.16237869840177943, 0.3502437000802318, 0.1935677924600228], [0.06226863624765728, 0.9336846043508356, 0.00025301005999319706, 0.0037937493415140765], [0.8934549184884966, 0.046989798834794864, 0.056579572673793314, 0.0029757100029154247], [0.06639241040139472, 0.9123276097731269, 0.0014435478224453196, 0.019836432003033203], [0.044814769245214436, 0.1513608290724218, 0.18362734908926337, 0.6201970525931005], [0.29520822215554005, 0.44466307196380345, 0.10379120450409474, 0.15633750137656185], [0.5300164147495658, 0.006737569539643285, 0.45743115017430613, 0.005814865536484637], [0.5819430882861243, 0.2691315738403881, 0.10183133737010379, 0.04709400050338398]], "state_values": [1.527274967386229, 4.860419253889999, 2.305546560342379, 4.9842862036400755, 4.978571837025909, 3.356435267029623, 4.989703747945077, -4.543881844638107, 2.8022682782165265, 2.359986024281046, 0.45371579479357155, -3.706827511180389, 3.4566471414440083, 4.873584657375757, 0.8998483666244637, 4.678571166199047], "value_grad": [0.0, 0.0, 0.0, 0.0, 0.0, 0.0, 0.0, 0.0, 0.0, 0.0, 0.0, 0.0, 0.0, 0.0, 0.0, 0.0], "action_grad": [[0.0, 0.0, 0.0], [0.0, 0.0, 0.0], [0.0, 0.0, 0.0], [0.0, 0.0, 0.0], [0.0, 0.0, 0.0], [0.0, 0.0, 0.0], [0.0, 0.0, 0.0], [0.0, 0.0, 0.0], [0.0, 0.0, 0.0], [0.0, 0.0, 0.0], [0.0, 0.0, 0.0], [0.0, 0.0, 0.0], [0.0, 0.0, 0.0], [0.0, 0.0, 0.0], [0.0, 0.0, 0.0], [0.0, 0.0, 0.0]], "action_params_change": 0, "value_params_change": 0}
{"iterations": 1, "type_itr": 0, "sub_iteration": 0, "sub_it_time": 0.29065585136413574, "total_time": 0.2920699119567871, "value_loss": 4.664087772369385, "action_loss": -1.6014628410339355, "action_probs": [[0.02607732176259168, 0.0006044831425941904, 0.9512674214156819, 0.02205077367913241], [0.0009294446692958002, 0.0005434207664444532, 0.6301157592862623, 0.36841137527799744], [0.9630372066735453, 0.0004996773434749847, 0.03644420669862189, 1.8909284357892574e-05], [0.6415769334199637, 0.20162501443770045, 0.11930476882233759, 0.03749328331999822], [0.5830991363298056, 0.01676907886515876, 0.3889462589080324, 0.011185525897003223], [0.033466553076807036, 0.11196304866614226, 0.1966554624944111, 0.6579149357626394], [0.03889204726168125, 0.0025654253598462328, 0.8992270613664196, 0.059315466012053106], [0.09505400038309618, 0.4547050933931147, 0.07784718753575173, 0.37239371868803733], [0.29380980905796583, 0.16237869840177943, 0.3502437000802318, 0.1935677924600228], [0.06226863624765728, 0.9336846043508356, 0.00025301005999319706, 0.0037937493415140765], [0.8934549184884966, 0.046989798834794864, 0.056579572673793314, 0.0029757100029154247], [0.06639241040139472, 0.9123276097731269, 0.0014435478224453196, 0.019836432003033203], [0.044814769245214436, 0.1513608290724218, 0.18362734908926337, 0.6201970525931005], [0.29520822215554005, 0.44466307196380345, 0.10379120450409474, 0.15633750137656185], [0.5300164147495658, 0.006737569539643285, 0.45743115017430613, 0.005814865536484637], [0.5819430882861243, 0.2691315738403881, 0.10183133737010379, 0.04709400050338398]], "state_values": [2.657693941735903, 4.419074034095364, 3.331533963661568, 4.927332232404569, 4.938202051050325, 4.168967755281589, 4.755240412025882, -3.8864356443886314, 1.6906703720272733, 3.377176449248318, 1.671527092355249, -2.761425463498149, 2.455392466205512, 4.445672964923418, 2.088696174043029, 4.096755929277101], "value_grad": [-0.19404029846191406, 0.4625277519226074, 0.6359758377075195, 0.20592021942138672, -0.053460121154785156, -0.5330157279968262, -0.314028263092041, -0.38372373580932617, 0.27125978469848633, -0.28551578521728516, -0.3211550712585449, -0.1900801658630371, -0.37699222564697266, -0.23601579666137695, -0.5694479942321777, 0.7520041465759277], "action_grad": [[0.0, 0.0, 0.0], [0.0, 0.0, 0.0], [0.0, 0.0, 0.0], [0.0, 0.0, 0.0], [0.0, 0.0, 0.0], [0.0, 0.0, 0.0], [0.0, 0.0, 0.0], [0.0, 0.0, 0.0], [0.0, 0.0, 0.0], [0.0, 0.0, 0.0], [0.0, 0.0, 0.0], [0.0, 0.0, 0.0], [0.0, 0.0, 0.0], [0.0, 0.0, 0.0], [0.0, 0.0, 0.0], [0.0, 0.0, 0.0]], "action_params_change": 0, "value_params_change": 0.49999999335110035}
{"iterations": 1, "type_itr": 0, "sub_iteration": 1, "sub_it_time": 0.28095149993896484, "total_time": 0.5746512413024902, "value_loss": 2.896739959716797, "action_loss": -1.9564340114593506, "action_probs": [[0.02607732176259168, 0.0006044831425941904, 0.9512674214156819, 0.02205077367913241], [0.0009294446692958002, 0.0005434207664444532, 0.6301157592862623, 0.36841137527799744], [0.9630372066735453, 0.0004996773434749847, 0.03644420669862189, 1.8909284357892574e-05], [0.6415769334199637, 0.20162501443770045, 0.11930476882233759, 0.03749328331999822], [0.5830991363298056, 0.01676907886515876, 0.3889462589080324, 0.011185525897003223], [0.033466553076807036, 0.11196304866614226, 0.1966554624944111, 0.6579149357626394], [0.03889204726168125, 0.0025654253598462328, 0.8992270613664196, 0.059315466012053106], [0.09505400038309618, 0.4547050933931147, 0.07784718753575173, 0.37239371868803733], [0.29380980905796583, 0.16237869840177943, 0.3502437000802318, 0.1935677924600228], [0.06226863624765728, 0.9336846043508356, 0.00025301005999319706, 0.0037937493415140765], [0.8934549184884966, 0.046989798834794864, 0.056579572673793314, 0.0029757100029154247], [0.06639241040139472, 0.9123276097731269, 0.0014435478224453196, 0.019836432003033203], [0.044814769245214436, 0.1513608290724218, 0.18362734908926337, 0.6201970525931005], [0.29520822215554005, 0.44466307196380345, 0.10379120450409474, 0.15633750137656185], [0.5300164147495658, 0.006737569539643285, 0.45743115017430613, 0.005814865536484637], [0.5819430882861243, 0.2691315738403881, 0.10183133737010379, 0.04709400050338398]], "state_values": [2.211743774152705, 3.7070003018999547, 4.122323752235365, 4.563641721553195, 4.590340017961125, 4.233847960498756, 4.236291438177666, -3.146752951561134, 2.1373614107790586, 3.1224745737263278, 2.353302967423393, -2.3236263578895398, 1.3831355816649549, 3.7794797886306304, 2.33121347795297, 3.259164517290916], "value_grad": [0.437579870223999, 0.41104769706726074, 0.3892679214477539, 0.21304821968078613, -0.06296396255493164, 0.39441633224487305, -0.23720431327819824, -0.10177206993103027, -0.5745961666107178, 0.4486680030822754, 0.030492067337036133, 0.06177544593811035, -0.18849611282348633, -0.5235121250152588, 0.3223443031311035, 0.8723881244659424], "action_grad": [[0.0, 0.0, 0.0], [0.0, 0.0, 0.0], [0.0, 0.0, 0.0], [0.0, 0.0, 0.0], [0.0, 0.0, 0.0], [0.0, 0.0, 0.0], [0.0, 0.0, 0.0], [0.0, 0.0, 0.0], [0.0, 0.0, 0.0], [0.0, 0.0, 0.0], [0.0, 0.0, 0.0], [0.0, 0.0, 0.0], [0.0, 0.0, 0.0], [0.0, 0.0, 0.0], [0.0, 0.0, 0.0], [0.0, 0.0, 0.0]], "action_params_change": 0, "value_params_change": 0.5005590228897474}
{"iterations": 1, "type_itr": 0, "sub_iteration": 2, "sub_it_time": 0.27959227561950684, "total_time": 0.8558595180511475, "value_loss": 1.891296148300171, "action_loss": -1.8472986221313477, "action_probs": [[0.02607732176259168, 0.0006044831425941904, 0.9512674214156819, 0.02205077367913241], [0.0009294446692958002, 0.0005434207664444532, 0.6301157592862623, 0.36841137527799744], [0.9630372066735453, 0.0004996773434749847, 0.03644420669862189, 1.8909284357892574e-05], [0.6415769334199637, 0.20162501443770045, 0.11930476882233759, 0.03749328331999822], [0.5830991363298056, 0.01676907886515876, 0.3889462589080324, 0.011185525897003223], [0.033466553076807036, 0.11196304866614226, 0.1966554624944111, 0.6579149357626394], [0.03889204726168125, 0.0025654253598462328, 0.8992270613664196, 0.059315466012053106], [0.09505400038309618, 0.4547050933931147, 0.07784718753575173, 0.37239371868803733], [0.29380980905796583, 0.16237869840177943, 0.3502437000802318, 0.1935677924600228], [0.06226863624765728, 0.9336846043508356, 0.00025301005999319706, 0.0037937493415140765], [0.8934549184884966, 0.046989798834794864, 0.056579572673793314, 0.0029757100029154247], [0.06639241040139472, 0.9123276097731269, 0.0014435478224453196, 0.019836432003033203], [0.044814769245214436, 0.1513608290724218, 0.18362734908926337, 0.6201970525931005], [0.29520822215554005, 0.44466307196380345, 0.10379120450409474, 0.15633750137656185], [0.5300164147495658, 0.006737569539643285, 0.45743115017430613, 0.005814865536484637], [0.5819430882861243, 0.2691315738403881, 0.10183133737010379, 0.04709400050338398]], "state_values": [1.5909263827029805, 3.105046834482778, 4.622856537811767, 4.106679425457184, 4.112330553491108, 4.461435615594878, 3.4598506145362524, -2.3245530506022303, 2.4126789490292118, 3.3897344125097852, 2.315591380446073, -2.812004968578859, 1.2330288250111203, 2.8872186485114346, 2.3283929503198015, 2.218587796372197], "value_grad": [0.1995840072631836, -0.09741592407226562, 0.1326601505279541, -0.013068199157714844, -0.3762003183364868, -0.35996413230895996, -0.26017189025878906, -0.1037520170211792, 0.05068778991699219, -0.4922279119491577, 0.25462794303894043, 0.4490640163421631, 0.3663003444671631, -0.6609238386154175, 0.1738436222076416, 1.0937517881393433], "action_grad": [[0.0, 0.0, 0.0], [0.0, 0.0, 0.0], [0.0, 0.0, 0.0], [0.0, 0.0, 0.0], [0.0, 0.0, 0.0], [0.0, 0.0, 0.0], [0.0, 0.0, 0.0], [0.0, 0.0, 0.0], [0.0, 0.0, 0.0], [0.0, 0.0, 0.0], [0.0, 0.0, 0.0], [0.0, 0.0, 0.0], [0.0, 0.0, 0.0], [0.0, 0.0, 0.0], [0.0, 0.0, 0.0], [0.0, 0.0, 0.0]], "action_params_change": 0, "value_params_change": 0.5005122644512867}
{"iterations": 1, "type_itr": 0, "sub_iteration": 3, "sub_it_time": 0.2809140682220459, "total_time": 1.1386232376098633, "value_loss": 1.7261641025543213, "action_loss": -1.6936286687850952, "action_probs": [[0.02607732176259168, 0.0006044831425941904, 0.9512674214156819, 0.02205077367913241], [0.0009294446692958002, 0.0005434207664444532, 0.6301157592862623, 0.36841137527799744], [0.9630372066735453, 0.0004996773434749847, 0.03644420669862189, 1.8909284357892574e-05], [0.6415769334199637, 0.20162501443770045, 0.11930476882233759, 0.03749328331999822], [0.5830991363298056, 0.01676907886515876, 0.3889462589080324, 0.011185525897003223], [0.033466553076807036, 0.11196304866614226, 0.1966554624944111, 0.6579149357626394], [0.03889204726168125, 0.0025654253598462328, 0.8992270613664196, 0.059315466012053106], [0.09505400038309618, 0.4547050933931147, 0.07784718753575173, 0.37239371868803733], [0.29380980905796583, 0.16237869840177943, 0.3502437000802318, 0.1935677924600228], [0.06226863624765728, 0.9336846043508356, 0.00025301005999319706, 0.0037937493415140765], [0.8934549184884966, 0.046989798834794864, 0.056579572673793314, 0.0029757100029154247], [0.06639241040139472, 0.9123276097731269, 0.0014435478224453196, 0.019836432003033203], [0.044814769245214436, 0.1513608290724218, 0.18362734908926337, 0.6201970525931005], [0.29520822215554005, 0.44466307196380345, 0.10379120450409474, 0.15633750137656185], [0.5300164147495658, 0.006737569539643285, 0.45743115017430613, 0.005814865536484637], [0.5819430882861243, 0.2691315738403881, 0.10183133737010379, 0.04709400050338398]], "state_values": [1.4707592072026723, 2.5310208038446946, 4.773394739196532, 3.588452075442645, 3.4290972371512307, 4.396511494005783, 2.830489387534836, -1.538163673620723, 2.712977692169816, 3.4547671151896746, 2.0825191844875874, -3.353331511043829, 1.2398729334421799, 1.8536698125834663, 1.8494381721542326, 1.0976919360999733], "value_grad": [-0.2894761562347412, 0.01742398738861084, -0.38134801387786865, 0.022968053817749023, -0.19562411308288574, 0.5757842063903809, 0.11325597763061523, -0.02732396125793457, -0.0875159502029419, 0.19562387466430664, 0.13463985919952393, 0.18097186088562012, 0.10335564613342285, -0.32234370708465576, 0.7092359066009521, 0.48272407054901123], "action_grad": [[0.0, 0.0, 0.0], [0.0, 0.0, 0.0], [0.0, 0.0, 0.0], [0.0, 0.0, 0.0], [0.0, 0.0, 0.0], [0.0, 0.0, 0.0], [0.0, 0.0, 0.0], [0.0, 0.0, 0.0], [0.0, 0.0, 0.0], [0.0, 0.0, 0.0], [0.0, 0.0, 0.0], [0.0, 0.0, 0.0], [0.0, 0.0, 0.0], [0.0, 0.0, 0.0], [0.0, 0.0, 0.0], [0.0, 0.0, 0.0]], "action_params_change": 0, "value_params_change": 0.4768028688980319}
{"iterations": 1, "type_itr": 0, "sub_iteration": 4, "sub_it_time": 0.28017616271972656, "total_time": 1.4204816818237305, "value_loss": 1.4659920930862427, "action_loss": -1.490045428276062, "action_probs": [[0.02607732176259168, 0.0006044831425941904, 0.9512674214156819, 0.02205077367913241], [0.0009294446692958002, 0.0005434207664444532, 0.6301157592862623, 0.36841137527799744], [0.9630372066735453, 0.0004996773434749847, 0.03644420669862189, 1.8909284357892574e-05], [0.6415769334199637, 0.20162501443770045, 0.11930476882233759, 0.03749328331999822], [0.5830991363298056, 0.01676907886515876, 0.3889462589080324, 0.011185525897003223], [0.033466553076807036, 0.11196304866614226, 0.1966554624944111, 0.6579149357626394], [0.03889204726168125, 0.0025654253598462328, 0.8992270613664196, 0.059315466012053106], [0.09505400038309618, 0.4547050933931147, 0.07784718753575173, 0.37239371868803733], [0.29380980905796583, 0.16237869840177943, 0.3502437000802318, 0.1935677924600228], [0.06226863624765728, 0.9336846043508356, 0.00025301005999319706, 0.0037937493415140765], [0.8934549184884966, 0.046989798834794864, 0.056579572673793314, 0.0029757100029154247], [0.06639241040139472, 0.9123276097731269, 0.0014435478224453196, 0.019836432003033203], [0.044814769245214436, 0.1513608290724218, 0.18362734908926337, 0.6201970525931005], [0.29520822215554005, 0.44466307196380345, 0.10379120450409474, 0.15633750137656185], [0.5300164147495658, 0.006737569539643285, 0.45743115017430613, 0.005814865536484637], [0.5819430882861243, 0.2691315738403881, 0.10183133737010379, 0.04709400050338398]], "state_values": [1.2379907839779885, 2.0592191109760694, 4.876429110233418, 2.9329751815879646, 2.548280658584549, 4.2127913692155445, 2.1776174953471297, -1.3312409719493037, 2.8643246550055985, 3.2708179341365424, 1.416194369825271, -3.5155161046171095, 1.2258222859965817, 0.8789016067393156, 1.2020928491084915, -0.064761605534674], "value_grad": [0.12196803092956543, -0.05068802833557129, 0.02811610698699951, 0.09741604328155518, -0.4589639902114868, 0.3769921064376831, -0.05227208137512207, 0.27759599685668945, 0.10454404354095459, 0.3912479877471924, 0.9694079160690308, -0.25621187686920166, -0.017027854919433594, -0.02653193473815918, 0.4249080419540405, 0.5528160333633423], "action_grad": [[0.0, 0.0, 0.0], [0.0, 0.0, 0.0], [0.0, 0.0, 0.0], [0.0, 0.0, 0.0], [0.0, 0.0, 0.0], [0.0, 0.0, 0.0], [0.0, 0.0, 0.0], [0.0, 0.0, 0.0], [0.0, 0.0, 0.0], [0.0, 0.0, 0.0], [0.0, 0.0, 0.0], [0.0, 0.0, 0.0], [0.0, 0.0, 0.0], [0.0, 0.0, 0.0], [0.0, 0.0, 0.0], [0.0, 0.0, 0.0]], "action_params_change": 0, "value_params_change": 0.4685879452324211}
{"iterations": 1, "type_itr": 0, "sub_iteration": 5, "sub_it_time": 0.28209376335144043, "total_time": 1.704275131225586, "value_loss": 1.8148682117462158, "action_loss": -1.2230383157730103, "action_probs": [[0.02607732176259168, 0.0006044831425941904, 0.9512674214156819, 0.02205077367913241], [0.0009294446692958002, 0.0005434207664444532, 0.6301157592862623, 0.36841137527799744], [0.9630372066735453, 0.0004996773434749847, 0.03644420669862189, 1.8909284357892574e-05], [0.6415769334199637, 0.20162501443770045, 0.11930476882233759, 0.03749328331999822], [0.5830991363298056, 0.01676907886515876, 0.3889462589080324, 0.011185525897003223], [0.033466553076807036, 0.11196304866614226, 0.1966554624944111, 0.6579149357626394], [0.03889204726168125, 0.0025654253598462328, 0.8992270613664196, 0.059315466012053106], [0.09505400038309618, 0.4547050933931147, 0.07784718753575173, 0.37239371868803733], [0.29380980905796583, 0.16237869840177943, 0.3502437000802318, 0.1935677924600228], [0.06226863624765728, 0.9336846043508356, 0.00025301005999319706, 0.0037937493415140765], [0.8934549184884966, 0.046989798834794864, 0.056579572673793314, 0.0029757100029154247], [0.06639241040139472, 0.9123276097731269, 0.0014435478224453196, 0.019836432003033203], [0.044814769245214436, 0.1513608290724218, 0.18362734908926337, 0.6201970525931005], [0.29520822215554005, 0.44466307196380345, 0.10379120450409474, 0.15633750137656185], [0.5300164147495658, 0.006737569539643285, 0.45743115017430613, 0.005814865536484637], [0.5819430882861243, 0.2691315738403881, 0.10183133737010379, 0.04709400050338398]], "state_values": [0.8597178155956463, 2.0206870660363907, 4.924374414513917, 2.925239641646132, 1.664333019002463, 3.9503824762839503, 1.8327305776214344, -0.9391538809288285, 2.9644577746221032, 3.001757351160093, 0.7368869449523066, -3.4309867712265385, 0.9036255785963897, 0.06942846489314922, 0.44124256191483135, -1.219926938794654], "value_grad": [0.18136799335479736, -0.3924359083175659, -0.125136137008667, -0.35125207901000977, -0.024947643280029297, 0.2443321943283081, 0.18532788753509521, -0.18493211269378662, 0.033660292625427246, 0.18018031120300293, 0.14454007148742676, -0.28868377208709717, -0.3175920248031616, 0.0827639102935791, 0.38214004039764404, 0.6046922206878662], "action_grad": [[0.0, 0.0, 0.0], [0.0, 0.0, 0.0], [0.0, 0.0, 0.0], [0.0, 0.0, 0.0], [0.0, 0.0, 0.0], [0.0, 0.0, 0.0], [0.0, 0.0, 0.0], [0.0, 0.0, 0.0], [0.0, 0.0, 0.0], [0.0, 0.0, 0.0], [0.0, 0.0, 0.0], [0.0, 0.0, 0.0], [0.0, 0.0, 0.0], [0.0, 0.0, 0.0], [0.0, 0.0, 0.0], [0.0, 0.0, 0.0]], "action_params_change": 0, "value_params_change": 0.4670412817145482}
{"iterations": 1, "type_itr": 0, "sub_iteration": 6, "sub_it_time": 0.2797849178314209, "total_time": 1.9857454299926758, "value_loss": 1.7629921436309814, "action_loss": -0.9898079037666321, "action_probs": [[0.02607732176259168, 0.0006044831425941904, 0.9512674214156819, 0.02205077367913241], [0.0009294446692958002, 0.0005434207664444532, 0.6301157592862623, 0.36841137527799744], [0.9630372066735453, 0.0004996773434749847, 0.03644420669862189, 1.8909284357892574e-05], [0.6415769334199637, 0.20162501443770045, 0.11930476882233759, 0.03749328331999822], [0.5830991363298056, 0.01676907886515876, 0.3889462589080324, 0.011185525897003223], [0.033466553076807036, 0.11196304866614226, 0.1966554624944111, 0.6579149357626394], [0.03889204726168125, 0.0025654253598462328, 0.8992270613664196, 0.059315466012053106], [0.09505400038309618, 0.4547050933931147, 0.07784718753575173, 0.37239371868803733], [0.29380980905796583, 0.16237869840177943, 0.3502437000802318, 0.1935677924600228], [0.06226863624765728, 0.9336846043508356, 0.00025301005999319706, 0.0037937493415140765], [0.8934549184884966, 0.046989798834794864, 0.056579572673793314, 0.0029757100029154247], [0.06639241040139472, 0.9123276097731269, 0.0014435478224453196, 0.019836432003033203], [0.044814769245214436, 0.1513608290724218, 0.18362734908926337, 0.6201970525931005], [0.29520822215554005, 0.44466307196380345, 0.10379120450409474, 0.15633750137656185], [0.5300164147495658, 0.006737569539643285, 0.45743115017430613, 0.005814865536484637], [0.5819430882861243, 0.2691315738403881, 0.10183133737010379, 0.04709400050338398]], "state_values": [0.3849885015292839, 2.2394520457372775, 4.957788929869514, 3.1774840965538367, 1.5641030315032654, 3.509724294143644, 2.1618056483374977, -0.693994261924601, 2.794827286614496, 2.6726842810696705, -0.07996737424981916, -3.4004186617355994, 0.40544024846552085, -0.45428597170004553, -0.41375799567825294, -2.195175441241527], "value_grad": [0.15443992614746094, -0.3567962646484375, 0.011088252067565918, -0.2819521427154541, 0.6926040649414062, 0.6177599430084229, 0.8232841491699219, 0.08355581760406494, 0.35362792015075684, 0.14097583293914795, 0.5029197931289673, 0.06217193603515625, -0.2601720094680786, 0.24868810176849365, 0.43361997604370117, 0.061775803565979004], "action_grad": [[0.0, 0.0, 0.0], [0.0, 0.0, 0.0], [0.0, 0.0, 0.0], [0.0, 0.0, 0.0], [0.0, 0.0, 0.0], [0.0, 0.0, 0.0], [0.0, 0.0, 0.0], [0.0, 0.0, 0.0], [0.0, 0.0, 0.0], [0.0, 0.0, 0.0], [0.0, 0.0, 0.0], [0.0, 0.0, 0.0], [0.0, 0.0, 0.0], [0.0, 0.0, 0.0], [0.0, 0.0, 0.0], [0.0, 0.0, 0.0]], "action_params_change": 0, "value_params_change": 0.41610223423767057}
{"iterations": 1, "type_itr": 0, "sub_iteration": 7, "sub_it_time": 0.28328514099121094, "total_time": 2.270742893218994, "value_loss": 1.4442121982574463, "action_loss": -0.7920563817024231, "action_probs": [[0.02607732176259168, 0.0006044831425941904, 0.9512674214156819, 0.02205077367913241], [0.0009294446692958002, 0.0005434207664444532, 0.6301157592862623, 0.36841137527799744], [0.9630372066735453, 0.0004996773434749847, 0.03644420669862189, 1.8909284357892574e-05], [0.6415769334199637, 0.20162501443770045, 0.11930476882233759, 0.03749328331999822], [0.5830991363298056, 0.01676907886515876, 0.3889462589080324, 0.011185525897003223], [0.033466553076807036, 0.11196304866614226, 0.1966554624944111, 0.6579149357626394], [0.03889204726168125, 0.0025654253598462328, 0.8992270613664196, 0.059315466012053106], [0.09505400038309618, 0.4547050933931147, 0.07784718753575173, 0.37239371868803733], [0.29380980905796583, 0.16237869840177943, 0.3502437000802318, 0.1935677924600228], [0.06226863624765728, 0.9336846043508356, 0.00025301005999319706, 0.0037937493415140765], [0.8934549184884966, 0.046989798834794864, 0.056579572673793314, 0.0029757100029154247], [0.06639241040139472, 0.9123276097731269, 0.0014435478224453196, 0.019836432003033203], [0.044814769245214436, 0.1513608290724218, 0.18362734908926337, 0.6201970525931005], [0.29520822215554005, 0.44466307196380345, 0.10379120450409474, 0.15633750137656185], [0.5300164147495658, 0.006737569539643285, 0.45743115017430613, 0.005814865536484637], [0.5819430882861243, 0.2691315738403881, 0.10183133737010379, 0.04709400050338398]], "state_values": [-0.22458235214037622, 1.9647000415500224, 4.939971206397331, 3.5854825822592344, 1.7365635225048366, 2.9180729353298913, 2.3998953533774783, -0.7339817142679406, 2.551377159271276, 2.2439862851990786, -1.015470487216346, -3.2680469400189653, 0.13355438600513306, -0.5935696765338899, -0.8288302585629919, -2.9426005127294124], "value_grad": [0.23918390274047852, 0.8652598857879639, -0.4653000831604004, -0.3195720911026001, 0.446688175201416, 0.4906439781188965, -0.07563614845275879, 0.22690808773040771, 0.13107597827911377, 0.2193838357925415, 0.7567559480667114, -0.1532520055770874, 0.18255627155303955, 0.4775758981704712, -0.5714281797409058, -0.1239480972290039], "action_grad": [[0.0, 0.0, 0.0], [0.0, 0.0, 0.0], [0.0, 0.0, 0.0], [0.0, 0.0, 0.0], [0.0, 0.0, 0.0], [0.0, 0.0, 0.0], [0.0, 0.0, 0.0], [0.0, 0.0, 0.0], [0.0, 0.0, 0.0], [0.0, 0.0, 0.0], [0.0, 0.0, 0.0], [0.0, 0.0, 0.0], [0.0, 0.0, 0.0], [0.0, 0.0, 0.0], [0.0, 0.0, 0.0], [0.0, 0.0, 0.0]], "action_params_change": 0, "value_params_change": 0.3770453754383971}
{"iterations": 1, "type_itr": 0, "sub_iteration": 8, "sub_it_time": 0.2799818515777588, "total_time": 2.5523369312286377, "value_loss": 1.203444004058838, "action_loss": -0.6259806156158447, "action_probs": [[0.02607732176259168, 0.0006044831425941904, 0.9512674214156819, 0.02205077367913241], [0.0009294446692958002, 0.0005434207664444532, 0.6301157592862623, 0.36841137527799744], [0.9630372066735453, 0.0004996773434749847, 0.03644420669862189, 1.8909284357892574e-05], [0.6415769334199637, 0.20162501443770045, 0.11930476882233759, 0.03749328331999822], [0.5830991363298056, 0.01676907886515876, 0.3889462589080324, 0.011185525897003223], [0.033466553076807036, 0.11196304866614226, 0.1966554624944111, 0.6579149357626394], [0.03889204726168125, 0.0025654253598462328, 0.8992270613664196, 0.059315466012053106], [0.09505400038309618, 0.4547050933931147, 0.07784718753575173, 0.37239371868803733], [0.29380980905796583, 0.16237869840177943, 0.3502437000802318, 0.1935677924600228], [0.06226863624765728, 0.9336846043508356, 0.00025301005999319706, 0.0037937493415140765], [0.8934549184884966, 0.046989798834794864, 0.056579572673793314, 0.0029757100029154247], [0.06639241040139472, 0.9123276097731269, 0.0014435478224453196, 0.019836432003033203], [0.044814769245214436, 0.1513608290724218, 0.18362734908926337, 0.6201970525931005], [0.29520822215554005, 0.44466307196380345, 0.10379120450409474, 0.15633750137656185], [0.5300164147495658, 0.006737569539643285, 0.45743115017430613, 0.005814865536484637], [0.5819430882861243, 0.2691315738403881, 0.10183133737010379, 0.04709400050338398]], "state_values": [-0.3929643892340833, 1.7501583565370213, 4.904289696505163, 3.9973778831674687, 2.097484574074236, 2.2230222773790342, 2.6059412518831944, -0.537392863237364, 2.3991944415459634, 1.6890559830364047, -1.7832661095294555, -3.125002640590783, -0.38819663632791557, -0.7219335660509373, -1.3431557477668663, -3.6095384246183206], "value_grad": [-0.39362406730651855, -0.07286393642425537, -0.15206396579742432, -0.1698840856552124, 0.44708383083343506, 0.3171958923339844, 0.0007920265197753906, -0.23759984970092773, -0.09741616249084473, 0.29145586490631104, -0.07959604263305664, -0.031284213066101074, -0.4348081350326538, -0.00910806655883789, 0.389268159866333, 0.39837586879730225], "action_grad": [[0.0, 0.0, 0.0], [0.0, 0.0, 0.0], [0.0, 0.0, 0.0], [0.0, 0.0, 0.0], [0.0, 0.0, 0.0], [0.0, 0.0, 0.0], [0.0, 0.0, 0.0], [0.0, 0.0, 0.0], [0.0, 0.0, 0.0], [0.0, 0.0, 0.0], [0.0, 0.0, 0.0], [0.0, 0.0, 0.0], [0.0, 0.0, 0.0], [0.0, 0.0, 0.0], [0.0, 0.0, 0.0], [0.0, 0.0, 0.0]], "action_params_change": 0, "value_params_change": 0.35465605257316657}
{"iterations": 1, "type_itr": 0, "sub_iteration": 9, "sub_it_time": 0.28366899490356445, "total_time": 2.837639093399048, "value_loss": 1.422827959060669, "action_loss": -0.47466516494750977, "action_probs": [[0.02607732176259168, 0.0006044831425941904, 0.9512674214156819, 0.02205077367913241], [0.0009294446692958002, 0.0005434207664444532, 0.6301157592862623, 0.36841137527799744], [0.9630372066735453, 0.0004996773434749847, 0.03644420669862189, 1.8909284357892574e-05], [0.6415769334199637, 0.20162501443770045, 0.11930476882233759, 0.03749328331999822], [0.5830991363298056, 0.01676907886515876, 0.3889462589080324, 0.011185525897003223], [0.033466553076807036, 0.11196304866614226, 0.1966554624944111, 0.6579149357626394], [0.03889204726168125, 0.0025654253598462328, 0.8992270613664196, 0.059315466012053106], [0.09505400038309618, 0.4547050933931147, 0.07784718753575173, 0.37239371868803733], [0.29380980905796583, 0.16237869840177943, 0.3502437000802318, 0.1935677924600228], [0.06226863624765728, 0.9336846043508356, 0.00025301005999319706, 0.0037937493415140765], [0.8934549184884966, 0.046989798834794864, 0.056579572673793314, 0.0029757100029154247], [0.06639241040139472, 0.9123276097731269, 0.0014435478224453196, 0.019836432003033203], [0.044814769245214436, 0.1513608290724218, 0.18362734908926337, 0.6201970525931005], [0.29520822215554005, 0.44466307196380345, 0.10379120450409474, 0.15633750137656185], [0.5300164147495658, 0.006737569539643285, 0.45743115017430613, 0.005814865536484637], [0.5819430882861243, 0.2691315738403881, 0.10183133737010379, 0.04709400050338398]], "state_values": [-0.4537757208261314, 1.4506107889813422, 4.855097834893809, 4.4215030647262115, 2.114341846756552, 1.5716294879551265, 2.5313367146989294, -0.7016002569182214, 1.909078251911319, 1.2111054493117543, -2.207741231134182, -2.7958753026477186, -0.7226043024102893, -0.3948220682790538, -1.9615924176568718, -4.062362366276372], "value_grad": [-0.11682009696960449, 0.22809600830078125, -0.07326006889343262, -0.3789719343185425, -0.6106323003768921, -0.043559908866882324, -0.4997518062591553, 0.38411974906921387, 0.7813080549240112, -0.060191988945007324, -0.5136120319366455, -0.31640398502349854, 0.17067623138427734, 1.0078201293945312, 0.5338081121444702, -0.23918402194976807], "action_grad": [[0.0, 0.0, 0.0], [0.0, 0.0, 0.0], [0.0, 0.0, 0.0], [0.0, 0.0, 0.0], [0.0, 0.0, 0.0], [0.0, 0.0, 0.0], [0.0, 0.0, 0.0], [0.0, 0.0, 0.0], [0.0, 0.0, 0.0], [0.0, 0.0, 0.0], [0.0, 0.0, 0.0], [0.0, 0.0, 0.0], [0.0, 0.0, 0.0], [0.0, 0.0, 0.0], [0.0, 0.0, 0.0], [0.0, 0.0, 0.0]], "action_params_change": 0, "value_params_change": 0.3171446247024955}
{"iterations": 1, "type_itr": 0, "sub_iteration": 10, "sub_it_time": 0.2809724807739258, "total_time": 3.1202964782714844, "value_loss": 1.7237880229949951, "action_loss": -0.3290364742279053, "action_probs": [[0.02607732176259168, 0.0006044831425941904, 0.9512674214156819, 0.02205077367913241], [0.0009294446692958002, 0.0005434207664444532, 0.6301157592862623, 0.36841137527799744], [0.9630372066735453, 0.0004996773434749847, 0.03644420669862189, 1.8909284357892574e-05], [0.6415769334199637, 0.20162501443770045, 0.11930476882233759, 0.03749328331999822], [0.5830991363298056, 0.01676907886515876, 0.3889462589080324, 0.011185525897003223], [0.033466553076807036, 0.11196304866614226, 0.1966554624944111, 0.6579149357626394], [0.03889204726168125, 0.0025654253598462328, 0.8992270613664196, 0.059315466012053106], [0.09505400038309618, 0.4547050933931147, 0.07784718753575173, 0.37239371868803733], [0.29380980905796583, 0.16237869840177943, 0.3502437000802318, 0.1935677924600228], [0.06226863624765728, 0.9336846043508356, 0.00025301005999319706, 0.0037937493415140765], [0.8934549184884966, 0.046989798834794864, 0.056579572673793314, 0.0029757100029154247], [0.06639241040139472, 0.9123276097731269, 0.0014435478224453196, 0.019836432003033203], [0.044814769245214436, 0.1513608290724218, 0.18362734908926337, 0.6201970525931005], [0.29520822215554005, 0.44466307196380345, 0.10379120450409474, 0.15633750137656185], [0.5300164147495658, 0.006737569539643285, 0.45743115017430613, 0.005814865536484637], [0.5819430882861243, 0.2691315738403881, 0.10183133737010379, 0.04709400050338398]], "state_values": [-0.502307965505076, 1.1024046508609728, 4.853821143471803, 4.73972965870094, 2.031910180065963, 0.7821430085243573, 2.389860589880856, -0.7939222294812279, 1.3471879045623518, 0.7187820941299095, -2.4279675921903117, -2.2999055322237782, -0.8228955202104005, -0.1772599153552985, -2.482190151849499, -4.349481838343839], "value_grad": [-0.007919907569885254, 0.16117215156555176, 0.3235318660736084, -0.1405799388885498, -0.23126399517059326, 0.5536080598831177, -0.15681612491607666, -0.0665278434753418, 0.2150280475616455, 0.08870410919189453, -0.3920400142669678, -0.3239278793334961, 0.2779918909072876, -0.18453609943389893, -0.015048027038574219, -0.30293989181518555], "action_grad": [[0.0, 0.0, 0.0], [0.0, 0.0, 0.0], [0.0, 0.0, 0.0], [0.0, 0.0, 0.0], [0.0, 0.0, 0.0], [0.0, 0.0, 0.0], [0.0, 0.0, 0.0], [0.0, 0.0, 0.0], [0.0, 0.0, 0.0], [0.0, 0.0, 0.0], [0.0, 0.0, 0.0], [0.0, 0.0, 0.0], [0.0, 0.0, 0.0], [0.0, 0.0, 0.0], [0.0, 0.0, 0.0], [0.0, 0.0, 0.0]], "action_params_change": 0, "value_params_change": 0.3253455616753338}
{"iterations": 1, "type_itr": 0, "sub_iteration": 11, "sub_it_time": 0.2829580307006836, "total_time": 3.405031204223633, "value_loss": 1.8560521602630615, "action_loss": -0.23266907036304474, "action_probs": [[0.02607732176259168, 0.0006044831425941904, 0.9512674214156819, 0.02205077367913241], [0.0009294446692958002, 0.0005434207664444532, 0.6301157592862623, 0.36841137527799744], [0.9630372066735453, 0.0004996773434749847, 0.03644420669862189, 1.8909284357892574e-05], [0.6415769334199637, 0.20162501443770045, 0.11930476882233759, 0.03749328331999822], [0.5830991363298056, 0.01676907886515876, 0.3889462589080324, 0.011185525897003223], [0.033466553076807036, 0.11196304866614226, 0.1966554624944111, 0.6579149357626394], [0.03889204726168125, 0.0025654253598462328, 0.8992270613664196, 0.059315466012053106], [0.09505400038309618, 0.4547050933931147, 0.07784718753575173, 0.37239371868803733], [0.29380980905796583, 0.16237869840177943, 0.3502437000802318, 0.1935677924600228], [0.06226863624765728, 0.9336846043508356, 0.00025301005999319706, 0.0037937493415140765], [0.8934549184884966, 0.046989798834794864, 0.056579572673793314, 0.0029757100029154247], [0.06639241040139472, 0.9123276097731269, 0.0014435478224453196, 0.019836432003033203], [0.044814769245214436, 0.1513608290724218, 0.18362734908926337, 0.6201970525931005], [0.29520822215554005, 0.44466307196380345, 0.10379120450409474, 0.15633750137656185], [0.5300164147495658, 0.006737569539643285, 0.45743115017430613, 0.005814865536484637], [0.5819430882861243, 0.2691315738403881, 0.10183133737010379, 0.04709400050338398]], "state_values": [-0.5400063457467156, 0.9283289643323342, 4.791200129501168, 4.910749945721076, 1.6196804341384572, 0.3468533737019476, 2.0624970390879485, -0.852781662172402, 0.5998720760261297, 0.14078268206419545, -2.432570428595756, -1.7062058837540526, -0.7578482041639306, -0.07706323960584335, -2.830591562353693, -4.559640595324188], "value_grad": [-0.007920265197753906, -0.28749608993530273, -0.43718385696411133, 0.06454801559448242, -1.0596959590911865, -0.617760419845581, -0.45936012268066406, -0.029700040817260742, 0.6324117183685303, 0.23086810111999512, -0.5591520071029663, -0.20077204704284668, 0.23918378353118896, -0.2332439422607422, -0.2609637975692749, -0.04593610763549805], "action_grad": [[0.0, 0.0, 0.0], [0.0, 0.0, 0.0], [0.0, 0.0, 0.0], [0.0, 0.0, 0.0], [0.0, 0.0, 0.0], [0.0, 0.0, 0.0], [0.0, 0.0, 0.0], [0.0, 0.0, 0.0], [0.0, 0.0, 0.0], [0.0, 0.0, 0.0], [0.0, 0.0, 0.0], [0.0, 0.0, 0.0], [0.0, 0.0, 0.0], [0.0, 0.0, 0.0], [0.0, 0.0, 0.0], [0.0, 0.0, 0.0]], "action_params_change": 0, "value_params_change": 0.3050897099936942}
{"iterations": 1, "type_itr": 0, "sub_iteration": 12, "sub_it_time": 0.2826566696166992, "total_time": 3.6894781589508057, "value_loss": 1.959408164024353, "action_loss": -0.13200940191745758, "action_probs": [[0.02607732176259168, 0.0006044831425941904, 0.9512674214156819, 0.02205077367913241], [0.0009294446692958002, 0.0005434207664444532, 0.6301157592862623, 0.36841137527799744], [0.9630372066735453, 0.0004996773434749847, 0.03644420669862189, 1.8909284357892574e-05], [0.6415769334199637, 0.20162501443770045, 0.11930476882233759, 0.03749328331999822], [0.5830991363298056, 0.01676907886515876, 0.3889462589080324, 0.011185525897003223], [0.033466553076807036, 0.11196304866614226, 0.1966554624944111, 0.6579149357626394], [0.03889204726168125, 0.0025654253598462328, 0.8992270613664196, 0.059315466012053106], [0.09505400038309618, 0.4547050933931147, 0.07784718753575173, 0.37239371868803733], [0.29380980905796583, 0.16237869840177943, 0.3502437000802318, 0.1935677924600228], [0.06226863624765728, 0.9336846043508356, 0.00025301005999319706, 0.0037937493415140765], [0.8934549184884966, 0.046989798834794864, 0.056579572673793314, 0.0029757100029154247], [0.06639241040139472, 0.9123276097731269, 0.0014435478224453196, 0.019836432003033203], [0.044814769245214436, 0.1513608290724218, 0.18362734908926337, 0.6201970525931005], [0.29520822215554005, 0.44466307196380345, 0.10379120450409474, 0.15633750137656185], [0.5300164147495658, 0.006737569539643285, 0.45743115017430613, 0.005814865536484637], [0.5819430882861243, 0.2691315738403881, 0.10183133737010379, 0.04709400050338398]], "state_values": [-0.5553640441835721, 0.8050742990110998, 4.662098417305039, 4.978312557072824, 1.1263676922168846, 0.11699792636170535, 1.568567238367273, -0.8831284071452387, -0.10911776786242575, -0.34452618867554297, -2.156558669338246, -1.0535036499469683, -0.803006173408568, -0.04067083781817055, -3.009009481695387, -4.6971737009947985], "value_grad": [-0.0249481201171875, -0.07286381721496582, -0.38649606704711914, 0.15166819095611572, -0.3476877212524414, -0.4126319885253906, -0.4807441234588623, -0.02811574935913086, 0.0494997501373291, -0.05979633331298828, -1.0058403015136719, -0.14533209800720215, -0.16394400596618652, -0.13424396514892578, -0.36392390727996826, -0.16830003261566162], "action_grad": [[0.0, 0.0, 0.0], [0.0, 0.0, 0.0], [0.0, 0.0, 0.0], [0.0, 0.0, 0.0], [0.0, 0.0, 0.0], [0.0, 0.0, 0.0], [0.0, 0.0, 0.0], [0.0, 0.0, 0.0], [0.0, 0.0, 0.0], [0.0, 0.0, 0.0], [0.0, 0.0, 0.0], [0.0, 0.0, 0.0], [0.0, 0.0, 0.0], [0.0, 0.0, 0.0], [0.0, 0.0, 0.0], [0.0, 0.0, 0.0]], "action_params_change": 0, "value_params_change": 0.2841787953360342}
{"iterations": 1, "type_itr": 0, "sub_iteration": 13, "sub_it_time": 0.27631711959838867, "total_time": 3.967426300048828, "value_loss": 2.068307876586914, "action_loss": -0.05543706193566322, "action_probs": [[0.02607732176259168, 0.0006044831425941904, 0.9512674214156819, 0.02205077367913241], [0.0009294446692958002, 0.0005434207664444532, 0.6301157592862623, 0.36841137527799744], [0.9630372066735453, 0.0004996773434749847, 0.03644420669862189, 1.8909284357892574e-05], [0.6415769334199637, 0.20162501443770045, 0.11930476882233759, 0.03749328331999822], [0.5830991363298056, 0.01676907886515876, 0.3889462589080324, 0.011185525897003223], [0.033466553076807036, 0.11196304866614226, 0.1966554624944111, 0.6579149357626394], [0.03889204726168125, 0.0025654253598462328, 0.8992270613664196, 0.059315466012053106], [0.09505400038309618, 0.4547050933931147, 0.07784718753575173, 0.37239371868803733], [0.29380980905796583, 0.16237869840177943, 0.3502437000802318, 0.1935677924600228], [0.06226863624765728, 0.9336846043508356, 0.00025301005999319706, 0.0037937493415140765], [0.8934549184884966, 0.046989798834794864, 0.056579572673793314, 0.0029757100029154247], [0.06639241040139472, 0.9123276097731269, 0.0014435478224453196, 0.019836432003033203], [0.044814769245214436, 0.1513608290724218, 0.18362734908926337, 0.6201970525931005], [0.29520822215554005, 0.44466307196380345, 0.10379120450409474, 0.15633750137656185], [0.5300164147495658, 0.006737569539643285, 0.45743115017430613, 0.005814865536484637], [0.5819430882861243, 0.2691315738403881, 0.10183133737010379, 0.04709400050338398]], "state_values": [-0.7707674407838699, 0.6910288664562843, 4.4295080067664925, 4.999516210001067, 0.4213051572046556, 0.04467568753926542, 1.006832813968816, -1.0645488128884444, -0.7254410169462948, -0.6051910585965886, -1.72106916811677, -0.5988767060055494, -0.7310177912829342, -0.19219068822344407, -2.9357650496565206, -4.714720430949588], "value_grad": [0.2882879972457886, 0.004751920700073242, -0.48945605754852295, 0.04791593551635742, -1.0767240524291992, -0.36154818534851074, -0.2399759292602539, 0.19998013973236084, -0.04751992225646973, -0.27086424827575684, -0.7104241847991943, 0.19641602039337158, 0.18097209930419922, -0.4787641763687134, -0.7729921340942383, -0.8735760450363159], "action_grad": [[0.0, 0.0, 0.0], [0.0, 0.0, 0.0], [0.0, 0.0, 0.0], [0.0, 0.0, 0.0], [0.0, 0.0, 0.0], [0.0, 0.0, 0.0], [0.0, 0.0, 0.0], [0.0, 0.0, 0.0], [0.0, 0.0, 0.0], [0.0, 0.0, 0.0], [0.0, 0.0, 0.0], [0.0, 0.0, 0.0], [0.0, 0.0, 0.0], [0.0, 0.0, 0.0], [0.0, 0.0, 0.0], [0.0, 0.0, 0.0]], "action_params_change": 0, "value_params_change": 0.2857254460531382}
