{"iterations": 0, "type_itr": 0, "sub_iteration": 0, "sub_it_time": 0, "total_time": 0, "value_loss": 0, "action_loss": 0, "action_probs": [[0.020091461847195714, 0.03214347457122209, 0.3645450137532906, 0.5832200498282916], [0.007162732706633634, 0.13652123118218953, 0.04268787353204075, 0.8136281625791361], [0.019352856753863886, 0.9804359269806506, 4.088501688085097e-06, 0.00020712776379742224], [0.031926910769784565, 0.03800789070676121, 0.4245970243198429, 0.5054681742036113], [0.0002249174684149978, 0.07989041917659734, 0.0025825034054633403, 0.9173021599495242], [0.31822848387032127, 0.005773582991800561, 0.663951929212483, 0.012046003925394915], [0.14302973388190052, 0.4924956292190748, 0.08202774169075462, 0.2824468952082702], [0.16753756206986797, 0.8307312708021548, 0.00029053849084155784, 0.0014406286371356756], [0.6213671548449113, 0.006729257416741005, 0.36791911190431215, 0.003984475834035359], [0.0006471500079790915, 0.0004354017576077796, 0.5971533696080594, 0.40176407862635366], [0.25018556509692824, 0.3861909074803128, 0.14295524993620706, 0.22066827748655182], [0.3689328883739157, 0.2040670092982988, 0.2749291609435247, 0.15207094138426075], [0.10589708705318204, 0.8469045004351299, 0.005245766237331688, 0.041952646274356326], [0.06436390631150879, 0.020882087727142746, 0.6906734070234197, 0.2240805989379287], [0.18753986427214595, 0.008233177407935778, 0.7704054312737554, 0.0338215270461629], [0.3524478855352559, 0.6125397424769806, 0.01278776651269617, 0.02222460547506709]], "state_values": [-3.0531182101160654, 3.5394942996768024, -1.9056573813727384, -4.876518058130126, -1.930880103990868, -3.143543999248633, 4.116688825312492, 1.0609916963353379, 0.7099181069672363, 3.7257110981880097, 4.84091954260038, 4.642551474923416, 4.613154010325651, -3.0882042408015957, 0.12618674067622754, 3.8633307282505758], "value_grad": [0.0, 0.0, 0.0, 0.0, 0.0, 0.0, 0.0, 0.0, 0.0, 0.0, 0.0, 0.0, 0.0, 0.0, 0.0, 0.0], "action_grad": [[0.0, 0.0, 0.0], [0.0, 0.0, 0.0], [0.0, 0.0, 0.0], [0.0, 0.0, 0.0], [0.0, 0.0, 0.0], [0.0, 0.0, 0.0], [0.0, 0.0, 0.0], [0.0, 0.0, 0.0], [0.0, 0.0, 0.0], [0.0, 0.0, 0.0], [0.0, 0.0, 0.0], [0.0, 0.0, 0.0], [0.0, 0.0, 0.0], [0.0, 0.0, 0.0], [0.0, 0.0, 0.0], [0.0, 0.0, 0.0]], "action_params_change": 0, "value_params_change": 0}
{"iterations": 1, "type_itr": 0, "sub_iteration": 0, "sub_it_time": 0.10088109970092773, "total_time": 0.10218667984008789, "value_loss": 10.555842332003303, "action_loss": -0.6074187189187988, "action_probs": [[0.020091461847195714, 0.03214347457122209, 0.3645450137532906, 0.5832200498282916], [0.007162732706633634, 0.13652123118218953, 0.04268787353204075, 0.8136281625791361], [0.019352856753863886, 0.9804359269806506, 4.088501688085097e-06, 0.00020712776379742224], [0.031926910769784565, 0.03800789070676121, 0.4245970243198429, 0.5054681742036113], [0.0002249174684149978, 0.07989041917659734, 0.0025825034054633403, 0.9173021599495242], [0.31822848387032127, 0.005773582991800561, 0.663951929212483, 0.012046003925394915], [0.14302973388190052, 0.4924956292190748, 0.08202774169075462, 0.2824468952082702], [0.16753756206986797, 0.8307312708021548, 0.00029053849084155784, 0.0014406286371356756], [0.6213671548449113, 0.006729257416741005, 0.36791911190431215, 0.003984475834035359], [0.0006471500079790915, 0.0004354017576077796, 0.5971533696080594, 0.40176407862635366], [0.25018556509692824, 0.3861909074803128, 0.14295524993620706, 0.22066827748655182], [0.3689328883739157, 0.2040670092982988, 0.2749291609435247, 0.15207094138426075], [0.10589708705318204, 0.8469045004351299, 0.005245766237331688, 0.041952646274356326], [0.06436390631150879, 0.020882087727142746, 0.6906734070234197, 0.2240805989379287], [0.18753986427214595, 0.008233177407935778, 0.7704054312737554, 0.0338215270461629], [0.3524478855352559, 0.6125397424769806, 0.01278776651269617, 0.02222460547506709]], "state_values": [-1.9785823647780405, 2.555735829228127, -0.7027645403956385, -4.451700329536923, -0.7297956495963728, -2.083861746595548, 3.2866382678201496, -0.1808404358772806, 1.91233599736188, 2.784912410107201, 4.380875613496956, 4.038912181795529, 3.9926430827598445, -2.019332513600645, 1.3588896559936006, 2.957953424201703], "value_grad": [0.14327640472756187, 1.7274553387564833, 0.5450872400791109, -0.16947864178394667, 0.23821069919563165, -1.8013142360678316, 1.078220406123192, -0.061440749469772626, 0.3564730386041006, -0.14723896899146638, -0.21429792827286498, 0.10215007561244427, 0.6663164707494964, 1.496964827376738, 0.349803682792988, 0.27959852482045555], "action_grad": [[0.0, 0.0, 0.0], [0.0, 0.0, 0.0], [0.0, 0.0, 0.0], [0.0, 0.0, 0.0], [0.0, 0.0, 0.0], [0.0, 0.0, 0.0], [0.0, 0.0, 0.0], [0.0, 0.0, 0.0], [0.0, 0.0, 0.0], [0.0, 0.0, 0.0], [0.0, 0.0, 0.0], [0.0, 0.0, 0.0], [0.0, 0.0, 0.0], [0.0, 0.0, 0.0], [0.0, 0.0, 0.0], [0.0, 0.0, 0.0]], "action_params_change": 0, "value_params_change": 0.4999999972242488}
{"iterations": 1, "type_itr": 0, "sub_iteration": 1, "sub_it_time": 0.10933303833007812, "total_time": 0.2196199893951416, "value_loss": 5.7524554173265, "action_loss": -0.6679452292776433, "action_probs": [[0.020091461847195714, 0.03214347457122209, 0.3645450137532906, 0.5832200498282916], [0.007162732706633634, 0.13652123118218953, 0.04268787353204075, 0.8136281625791361], [0.019352856753863886, 0.9804359269806506, 4.088501688085097e-06, 0.00020712776379742224], [0.031926910769784565, 0.03800789070676121, 0.4245970243198429, 0.5054681742036113], [0.0002249174684149978, 0.07989041917659734, 0.0025825034054633403, 0.9173021599495242], [0.31822848387032127, 0.005773582991800561, 0.663951929212483, 0.012046003925394915], [0.14302973388190052, 0.4924956292190748, 0.08202774169075462, 0.2824468952082702], [0.16753756206986797, 0.8307312708021548, 0.00029053849084155784, 0.0014406286371356756], [0.6213671548449113, 0.006729257416741005, 0.36791911190431215, 0.003984475834035359], [0.0006471500079790915, 0.0004354017576077796, 0.5971533696080594, 0.40176407862635366], [0.25018556509692824, 0.3861909074803128, 0.14295524993620706, 0.22066827748655182], [0.3689328883739157, 0.2040670092982988, 0.2749291609435247, 0.15207094138426075], [0.10589708705318204, 0.8469045004351299, 0.005245766237331688, 0.041952646274356326], [0.06436390631150879, 0.020882087727142746, 0.6906734070234197, 0.2240805989379287], [0.18753986427214595, 0.008233177407935778, 0.7704054312737554, 0.0338215270461629], [0.3524478855352559, 0.6125397424769806, 0.01278776651269617, 0.02222460547506709]], "state_values": [-0.8023013233725201, 1.4257751533107181, 0.336238331944817, -3.7784690747680636, 0.4859558275139313, -0.9043387721626285, 2.251387108883062, -0.8421654078816488, 2.396186013605911, 1.6739128138510904, 3.6684902096755794, 3.188323589555875, 3.1226124645216813, -0.8312136199496499, 2.1154844524443166, 1.9478543929331236], "value_grad": [0.10767685073237132, 1.404977118204605, 0.13905450089555949, -0.33790007723433746, 0.1661023016114358, -1.5213617259406442, 1.1169895887246488, 0.010709286412130758, -0.10632727710594025, -0.13706074394475998, -0.3832011572023042, 0.14108578444758724, 0.7546747062254253, 1.3228313100836528, -0.01092887210652993, 0.13911332969338108], "action_grad": [[0.0, 0.0, 0.0], [0.0, 0.0, 0.0], [0.0, 0.0, 0.0], [0.0, 0.0, 0.0], [0.0, 0.0, 0.0], [0.0, 0.0, 0.0], [0.0, 0.0, 0.0], [0.0, 0.0, 0.0], [0.0, 0.0, 0.0], [0.0, 0.0, 0.0], [0.0, 0.0, 0.0], [0.0, 0.0, 0.0], [0.0, 0.0, 0.0], [0.0, 0.0, 0.0], [0.0, 0.0, 0.0], [0.0, 0.0, 0.0]], "action_params_change": 0, "value_params_change": 0.5006538439663653}
{"iterations": 1, "type_itr": 0, "sub_iteration": 2, "sub_it_time": 0.10804629325866699, "total_time": 0.32999348640441895, "value_loss": 2.424572203316216, "action_loss": -0.6789467802836423, "action_probs": [[0.020091461847195714, 0.03214347457122209, 0.3645450137532906, 0.5832200498282916], [0.007162732706633634, 0.13652123118218953, 0.04268787353204075, 0.8136281625791361], [0.019352856753863886, 0.9804359269806506, 4.088501688085097e-06, 0.00020712776379742224], [0.031926910769784565, 0.03800789070676121, 0.4245970243198429, 0.5054681742036113], [0.0002249174684149978, 0.07989041917659734, 0.0025825034054633403, 0.9173021599495242], [0.31822848387032127, 0.005773582991800561, 0.663951929212483, 0.012046003925394915], [0.14302973388190052, 0.4924956292190748, 0.08202774169075462, 0.2824468952082702], [0.16753756206986797, 0.8307312708021548, 0.00029053849084155784, 0.0014406286371356756], [0.6213671548449113, 0.006729257416741005, 0.36791911190431215, 0.003984475834035359], [0.0006471500079790915, 0.0004354017576077796, 0.5971533696080594, 0.40176407862635366], [0.25018556509692824, 0.3861909074803128, 0.14295524993620706, 0.22066827748655182], [0.3689328883739157, 0.2040670092982988, 0.2749291609435247, 0.15207094138426075], [0.10589708705318204, 0.8469045004351299, 0.005245766237331688, 0.041952646274356326], [0.06436390631150879, 0.020882087727142746, 0.6906734070234197, 0.2240805989379287], [0.18753986427214595, 0.008233177407935778, 0.7704054312737554, 0.0338215270461629], [0.3524478855352559, 0.6125397424769806, 0.01278776651269617, 0.02222460547506709]], "state_values": [0.31500333081004483, 0.2893121897530987, 0.7545743369521911, -2.8842711891773516, 1.4225540042598743, 0.27320546770397053, 1.097639749175614, -0.7521628288199596, 2.227620306312651, 0.49539914827966575, 2.735668866408363, 2.136063830090329, 2.067837063187789, 0.36531892624478896, 2.2063009196501095, 1.222880669761701], "value_grad": [0.04692696910666205, 0.7249689351467765, -0.24372348007415345, -0.45992766355668646, 0.004904475455369539, -0.9150680985144195, 0.8251984665878083, 0.04919230290705112, -0.3079711061371455, -0.09346933221837617, -0.49135193477750816, 0.14553901545012238, 0.6056909992141191, 0.8730499030430656, -0.22131777213375026, -0.04894088144760733], "action_grad": [[0.0, 0.0, 0.0], [0.0, 0.0, 0.0], [0.0, 0.0, 0.0], [0.0, 0.0, 0.0], [0.0, 0.0, 0.0], [0.0, 0.0, 0.0], [0.0, 0.0, 0.0], [0.0, 0.0, 0.0], [0.0, 0.0, 0.0], [0.0, 0.0, 0.0], [0.0, 0.0, 0.0], [0.0, 0.0, 0.0], [0.0, 0.0, 0.0], [0.0, 0.0, 0.0], [0.0, 0.0, 0.0], [0.0, 0.0, 0.0]], "action_params_change": 0, "value_params_change": 0.5001100687062254}
{"iterations": 1, "type_itr": 0, "sub_iteration": 3, "sub_it_time": 0.10101795196533203, "total_time": 0.43273186683654785, "value_loss": 0.8504004991243694, "action_loss": -0.6243348284710725, "action_probs": [[0.020091461847195714, 0.03214347457122209, 0.3645450137532906, 0.5832200498282916], [0.007162732706633634, 0.13652123118218953, 0.04268787353204075, 0.8136281625791361], [0.019352856753863886, 0.9804359269806506, 4.088501688085097e-06, 0.00020712776379742224], [0.031926910769784565, 0.03800789070676121, 0.4245970243198429, 0.5054681742036113], [0.0002249174684149978, 0.07989041917659734, 0.0025825034054633403, 0.9173021599495242], [0.31822848387032127, 0.005773582991800561, 0.663951929212483, 0.012046003925394915], [0.14302973388190052, 0.4924956292190748, 0.08202774169075462, 0.2824468952082702], [0.16753756206986797, 0.8307312708021548, 0.00029053849084155784, 0.0014406286371356756], [0.6213671548449113, 0.006729257416741005, 0.36791911190431215, 0.003984475834035359], [0.0006471500079790915, 0.0004354017576077796, 0.5971533696080594, 0.40176407862635366], [0.25018556509692824, 0.3861909074803128, 0.14295524993620706, 0.22066827748655182], [0.3689328883739157, 0.2040670092982988, 0.2749291609435247, 0.15207094138426075], [0.10589708705318204, 0.8469045004351299, 0.005245766237331688, 0.041952646274356326], [0.06436390631150879, 0.020882087727142746, 0.6906734070234197, 0.2240805989379287], [0.18753986427214595, 0.008233177407935778, 0.7704054312737554, 0.0338215270461629], [0.3524478855352559, 0.6125397424769806, 0.01278776651269617, 0.02222460547506709]], "state_values": [1.1458041862360002, -0.6430617675364994, 0.6451217523837385, -1.809584754904293, 1.7868881931686138, 1.2691994457008569, -0.0047075833557281834, -0.3368052812055689, 1.7184366141613947, -0.580615478033358, 1.6285469260260317, 0.9594585390003043, 0.9646542517533744, 1.410710183632378, 1.92221329228542, 0.8998886652790412], "value_grad": [-0.01862948231874073, -0.0410823979463546, -0.4021230807781552, -0.530355392016256, -0.14161946217297305, -0.14909350603843685, 0.28988636981225135, 0.044064678959218506, -0.35291825560890333, -0.029212065177798063, -0.5409218812305654, 0.11444701855937478, 0.29048236726295507, 0.2663514845186058, -0.2558399665186457, -0.1189396182064888], "action_grad": [[0.0, 0.0, 0.0], [0.0, 0.0, 0.0], [0.0, 0.0, 0.0], [0.0, 0.0, 0.0], [0.0, 0.0, 0.0], [0.0, 0.0, 0.0], [0.0, 0.0, 0.0], [0.0, 0.0, 0.0], [0.0, 0.0, 0.0], [0.0, 0.0, 0.0], [0.0, 0.0, 0.0], [0.0, 0.0, 0.0], [0.0, 0.0, 0.0], [0.0, 0.0, 0.0], [0.0, 0.0, 0.0], [0.0, 0.0, 0.0]], "action_params_change": 0, "value_params_change": 0.4966370042591963}
{"iterations": 1, "type_itr": 0, "sub_iteration": 4, "sub_it_time": 0.10807299613952637, "total_time": 0.5508217811584473, "value_loss": 0.8186207239852684, "action_loss": -0.5032671183040952, "action_probs": [[0.020091461847195714, 0.03214347457122209, 0.3645450137532906, 0.5832200498282916], [0.007162732706633634, 0.13652123118218953, 0.04268787353204075, 0.8136281625791361], [0.019352856753863886, 0.9804359269806506, 4.088501688085097e-06, 0.00020712776379742224], [0.031926910769784565, 0.03800789070676121, 0.4245970243198429, 0.5054681742036113], [0.0002249174684149978, 0.07989041917659734, 0.0025825034054633403, 0.9173021599495242], [0.31822848387032127, 0.005773582991800561, 0.663951929212483, 0.012046003925394915], [0.14302973388190052, 0.4924956292190748, 0.08202774169075462, 0.2824468952082702], [0.16753756206986797, 0.8307312708021548, 0.00029053849084155784, 0.0014406286371356756], [0.6213671548449113, 0.006729257416741005, 0.36791911190431215, 0.003984475834035359], [0.0006471500079790915, 0.0004354017576077796, 0.5971533696080594, 0.40176407862635366], [0.25018556509692824, 0.3861909074803128, 0.14295524993620706, 0.22066827748655182], [0.3689328883739157, 0.2040670092982988, 0.2749291609435247, 0.15207094138426075], [0.10589708705318204, 0.8469045004351299, 0.005245766237331688, 0.041952646274356326], [0.06436390631150879, 0.020882087727142746, 0.6906734070234197, 0.2240805989379287], [0.18753986427214595, 0.008233177407935778, 0.7704054312737554, 0.0338215270461629], [0.3524478855352559, 0.6125397424769806, 0.01278776651269617, 0.02222460547506709]], "state_values": [1.5702622926161298, -1.2184816656672306, 0.26732862073984065, -0.6121038339446111, 1.7515140859817493, 1.9240436363235807, -0.8291242529566188, 0.1541762008406042, 0.9977892130664064, -1.3621646467409192, 0.4127511747479231, -0.20582459463525543, 0.04259306677269251, 2.1556963377971985, 1.4354162828590555, 0.7010341597843606], "value_grad": [-0.0660915411121854, -0.6273444855428109, -0.3517012189739559, -0.5458904598193651, -0.17423152861699887, 0.5420357419997734, -0.2658630395713236, 0.019913177902731727, -0.3512279436472059, 0.03417352518089234, -0.49195247381615836, 0.05579928377334298, -0.08983646795316824, -0.30099960500822787, -0.2151426722506644, -0.037921096520024955], "action_grad": [[0.0, 0.0, 0.0], [0.0, 0.0, 0.0], [0.0, 0.0, 0.0], [0.0, 0.0, 0.0], [0.0, 0.0, 0.0], [0.0, 0.0, 0.0], [0.0, 0.0, 0.0], [0.0, 0.0, 0.0], [0.0, 0.0, 0.0], [0.0, 0.0, 0.0], [0.0, 0.0, 0.0], [0.0, 0.0, 0.0], [0.0, 0.0, 0.0], [0.0, 0.0, 0.0], [0.0, 0.0, 0.0], [0.0, 0.0, 0.0]], "action_params_change": 0, "value_params_change": 0.4982352993043695}
{"iterations": 1, "type_itr": 0, "sub_iteration": 5, "sub_it_time": 0.1011204719543457, "total_time": 0.6590855121612549, "value_loss": 1.5441212888539244, "action_loss": -0.35072531253738665, "action_probs": [[0.020091461847195714, 0.03214347457122209, 0.3645450137532906, 0.5832200498282916], [0.007162732706633634, 0.13652123118218953, 0.04268787353204075, 0.8136281625791361], [0.019352856753863886, 0.9804359269806506, 4.088501688085097e-06, 0.00020712776379742224], [0.031926910769784565, 0.03800789070676121, 0.4245970243198429, 0.5054681742036113], [0.0002249174684149978, 0.07989041917659734, 0.0025825034054633403, 0.9173021599495242], [0.31822848387032127, 0.005773582991800561, 0.663951929212483, 0.012046003925394915], [0.14302973388190052, 0.4924956292190748, 0.08202774169075462, 0.2824468952082702], [0.16753756206986797, 0.8307312708021548, 0.00029053849084155784, 0.0014406286371356756], [0.6213671548449113, 0.006729257416741005, 0.36791911190431215, 0.003984475834035359], [0.0006471500079790915, 0.0004354017576077796, 0.5971533696080594, 0.40176407862635366], [0.25018556509692824, 0.3861909074803128, 0.14295524993620706, 0.22066827748655182], [0.3689328883739157, 0.2040670092982988, 0.2749291609435247, 0.15207094138426075], [0.10589708705318204, 0.8469045004351299, 0.005245766237331688, 0.041952646274356326], [0.06436390631150879, 0.020882087727142746, 0.6906734070234197, 0.2240805989379287], [0.18753986427214595, 0.008233177407935778, 0.7704054312737554, 0.0338215270461629], [0.3524478855352559, 0.6125397424769806, 0.01278776651269617, 0.02222460547506709]], "state_values": [1.646180654207738, -1.4487350736478888, -0.1774932560419908, 0.6329829667087532, 1.474464333854775, 2.2212380598957235, -1.2736854196601268, 0.5107820490751517, 0.1658751154007893, -1.7777367942662057, -0.8017867944687982, -1.172704379849214, -0.5228312384226839, 2.565588817691955, 0.8444278425606029, 0.3628709007081364], "value_grad": [-0.08834322245571458, -0.9242405394605326, -0.15694681534491628, -0.510755655116405, -0.1613051214759107, 0.9782346750594197, -0.6370532652563341, -0.009131876021162277, -0.26914627270837643, 0.07766633347747298, -0.304194061810386, -0.012186478342894436, -0.38233216402926407, -0.682626056735236, -0.15131081432303883, 0.09306090088248853], "action_grad": [[0.0, 0.0, 0.0], [0.0, 0.0, 0.0], [0.0, 0.0, 0.0], [0.0, 0.0, 0.0], [0.0, 0.0, 0.0], [0.0, 0.0, 0.0], [0.0, 0.0, 0.0], [0.0, 0.0, 0.0], [0.0, 0.0, 0.0], [0.0, 0.0, 0.0], [0.0, 0.0, 0.0], [0.0, 0.0, 0.0], [0.0, 0.0, 0.0], [0.0, 0.0, 0.0], [0.0, 0.0, 0.0], [0.0, 0.0, 0.0]], "action_params_change": 0, "value_params_change": 0.49933168189716604}
{"iterations": 1, "type_itr": 0, "sub_iteration": 6, "sub_it_time": 0.10073113441467285, "total_time": 0.7694411277770996, "value_loss": 2.215284868955067, "action_loss": -0.2018285427330478, "action_probs": [[0.020091461847195714, 0.03214347457122209, 0.3645450137532906, 0.5832200498282916], [0.007162732706633634, 0.13652123118218953, 0.04268787353204075, 0.8136281625791361], [0.019352856753863886, 0.9804359269806506, 4.088501688085097e-06, 0.00020712776379742224], [0.031926910769784565, 0.03800789070676121, 0.4245970243198429, 0.5054681742036113], [0.0002249174684149978, 0.07989041917659734, 0.0025825034054633403, 0.9173021599495242], [0.31822848387032127, 0.005773582991800561, 0.663951929212483, 0.012046003925394915], [0.14302973388190052, 0.4924956292190748, 0.08202774169075462, 0.2824468952082702], [0.16753756206986797, 0.8307312708021548, 0.00029053849084155784, 0.0014406286371356756], [0.6213671548449113, 0.006729257416741005, 0.36791911190431215, 0.003984475834035359], [0.0006471500079790915, 0.0004354017576077796, 0.5971533696080594, 0.40176407862635366], [0.25018556509692824, 0.3861909074803128, 0.14295524993620706, 0.22066827748655182], [0.3689328883739157, 0.2040670092982988, 0.2749291609435247, 0.15207094138426075], [0.10589708705318204, 0.8469045004351299, 0.005245766237331688, 0.041952646274356326], [0.06436390631150879, 0.020882087727142746, 0.6906734070234197, 0.2240805989379287], [0.18753986427214595, 0.008233177407935778, 0.7704054312737554, 0.0338215270461629], [0.3524478855352559, 0.6125397424769806, 0.01278776651269617, 0.02222460547506709]], "state_values": [1.471434381729092, -1.4182496503953528, -0.47727199916208296, 1.8379366467831302, 1.0413126067117453, 2.233722709895869, -1.3998901979295202, 0.6126714107481799, -0.633782454448316, -1.8821205346588998, -1.8286040777072383, -1.8090620488159557, -0.7470009678918281, 2.6985812188570133, 0.2255436252484841, -0.1826170703446738], "value_grad": [-0.09211123905574059, -0.9927894885787896, 0.11152478863263893, -0.43729788042645223, -0.137729121081672, 1.1790661213200115, -0.7710659687102126, -0.03010972687144653, -0.0874936628143348, 0.0984622020076169, -0.004345138585235553, -0.06755406970305033, -0.5042647378870142, -0.8741469857697197, -0.08738187680460952, 0.172794841032204], "action_grad": [[0.0, 0.0, 0.0], [0.0, 0.0, 0.0], [0.0, 0.0, 0.0], [0.0, 0.0, 0.0], [0.0, 0.0, 0.0], [0.0, 0.0, 0.0], [0.0, 0.0, 0.0], [0.0, 0.0, 0.0], [0.0, 0.0, 0.0], [0.0, 0.0, 0.0], [0.0, 0.0, 0.0], [0.0, 0.0, 0.0], [0.0, 0.0, 0.0], [0.0, 0.0, 0.0], [0.0, 0.0, 0.0], [0.0, 0.0, 0.0]], "action_params_change": 0, "value_params_change": 0.49895235252317605}
{"iterations": 1, "type_itr": 0, "sub_iteration": 7, "sub_it_time": 0.10028457641601562, "total_time": 0.8770797252655029, "value_loss": 2.53333786482813, "action_loss": -0.08028433223190536, "action_probs": [[0.020091461847195714, 0.03214347457122209, 0.3645450137532906, 0.5832200498282916], [0.007162732706633634, 0.13652123118218953, 0.04268787353204075, 0.8136281625791361], [0.019352856753863886, 0.9804359269806506, 4.088501688085097e-06, 0.00020712776379742224], [0.031926910769784565, 0.03800789070676121, 0.4245970243198429, 0.5054681742036113], [0.0002249174684149978, 0.07989041917659734, 0.0025825034054633403, 0.9173021599495242], [0.31822848387032127, 0.005773582991800561, 0.663951929212483, 0.012046003925394915], [0.14302973388190052, 0.4924956292190748, 0.08202774169075462, 0.2824468952082702], [0.16753756206986797, 0.8307312708021548, 0.00029053849084155784, 0.0014406286371356756], [0.6213671548449113, 0.006729257416741005, 0.36791911190431215, 0.003984475834035359], [0.0006471500079790915, 0.0004354017576077796, 0.5971533696080594, 0.40176407862635366], [0.25018556509692824, 0.3861909074803128, 0.14295524993620706, 0.22066827748655182], [0.3689328883739157, 0.2040670092982988, 0.2749291609435247, 0.15207094138426075], [0.10589708705318204, 0.8469045004351299, 0.005245766237331688, 0.041952646274356326], [0.06436390631150879, 0.020882087727142746, 0.6906734070234197, 0.2240805989379287], [0.18753986427214595, 0.008233177407935778, 0.7704054312737554, 0.0338215270461629], [0.3524478855352559, 0.6125397424769806, 0.01278776651269617, 0.02222460547506709]], "state_values": [1.1236945137541081, -1.2028025527448767, -0.4738009675891327, 2.914460458492039, 0.5215704994546696, 2.031666853832263, -1.3019750217685624, 0.48428846267876646, -1.209158207452719, -1.7530835653659202, -2.493819275513566, -2.11720521489633, -0.725544320769128, 2.620374114847313, -0.34733057005800844, -0.8567568364113042], "value_grad": [-0.0833334768047127, -0.9274500013018412, 0.3613930828241969, -0.3435763281276669, -0.09982502388480441, 1.2293160603357207, -0.741632443075448, -0.036032279038243686, 0.1342931905189313, 0.10332786555613094, 0.2874387207383231, -0.09993911873222983, -0.4897601163781693, -0.9446470532225542, -0.02216236785147263, 0.15821791585036005], "action_grad": [[0.0, 0.0, 0.0], [0.0, 0.0, 0.0], [0.0, 0.0, 0.0], [0.0, 0.0, 0.0], [0.0, 0.0, 0.0], [0.0, 0.0, 0.0], [0.0, 0.0, 0.0], [0.0, 0.0, 0.0], [0.0, 0.0, 0.0], [0.0, 0.0, 0.0], [0.0, 0.0, 0.0], [0.0, 0.0, 0.0], [0.0, 0.0, 0.0], [0.0, 0.0, 0.0], [0.0, 0.0, 0.0], [0.0, 0.0, 0.0]], "action_params_change": 0, "value_params_change": 0.4917401199288136}
{"iterations": 1, "type_itr": 0, "sub_iteration": 8, "sub_it_time": 0.10320639610290527, "total_time": 0.9955644607543945, "value_loss": 2.469746223648329, "action_loss": -0.002808392187635264, "action_probs": [[0.020091461847195714, 0.03214347457122209, 0.3645450137532906, 0.5832200498282916], [0.007162732706633634, 0.13652123118218953, 0.04268787353204075, 0.8136281625791361], [0.019352856753863886, 0.9804359269806506, 4.088501688085097e-06, 0.00020712776379742224], [0.031926910769784565, 0.03800789070676121, 0.4245970243198429, 0.5054681742036113], [0.0002249174684149978, 0.07989041917659734, 0.0025825034054633403, 0.9173021599495242], [0.31822848387032127, 0.005773582991800561, 0.663951929212483, 0.012046003925394915], [0.14302973388190052, 0.4924956292190748, 0.08202774169075462, 0.2824468952082702], [0.16753756206986797, 0.8307312708021548, 0.00029053849084155784, 0.0014406286371356756], [0.6213671548449113, 0.006729257416741005, 0.36791911190431215, 0.003984475834035359], [0.0006471500079790915, 0.0004354017576077796, 0.5971533696080594, 0.40176407862635366], [0.25018556509692824, 0.3861909074803128, 0.14295524993620706, 0.22066827748655182], [0.3689328883739157, 0.2040670092982988, 0.2749291609435247, 0.15207094138426075], [0.10589708705318204, 0.8469045004351299, 0.005245766237331688, 0.041952646274356326], [0.06436390631150879, 0.020882087727142746, 0.6906734070234197, 0.2240805989379287], [0.18753986427214595, 0.008233177407935778, 0.7704054312737554, 0.0338215270461629], [0.3524478855352559, 0.6125397424769806, 0.01278776651269617, 0.02222460547506709]], "state_values": [0.6678605651871776, -0.8600218596494742, -0.16639573130184185, 3.790817685754386, 0.007125407452407613, 1.665591722100105, -1.0538468716190277, 0.21300665985502504, -1.458971911309465, -1.4519744998396749, -2.7921864149189473, -2.163412032819019, -0.5444295803712417, 2.376201442447739, -0.798258485192631, -1.5227138406402418], "value_grad": [-0.06488484091349411, -0.7873867455055006, 0.5241076660663722, -0.2483543967415911, -0.03536543709079831, 1.1716209002608702, -0.6269851955455019, -0.02856318222233334, 0.2997951535552974, 0.09729005816981129, 0.47354459034514784, -0.11365898937365726, -0.40413921051157775, -0.9407480356438409, 0.04856494479501938, 0.06340913413712412], "action_grad": [[0.0, 0.0, 0.0], [0.0, 0.0, 0.0], [0.0, 0.0, 0.0], [0.0, 0.0, 0.0], [0.0, 0.0, 0.0], [0.0, 0.0, 0.0], [0.0, 0.0, 0.0], [0.0, 0.0, 0.0], [0.0, 0.0, 0.0], [0.0, 0.0, 0.0], [0.0, 0.0, 0.0], [0.0, 0.0, 0.0], [0.0, 0.0, 0.0], [0.0, 0.0, 0.0], [0.0, 0.0, 0.0], [0.0, 0.0, 0.0]], "action_params_change": 0, "value_params_change": 0.47641731259885844}
{"iterations": 1, "type_itr": 0, "sub_iteration": 9, "sub_it_time": 0.10180926322937012, "total_time": 1.107302188873291, "value_loss": 2.098649238646835, "action_loss": 0.02527071969751462, "action_probs": [[0.020091461847195714, 0.03214347457122209, 0.3645450137532906, 0.5832200498282916], [0.007162732706633634, 0.13652123118218953, 0.04268787353204075, 0.8136281625791361], [0.019352856753863886, 0.9804359269806506, 4.088501688085097e-06, 0.00020712776379742224], [0.031926910769784565, 0.03800789070676121, 0.4245970243198429, 0.5054681742036113], [0.0002249174684149978, 0.07989041917659734, 0.0025825034054633403, 0.9173021599495242], [0.31822848387032127, 0.005773582991800561, 0.663951929212483, 0.012046003925394915], [0.14302973388190052, 0.4924956292190748, 0.08202774169075462, 0.2824468952082702], [0.16753756206986797, 0.8307312708021548, 0.00029053849084155784, 0.0014406286371356756], [0.6213671548449113, 0.006729257416741005, 0.36791911190431215, 0.003984475834035359], [0.0006471500079790915, 0.0004354017576077796, 0.5971533696080594, 0.40176407862635366], [0.25018556509692824, 0.3861909074803128, 0.14295524993620706, 0.22066827748655182], [0.3689328883739157, 0.2040670092982988, 0.2749291609435247, 0.15207094138426075], [0.10589708705318204, 0.8469045004351299, 0.005245766237331688, 0.041952646274356326], [0.06436390631150879, 0.020882087727142746, 0.6906734070234197, 0.2240805989379287], [0.18753986427214595, 0.008233177407935778, 0.7704054312737554, 0.0338215270461629], [0.3524478855352559, 0.6125397424769806, 0.01278776651269617, 0.02222460547506709]], "state_values": [0.1695622972483385, -0.43943681431419296, 0.3684230703458963, 4.426545022130767, -0.38710471846268185, 1.1787317224239546, -0.7143980910471737, -0.09820221188574715, -1.4198219556362273, -1.0293566349864227, -2.804230448288472, -2.0088589894639037, -0.2709569816375147, 1.9983988440292786, -1.0766792257183937, -2.0009974665718735], "value_grad": [-0.039221646374624886, -0.5983037691328783, 0.5847894741116835, -0.16543974327165634, 0.04548116607193409, 1.0118851301199212, -0.46605668152401947, -0.012610954559721943, 0.3722311698432761, 0.0823337513663791, 0.5734842570721677, -0.11557836914888986, -0.28936997252185126, -0.8741804250226473, 0.10793412761924426, -0.06683058297444422], "action_grad": [[0.0, 0.0, 0.0], [0.0, 0.0, 0.0], [0.0, 0.0, 0.0], [0.0, 0.0, 0.0], [0.0, 0.0, 0.0], [0.0, 0.0, 0.0], [0.0, 0.0, 0.0], [0.0, 0.0, 0.0], [0.0, 0.0, 0.0], [0.0, 0.0, 0.0], [0.0, 0.0, 0.0], [0.0, 0.0, 0.0], [0.0, 0.0, 0.0], [0.0, 0.0, 0.0], [0.0, 0.0, 0.0], [0.0, 0.0, 0.0]], "action_params_change": 0, "value_params_change": 0.45333201994835726}
{"iterations": 1, "type_itr": 0, "sub_iteration": 10, "sub_it_time": 0.1006324291229248, "total_time": 1.2102503776550293, "value_loss": 1.5892342390239698, "action_loss": 0.003032382728253857, "action_probs": [[0.020091461847195714, 0.03214347457122209, 0.3645450137532906, 0.5832200498282916], [0.007162732706633634, 0.13652123118218953, 0.04268787353204075, 0.8136281625791361], [0.019352856753863886, 0.9804359269806506, 4.088501688085097e-06, 0.00020712776379742224], [0.031926910769784565, 0.03800789070676121, 0.4245970243198429, 0.5054681742036113], [0.0002249174684149978, 0.07989041917659734, 0.0025825034054633403, 0.9173021599495242], [0.31822848387032127, 0.005773582991800561, 0.663951929212483, 0.012046003925394915], [0.14302973388190052, 0.4924956292190748, 0.08202774169075462, 0.2824468952082702], [0.16753756206986797, 0.8307312708021548, 0.00029053849084155784, 0.0014406286371356756], [0.6213671548449113, 0.006729257416741005, 0.36791911190431215, 0.003984475834035359], [0.0006471500079790915, 0.0004354017576077796, 0.5971533696080594, 0.40176407862635366], [0.25018556509692824, 0.3861909074803128, 0.14295524993620706, 0.22066827748655182], [0.3689328883739157, 0.2040670092982988, 0.2749291609435247, 0.15207094138426075], [0.10589708705318204, 0.8469045004351299, 0.005245766237331688, 0.041952646274356326], [0.06436390631150879, 0.020882087727142746, 0.6906734070234197, 0.2240805989379287], [0.18753986427214595, 0.008233177407935778, 0.7704054312737554, 0.0338215270461629], [0.3524478855352559, 0.6125397424769806, 0.01278776651269617, 0.02222460547506709]], "state_values": [-0.3014881767782823, 0.010931819381945408, 1.0481048766341723, 4.8167745998734235, -0.5873063554698887, 0.6194268518788341, -0.3368326914008736, -0.3443068656377433, -1.1618498527906451, -0.5362776024476305, -2.5916041208850515, -1.6984021434622645, 0.037399782735053934, 1.5185256530844502, -1.1780513228490204, -2.177447772301715], "value_grad": [-0.010042194952123884, -0.3785856335025499, 0.5500164753132766, -0.10046148935099675, 0.10650462925648685, 0.7494127051197201, -0.28233335286141403, 0.005818174213358507, 0.3762401798077981, 0.059691297951153244, 0.6341119257448458, -0.10901111575480771, -0.16337675181163025, -0.7427529833808988, 0.1391688173436747, -0.17773770928531785], "action_grad": [[0.0, 0.0, 0.0], [0.0, 0.0, 0.0], [0.0, 0.0, 0.0], [0.0, 0.0, 0.0], [0.0, 0.0, 0.0], [0.0, 0.0, 0.0], [0.0, 0.0, 0.0], [0.0, 0.0, 0.0], [0.0, 0.0, 0.0], [0.0, 0.0, 0.0], [0.0, 0.0, 0.0], [0.0, 0.0, 0.0], [0.0, 0.0, 0.0], [0.0, 0.0, 0.0], [0.0, 0.0, 0.0], [0.0, 0.0, 0.0]], "action_params_change": 0, "value_params_change": 0.42416610107981256}
{"iterations": 1, "type_itr": 0, "sub_iteration": 11, "sub_it_time": 0.09784054756164551, "total_time": 1.3155517578125, "value_loss": 1.1155457221421157, "action_loss": -0.06872525010451869, "action_probs": [[0.020091461847195714, 0.03214347457122209, 0.3645450137532906, 0.5832200498282916], [0.007162732706633634, 0.13652123118218953, 0.04268787353204075, 0.8136281625791361], [0.019352856753863886, 0.9804359269806506, 4.088501688085097e-06, 0.00020712776379742224], [0.031926910769784565, 0.03800789070676121, 0.4245970243198429, 0.5054681742036113], [0.0002249174684149978, 0.07989041917659734, 0.0025825034054633403, 0.9173021599495242], [0.31822848387032127, 0.005773582991800561, 0.663951929212483, 0.012046003925394915], [0.14302973388190052, 0.4924956292190748, 0.08202774169075462, 0.2824468952082702], [0.16753756206986797, 0.8307312708021548, 0.00029053849084155784, 0.0014406286371356756], [0.6213671548449113, 0.006729257416741005, 0.36791911190431215, 0.003984475834035359], [0.0006471500079790915, 0.0004354017576077796, 0.5971533696080594, 0.40176407862635366], [0.25018556509692824, 0.3861909074803128, 0.14295524993620706, 0.22066827748655182], [0.3689328883739157, 0.2040670092982988, 0.2749291609435247, 0.15207094138426075], [0.10589708705318204, 0.8469045004351299, 0.005245766237331688, 0.041952646274356326], [0.06436390631150879, 0.020882087727142746, 0.6906734070234197, 0.2240805989379287], [0.18753986427214595, 0.008233177407935778, 0.7704054312737554, 0.0338215270461629], [0.3524478855352559, 0.6125397424769806, 0.01278776651269617, 0.02222460547506709]], "state_values": [-0.6811053381878676, 0.4450324214591663, 1.7905421319158399, 4.985531959690872, -0.6030505386006096, 0.04682388388200599, 0.030872217354019203, -0.45110236740121956, -0.7466653366027821, -0.0297114052598019, -2.188712087471908, -1.2700822878926936, 0.32975469640808536, 0.9754067636555247, -1.1291874161587863, -2.0647674608604096], "value_grad": [0.0178331709626518, -0.15346338326734799, 0.43499294730484417, -0.051747023147848514, 0.12306049055834745, 0.4027747732342404, -0.10417922675628577, 0.0203546096001761, 0.33481157137994133, 0.031595585247340185, 0.6693038985434786, -0.09466020743554515, -0.03916582483931341, -0.5493069097770069, 0.1416881201430813, -0.24425319442980742], "action_grad": [[0.0, 0.0, 0.0], [0.0, 0.0, 0.0], [0.0, 0.0, 0.0], [0.0, 0.0, 0.0], [0.0, 0.0, 0.0], [0.0, 0.0, 0.0], [0.0, 0.0, 0.0], [0.0, 0.0, 0.0], [0.0, 0.0, 0.0], [0.0, 0.0, 0.0], [0.0, 0.0, 0.0], [0.0, 0.0, 0.0], [0.0, 0.0, 0.0], [0.0, 0.0, 0.0], [0.0, 0.0, 0.0], [0.0, 0.0, 0.0]], "action_params_change": 0, "value_params_change": 0.3909261069605918}
{"iterations": 1, "type_itr": 0, "sub_iteration": 12, "sub_it_time": 0.10279154777526855, "total_time": 1.4318337440490723, "value_loss": 0.8046350924176885, "action_loss": -0.1825644112939819, "action_probs": [[0.020091461847195714, 0.03214347457122209, 0.3645450137532906, 0.5832200498282916], [0.007162732706633634, 0.13652123118218953, 0.04268787353204075, 0.8136281625791361], [0.019352856753863886, 0.9804359269806506, 4.088501688085097e-06, 0.00020712776379742224], [0.031926910769784565, 0.03800789070676121, 0.4245970243198429, 0.5054681742036113], [0.0002249174684149978, 0.07989041917659734, 0.0025825034054633403, 0.9173021599495242], [0.31822848387032127, 0.005773582991800561, 0.663951929212483, 0.012046003925394915], [0.14302973388190052, 0.4924956292190748, 0.08202774169075462, 0.2824468952082702], [0.16753756206986797, 0.8307312708021548, 0.00029053849084155784, 0.0014406286371356756], [0.6213671548449113, 0.006729257416741005, 0.36791911190431215, 0.003984475834035359], [0.0006471500079790915, 0.0004354017576077796, 0.5971533696080594, 0.40176407862635366], [0.25018556509692824, 0.3861909074803128, 0.14295524993620706, 0.22066827748655182], [0.3689328883739157, 0.2040670092982988, 0.2749291609435247, 0.15207094138426075], [0.10589708705318204, 0.8469045004351299, 0.005245766237331688, 0.041952646274356326], [0.06436390631150879, 0.020882087727142746, 0.6906734070234197, 0.2240805989379287], [0.18753986427214595, 0.008233177407935778, 0.7704054312737554, 0.0338215270461629], [0.3524478855352559, 0.6125397424769806, 0.01278776651269617, 0.02222460547506709]], "state_values": [-0.926422181905994, 0.8242857360928378, 2.5121199567469303, 4.974299414120518, -0.4914479227800281, -0.4732863762437059, 0.35214926215903286, -0.4042868858002535, -0.23455746053827398, 0.43074326622856, -1.621404085452902, -0.7648569226096107, 0.565298409244251, 0.41721863012486693, -0.9675225187688776, -1.7164851206431242], "value_grad": [0.039984920600637075, 0.04835484639672871, 0.2690833863422393, -0.013905349655017774, 0.10000547445351038, 0.019498146625134494, 0.03914814568425573, 0.026622545874979142, 0.2538072019822364, 0.0017606164557792958, 0.6655542750032335, -0.0727942929644032, 0.06901093585989437, -0.31128905359819625, 0.12376442304827717, -0.27209072984773586], "action_grad": [[0.0, 0.0, 0.0], [0.0, 0.0, 0.0], [0.0, 0.0, 0.0], [0.0, 0.0, 0.0], [0.0, 0.0, 0.0], [0.0, 0.0, 0.0], [0.0, 0.0, 0.0], [0.0, 0.0, 0.0], [0.0, 0.0, 0.0], [0.0, 0.0, 0.0], [0.0, 0.0, 0.0], [0.0, 0.0, 0.0], [0.0, 0.0, 0.0], [0.0, 0.0, 0.0], [0.0, 0.0, 0.0], [0.0, 0.0, 0.0]], "action_params_change": 0, "value_params_change": 0.35505416320389394}
{"iterations": 1, "type_itr": 0, "sub_iteration": 13, "sub_it_time": 0.10060620307922363, "total_time": 1.535292148590088, "value_loss": 0.7043535085722968, "action_loss": -0.32459235752524057, "action_probs": [[0.020091461847195714, 0.03214347457122209, 0.3645450137532906, 0.5832200498282916], [0.007162732706633634, 0.13652123118218953, 0.04268787353204075, 0.8136281625791361], [0.019352856753863886, 0.9804359269806506, 4.088501688085097e-06, 0.00020712776379742224], [0.031926910769784565, 0.03800789070676121, 0.4245970243198429, 0.5054681742036113], [0.0002249174684149978, 0.07989041917659734, 0.0025825034054633403, 0.9173021599495242], [0.31822848387032127, 0.005773582991800561, 0.663951929212483, 0.012046003925394915], [0.14302973388190052, 0.4924956292190748, 0.08202774169075462, 0.2824468952082702], [0.16753756206986797, 0.8307312708021548, 0.00029053849084155784, 0.0014406286371356756], [0.6213671548449113, 0.006729257416741005, 0.36791911190431215, 0.003984475834035359], [0.0006471500079790915, 0.0004354017576077796, 0.5971533696080594, 0.40176407862635366], [0.25018556509692824, 0.3861909074803128, 0.14295524993620706, 0.22066827748655182], [0.3689328883739157, 0.2040670092982988, 0.2749291609435247, 0.15207094138426075], [0.10589708705318204, 0.8469045004351299, 0.005245766237331688, 0.041952646274356326], [0.06436390631150879, 0.020882087727142746, 0.6906734070234197, 0.2240805989379287], [0.18753986427214595, 0.008233177407935778, 0.7704054312737554, 0.0338215270461629], [0.3524478855352559, 0.6125397424769806, 0.01278776651269617, 0.02222460547506709]], "state_values": [-1.0232386733146148, 1.123396646695271, 3.1391257045965903, 4.8319272670699736, -0.3199201662089127, -0.8825814074641081, 0.6075320425115722, -0.2389433550318591, 0.30362974978748286, 0.7939408153211622, -0.9234137026697163, -0.23136451967125476, 0.718431218125485, -0.10347741657668813, -0.7299403628802903, -1.1834620022038773], "value_grad": [0.05394764286119935, 0.20454253836636516, 0.09349854732586382, 0.018590096271998813, 0.056719849903375974, -0.3385027886256785, 0.12941322985020487, 0.02387891193161562, 0.13609724999940465, -0.02543022134931694, 0.5991714493163421, -0.04479068855197843, 0.14907682351410967, -0.06014031462647784, 0.09646372019700322, -0.26512035955807745], "action_grad": [[0.0, 0.0, 0.0], [0.0, 0.0, 0.0], [0.0, 0.0, 0.0], [0.0, 0.0, 0.0], [0.0, 0.0, 0.0], [0.0, 0.0, 0.0], [0.0, 0.0, 0.0], [0.0, 0.0, 0.0], [0.0, 0.0, 0.0], [0.0, 0.0, 0.0], [0.0, 0.0, 0.0], [0.0, 0.0, 0.0], [0.0, 0.0, 0.0], [0.0, 0.0, 0.0], [0.0, 0.0, 0.0], [0.0, 0.0, 0.0]], "action_params_change": 0, "value_params_change": 0.31716525727545}
