{"iterations": 0, "type_itr": 0, "sub_iteration": 0, "sub_it_time": 0, "total_time": 0, "value_loss": 0, "action_loss": 0, "action_probs": [[0.006867078014686472, 0.19505229127338078, 0.027141932804328073, 0.7709386979076047], [0.0026277642478289994, 0.0005456687052151318, 0.8254232097953766, 0.1714033572515792], [0.05177085440375134, 0.7888297294099713, 0.009817080937516251, 0.14958233524876105], [0.1494372602398069, 0.31972618136766623, 0.16908129211754835, 0.36175526627497856], [0.6976166583313799, 0.19210888676930182, 0.08646407552283047, 0.023810379376487768], [0.007992683645924927, 0.009079626031997018, 0.4601738267273688, 0.5227538635947093], [0.2625018119827294, 0.12829322277251115, 0.4092104377574375, 0.19999452748732174], [0.10778560758506198, 0.654344010126269, 0.03364126401289703, 0.20422911827577211], [0.26700796383856257, 0.3510325437410199, 0.1650154400710608, 0.21694405234935688], [0.8048109557282704, 0.1951330852814238, 4.5038928802484005e-05, 1.0920061503196521e-05], [0.16538253189148855, 0.1621671235720185, 0.33952574425204757, 0.3329246002844453], [0.8169917648679239, 0.18212738858610772, 0.0007202788292873274, 0.0001605677166809227], [0.001870913213862048, 0.634955862184928, 0.0010669551141309999, 0.3621062694870788], [0.6334664754699393, 0.052257812565722546, 0.29032532616593204, 0.023950385798406006], [0.04233749520729793, 0.1846550691611055, 0.14417740375029617, 0.6288300318813005], [0.1305913407353398, 0.11681292347905885, 0.3972546167707537, 0.35534111901484766]], "state_values": [2.7221897596844236, 2.197266711348397, 0.5225610278126546, -0.8756505116967657, 4.90917152600655, 4.313977852683326, -3.596955399189034, -4.179228647228332, 4.274251185369238, 2.480989326410562, 4.9677663528549925, 4.779900296401565, -0.665817370389087, -4.466464416717611, -1.532331583204074, 1.8094610454118196], "value_grad": [0.0, 0.0, 0.0, 0.0, 0.0, 0.0, 0.0, 0.0, 0.0, 0.0, 0.0, 0.0, 0.0, 0.0, 0.0, 0.0], "action_grad": [[0.0, 0.0, 0.0], [0.0, 0.0, 0.0], [0.0, 0.0, 0.0], [0.0, 0.0, 0.0], [0.0, 0.0, 0.0], [0.0, 0.0, 0.0], [0.0, 0.0, 0.0], [0.0, 0.0, 0.0], [0.0, 0.0, 0.0], [0.0, 0.0, 0.0], [0.0, 0.0, 0.0], [0.0, 0.0, 0.0], [0.0, 0.0, 0.0], [0.0, 0.0, 0.0], [0.0, 0.0, 0.0], [0.0, 0.0, 0.0]], "action_params_change": 0, "value_params_change": 0}
{"iterations": 1, "type_itr": 0, "sub_iteration": 0, "sub_it_time": 0.29143691062927246, "total_time": 0.2928595542907715, "value_loss": 7.999596118927002, "action_loss": -0.987272322177887, "action_probs": [[0.006867078014686472, 0.19505229127338078, 0.027141932804328073, 0.7709386979076047], [0.0026277642478289994, 0.0005456687052151318, 0.8254232097953766, 0.1714033572515792], [0.05177085440375134, 0.7888297294099713, 0.009817080937516251, 0.14958233524876105], [0.1494372602398069, 0.31972618136766623, 0.16908129211754835, 0.36175526627497856], [0.6976166583313799, 0.19210888676930182, 0.08646407552283047, 0.023810379376487768], [0.007992683645924927, 0.009079626031997018, 0.4601738267273688, 0.5227538635947093], [0.2625018119827294, 0.12829322277251115, 0.4092104377574375, 0.19999452748732174], [0.10778560758506198, 0.654344010126269, 0.03364126401289703, 0.20422911827577211], [0.26700796383856257, 0.3510325437410199, 0.1650154400710608, 0.21694405234935688], [0.8048109557282704, 0.1951330852814238, 4.5038928802484005e-05, 1.0920061503196521e-05], [0.16538253189148855, 0.1621671235720185, 0.33952574425204757, 0.3329246002844453], [0.8169917648679239, 0.18212738858610772, 0.0007202788292873274, 0.0001605677166809227], [0.001870913213862048, 0.634955862184928, 0.0010669551141309999, 0.3621062694870788], [0.6334664754699393, 0.052257812565722546, 0.29032532616593204, 0.023950385798406006], [0.04233749520729793, 0.1846550691611055, 0.14417740375029617, 0.6288300318813005], [0.1305913407353398, 0.11681292347905885, 0.3972546167707537, 0.35534111901484766]], "state_values": [3.6751770291135335, 3.240131094622239, 1.7365612283428777, 0.36947325932904007, 4.521844731603331, 3.5544877094947673, -2.625894309633088, -3.3702267344953865, 4.78323342782746, 3.477853637474721, 4.6730943317343545, 4.268324060116324, 0.5808842580273674, -3.771603321242123, -0.30719886544042607, 2.9063837101112187], "value_grad": [-0.264132022857666, 0.49183034896850586, 0.40985965728759766, 0.11444377899169922, 0.29422855377197266, -0.8343720436096191, -1.6378555297851562, 0.4641108512878418, 0.06573629379272461, 0.24314403533935547, 0.07999181747436523, -0.19364452362060547, -0.4645075798034668, 1.1666154861450195, 0.5227208137512207, 0.09979248046875], "action_grad": [[0.0, 0.0, 0.0], [0.0, 0.0, 0.0], [0.0, 0.0, 0.0], [0.0, 0.0, 0.0], [0.0, 0.0, 0.0], [0.0, 0.0, 0.0], [0.0, 0.0, 0.0], [0.0, 0.0, 0.0], [0.0, 0.0, 0.0], [0.0, 0.0, 0.0], [0.0, 0.0, 0.0], [0.0, 0.0, 0.0], [0.0, 0.0, 0.0], [0.0, 0.0, 0.0], [0.0, 0.0, 0.0], [0.0, 0.0, 0.0]], "action_params_change": 0, "value_params_change": 0.49999999694722774}
{"iterations": 1, "type_itr": 0, "sub_iteration": 1, "sub_it_time": 0.2885019779205322, "total_time": 0.5831539630889893, "value_loss": 5.844168186187744, "action_loss": -1.5522559881210327, "action_probs": [[0.006867078014686472, 0.19505229127338078, 0.027141932804328073, 0.7709386979076047], [0.0026277642478289994, 0.0005456687052151318, 0.8254232097953766, 0.1714033572515792], [0.05177085440375134, 0.7888297294099713, 0.009817080937516251, 0.14958233524876105], [0.1494372602398069, 0.31972618136766623, 0.16908129211754835, 0.36175526627497856], [0.6976166583313799, 0.19210888676930182, 0.08646407552283047, 0.023810379376487768], [0.007992683645924927, 0.009079626031997018, 0.4601738267273688, 0.5227538635947093], [0.2625018119827294, 0.12829322277251115, 0.4092104377574375, 0.19999452748732174], [0.10778560758506198, 0.654344010126269, 0.03364126401289703, 0.20422911827577211], [0.26700796383856257, 0.3510325437410199, 0.1650154400710608, 0.21694405234935688], [0.8048109557282704, 0.1951330852814238, 4.5038928802484005e-05, 1.0920061503196521e-05], [0.16538253189148855, 0.1621671235720185, 0.33952574425204757, 0.3329246002844453], [0.8169917648679239, 0.18212738858610772, 0.0007202788292873274, 0.0001605677166809227], [0.001870913213862048, 0.634955862184928, 0.0010669551141309999, 0.3621062694870788], [0.6334664754699393, 0.052257812565722546, 0.29032532616593204, 0.023950385798406006], [0.04233749520729793, 0.1846550691611055, 0.14417740375029617, 0.6288300318813005], [0.1305913407353398, 0.11681292347905885, 0.3972546167707537, 0.35534111901484766]], "state_values": [3.712414333386373, 4.080980819526186, 2.814684529995771, 1.396738261505233, 3.8701583010044596, 2.744876447285755, -1.4900862085803914, -2.35528403545796, 4.547919611549629, 3.3877915897854356, 4.221958032957185, 3.5423050456583995, 1.7893048476019864, -2.8456043989067865, 0.9121364799279104, 2.44743267880479], "value_grad": [0.21740436553955078, 0.6233048439025879, 0.7603206634521484, 0.750420093536377, 0.5128202438354492, -0.22136449813842773, -1.874664306640625, 0.4249086380004883, -0.23047161102294922, -0.2669038772583008, 0.8007121086120605, -0.10414743423461914, -0.4391636848449707, 1.06801176071167, 0.3805561065673828, -0.24393606185913086], "action_grad": [[0.0, 0.0, 0.0], [0.0, 0.0, 0.0], [0.0, 0.0, 0.0], [0.0, 0.0, 0.0], [0.0, 0.0, 0.0], [0.0, 0.0, 0.0], [0.0, 0.0, 0.0], [0.0, 0.0, 0.0], [0.0, 0.0, 0.0], [0.0, 0.0, 0.0], [0.0, 0.0, 0.0], [0.0, 0.0, 0.0], [0.0, 0.0, 0.0], [0.0, 0.0, 0.0], [0.0, 0.0, 0.0], [0.0, 0.0, 0.0]], "action_params_change": 0, "value_params_change": 0.5006208881187253}
{"iterations": 1, "type_itr": 0, "sub_iteration": 2, "sub_it_time": 0.28931713104248047, "total_time": 0.8740777969360352, "value_loss": 3.948516368865967, "action_loss": -1.7658724784851074, "action_probs": [[0.006867078014686472, 0.19505229127338078, 0.027141932804328073, 0.7709386979076047], [0.0026277642478289994, 0.0005456687052151318, 0.8254232097953766, 0.1714033572515792], [0.05177085440375134, 0.7888297294099713, 0.009817080937516251, 0.14958233524876105], [0.1494372602398069, 0.31972618136766623, 0.16908129211754835, 0.36175526627497856], [0.6976166583313799, 0.19210888676930182, 0.08646407552283047, 0.023810379376487768], [0.007992683645924927, 0.009079626031997018, 0.4601738267273688, 0.5227538635947093], [0.2625018119827294, 0.12829322277251115, 0.4092104377574375, 0.19999452748732174], [0.10778560758506198, 0.654344010126269, 0.03364126401289703, 0.20422911827577211], [0.26700796383856257, 0.3510325437410199, 0.1650154400710608, 0.21694405234935688], [0.8048109557282704, 0.1951330852814238, 4.5038928802484005e-05, 1.0920061503196521e-05], [0.16538253189148855, 0.1621671235720185, 0.33952574425204757, 0.3329246002844453], [0.8169917648679239, 0.18212738858610772, 0.0007202788292873274, 0.0001605677166809227], [0.001870913213862048, 0.634955862184928, 0.0010669551141309999, 0.3621062694870788], [0.6334664754699393, 0.052257812565722546, 0.29032532616593204, 0.023950385798406006], [0.04233749520729793, 0.1846550691611055, 0.14417740375029617, 0.6288300318813005], [0.1305913407353398, 0.11681292347905885, 0.3972546167707537, 0.35534111901484766]], "state_values": [3.983239568879193, 4.2407978817214635, 3.53801468951295, 2.432957589749665, 2.9790711210186727, 2.2824837673516063, -0.2849661550465792, -1.2197773381563577, 4.1320095635545355, 3.780826236403262, 3.528866765839547, 2.6235449684192984, 2.6996912505520894, -1.755890380829581, 1.7964324311828863, 1.911071221805278], "value_grad": [-0.1896839141845703, -0.599940299987793, 0.0007920265197753906, 0.5654878616333008, 0.5777642726898193, 0.26927947998046875, -1.3083837032318115, 0.31917572021484375, -0.1409759521484375, 0.45302414894104004, 1.0252442359924316, -0.31798815727233887, -0.048311710357666016, 0.9096119403839111, -0.020987987518310547, -0.06375598907470703], "action_grad": [[0.0, 0.0, 0.0], [0.0, 0.0, 0.0], [0.0, 0.0, 0.0], [0.0, 0.0, 0.0], [0.0, 0.0, 0.0], [0.0, 0.0, 0.0], [0.0, 0.0, 0.0], [0.0, 0.0, 0.0], [0.0, 0.0, 0.0], [0.0, 0.0, 0.0], [0.0, 0.0, 0.0], [0.0, 0.0, 0.0], [0.0, 0.0, 0.0], [0.0, 0.0, 0.0], [0.0, 0.0, 0.0], [0.0, 0.0, 0.0]], "action_params_change": 0, "value_params_change": 0.4938103255855353}
{"iterations": 1, "type_itr": 0, "sub_iteration": 3, "sub_it_time": 0.2910006046295166, "total_time": 1.16709566116333, "value_loss": 2.6868600845336914, "action_loss": -1.9995739459991455, "action_probs": [[0.006867078014686472, 0.19505229127338078, 0.027141932804328073, 0.7709386979076047], [0.0026277642478289994, 0.0005456687052151318, 0.8254232097953766, 0.1714033572515792], [0.05177085440375134, 0.7888297294099713, 0.009817080937516251, 0.14958233524876105], [0.1494372602398069, 0.31972618136766623, 0.16908129211754835, 0.36175526627497856], [0.6976166583313799, 0.19210888676930182, 0.08646407552283047, 0.023810379376487768], [0.007992683645924927, 0.009079626031997018, 0.4601738267273688, 0.5227538635947093], [0.2625018119827294, 0.12829322277251115, 0.4092104377574375, 0.19999452748732174], [0.10778560758506198, 0.654344010126269, 0.03364126401289703, 0.20422911827577211], [0.26700796383856257, 0.3510325437410199, 0.1650154400710608, 0.21694405234935688], [0.8048109557282704, 0.1951330852814238, 4.5038928802484005e-05, 1.0920061503196521e-05], [0.16538253189148855, 0.1621671235720185, 0.33952574425204757, 0.3329246002844453], [0.8169917648679239, 0.18212738858610772, 0.0007202788292873274, 0.0001605677166809227], [0.001870913213862048, 0.634955862184928, 0.0010669551141309999, 0.3621062694870788], [0.6334664754699393, 0.052257812565722546, 0.29032532616593204, 0.023950385798406006], [0.04233749520729793, 0.1846550691611055, 0.14417740375029617, 0.6288300318813005], [0.1305913407353398, 0.11681292347905885, 0.3972546167707537, 0.35534111901484766]], "state_values": [3.7056486808241185, 4.379582872289929, 4.169043385434135, 3.343455747709971, 2.0806024900446323, 1.852856142293312, 0.9024935287386172, -0.022959882991726376, 3.523861602760658, 4.212186774918757, 2.794462751565863, 1.5494072376493333, 2.7358712609232994, -0.554230007009943, 1.7659942647744094, 2.2100000340807453], "value_grad": [0.6320161819458008, 0.05227208137512207, 0.3837239742279053, 0.3643198013305664, 0.040392160415649414, -0.042371511459350586, -1.0125720500946045, 0.3160083293914795, -0.590831995010376, 0.26294398307800293, 0.08117985725402832, -0.41817569732666016, 0.6823081970214844, 1.5863761901855469, -0.7135920524597168, 0.40075230598449707], "action_grad": [[0.0, 0.0, 0.0], [0.0, 0.0, 0.0], [0.0, 0.0, 0.0], [0.0, 0.0, 0.0], [0.0, 0.0, 0.0], [0.0, 0.0, 0.0], [0.0, 0.0, 0.0], [0.0, 0.0, 0.0], [0.0, 0.0, 0.0], [0.0, 0.0, 0.0], [0.0, 0.0, 0.0], [0.0, 0.0, 0.0], [0.0, 0.0, 0.0], [0.0, 0.0, 0.0], [0.0, 0.0, 0.0], [0.0, 0.0, 0.0]], "action_params_change": 0, "value_params_change": 0.49550952769324796}
{"iterations": 1, "type_itr": 0, "sub_iteration": 4, "sub_it_time": 0.2840111255645752, "total_time": 1.4530041217803955, "value_loss": 1.7558640241622925, "action_loss": -2.113563299179077, "action_probs": [[0.006867078014686472, 0.19505229127338078, 0.027141932804328073, 0.7709386979076047], [0.0026277642478289994, 0.0005456687052151318, 0.8254232097953766, 0.1714033572515792], [0.05177085440375134, 0.7888297294099713, 0.009817080937516251, 0.14958233524876105], [0.1494372602398069, 0.31972618136766623, 0.16908129211754835, 0.36175526627497856], [0.6976166583313799, 0.19210888676930182, 0.08646407552283047, 0.023810379376487768], [0.007992683645924927, 0.009079626031997018, 0.4601738267273688, 0.5227538635947093], [0.2625018119827294, 0.12829322277251115, 0.4092104377574375, 0.19999452748732174], [0.10778560758506198, 0.654344010126269, 0.03364126401289703, 0.20422911827577211], [0.26700796383856257, 0.3510325437410199, 0.1650154400710608, 0.21694405234935688], [0.8048109557282704, 0.1951330852814238, 4.5038928802484005e-05, 1.0920061503196521e-05], [0.16538253189148855, 0.1621671235720185, 0.33952574425204757, 0.3329246002844453], [0.8169917648679239, 0.18212738858610772, 0.0007202788292873274, 0.0001605677166809227], [0.001870913213862048, 0.634955862184928, 0.0010669551141309999, 0.3621062694870788], [0.6334664754699393, 0.052257812565722546, 0.29032532616593204, 0.023950385798406006], [0.04233749520729793, 0.1846550691611055, 0.14417740375029617, 0.6288300318813005], [0.1305913407353398, 0.11681292347905885, 0.3972546167707537, 0.35534111901484766]], "state_values": [3.4192524676208182, 4.453786345962753, 4.524891850548025, 4.0019145602903645, 1.0267668184214969, 1.9130416524190952, 2.0313543513684444, 0.5783216352500473, 2.821678864169978, 4.270241211540345, 1.9845147978838462, 0.36230895705467697, 2.4251290622914983, 0.6820594840409698, 1.6755253267072958, 2.1199843124710984], "value_grad": [0.04553985595703125, -0.10573208332061768, -0.15047979354858398, 0.0455399751663208, 0.5274720191955566, 0.6339960098266602, -1.1329561471939087, -0.3920398950576782, -0.1160280704498291, -0.4439159631729126, 0.26492393016815186, -0.3908519744873047, 0.6589440107345581, 1.1697838306427002, -0.09781205654144287, -0.2783881425857544], "action_grad": [[0.0, 0.0, 0.0], [0.0, 0.0, 0.0], [0.0, 0.0, 0.0], [0.0, 0.0, 0.0], [0.0, 0.0, 0.0], [0.0, 0.0, 0.0], [0.0, 0.0, 0.0], [0.0, 0.0, 0.0], [0.0, 0.0, 0.0], [0.0, 0.0, 0.0], [0.0, 0.0, 0.0], [0.0, 0.0, 0.0], [0.0, 0.0, 0.0], [0.0, 0.0, 0.0], [0.0, 0.0, 0.0], [0.0, 0.0, 0.0]], "action_params_change": 0, "value_params_change": 0.4958255988153861}
{"iterations": 1, "type_itr": 0, "sub_iteration": 5, "sub_it_time": 0.28817105293273926, "total_time": 1.7429392337799072, "value_loss": 1.4097601175308228, "action_loss": -2.065551280975342, "action_probs": [[0.006867078014686472, 0.19505229127338078, 0.027141932804328073, 0.7709386979076047], [0.0026277642478289994, 0.0005456687052151318, 0.8254232097953766, 0.1714033572515792], [0.05177085440375134, 0.7888297294099713, 0.009817080937516251, 0.14958233524876105], [0.1494372602398069, 0.31972618136766623, 0.16908129211754835, 0.36175526627497856], [0.6976166583313799, 0.19210888676930182, 0.08646407552283047, 0.023810379376487768], [0.007992683645924927, 0.009079626031997018, 0.4601738267273688, 0.5227538635947093], [0.2625018119827294, 0.12829322277251115, 0.4092104377574375, 0.19999452748732174], [0.10778560758506198, 0.654344010126269, 0.03364126401289703, 0.20422911827577211], [0.26700796383856257, 0.3510325437410199, 0.1650154400710608, 0.21694405234935688], [0.8048109557282704, 0.1951330852814238, 4.5038928802484005e-05, 1.0920061503196521e-05], [0.16538253189148855, 0.1621671235720185, 0.33952574425204757, 0.3329246002844453], [0.8169917648679239, 0.18212738858610772, 0.0007202788292873274, 0.0001605677166809227], [0.001870913213862048, 0.634955862184928, 0.0010669551141309999, 0.3621062694870788], [0.6334664754699393, 0.052257812565722546, 0.29032532616593204, 0.023950385798406006], [0.04233749520729793, 0.1846550691611055, 0.14417740375029617, 0.6288300318813005], [0.1305913407353398, 0.11681292347905885, 0.3972546167707537, 0.35534111901484766]], "state_values": [3.2061014465177986, 4.479640030185503, 4.787076004364495, 4.524475585828942, 0.3480118943786843, 2.001899960249776, 2.915312138423099, 0.9850014116202435, 1.9472724861169073, 4.250271038623494, 1.5189193872164495, -0.6105932637905778, 1.9614116568437276, 1.8622882072473352, 1.6441908602663764, 1.658414223965038], "value_grad": [-0.07523989677429199, -0.12038397789001465, 0.17344796657562256, 0.3730321526527405, -0.3464999198913574, 0.06890392303466797, 0.0007919073104858398, -0.13582801818847656, -0.3413519859313965, -0.15839993953704834, -0.532224178314209, 0.06930005550384521, 0.4142160415649414, 0.940104067325592, 0.07365596294403076, -0.497772216796875], "action_grad": [[0.0, 0.0, 0.0], [0.0, 0.0, 0.0], [0.0, 0.0, 0.0], [0.0, 0.0, 0.0], [0.0, 0.0, 0.0], [0.0, 0.0, 0.0], [0.0, 0.0, 0.0], [0.0, 0.0, 0.0], [0.0, 0.0, 0.0], [0.0, 0.0, 0.0], [0.0, 0.0, 0.0], [0.0, 0.0, 0.0], [0.0, 0.0, 0.0], [0.0, 0.0, 0.0], [0.0, 0.0, 0.0], [0.0, 0.0, 0.0]], "action_params_change": 0, "value_params_change": 0.48963451116928614}
{"iterations": 1, "type_itr": 0, "sub_iteration": 6, "sub_it_time": 0.28827834129333496, "total_time": 2.0329034328460693, "value_loss": 0.899712085723877, "action_loss": -2.0361757278442383, "action_probs": [[0.006867078014686472, 0.19505229127338078, 0.027141932804328073, 0.7709386979076047], [0.0026277642478289994, 0.0005456687052151318, 0.8254232097953766, 0.1714033572515792], [0.05177085440375134, 0.7888297294099713, 0.009817080937516251, 0.14958233524876105], [0.1494372602398069, 0.31972618136766623, 0.16908129211754835, 0.36175526627497856], [0.6976166583313799, 0.19210888676930182, 0.08646407552283047, 0.023810379376487768], [0.007992683645924927, 0.009079626031997018, 0.4601738267273688, 0.5227538635947093], [0.2625018119827294, 0.12829322277251115, 0.4092104377574375, 0.19999452748732174], [0.10778560758506198, 0.654344010126269, 0.03364126401289703, 0.20422911827577211], [0.26700796383856257, 0.3510325437410199, 0.1650154400710608, 0.21694405234935688], [0.8048109557282704, 0.1951330852814238, 4.5038928802484005e-05, 1.0920061503196521e-05], [0.16538253189148855, 0.1621671235720185, 0.33952574425204757, 0.3329246002844453], [0.8169917648679239, 0.18212738858610772, 0.0007202788292873274, 0.0001605677166809227], [0.001870913213862048, 0.634955862184928, 0.0010669551141309999, 0.3621062694870788], [0.6334664754699393, 0.052257812565722546, 0.29032532616593204, 0.023950385798406006], [0.04233749520729793, 0.1846550691611055, 0.14417740375029617, 0.6288300318813005], [0.1305913407353398, 0.11681292347905885, 0.3972546167707537, 0.35534111901484766]], "state_values": [2.769266917330833, 4.3528606893973665, 4.823267836856646, 4.841330329037566, 0.4315075472230806, 2.1791019023740645, 3.4528861531047683, 1.3394660295340335, 1.2008692826281686, 4.131781095378862, 1.0551833928366046, -1.4010276498579213, 1.4764120842993782, 2.8145494702413436, 1.6324293179829987, 1.3719711864764321], "value_grad": [0.46490418910980225, -0.5761799812316895, -0.7298280596733093, 0.08712005615234375, -1.1923561096191406, 0.1987919807434082, 0.8470438718795776, 0.0067321062088012695, 0.09187209606170654, -0.2423519492149353, 0.10652387142181396, 0.0455399751663208, 0.1322638988494873, 0.05583596229553223, 0.025344014167785645, 0.15206396579742432], "action_grad": [[0.0, 0.0, 0.0], [0.0, 0.0, 0.0], [0.0, 0.0, 0.0], [0.0, 0.0, 0.0], [0.0, 0.0, 0.0], [0.0, 0.0, 0.0], [0.0, 0.0, 0.0], [0.0, 0.0, 0.0], [0.0, 0.0, 0.0], [0.0, 0.0, 0.0], [0.0, 0.0, 0.0], [0.0, 0.0, 0.0], [0.0, 0.0, 0.0], [0.0, 0.0, 0.0], [0.0, 0.0, 0.0], [0.0, 0.0, 0.0]], "action_params_change": 0, "value_params_change": 0.4324929267318902}
{"iterations": 1, "type_itr": 0, "sub_iteration": 7, "sub_it_time": 0.3128354549407959, "total_time": 2.347348928451538, "value_loss": 1.4366880655288696, "action_loss": -1.9874216318130493, "action_probs": [[0.006867078014686472, 0.19505229127338078, 0.027141932804328073, 0.7709386979076047], [0.0026277642478289994, 0.0005456687052151318, 0.8254232097953766, 0.1714033572515792], [0.05177085440375134, 0.7888297294099713, 0.009817080937516251, 0.14958233524876105], [0.1494372602398069, 0.31972618136766623, 0.16908129211754835, 0.36175526627497856], [0.6976166583313799, 0.19210888676930182, 0.08646407552283047, 0.023810379376487768], [0.007992683645924927, 0.009079626031997018, 0.4601738267273688, 0.5227538635947093], [0.2625018119827294, 0.12829322277251115, 0.4092104377574375, 0.19999452748732174], [0.10778560758506198, 0.654344010126269, 0.03364126401289703, 0.20422911827577211], [0.26700796383856257, 0.3510325437410199, 0.1650154400710608, 0.21694405234935688], [0.8048109557282704, 0.1951330852814238, 4.5038928802484005e-05, 1.0920061503196521e-05], [0.16538253189148855, 0.1621671235720185, 0.33952574425204757, 0.3329246002844453], [0.8169917648679239, 0.18212738858610772, 0.0007202788292873274, 0.0001605677166809227], [0.001870913213862048, 0.634955862184928, 0.0010669551141309999, 0.3621062694870788], [0.6334664754699393, 0.052257812565722546, 0.29032532616593204, 0.023950385798406006], [0.04233749520729793, 0.1846550691611055, 0.14417740375029617, 0.6288300318813005], [0.1305913407353398, 0.11681292347905885, 0.3972546167707537, 0.35534111901484766]], "state_values": [2.2068680411099026, 4.200444773035027, 4.837988870682144, 4.966033498428212, 0.8616347524496366, 2.341831301681616, 3.806503716015452, 1.953894148176781, 1.0961076275799853, 3.8473336692525235, 0.8738983863263673, -2.180958400044211, 1.1166683286232018, 3.531143869793583, 1.611508815314244, 0.9182862531742657], "value_grad": [0.28670382499694824, -0.10692000389099121, -0.11404788494110107, -0.22690808773040771, -1.202256202697754, 0.019008159637451172, 0.5056920051574707, 0.7745763063430786, 0.6660721302032471, -0.47005200386047363, -0.5247001647949219, -0.16592419147491455, -0.1576080322265625, -0.09781205654144287, -0.01742410659790039, -0.28670406341552734], "action_grad": [[0.0, 0.0, 0.0], [0.0, 0.0, 0.0], [0.0, 0.0, 0.0], [0.0, 0.0, 0.0], [0.0, 0.0, 0.0], [0.0, 0.0, 0.0], [0.0, 0.0, 0.0], [0.0, 0.0, 0.0], [0.0, 0.0, 0.0], [0.0, 0.0, 0.0], [0.0, 0.0, 0.0], [0.0, 0.0, 0.0], [0.0, 0.0, 0.0], [0.0, 0.0, 0.0], [0.0, 0.0, 0.0], [0.0, 0.0, 0.0]], "action_params_change": 0, "value_params_change": 0.3725099634984692}
{"iterations": 1, "type_itr": 0, "sub_iteration": 8, "sub_it_time": 0.29268550872802734, "total_time": 2.641633987426758, "value_loss": 1.3982760906219482, "action_loss": -1.9149786233901978, "action_probs": [[0.006867078014686472, 0.19505229127338078, 0.027141932804328073, 0.7709386979076047], [0.0026277642478289994, 0.0005456687052151318, 0.8254232097953766, 0.1714033572515792], [0.05177085440375134, 0.7888297294099713, 0.009817080937516251, 0.14958233524876105], [0.1494372602398069, 0.31972618136766623, 0.16908129211754835, 0.36175526627497856], [0.6976166583313799, 0.19210888676930182, 0.08646407552283047, 0.023810379376487768], [0.007992683645924927, 0.009079626031997018, 0.4601738267273688, 0.5227538635947093], [0.2625018119827294, 0.12829322277251115, 0.4092104377574375, 0.19999452748732174], [0.10778560758506198, 0.654344010126269, 0.03364126401289703, 0.20422911827577211], [0.26700796383856257, 0.3510325437410199, 0.1650154400710608, 0.21694405234935688], [0.8048109557282704, 0.1951330852814238, 4.5038928802484005e-05, 1.0920061503196521e-05], [0.16538253189148855, 0.1621671235720185, 0.33952574425204757, 0.3329246002844453], [0.8169917648679239, 0.18212738858610772, 0.0007202788292873274, 0.0001605677166809227], [0.001870913213862048, 0.634955862184928, 0.0010669551141309999, 0.3621062694870788], [0.6334664754699393, 0.052257812565722546, 0.29032532616593204, 0.023950385798406006], [0.04233749520729793, 0.1846550691611055, 0.14417740375029617, 0.6288300318813005], [0.1305913407353398, 0.11681292347905885, 0.3972546167707537, 0.35534111901484766]], "state_values": [1.5248698662613338, 3.912642958258766, 4.8160236600991935, 4.999967656880497, 1.2695250227956445, 2.6778131563898055, 3.9756685740280884, 2.3258361359607163, 1.032998848480942, 3.6805990226051413, 0.9747743345515911, -2.979645603345023, 1.0487539383421118, 4.019596892806911, 1.8533725894053612, 0.4624876712083461], "value_grad": [0.2981879711151123, -0.5377680063247681, -0.2732398509979248, -0.004356026649475098, -0.1073160171508789, 0.4783681631088257, 0.964655876159668, -0.2938319444656372, 0.05068802833557129, 0.24591600894927979, -0.6918120384216309, -0.3472919464111328, -0.514799952507019, -0.33897578716278076, 0.4890599250793457, -0.06375598907470703], "action_grad": [[0.0, 0.0, 0.0], [0.0, 0.0, 0.0], [0.0, 0.0, 0.0], [0.0, 0.0, 0.0], [0.0, 0.0, 0.0], [0.0, 0.0, 0.0], [0.0, 0.0, 0.0], [0.0, 0.0, 0.0], [0.0, 0.0, 0.0], [0.0, 0.0, 0.0], [0.0, 0.0, 0.0], [0.0, 0.0, 0.0], [0.0, 0.0, 0.0], [0.0, 0.0, 0.0], [0.0, 0.0, 0.0], [0.0, 0.0, 0.0]], "action_params_change": 0, "value_params_change": 0.374120009469209}
{"iterations": 1, "type_itr": 0, "sub_iteration": 9, "sub_it_time": 0.2948629856109619, "total_time": 2.9395809173583984, "value_loss": 1.440648078918457, "action_loss": -1.8330092430114746, "action_probs": [[0.006867078014686472, 0.19505229127338078, 0.027141932804328073, 0.7709386979076047], [0.0026277642478289994, 0.0005456687052151318, 0.8254232097953766, 0.1714033572515792], [0.05177085440375134, 0.7888297294099713, 0.009817080937516251, 0.14958233524876105], [0.1494372602398069, 0.31972618136766623, 0.16908129211754835, 0.36175526627497856], [0.6976166583313799, 0.19210888676930182, 0.08646407552283047, 0.023810379376487768], [0.007992683645924927, 0.009079626031997018, 0.4601738267273688, 0.5227538635947093], [0.2625018119827294, 0.12829322277251115, 0.4092104377574375, 0.19999452748732174], [0.10778560758506198, 0.654344010126269, 0.03364126401289703, 0.20422911827577211], [0.26700796383856257, 0.3510325437410199, 0.1650154400710608, 0.21694405234935688], [0.8048109557282704, 0.1951330852814238, 4.5038928802484005e-05, 1.0920061503196521e-05], [0.16538253189148855, 0.1621671235720185, 0.33952574425204757, 0.3329246002844453], [0.8169917648679239, 0.18212738858610772, 0.0007202788292873274, 0.0001605677166809227], [0.001870913213862048, 0.634955862184928, 0.0010669551141309999, 0.3621062694870788], [0.6334664754699393, 0.052257812565722546, 0.29032532616593204, 0.023950385798406006], [0.04233749520729793, 0.1846550691611055, 0.14417740375029617, 0.6288300318813005], [0.1305913407353398, 0.11681292347905885, 0.3972546167707537, 0.35534111901484766]], "state_values": [1.1471350495678672, 3.507680771990266, 4.746747096112536, 4.950937197027964, 1.6898564622157992, 3.057084169784708, 4.053489462185504, 2.5555549592439064, 1.1730296753648999, 3.3906928756566423, 1.1967059387028067, -3.194088831300084, 1.13814935392758, 4.347099881116696, 1.8443539520663939, 0.3096060760104964], "value_grad": [-0.3785761594772339, -0.4154040813446045, -0.3540240526199341, 0.31798815727233887, -0.2312638759613037, 0.25462818145751953, 0.6185520887374878, -0.1999797821044922, 0.3472919464111328, -0.3365999460220337, -0.3928319215774536, 0.6355800628662109, -0.3453119993209839, -0.3013559579849243, -0.4308481216430664, 0.33065998554229736], "action_grad": [[0.0, 0.0, 0.0], [0.0, 0.0, 0.0], [0.0, 0.0, 0.0], [0.0, 0.0, 0.0], [0.0, 0.0, 0.0], [0.0, 0.0, 0.0], [0.0, 0.0, 0.0], [0.0, 0.0, 0.0], [0.0, 0.0, 0.0], [0.0, 0.0, 0.0], [0.0, 0.0, 0.0], [0.0, 0.0, 0.0], [0.0, 0.0, 0.0], [0.0, 0.0, 0.0], [0.0, 0.0, 0.0], [0.0, 0.0, 0.0]], "action_params_change": 0, "value_params_change": 0.2732153122952792}
{"iterations": 1, "type_itr": 0, "sub_iteration": 10, "sub_it_time": 0.28865981101989746, "total_time": 3.229987144470215, "value_loss": 1.730915904045105, "action_loss": -1.8140290975570679, "action_probs": [[0.006867078014686472, 0.19505229127338078, 0.027141932804328073, 0.7709386979076047], [0.0026277642478289994, 0.0005456687052151318, 0.8254232097953766, 0.1714033572515792], [0.05177085440375134, 0.7888297294099713, 0.009817080937516251, 0.14958233524876105], [0.1494372602398069, 0.31972618136766623, 0.16908129211754835, 0.36175526627497856], [0.6976166583313799, 0.19210888676930182, 0.08646407552283047, 0.023810379376487768], [0.007992683645924927, 0.009079626031997018, 0.4601738267273688, 0.5227538635947093], [0.2625018119827294, 0.12829322277251115, 0.4092104377574375, 0.19999452748732174], [0.10778560758506198, 0.654344010126269, 0.03364126401289703, 0.20422911827577211], [0.26700796383856257, 0.3510325437410199, 0.1650154400710608, 0.21694405234935688], [0.8048109557282704, 0.1951330852814238, 4.5038928802484005e-05, 1.0920061503196521e-05], [0.16538253189148855, 0.1621671235720185, 0.33952574425204757, 0.3329246002844453], [0.8169917648679239, 0.18212738858610772, 0.0007202788292873274, 0.0001605677166809227], [0.001870913213862048, 0.634955862184928, 0.0010669551141309999, 0.3621062694870788], [0.6334664754699393, 0.052257812565722546, 0.29032532616593204, 0.023950385798406006], [0.04233749520729793, 0.1846550691611055, 0.14417740375029617, 0.6288300318813005], [0.1305913407353398, 0.11681292347905885, 0.3972546167707537, 0.35534111901484766]], "state_values": [0.7855138071453561, 2.9575367368660994, 4.60863731573051, 4.823903778714684, 2.079281508223298, 3.2081438012625396, 4.06451711225534, 2.6018013672338234, 1.3076723265366128, 3.0492825752482022, 1.3180184402623185, -3.25267459791777, 1.4005754801657166, 4.580804375593271, 1.9594410513915106, 0.363525944116478], "value_grad": [0.030096054077148438, -0.5179681777954102, -0.43401598930358887, 0.034451842308044434, -0.08791172504425049, -0.4336203336715698, 0.572219967842102, -0.3635282516479492, 0.018216252326965332, -0.14295601844787598, 0.22096824645996094, 0.2779921293258667, -0.46728014945983887, -0.078407883644104, 0.2637362480163574, 0.28353607654571533], "action_grad": [[0.0, 0.0, 0.0], [0.0, 0.0, 0.0], [0.0, 0.0, 0.0], [0.0, 0.0, 0.0], [0.0, 0.0, 0.0], [0.0, 0.0, 0.0], [0.0, 0.0, 0.0], [0.0, 0.0, 0.0], [0.0, 0.0, 0.0], [0.0, 0.0, 0.0], [0.0, 0.0, 0.0], [0.0, 0.0, 0.0], [0.0, 0.0, 0.0], [0.0, 0.0, 0.0], [0.0, 0.0, 0.0], [0.0, 0.0, 0.0]], "action_params_change": 0, "value_params_change": 0.28924758475046386}
{"iterations": 1, "type_itr": 0, "sub_iteration": 11, "sub_it_time": 0.2875676155090332, "total_time": 3.5191502571105957, "value_loss": 1.4909400939941406, "action_loss": -1.7580668926239014, "action_probs": [[0.006867078014686472, 0.19505229127338078, 0.027141932804328073, 0.7709386979076047], [0.0026277642478289994, 0.0005456687052151318, 0.8254232097953766, 0.1714033572515792], [0.05177085440375134, 0.7888297294099713, 0.009817080937516251, 0.14958233524876105], [0.1494372602398069, 0.31972618136766623, 0.16908129211754835, 0.36175526627497856], [0.6976166583313799, 0.19210888676930182, 0.08646407552283047, 0.023810379376487768], [0.007992683645924927, 0.009079626031997018, 0.4601738267273688, 0.5227538635947093], [0.2625018119827294, 0.12829322277251115, 0.4092104377574375, 0.19999452748732174], [0.10778560758506198, 0.654344010126269, 0.03364126401289703, 0.20422911827577211], [0.26700796383856257, 0.3510325437410199, 0.1650154400710608, 0.21694405234935688], [0.8048109557282704, 0.1951330852814238, 4.5038928802484005e-05, 1.0920061503196521e-05], [0.16538253189148855, 0.1621671235720185, 0.33952574425204757, 0.3329246002844453], [0.8169917648679239, 0.18212738858610772, 0.0007202788292873274, 0.0001605677166809227], [0.001870913213862048, 0.634955862184928, 0.0010669551141309999, 0.3621062694870788], [0.6334664754699393, 0.052257812565722546, 0.29032532616593204, 0.023950385798406006], [0.04233749520729793, 0.1846550691611055, 0.14417740375029617, 0.6288300318813005], [0.1305913407353398, 0.11681292347905885, 0.3972546167707537, 0.35534111901484766]], "state_values": [0.3234729266395697, 2.333126472592648, 4.410634180903899, 4.673270040438082, 2.2185399196772155, 3.1981163440377336, 4.007410222622274, 2.689194143262823, 1.4514155867630973, 2.6615355487250048, 1.4779503771317617, -3.5179529156936407, 1.8342335114628894, 4.704057297937686, 2.0788895775274465, 0.34292653299664033], "value_grad": [0.2550238370895386, -0.23126423358917236, -0.26254820823669434, -0.1449359655380249, 0.7127999067306519, -0.4114440679550171, 0.6846840381622314, 0.1160280704498291, 0.043559908866882324, -0.12988805770874023, -0.1572117805480957, -0.6082561016082764, -0.6126117706298828, -0.6137998104095459, 0.03722405433654785, -0.10652422904968262], "action_grad": [[0.0, 0.0, 0.0], [0.0, 0.0, 0.0], [0.0, 0.0, 0.0], [0.0, 0.0, 0.0], [0.0, 0.0, 0.0], [0.0, 0.0, 0.0], [0.0, 0.0, 0.0], [0.0, 0.0, 0.0], [0.0, 0.0, 0.0], [0.0, 0.0, 0.0], [0.0, 0.0, 0.0], [0.0, 0.0, 0.0], [0.0, 0.0, 0.0], [0.0, 0.0, 0.0], [0.0, 0.0, 0.0], [0.0, 0.0, 0.0]], "action_params_change": 0, "value_params_change": 0.294911360123713}
{"iterations": 1, "type_itr": 0, "sub_iteration": 12, "sub_it_time": 0.28560829162597656, "total_time": 3.80645751953125, "value_loss": 1.2941280603408813, "action_loss": -1.6710989475250244, "action_probs": [[0.006867078014686472, 0.19505229127338078, 0.027141932804328073, 0.7709386979076047], [0.0026277642478289994, 0.0005456687052151318, 0.8254232097953766, 0.1714033572515792], [0.05177085440375134, 0.7888297294099713, 0.009817080937516251, 0.14958233524876105], [0.1494372602398069, 0.31972618136766623, 0.16908129211754835, 0.36175526627497856], [0.6976166583313799, 0.19210888676930182, 0.08646407552283047, 0.023810379376487768], [0.007992683645924927, 0.009079626031997018, 0.4601738267273688, 0.5227538635947093], [0.2625018119827294, 0.12829322277251115, 0.4092104377574375, 0.19999452748732174], [0.10778560758506198, 0.654344010126269, 0.03364126401289703, 0.20422911827577211], [0.26700796383856257, 0.3510325437410199, 0.1650154400710608, 0.21694405234935688], [0.8048109557282704, 0.1951330852814238, 4.5038928802484005e-05, 1.0920061503196521e-05], [0.16538253189148855, 0.1621671235720185, 0.33952574425204757, 0.3329246002844453], [0.8169917648679239, 0.18212738858610772, 0.0007202788292873274, 0.0001605677166809227], [0.001870913213862048, 0.634955862184928, 0.0010669551141309999, 0.3621062694870788], [0.6334664754699393, 0.052257812565722546, 0.29032532616593204, 0.023950385798406006], [0.04233749520729793, 0.1846550691611055, 0.14417740375029617, 0.6288300318813005], [0.1305913407353398, 0.11681292347905885, 0.3972546167707537, 0.35534111901484766]], "state_values": [-0.2639905632670221, 1.579267023782895, 4.239554879984429, 4.528174059090737, 2.231744058229975, 3.1923875908054815, 3.92401572072529, 2.773528374104442, 1.6411224583362627, 2.1110320324837017, 1.489086862889335, -3.7268243581890594, 2.1181071136552645, 4.7744051884120875, 2.171132202560929, 0.11116204587619248], "value_grad": [0.356003999710083, -0.484308123588562, 0.1647357940673828, -0.12394797801971436, 0.4367882013320923, 0.009900093078613281, 0.30254387855529785, 0.016632080078125, 0.11602771282196045, -0.44549989700317383, 0.3991680145263672, 0.04395604133605957, 0.2617560625076294, -0.3765958547592163, -0.03128397464752197, -0.3544198274612427], "action_grad": [[0.0, 0.0, 0.0], [0.0, 0.0, 0.0], [0.0, 0.0, 0.0], [0.0, 0.0, 0.0], [0.0, 0.0, 0.0], [0.0, 0.0, 0.0], [0.0, 0.0, 0.0], [0.0, 0.0, 0.0], [0.0, 0.0, 0.0], [0.0, 0.0, 0.0], [0.0, 0.0, 0.0], [0.0, 0.0, 0.0], [0.0, 0.0, 0.0], [0.0, 0.0, 0.0], [0.0, 0.0, 0.0], [0.0, 0.0, 0.0]], "action_params_change": 0, "value_params_change": 0.32823075161700777}
{"iterations": 1, "type_itr": 0, "sub_iteration": 13, "sub_it_time": 0.2872023582458496, "total_time": 4.095594644546509, "value_loss": 1.717056155204773, "action_loss": -1.5205260515213013, "action_probs": [[0.006867078014686472, 0.19505229127338078, 0.027141932804328073, 0.7709386979076047], [0.0026277642478289994, 0.0005456687052151318, 0.8254232097953766, 0.1714033572515792], [0.05177085440375134, 0.7888297294099713, 0.009817080937516251, 0.14958233524876105], [0.1494372602398069, 0.31972618136766623, 0.16908129211754835, 0.36175526627497856], [0.6976166583313799, 0.19210888676930182, 0.08646407552283047, 0.023810379376487768], [0.007992683645924927, 0.009079626031997018, 0.4601738267273688, 0.5227538635947093], [0.2625018119827294, 0.12829322277251115, 0.4092104377574375, 0.19999452748732174], [0.10778560758506198, 0.654344010126269, 0.03364126401289703, 0.20422911827577211], [0.26700796383856257, 0.3510325437410199, 0.1650154400710608, 0.21694405234935688], [0.8048109557282704, 0.1951330852814238, 4.5038928802484005e-05, 1.0920061503196521e-05], [0.16538253189148855, 0.1621671235720185, 0.33952574425204757, 0.3329246002844453], [0.8169917648679239, 0.18212738858610772, 0.0007202788292873274, 0.0001605677166809227], [0.001870913213862048, 0.634955862184928, 0.0010669551141309999, 0.3621062694870788], [0.6334664754699393, 0.052257812565722546, 0.29032532616593204, 0.023950385798406006], [0.04233749520729793, 0.1846550691611055, 0.14417740375029617, 0.6288300318813005], [0.1305913407353398, 0.11681292347905885, 0.3972546167707537, 0.35534111901484766]], "state_values": [-0.8054777713715405, 1.0214998342876491, 4.10042949122274, 4.364745162778598, 2.199700593151928, 3.066266258681798, 3.798566015594966, 2.6871435051469477, 1.9471299085769305, 1.6784420174963186, 1.3936650981271936, -3.7077621689582756, 2.4690048629441277, 4.810002463002554, 2.050222624663091, 0.29021558855309104], "value_grad": [0.026135683059692383, 0.3726358413696289, 0.12790799140930176, 0.04316401481628418, 0.17622017860412598, -0.3662998676300049, 0.4538156986236572, -0.4213440418243408, 0.2803678512573242, 0.17661619186401367, 0.3302638530731201, 0.6149883270263672, -0.32788825035095215, -0.36233997344970703, -0.46490418910980225, 0.7064640522003174], "action_grad": [[0.0, 0.0, 0.0], [0.0, 0.0, 0.0], [0.0, 0.0, 0.0], [0.0, 0.0, 0.0], [0.0, 0.0, 0.0], [0.0, 0.0, 0.0], [0.0, 0.0, 0.0], [0.0, 0.0, 0.0], [0.0, 0.0, 0.0], [0.0, 0.0, 0.0], [0.0, 0.0, 0.0], [0.0, 0.0, 0.0], [0.0, 0.0, 0.0], [0.0, 0.0, 0.0], [0.0, 0.0, 0.0], [0.0, 0.0, 0.0]], "action_params_change": 0, "value_params_change": 0.23121486245106837}
