{"iterations": 0, "type_itr": 0, "sub_iteration": 0, "sub_it_time": 0, "total_time": 0, "value_loss": 0, "action_loss": 0, "action_probs": [[4.507046817813307e-05, 0.002103335957637444, 0.02093348723699324, 0.9769181063371912], [0.2722450835555834, 0.5909934781798508, 0.04313133221558919, 0.09363010604897636], [0.7598952200472849, 0.22139101829527852, 0.01449169210464949, 0.004222069552786973], [0.675339874986868, 0.15349344334008727, 0.13946795193553166, 0.031698729737513], [0.05029155965370053, 0.1953595104756314, 0.15443606325965667, 0.5999128666110114], [0.009305069786372671, 0.9371842150116884, 0.0005260713959154757, 0.052984643806023614], [0.11475481512729986, 0.7934463458911305, 0.011599147026433956, 0.0801996919551357], [0.0630733093081717, 0.06699608999402601, 0.4218471227577123, 0.44808347794009], [0.09920243264722003, 0.08724672259044548, 0.4328591501514112, 0.3806916946109231], [0.12110281870208188, 0.07760012817047228, 0.4883638279086293, 0.3129332252188166], [4.911052571046017e-05, 1.5215804404252763e-10, 0.9999477912062418, 3.098115889689626e-06], [0.24622900651373314, 0.3928390089040163, 0.13906489112058493, 0.22186709346166567], [0.059342431028464586, 0.901121958419189, 0.0024427134083753865, 0.037092897143971175], [0.5894652376660603, 0.09150909464433754, 0.2761551090893496, 0.04287055860025257], [0.3606889278993171, 0.05181777954470975, 0.5136942551868855, 0.07379903736908777], [0.41822178912652513, 0.46646706473154453, 0.05451140662098261, 0.060799739520947686]], "state_values": [4.99373499788701, -3.9806344797966315, 4.362084258048999, 4.59478416045539, -4.1657246800221195, 4.969608802651083, 4.167447880401787, 4.807759841457496, 4.218469940536798, -2.5031068369897964, 4.737487220159112, 3.334299988320465, -0.9170470985211744, 4.6979697791089325, 3.1147165376369754, 4.971743055268727], "value_grad": [0.0, 0.0, 0.0, 0.0, 0.0, 0.0, 0.0, 0.0, 0.0, 0.0, 0.0, 0.0, 0.0, 0.0, 0.0, 0.0], "action_grad": [[0.0, 0.0, 0.0], [0.0, 0.0, 0.0], [0.0, 0.0, 0.0], [0.0, 0.0, 0.0], [0.0, 0.0, 0.0], [0.0, 0.0, 0.0], [0.0, 0.0, 0.0], [0.0, 0.0, 0.0], [0.0, 0.0, 0.0], [0.0, 0.0, 0.0], [0.0, 0.0, 0.0], [0.0, 0.0, 0.0], [0.0, 0.0, 0.0], [0.0, 0.0, 0.0], [0.0, 0.0, 0.0], [0.0, 0.0, 0.0]], "action_params_change": 0, "value_params_change": 0}
{"iterations": 1, "type_itr": 0, "sub_iteration": 0, "sub_it_time": 0.10384607315063477, "total_time": 0.10509467124938965, "value_loss": 43.560001373291016, "action_loss": -2.173292398452759, "action_probs": [[4.507046817813307e-05, 0.002103335957637444, 0.02093348723699324, 0.9769181063371912], [0.2722450835555834, 0.5909934781798508, 0.04313133221558919, 0.09363010604897636], [0.7598952200472849, 0.22139101829527852, 0.01449169210464949, 0.004222069552786973], [0.675339874986868, 0.15349344334008727, 0.13946795193553166, 0.031698729737513], [0.05029155965370053, 0.1953595104756314, 0.15443606325965667, 0.5999128666110114], [0.009305069786372671, 0.9371842150116884, 0.0005260713959154757, 0.052984643806023614], [0.11475481512729986, 0.7934463458911305, 0.011599147026433956, 0.0801996919551357], [0.0630733093081717, 0.06699608999402601, 0.4218471227577123, 0.44808347794009], [0.09920243264722003, 0.08724672259044548, 0.4328591501514112, 0.3806916946109231], [0.12110281870208188, 0.07760012817047228, 0.4883638279086293, 0.3129332252188166], [4.911052571046017e-05, 1.5215804404252763e-10, 0.9999477912062418, 3.098115889689626e-06], [0.24622900651373314, 0.3928390089040163, 0.13906489112058493, 0.22186709346166567], [0.059342431028464586, 0.901121958419189, 0.0024427134083753865, 0.037092897143971175], [0.5894652376660603, 0.09150909464433754, 0.2761551090893496, 0.04287055860025257], [0.3606889278993171, 0.05181777954470975, 0.5136942551868855, 0.07379903736908777], [0.41822178912652513, 0.46646706473154453, 0.05451140662098261, 0.060799739520947686]], "state_values": [4.776586094637542, -4.605443623807557, 4.83108658066007, 3.9641146253358617, -4.720362016172678, 4.678933730993219, 3.3543950611478373, 4.807759841457496, 3.4232654955193693, -1.354444883557351, 4.985763796856258, 2.3088385204898594, 0.32749742606623305, 4.128500407323379, 2.050207797589159, 4.6858563737017365], "value_grad": [-11.880001068115234, -35.63999938964844, 43.56000518798828, 23.760000228881836, 23.760000228881836, -27.720003128051758, 23.76000213623047, 0.0, -51.480003356933594, -31.680002212524414, 19.80000114440918, 67.31999969482422, -11.880000114440918, 35.63999938964844, 27.720003128051758, -7.920000076293945], "action_grad": [[0.0, 0.0, 0.0], [0.0, 0.0, 0.0], [0.0, 0.0, 0.0], [0.0, 0.0, 0.0], [0.0, 0.0, 0.0], [0.0, 0.0, 0.0], [0.0, 0.0, 0.0], [0.0, 0.0, 0.0], [0.0, 0.0, 0.0], [0.0, 0.0, 0.0], [0.0, 0.0, 0.0], [0.0, 0.0, 0.0], [0.0, 0.0, 0.0], [0.0, 0.0, 0.0], [0.0, 0.0, 0.0], [0.0, 0.0, 0.0]], "action_params_change": 0, "value_params_change": 0.49999999992572786}
{"iterations": 1, "type_itr": 0, "sub_iteration": 1, "sub_it_time": 0.10097670555114746, "total_time": 0.2137608528137207, "value_loss": 0.0, "action_loss": -1.6299693584442139, "action_probs": [[4.507046817813307e-05, 0.002103335957637444, 0.02093348723699324, 0.9769181063371912], [0.2722450835555834, 0.5909934781798508, 0.04313133221558919, 0.09363010604897636], [0.7598952200472849, 0.22139101829527852, 0.01449169210464949, 0.004222069552786973], [0.675339874986868, 0.15349344334008727, 0.13946795193553166, 0.031698729737513], [0.05029155965370053, 0.1953595104756314, 0.15443606325965667, 0.5999128666110114], [0.009305069786372671, 0.9371842150116884, 0.0005260713959154757, 0.052984643806023614], [0.11475481512729986, 0.7934463458911305, 0.011599147026433956, 0.0801996919551357], [0.0630733093081717, 0.06699608999402601, 0.4218471227577123, 0.44808347794009], [0.09920243264722003, 0.08724672259044548, 0.4328591501514112, 0.3806916946109231], [0.12110281870208188, 0.07760012817047228, 0.4883638279086293, 0.3129332252188166], [4.911052571046017e-05, 1.5215804404252763e-10, 0.9999477912062418, 3.098115889689626e-06], [0.24622900651373314, 0.3928390089040163, 0.13906489112058493, 0.22186709346166567], [0.059342431028464586, 0.901121958419189, 0.0024427134083753865, 0.037092897143971175], [0.5894652376660603, 0.09150909464433754, 0.2761551090893496, 0.04287055860025257], [0.3606889278993171, 0.05181777954470975, 0.5136942551868855, 0.07379903736908777], [0.41822178912652513, 0.46646706473154453, 0.05451140662098261, 0.060799739520947686]], "state_values": [4.922305761338943, -4.939538022454385, 4.978320482963043, 3.8514536341709595, -4.586766125363511, 4.3883453315233005, 2.5687998821352243, 4.470828790770516, 2.828913818346288, -1.4176554908654502, 4.998095004824515, 1.8164769893684325, 1.5516797494293508, 4.023921504826397, 2.1100329896041696, 4.133272631991063], "value_grad": [35.63999938964844, -63.36000061035156, 0.0, -15.840002059936523, -39.599998474121094, 3.9600000381469727, 3.9600000381469727, -3.9599990844726562, 3.9600000381469727, 31.680004119873047, -11.880000114440918, -19.799999237060547, -11.880001068115234, -23.760000228881836, -27.720003128051758, -15.84000015258789], "action_grad": [[0.0, 0.0, 0.0], [0.0, 0.0, 0.0], [0.0, 0.0, 0.0], [0.0, 0.0, 0.0], [0.0, 0.0, 0.0], [0.0, 0.0, 0.0], [0.0, 0.0, 0.0], [0.0, 0.0, 0.0], [0.0, 0.0, 0.0], [0.0, 0.0, 0.0], [0.0, 0.0, 0.0], [0.0, 0.0, 0.0], [0.0, 0.0, 0.0], [0.0, 0.0, 0.0], [0.0, 0.0, 0.0], [0.0, 0.0, 0.0]], "action_params_change": 0, "value_params_change": 0.5000000006253398}
{"iterations": 1, "type_itr": 0, "sub_iteration": 2, "sub_it_time": 0.10186982154846191, "total_time": 0.32279014587402344, "value_loss": 43.560001373291016, "action_loss": -1.2677539587020874, "action_probs": [[4.507046817813307e-05, 0.002103335957637444, 0.02093348723699324, 0.9769181063371912], [0.2722450835555834, 0.5909934781798508, 0.04313133221558919, 0.09363010604897636], [0.7598952200472849, 0.22139101829527852, 0.01449169210464949, 0.004222069552786973], [0.675339874986868, 0.15349344334008727, 0.13946795193553166, 0.031698729737513], [0.05029155965370053, 0.1953595104756314, 0.15443606325965667, 0.5999128666110114], [0.009305069786372671, 0.9371842150116884, 0.0005260713959154757, 0.052984643806023614], [0.11475481512729986, 0.7934463458911305, 0.011599147026433956, 0.0801996919551357], [0.0630733093081717, 0.06699608999402601, 0.4218471227577123, 0.44808347794009], [0.09920243264722003, 0.08724672259044548, 0.4328591501514112, 0.3806916946109231], [0.12110281870208188, 0.07760012817047228, 0.4883638279086293, 0.3129332252188166], [4.911052571046017e-05, 1.5215804404252763e-10, 0.9999477912062418, 3.098115889689626e-06], [0.24622900651373314, 0.3928390089040163, 0.13906489112058493, 0.22186709346166567], [0.059342431028464586, 0.901121958419189, 0.0024427134083753865, 0.037092897143971175], [0.5894652376660603, 0.09150909464433754, 0.2761551090893496, 0.04287055860025257], [0.3606889278993171, 0.05181777954470975, 0.5136942551868855, 0.07379903736908777], [0.41822178912652513, 0.46646706473154453, 0.05451140662098261, 0.060799739520947686]], "state_values": [4.983600311549861, -4.995684220751892, 4.990132163994583, 3.962514144688528, -4.466532088933684, 4.351543235885291, 1.6349953477374009, 4.4958302453781105, 1.9952189325851186, -1.6592640848596119, 4.9682509690751075, 1.6425803982649652, 2.665817002753401, 3.984711775117978, 2.0830555490260534, 3.469243351155388], "value_grad": [0.0, -3.9600000381469727, 7.920000076293945, -11.880000114440918, 0.0, 15.84000015258789, 11.880001068115234, 3.9600000381469727, -39.599998474121094, 11.880001068115234, 23.760000228881836, -19.80000114440918, -19.80000114440918, -3.9600000381469727, 3.9600000381469727, -59.400001525878906], "action_grad": [[0.0, 0.0, 0.0], [0.0, 0.0, 0.0], [0.0, 0.0, 0.0], [0.0, 0.0, 0.0], [0.0, 0.0, 0.0], [0.0, 0.0, 0.0], [0.0, 0.0, 0.0], [0.0, 0.0, 0.0], [0.0, 0.0, 0.0], [0.0, 0.0, 0.0], [0.0, 0.0, 0.0], [0.0, 0.0, 0.0], [0.0, 0.0, 0.0], [0.0, 0.0, 0.0], [0.0, 0.0, 0.0], [0.0, 0.0, 0.0]], "action_params_change": 0, "value_params_change": 0.4935779165438152}
{"iterations": 1, "type_itr": 0, "sub_iteration": 3, "sub_it_time": 0.10182881355285645, "total_time": 0.4366939067840576, "value_loss": -15.84000015258789, "action_loss": 0.0, "action_probs": [[4.507046817813307e-05, 0.002103335957637444, 0.02093348723699324, 0.9769181063371912], [0.2722450835555834, 0.5909934781798508, 0.04313133221558919, 0.09363010604897636], [0.7598952200472849, 0.22139101829527852, 0.01449169210464949, 0.004222069552786973], [0.675339874986868, 0.15349344334008727, 0.13946795193553166, 0.031698729737513], [0.05029155965370053, 0.1953595104756314, 0.15443606325965667, 0.5999128666110114], [0.009305069786372671, 0.9371842150116884, 0.0005260713959154757, 0.052984643806023614], [0.11475481512729986, 0.7934463458911305, 0.011599147026433956, 0.0801996919551357], [0.0630733093081717, 0.06699608999402601, 0.4218471227577123, 0.44808347794009], [0.09920243264722003, 0.08724672259044548, 0.4328591501514112, 0.3806916946109231], [0.12110281870208188, 0.07760012817047228, 0.4883638279086293, 0.3129332252188166], [4.911052571046017e-05, 1.5215804404252763e-10, 0.9999477912062418, 3.098115889689626e-06], [0.24622900651373314, 0.3928390089040163, 0.13906489112058493, 0.22186709346166567], [0.059342431028464586, 0.901121958419189, 0.0024427134083753865, 0.037092897143971175], [0.5894652376660603, 0.09150909464433754, 0.2761551090893496, 0.04287055860025257], [0.3606889278993171, 0.05181777954470975, 0.5136942551868855, 0.07379903736908777], [0.41822178912652513, 0.46646706473154453, 0.05451140662098261, 0.060799739520947686]], "state_values": [4.992170726263434, -4.897224427128502, 4.846690914154547, 4.191814219421591, -4.473772001119786, 3.984481218162052, 1.1756192614988141, 4.515882674480984, 1.1771851806479439, -1.474396995143956, 4.851693938937711, 1.4609739193665132, 3.5402254570530767, 4.295865937641945, 2.0609024089020838, 3.2312965512812846], "value_grad": [19.799999237060547, 0.0, 27.720001220703125, -11.880001068115234, 15.84000015258789, -59.400001525878906, -11.880000114440918, 0.0, -7.920000076293945, -27.720003128051758, 3.9600000381469727, 3.960000991821289, -47.52000427246094, -59.400001525878906, 0.0, 39.599998474121094], "action_grad": [[0.0, 0.0, 0.0], [0.0, 0.0, 0.0], [0.0, 0.0, 0.0], [0.0, 0.0, 0.0], [0.0, 0.0, 0.0], [0.0, 0.0, 0.0], [0.0, 0.0, 0.0], [0.0, 0.0, 0.0], [0.0, 0.0, 0.0], [0.0, 0.0, 0.0], [0.0, 0.0, 0.0], [0.0, 0.0, 0.0], [0.0, 0.0, 0.0], [0.0, 0.0, 0.0], [0.0, 0.0, 0.0], [0.0, 0.0, 0.0]], "action_params_change": 0, "value_params_change": 0.4487812957150794}
{"iterations": 1, "type_itr": 0, "sub_iteration": 4, "sub_it_time": 0.1016993522644043, "total_time": 0.5404746532440186, "value_loss": 0.0, "action_loss": -1.4488615989685059, "action_probs": [[4.507046817813307e-05, 0.002103335957637444, 0.02093348723699324, 0.9769181063371912], [0.2722450835555834, 0.5909934781798508, 0.04313133221558919, 0.09363010604897636], [0.7598952200472849, 0.22139101829527852, 0.01449169210464949, 0.004222069552786973], [0.675339874986868, 0.15349344334008727, 0.13946795193553166, 0.031698729737513], [0.05029155965370053, 0.1953595104756314, 0.15443606325965667, 0.5999128666110114], [0.009305069786372671, 0.9371842150116884, 0.0005260713959154757, 0.052984643806023614], [0.11475481512729986, 0.7934463458911305, 0.011599147026433956, 0.0801996919551357], [0.0630733093081717, 0.06699608999402601, 0.4218471227577123, 0.44808347794009], [0.09920243264722003, 0.08724672259044548, 0.4328591501514112, 0.3806916946109231], [0.12110281870208188, 0.07760012817047228, 0.4883638279086293, 0.3129332252188166], [4.911052571046017e-05, 1.5215804404252763e-10, 0.9999477912062418, 3.098115889689626e-06], [0.24622900651373314, 0.3928390089040163, 0.13906489112058493, 0.22186709346166567], [0.059342431028464586, 0.901121958419189, 0.0024427134083753865, 0.037092897143971175], [0.5894652376660603, 0.09150909464433754, 0.2761551090893496, 0.04287055860025257], [0.3606889278993171, 0.05181777954470975, 0.5136942551868855, 0.07379903736908777], [0.41822178912652513, 0.46646706473154453, 0.05451140662098261, 0.060799739520947686]], "state_values": [4.881040692433838, -4.660375617209276, 4.775588489700688, 4.365096309997134, -4.405648787553959, 3.92017993973766, 0.468991995092344, 4.20194970161453, 0.2917097812691008, -1.4133720762489446, 4.687807690861635, 1.78627998389142, 4.009413383717924, 4.448977396238852, 2.319926575312726, 3.1664528834991494], "value_grad": [19.799999237060547, -19.799999237060547, -35.6400032043457, 0.0, -11.880001068115234, 43.560001373291016, 19.80000114440918, -19.80000114440918, -19.80000114440918, 7.920000076293945, 0.0, -67.31999969482422, 15.84000015258789, 15.84000015258789, -19.800003051757812, 19.799999237060547], "action_grad": [[0.0, 0.0, 0.0], [0.0, 0.0, 0.0], [0.0, 0.0, 0.0], [0.0, 0.0, 0.0], [0.0, 0.0, 0.0], [0.0, 0.0, 0.0], [0.0, 0.0, 0.0], [0.0, 0.0, 0.0], [0.0, 0.0, 0.0], [0.0, 0.0, 0.0], [0.0, 0.0, 0.0], [0.0, 0.0, 0.0], [0.0, 0.0, 0.0], [0.0, 0.0, 0.0], [0.0, 0.0, 0.0], [0.0, 0.0, 0.0]], "action_params_change": 0, "value_params_change": 0.3585862321072426}
{"iterations": 1, "type_itr": 0, "sub_iteration": 5, "sub_it_time": 0.10220718383789062, "total_time": 0.6506335735321045, "value_loss": 23.760000228881836, "action_loss": -0.5433230996131897, "action_probs": [[4.507046817813307e-05, 0.002103335957637444, 0.02093348723699324, 0.9769181063371912], [0.2722450835555834, 0.5909934781798508, 0.04313133221558919, 0.09363010604897636], [0.7598952200472849, 0.22139101829527852, 0.01449169210464949, 0.004222069552786973], [0.675339874986868, 0.15349344334008727, 0.13946795193553166, 0.031698729737513], [0.05029155965370053, 0.1953595104756314, 0.15443606325965667, 0.5999128666110114], [0.009305069786372671, 0.9371842150116884, 0.0005260713959154757, 0.052984643806023614], [0.11475481512729986, 0.7934463458911305, 0.011599147026433956, 0.0801996919551357], [0.0630733093081717, 0.06699608999402601, 0.4218471227577123, 0.44808347794009], [0.09920243264722003, 0.08724672259044548, 0.4328591501514112, 0.3806916946109231], [0.12110281870208188, 0.07760012817047228, 0.4883638279086293, 0.3129332252188166], [4.911052571046017e-05, 1.5215804404252763e-10, 0.9999477912062418, 3.098115889689626e-06], [0.24622900651373314, 0.3928390089040163, 0.13906489112058493, 0.22186709346166567], [0.059342431028464586, 0.901121958419189, 0.0024427134083753865, 0.037092897143971175], [0.5894652376660603, 0.09150909464433754, 0.2761551090893496, 0.04287055860025257], [0.3606889278993171, 0.05181777954470975, 0.5136942551868855, 0.07379903736908777], [0.41822178912652513, 0.46646706473154453, 0.05451140662098261, 0.060799739520947686]], "state_values": [4.843389614669762, -4.441434757441389, 4.650038837239877, 4.321866237160726, -4.461520308215956, 3.86337264861648, -0.14829800604083943, 3.677767568453855, -0.2235121386593654, -1.4950461203561687, 4.500107017132287, 2.0359524600798107, 4.1369687483661055, 4.593596736442485, 2.4855841644042522, 3.0832802907161625], "value_grad": [-35.6400032043457, 19.800003051757812, 15.840001106262207, 19.799999237060547, 19.80000114440918, 0.0, 0.0, -23.76000213623047, 23.76000213623047, 11.880000114440918, 0.0, 3.9599990844726562, 31.68000030517578, -7.920000076293945, 3.9599990844726562, -3.9600000381469727], "action_grad": [[0.0, 0.0, 0.0], [0.0, 0.0, 0.0], [0.0, 0.0, 0.0], [0.0, 0.0, 0.0], [0.0, 0.0, 0.0], [0.0, 0.0, 0.0], [0.0, 0.0, 0.0], [0.0, 0.0, 0.0], [0.0, 0.0, 0.0], [0.0, 0.0, 0.0], [0.0, 0.0, 0.0], [0.0, 0.0, 0.0], [0.0, 0.0, 0.0], [0.0, 0.0, 0.0], [0.0, 0.0, 0.0], [0.0, 0.0, 0.0]], "action_params_change": 0, "value_params_change": 0.3430378771859808}
{"iterations": 1, "type_itr": 0, "sub_iteration": 6, "sub_it_time": 0.10240411758422852, "total_time": 0.7601375579833984, "value_loss": -7.920000076293945, "action_loss": -3.4410464763641357, "action_probs": [[4.507046817813307e-05, 0.002103335957637444, 0.02093348723699324, 0.9769181063371912], [0.2722450835555834, 0.5909934781798508, 0.04313133221558919, 0.09363010604897636], [0.7598952200472849, 0.22139101829527852, 0.01449169210464949, 0.004222069552786973], [0.675339874986868, 0.15349344334008727, 0.13946795193553166, 0.031698729737513], [0.05029155965370053, 0.1953595104756314, 0.15443606325965667, 0.5999128666110114], [0.009305069786372671, 0.9371842150116884, 0.0005260713959154757, 0.052984643806023614], [0.11475481512729986, 0.7934463458911305, 0.011599147026433956, 0.0801996919551357], [0.0630733093081717, 0.06699608999402601, 0.4218471227577123, 0.44808347794009], [0.09920243264722003, 0.08724672259044548, 0.4328591501514112, 0.3806916946109231], [0.12110281870208188, 0.07760012817047228, 0.4883638279086293, 0.3129332252188166], [4.911052571046017e-05, 1.5215804404252763e-10, 0.9999477912062418, 3.098115889689626e-06], [0.24622900651373314, 0.3928390089040163, 0.13906489112058493, 0.22186709346166567], [0.059342431028464586, 0.901121958419189, 0.0024427134083753865, 0.037092897143971175], [0.5894652376660603, 0.09150909464433754, 0.2761551090893496, 0.04287055860025257], [0.3606889278993171, 0.05181777954470975, 0.5136942551868855, 0.07379903736908777], [0.41822178912652513, 0.46646706473154453, 0.05451140662098261, 0.060799739520947686]], "state_values": [4.82928999540493, -4.36606628697552, 4.471191949914706, 4.216714867400395, -4.446448356603532, 3.6312561468883544, -0.6858543934751686, 3.470914336254916, -0.6717048706068056, -1.9754886452504838, 4.53600821050936, 1.9416358273867615, 4.199775056005405, 4.616843140875023, 2.196747371674425, 3.0619334135184766], "value_grad": [-7.920000076293945, 35.63999938964844, 11.880000114440918, 7.920000076293945, -11.880000114440918, -39.60000228881836, 0.0, 19.80000114440918, 0.0, 59.400001525878906, -27.720001220703125, 55.44000244140625, 7.920000076293945, 27.720001220703125, 43.560001373291016, 7.920000076293945], "action_grad": [[0.0, 0.0, 0.0], [0.0, 0.0, 0.0], [0.0, 0.0, 0.0], [0.0, 0.0, 0.0], [0.0, 0.0, 0.0], [0.0, 0.0, 0.0], [0.0, 0.0, 0.0], [0.0, 0.0, 0.0], [0.0, 0.0, 0.0], [0.0, 0.0, 0.0], [0.0, 0.0, 0.0], [0.0, 0.0, 0.0], [0.0, 0.0, 0.0], [0.0, 0.0, 0.0], [0.0, 0.0, 0.0], [0.0, 0.0, 0.0]], "action_params_change": 0, "value_params_change": 0.21588155047996604}
{"iterations": 1, "type_itr": 0, "sub_iteration": 7, "sub_it_time": 0.10239839553833008, "total_time": 0.8695344924926758, "value_loss": 47.52000045776367, "action_loss": -1.0866461992263794, "action_probs": [[4.507046817813307e-05, 0.002103335957637444, 0.02093348723699324, 0.9769181063371912], [0.2722450835555834, 0.5909934781798508, 0.04313133221558919, 0.09363010604897636], [0.7598952200472849, 0.22139101829527852, 0.01449169210464949, 0.004222069552786973], [0.675339874986868, 0.15349344334008727, 0.13946795193553166, 0.031698729737513], [0.05029155965370053, 0.1953595104756314, 0.15443606325965667, 0.5999128666110114], [0.009305069786372671, 0.9371842150116884, 0.0005260713959154757, 0.052984643806023614], [0.11475481512729986, 0.7934463458911305, 0.011599147026433956, 0.0801996919551357], [0.0630733093081717, 0.06699608999402601, 0.4218471227577123, 0.44808347794009], [0.09920243264722003, 0.08724672259044548, 0.4328591501514112, 0.3806916946109231], [0.12110281870208188, 0.07760012817047228, 0.4883638279086293, 0.3129332252188166], [4.911052571046017e-05, 1.5215804404252763e-10, 0.9999477912062418, 3.098115889689626e-06], [0.24622900651373314, 0.3928390089040163, 0.13906489112058493, 0.22186709346166567], [0.059342431028464586, 0.901121958419189, 0.0024427134083753865, 0.037092897143971175], [0.5894652376660603, 0.09150909464433754, 0.2761551090893496, 0.04287055860025257], [0.3606889278993171, 0.05181777954470975, 0.5136942551868855, 0.07379903736908777], [0.41822178912652513, 0.46646706473154453, 0.05451140662098261, 0.060799739520947686]], "state_values": [4.715351444834228, -4.224721077797654, 4.3434441073422585, 4.118296527854491, -4.257283220172972, 3.4933434138229718, -0.47385384567327593, 3.2784506971619294, -1.0949409937018226, -2.432710231997521, 4.688340114342576, 1.7053670646939911, 3.9755437494626347, 4.524898733199438, 2.304220389335037, 3.043040463349142], "value_grad": [39.599998474121094, -19.800003051757812, -11.880000114440918, 0.0, -39.60000228881836, 15.84000015258789, -47.52000045776367, 0.0, -3.960000991821289, 7.920000076293945, -27.720001220703125, 31.680004119873047, 71.27999877929688, 39.60000228881836, -43.560001373291016, 0.0], "action_grad": [[0.0, 0.0, 0.0], [0.0, 0.0, 0.0], [0.0, 0.0, 0.0], [0.0, 0.0, 0.0], [0.0, 0.0, 0.0], [0.0, 0.0, 0.0], [0.0, 0.0, 0.0], [0.0, 0.0, 0.0], [0.0, 0.0, 0.0], [0.0, 0.0, 0.0], [0.0, 0.0, 0.0], [0.0, 0.0, 0.0], [0.0, 0.0, 0.0], [0.0, 0.0, 0.0], [0.0, 0.0, 0.0], [0.0, 0.0, 0.0]], "action_params_change": 0, "value_params_change": 0.20390623249927753}
{"iterations": 1, "type_itr": 0, "sub_iteration": 8, "sub_it_time": 0.10200810432434082, "total_time": 0.9792306423187256, "value_loss": -11.880000114440918, "action_loss": -1.6299693584442139, "action_probs": [[4.507046817813307e-05, 0.002103335957637444, 0.02093348723699324, 0.9769181063371912], [0.2722450835555834, 0.5909934781798508, 0.04313133221558919, 0.09363010604897636], [0.7598952200472849, 0.22139101829527852, 0.01449169210464949, 0.004222069552786973], [0.675339874986868, 0.15349344334008727, 0.13946795193553166, 0.031698729737513], [0.05029155965370053, 0.1953595104756314, 0.15443606325965667, 0.5999128666110114], [0.009305069786372671, 0.9371842150116884, 0.0005260713959154757, 0.052984643806023614], [0.11475481512729986, 0.7934463458911305, 0.011599147026433956, 0.0801996919551357], [0.0630733093081717, 0.06699608999402601, 0.4218471227577123, 0.44808347794009], [0.09920243264722003, 0.08724672259044548, 0.4328591501514112, 0.3806916946109231], [0.12110281870208188, 0.07760012817047228, 0.4883638279086293, 0.3129332252188166], [4.911052571046017e-05, 1.5215804404252763e-10, 0.9999477912062418, 3.098115889689626e-06], [0.24622900651373314, 0.3928390089040163, 0.13906489112058493, 0.22186709346166567], [0.059342431028464586, 0.901121958419189, 0.0024427134083753865, 0.037092897143971175], [0.5894652376660603, 0.09150909464433754, 0.2761551090893496, 0.04287055860025257], [0.3606889278993171, 0.05181777954470975, 0.5136942551868855, 0.07379903736908777], [0.41822178912652513, 0.46646706473154453, 0.05451140662098261, 0.060799739520947686]], "state_values": [4.741598410348138, -4.01313250207575, 4.045728254888052, 4.098726532462372, -4.27929088218977, 3.1930594661590557, 0.11651338748114977, 3.441798352779359, -1.4314695892872054, -2.713890538653763, 4.724995673369234, 1.4724501299740853, 3.84064344135458, 4.551360234465311, 2.114084630784352, 2.7507998104800517], "value_grad": [-51.480003356933594, -19.799999237060547, 47.52000427246094, -7.920000076293945, 43.56000518798828, -39.599998474121094, -71.27999877929688, 31.680004119873047, 3.9600000381469727, -15.84000015258789, 19.799999237060547, 3.9600000381469727, -19.799999237060547, -39.599998474121094, 43.560001373291016, -51.480003356933594], "action_grad": [[0.0, 0.0, 0.0], [0.0, 0.0, 0.0], [0.0, 0.0, 0.0], [0.0, 0.0, 0.0], [0.0, 0.0, 0.0], [0.0, 0.0, 0.0], [0.0, 0.0, 0.0], [0.0, 0.0, 0.0], [0.0, 0.0, 0.0], [0.0, 0.0, 0.0], [0.0, 0.0, 0.0], [0.0, 0.0, 0.0], [0.0, 0.0, 0.0], [0.0, 0.0, 0.0], [0.0, 0.0, 0.0], [0.0, 0.0, 0.0]], "action_params_change": 0, "value_params_change": 0.23643599294212558}
{"iterations": 1, "type_itr": 0, "sub_iteration": 9, "sub_it_time": 0.10379266738891602, "total_time": 1.0907974243164062, "value_loss": -3.9600000381469727, "action_loss": -2.173292398452759, "action_probs": [[4.507046817813307e-05, 0.002103335957637444, 0.02093348723699324, 0.9769181063371912], [0.2722450835555834, 0.5909934781798508, 0.04313133221558919, 0.09363010604897636], [0.7598952200472849, 0.22139101829527852, 0.01449169210464949, 0.004222069552786973], [0.675339874986868, 0.15349344334008727, 0.13946795193553166, 0.031698729737513], [0.05029155965370053, 0.1953595104756314, 0.15443606325965667, 0.5999128666110114], [0.009305069786372671, 0.9371842150116884, 0.0005260713959154757, 0.052984643806023614], [0.11475481512729986, 0.7934463458911305, 0.011599147026433956, 0.0801996919551357], [0.0630733093081717, 0.06699608999402601, 0.4218471227577123, 0.44808347794009], [0.09920243264722003, 0.08724672259044548, 0.4328591501514112, 0.3806916946109231], [0.12110281870208188, 0.07760012817047228, 0.4883638279086293, 0.3129332252188166], [4.911052571046017e-05, 1.5215804404252763e-10, 0.9999477912062418, 3.098115889689626e-06], [0.24622900651373314, 0.3928390089040163, 0.13906489112058493, 0.22186709346166567], [0.059342431028464586, 0.901121958419189, 0.0024427134083753865, 0.037092897143971175], [0.5894652376660603, 0.09150909464433754, 0.2761551090893496, 0.04287055860025257], [0.3606889278993171, 0.05181777954470975, 0.5136942551868855, 0.07379903736908777], [0.41822178912652513, 0.46646706473154453, 0.05451140662098261, 0.060799739520947686]], "state_values": [4.712779592720954, -3.893380424924162, 3.701423274134838, 4.206818789240143, -4.237494660187953, 2.9474627847063037, 0.8225982053764636, 3.6472536059850995, -1.9085334372266298, -2.9314800916001875, 4.837079581220047, 1.1852509640193754, 3.593897560802596, 4.56439391457847, 1.9160453562922384, 2.372984079367455], "value_grad": [23.76000213623047, 19.799999237060547, 7.920001029968262, -15.84000015258789, -15.840001106262207, 7.9199981689453125, -35.63999938964844, 7.920001983642578, -27.719999313354492, -3.9600000381469727, -31.680002212524414, 15.84000015258789, 31.68000030517578, 3.9599990844726562, 3.9600000381469727, -19.799999237060547], "action_grad": [[0.0, 0.0, 0.0], [0.0, 0.0, 0.0], [0.0, 0.0, 0.0], [0.0, 0.0, 0.0], [0.0, 0.0, 0.0], [0.0, 0.0, 0.0], [0.0, 0.0, 0.0], [0.0, 0.0, 0.0], [0.0, 0.0, 0.0], [0.0, 0.0, 0.0], [0.0, 0.0, 0.0], [0.0, 0.0, 0.0], [0.0, 0.0, 0.0], [0.0, 0.0, 0.0], [0.0, 0.0, 0.0], [0.0, 0.0, 0.0]], "action_params_change": 0, "value_params_change": 0.2839324194776145}
{"iterations": 1, "type_itr": 0, "sub_iteration": 10, "sub_it_time": 0.10066342353820801, "total_time": 1.1982150077819824, "value_loss": 15.84000015258789, "action_loss": -1.8110771179199219, "action_probs": [[4.507046817813307e-05, 0.002103335957637444, 0.02093348723699324, 0.9769181063371912], [0.2722450835555834, 0.5909934781798508, 0.04313133221558919, 0.09363010604897636], [0.7598952200472849, 0.22139101829527852, 0.01449169210464949, 0.004222069552786973], [0.675339874986868, 0.15349344334008727, 0.13946795193553166, 0.031698729737513], [0.05029155965370053, 0.1953595104756314, 0.15443606325965667, 0.5999128666110114], [0.009305069786372671, 0.9371842150116884, 0.0005260713959154757, 0.052984643806023614], [0.11475481512729986, 0.7934463458911305, 0.011599147026433956, 0.0801996919551357], [0.0630733093081717, 0.06699608999402601, 0.4218471227577123, 0.44808347794009], [0.09920243264722003, 0.08724672259044548, 0.4328591501514112, 0.3806916946109231], [0.12110281870208188, 0.07760012817047228, 0.4883638279086293, 0.3129332252188166], [4.911052571046017e-05, 1.5215804404252763e-10, 0.9999477912062418, 3.098115889689626e-06], [0.24622900651373314, 0.3928390089040163, 0.13906489112058493, 0.22186709346166567], [0.059342431028464586, 0.901121958419189, 0.0024427134083753865, 0.037092897143971175], [0.5894652376660603, 0.09150909464433754, 0.2761551090893496, 0.04287055860025257], [0.3606889278993171, 0.05181777954470975, 0.5136942551868855, 0.07379903736908777], [0.41822178912652513, 0.46646706473154453, 0.05451140662098261, 0.060799739520947686]], "state_values": [4.6490575054487895, -3.9803911511370655, 3.3552615436042457, 4.106862897392151, -4.0802028260838625, 2.5889703345833035, 1.637819318335704, 3.851241872035068, -2.395488028758724, -3.027483653762559, 4.8644072521591815, 0.8665967619657928, 3.373318746256561, 4.57591864348181, 1.6372290142879162, 2.2799177363903946], "value_grad": [15.84000015258789, 51.480003356933594, 0.0, 27.720001220703125, -31.68000030517578, -27.720001220703125, -51.480003356933594, 3.9600000381469727, -11.880000114440918, -15.84000015258789, 23.76000213623047, 11.879999160766602, -3.9599990844726562, 0.0, 15.840001106262207, 43.560001373291016], "action_grad": [[0.0, 0.0, 0.0], [0.0, 0.0, 0.0], [0.0, 0.0, 0.0], [0.0, 0.0, 0.0], [0.0, 0.0, 0.0], [0.0, 0.0, 0.0], [0.0, 0.0, 0.0], [0.0, 0.0, 0.0], [0.0, 0.0, 0.0], [0.0, 0.0, 0.0], [0.0, 0.0, 0.0], [0.0, 0.0, 0.0], [0.0, 0.0, 0.0], [0.0, 0.0, 0.0], [0.0, 0.0, 0.0], [0.0, 0.0, 0.0]], "action_params_change": 0, "value_params_change": 0.3369060672841684}
{"iterations": 1, "type_itr": 0, "sub_iteration": 11, "sub_it_time": 0.10295629501342773, "total_time": 1.3139123916625977, "value_loss": -19.80000114440918, "action_loss": -1.4488615989685059, "action_probs": [[4.507046817813307e-05, 0.002103335957637444, 0.02093348723699324, 0.9769181063371912], [0.2722450835555834, 0.5909934781798508, 0.04313133221558919, 0.09363010604897636], [0.7598952200472849, 0.22139101829527852, 0.01449169210464949, 0.004222069552786973], [0.675339874986868, 0.15349344334008727, 0.13946795193553166, 0.031698729737513], [0.05029155965370053, 0.1953595104756314, 0.15443606325965667, 0.5999128666110114], [0.009305069786372671, 0.9371842150116884, 0.0005260713959154757, 0.052984643806023614], [0.11475481512729986, 0.7934463458911305, 0.011599147026433956, 0.0801996919551357], [0.0630733093081717, 0.06699608999402601, 0.4218471227577123, 0.44808347794009], [0.09920243264722003, 0.08724672259044548, 0.4328591501514112, 0.3806916946109231], [0.12110281870208188, 0.07760012817047228, 0.4883638279086293, 0.3129332252188166], [4.911052571046017e-05, 1.5215804404252763e-10, 0.9999477912062418, 3.098115889689626e-06], [0.24622900651373314, 0.3928390089040163, 0.13906489112058493, 0.22186709346166567], [0.059342431028464586, 0.901121958419189, 0.0024427134083753865, 0.037092897143971175], [0.5894652376660603, 0.09150909464433754, 0.2761551090893496, 0.04287055860025257], [0.3606889278993171, 0.05181777954470975, 0.5136942551868855, 0.07379903736908777], [0.41822178912652513, 0.46646706473154453, 0.05451140662098261, 0.060799739520947686]], "state_values": [4.5559496553105605, -3.948913703498438, 3.0879864261726384, 4.144284082238595, -3.8945716740799994, 2.229747822980864, 2.0660300857143867, 3.8729036828463292, -2.7021656440696855, -3.1764768203415916, 4.871452000938003, 0.43310938028486373, 3.0493420746952102, 4.576384714146557, 1.5390867416809448, 2.057668987482684], "value_grad": [11.880000114440918, -31.680004119873047, -11.880000114440918, -19.799999237060547, -7.920000076293945, -3.9600000381469727, 47.52000427246094, -19.800003051757812, 15.84000015258789, 11.880001068115234, 7.920000076293945, 31.68000030517578, 27.720001220703125, 3.960000991821289, -23.760000228881836, -27.720001220703125], "action_grad": [[0.0, 0.0, 0.0], [0.0, 0.0, 0.0], [0.0, 0.0, 0.0], [0.0, 0.0, 0.0], [0.0, 0.0, 0.0], [0.0, 0.0, 0.0], [0.0, 0.0, 0.0], [0.0, 0.0, 0.0], [0.0, 0.0, 0.0], [0.0, 0.0, 0.0], [0.0, 0.0, 0.0], [0.0, 0.0, 0.0], [0.0, 0.0, 0.0], [0.0, 0.0, 0.0], [0.0, 0.0, 0.0], [0.0, 0.0, 0.0]], "action_params_change": 0, "value_params_change": 0.1844957211549536}
{"iterations": 1, "type_itr": 0, "sub_iteration": 12, "sub_it_time": 0.10400605201721191, "total_time": 1.4200160503387451, "value_loss": 31.68000030517578, "action_loss": -0.18110769987106323, "action_probs": [[4.507046817813307e-05, 0.002103335957637444, 0.02093348723699324, 0.9769181063371912], [0.2722450835555834, 0.5909934781798508, 0.04313133221558919, 0.09363010604897636], [0.7598952200472849, 0.22139101829527852, 0.01449169210464949, 0.004222069552786973], [0.675339874986868, 0.15349344334008727, 0.13946795193553166, 0.031698729737513], [0.05029155965370053, 0.1953595104756314, 0.15443606325965667, 0.5999128666110114], [0.009305069786372671, 0.9371842150116884, 0.0005260713959154757, 0.052984643806023614], [0.11475481512729986, 0.7934463458911305, 0.011599147026433956, 0.0801996919551357], [0.0630733093081717, 0.06699608999402601, 0.4218471227577123, 0.44808347794009], [0.09920243264722003, 0.08724672259044548, 0.4328591501514112, 0.3806916946109231], [0.12110281870208188, 0.07760012817047228, 0.4883638279086293, 0.3129332252188166], [4.911052571046017e-05, 1.5215804404252763e-10, 0.9999477912062418, 3.098115889689626e-06], [0.24622900651373314, 0.3928390089040163, 0.13906489112058493, 0.22186709346166567], [0.059342431028464586, 0.901121958419189, 0.0024427134083753865, 0.037092897143971175], [0.5894652376660603, 0.09150909464433754, 0.2761551090893496, 0.04287055860025257], [0.3606889278993171, 0.05181777954470975, 0.5136942551868855, 0.07379903736908777], [0.41822178912652513, 0.46646706473154453, 0.05451140662098261, 0.060799739520947686]], "state_values": [4.531172952639934, -3.9984836250945697, 2.7880740772217343, 3.9520378922009303, -3.6619620277719815, 2.070510834038153, 2.5695087609442906, 3.972773319818172, -3.1836904482267063, -3.404328831077154, 4.941000053635521, -0.05103845521351996, 2.8153158162892886, 4.614752023321049, 1.209847079994615, 1.792530214724831], "value_grad": [-23.76000213623047, 23.760000228881836, 7.920000076293945, 43.56000518798828, -11.880000114440918, 31.68000030517578, -35.63999938964844, 11.879999160766602, -51.480003356933594, 19.800003051757812, -47.52000427246094, 19.799999237060547, -15.84000015258789, -15.84000015258789, 43.560001373291016, -11.880000114440918], "action_grad": [[0.0, 0.0, 0.0], [0.0, 0.0, 0.0], [0.0, 0.0, 0.0], [0.0, 0.0, 0.0], [0.0, 0.0, 0.0], [0.0, 0.0, 0.0], [0.0, 0.0, 0.0], [0.0, 0.0, 0.0], [0.0, 0.0, 0.0], [0.0, 0.0, 0.0], [0.0, 0.0, 0.0], [0.0, 0.0, 0.0], [0.0, 0.0, 0.0], [0.0, 0.0, 0.0], [0.0, 0.0, 0.0], [0.0, 0.0, 0.0]], "action_params_change": 0, "value_params_change": 0.23861744260430573}
{"iterations": 1, "type_itr": 0, "sub_iteration": 13, "sub_it_time": 0.10424041748046875, "total_time": 1.5315284729003906, "value_loss": -15.84000015258789, "action_loss": -0.9055385589599609, "action_probs": [[4.507046817813307e-05, 0.002103335957637444, 0.02093348723699324, 0.9769181063371912], [0.2722450835555834, 0.5909934781798508, 0.04313133221558919, 0.09363010604897636], [0.7598952200472849, 0.22139101829527852, 0.01449169210464949, 0.004222069552786973], [0.675339874986868, 0.15349344334008727, 0.13946795193553166, 0.031698729737513], [0.05029155965370053, 0.1953595104756314, 0.15443606325965667, 0.5999128666110114], [0.009305069786372671, 0.9371842150116884, 0.0005260713959154757, 0.052984643806023614], [0.11475481512729986, 0.7934463458911305, 0.011599147026433956, 0.0801996919551357], [0.0630733093081717, 0.06699608999402601, 0.4218471227577123, 0.44808347794009], [0.09920243264722003, 0.08724672259044548, 0.4328591501514112, 0.3806916946109231], [0.12110281870208188, 0.07760012817047228, 0.4883638279086293, 0.3129332252188166], [4.911052571046017e-05, 1.5215804404252763e-10, 0.9999477912062418, 3.098115889689626e-06], [0.24622900651373314, 0.3928390089040163, 0.13906489112058493, 0.22186709346166567], [0.059342431028464586, 0.901121958419189, 0.0024427134083753865, 0.037092897143971175], [0.5894652376660603, 0.09150909464433754, 0.2761551090893496, 0.04287055860025257], [0.3606889278993171, 0.05181777954470975, 0.5136942551868855, 0.07379903736908777], [0.41822178912652513, 0.46646706473154453, 0.05451140662098261, 0.060799739520947686]], "state_values": [4.579091792985949, -4.067083852119576, 2.528922430329202, 3.8093247485654693, -3.495538337888386, 1.7892687791787822, 3.0526629721539953, 3.8243156729549397, -3.6815169867993807, -3.636211549537004, 4.997830829580301, -0.42922493928682104, 2.6918567686429324, 4.717760173378799, 0.7117069298016689, 1.4478774350717052], "value_grad": [-27.720001220703125, 7.920001029968262, -3.9600000381469727, -7.920000076293945, 11.880000114440918, -27.720001220703125, -15.84000015258789, -39.599998474121094, -27.720001220703125, 7.920000076293945, -59.400001525878906, -11.879999160766602, -19.80000114440918, -35.63999938964844, 39.60000228881836, -19.799999237060547], "action_grad": [[0.0, 0.0, 0.0], [0.0, 0.0, 0.0], [0.0, 0.0, 0.0], [0.0, 0.0, 0.0], [0.0, 0.0, 0.0], [0.0, 0.0, 0.0], [0.0, 0.0, 0.0], [0.0, 0.0, 0.0], [0.0, 0.0, 0.0], [0.0, 0.0, 0.0], [0.0, 0.0, 0.0], [0.0, 0.0, 0.0], [0.0, 0.0, 0.0], [0.0, 0.0, 0.0], [0.0, 0.0, 0.0], [0.0, 0.0, 0.0]], "action_params_change": 0, "value_params_change": 0.2746607769537146}
