{"iterations": 0, "type_itr": 0, "sub_iteration": 0, "sub_it_time": 0, "total_time": 0, "value_loss": 0, "action_loss": 0, "action_probs": [[3.957588726022849e-06, 0.6614087830534201, 2.0259499675023804e-06, 0.33858523340788627], [0.8263740799353784, 0.13967197699195136, 0.029044845497430423, 0.0049090975752399185], [0.04781802947108868, 0.3220514510073417, 0.08146549348743039, 0.5486650260341391], [0.21001960410147186, 0.014028315644460002, 0.7273673814131985, 0.048584698840869626], [4.3192360665096676e-07, 0.7271900794617238, 1.6203849803619834e-07, 0.2728093265761715], [0.19877024171754912, 0.03569387064360059, 0.6489937922569953, 0.11654209538185499], [0.2844044429649808, 0.20949292448544546, 0.2914326877998987, 0.2146699447496752], [0.9447647007552237, 0.020054457622438206, 0.034449582617673134, 0.0007312590046649134], [0.20843317963116634, 0.0120928894171869, 0.7367302676230657, 0.04274366332858111], [0.7721279522089328, 0.06447977923478186, 0.15079915351657766, 0.012593115039707553], [0.0023248239241964613, 0.2352575575740979, 0.007460514153211234, 0.7549571043484944], [0.5230142114434484, 0.47328937387450304, 0.0019404501184070728, 0.001755964563641482], [0.14579340736784122, 0.23197618505328246, 0.24013868005468503, 0.38209172752419124], [0.14905746882014653, 0.5650934930574016, 0.05966236322805935, 0.22618667489439248], [0.00019585604031448512, 0.0004763956175185696, 0.29114747949835895, 0.7081802688438081], [0.7457022343064412, 0.14046652174502114, 0.0957878647454556, 0.01804337920308208]], "state_values": [4.761784701600077, 2.4404776998395548, -4.016223904772688, -2.7420295809262236, 2.5865799351407004, -4.954057104120138, 0.2213868707728403, -2.0834648322000295, 3.2868445932740293, -1.8760908525468887, -1.0034670516610893, 4.978795380569908, -1.529663490508486, 2.2579821185523765, 4.857601187903995, 0.8114717593297371], "value_grad": [0.0, 0.0, 0.0, 0.0, 0.0, 0.0, 0.0, 0.0, 0.0, 0.0, 0.0, 0.0, 0.0, 0.0, 0.0, 0.0], "action_grad": [[0.0, 0.0, 0.0], [0.0, 0.0, 0.0], [0.0, 0.0, 0.0], [0.0, 0.0, 0.0], [0.0, 0.0, 0.0], [0.0, 0.0, 0.0], [0.0, 0.0, 0.0], [0.0, 0.0, 0.0], [0.0, 0.0, 0.0], [0.0, 0.0, 0.0], [0.0, 0.0, 0.0], [0.0, 0.0, 0.0], [0.0, 0.0, 0.0], [0.0, 0.0, 0.0], [0.0, 0.0, 0.0], [0.0, 0.0, 0.0]], "action_params_change": 0, "value_params_change": 0}
{"iterations": 1, "type_itr": 0, "sub_iteration": 0, "sub_it_time": 3.361600399017334, "total_time": 3.362971067428589, "value_loss": 9.658518676613223, "action_loss": -0.5284177197269995, "action_probs": [[3.957588726022849e-06, 0.6614087830534201, 2.0259499675023804e-06, 0.33858523340788627], [0.8263740799353784, 0.13967197699195136, 0.029044845497430423, 0.0049090975752399185], [0.04781802947108868, 0.3220514510073417, 0.08146549348743039, 0.5486650260341391], [0.21001960410147186, 0.014028315644460002, 0.7273673814131985, 0.048584698840869626], [4.3192360665096676e-07, 0.7271900794617238, 1.6203849803619834e-07, 0.2728093265761715], [0.19877024171754912, 0.03569387064360059, 0.6489937922569953, 0.11654209538185499], [0.2844044429649808, 0.20949292448544546, 0.2914326877998987, 0.2146699447496752], [0.9447647007552237, 0.020054457622438206, 0.034449582617673134, 0.0007312590046649134], [0.20843317963116634, 0.0120928894171869, 0.7367302676230657, 0.04274366332858111], [0.7721279522089328, 0.06447977923478186, 0.15079915351657766, 0.012593115039707553], [0.0023248239241964613, 0.2352575575740979, 0.007460514153211234, 0.7549571043484944], [0.5230142114434484, 0.47328937387450304, 0.0019404501184070728, 0.001755964563641482], [0.14579340736784122, 0.23197618505328246, 0.24013868005468503, 0.38209172752419124], [0.14905746882014653, 0.5650934930574016, 0.05966236322805935, 0.22618667489439248], [0.00019585604031448512, 0.0004763956175185696, 0.29114747949835895, 0.7081802688438081], [0.7457022343064412, 0.14046652174502114, 0.0957878647454556, 0.01804337920308208]], "state_values": [4.236479124441987, 1.2849504035128039, -3.1545395405782317, -1.6223754190104613, 1.4475347475943188, -4.632739794675825, -1.021302122126947, -0.8941855732927905, 2.252484906954412, -0.6711290285492912, -2.184123008227258, 4.710211904228378, -0.3044013895255467, 1.0840902718981333, 4.4134701523099125, 2.006864922090537], "value_grad": [-0.07584129807777629, -1.4788670139290456, -1.004907882035246, 0.5308713759930352, 0.758387442978183, 0.32234415423693186, -1.1944219811287393, -0.11375655676398466, 0.7963180939938912, 0.09479690418691078, -0.05686799951314647, -0.03792082694551446, 0.7962953703519098, -0.5308637794842728, -0.28441214413433613, -0.7583510251610832], "action_grad": [[0.0, 0.0, 0.0], [0.0, 0.0, 0.0], [0.0, 0.0, 0.0], [0.0, 0.0, 0.0], [0.0, 0.0, 0.0], [0.0, 0.0, 0.0], [0.0, 0.0, 0.0], [0.0, 0.0, 0.0], [0.0, 0.0, 0.0], [0.0, 0.0, 0.0], [0.0, 0.0, 0.0], [0.0, 0.0, 0.0], [0.0, 0.0, 0.0], [0.0, 0.0, 0.0], [0.0, 0.0, 0.0], [0.0, 0.0, 0.0]], "action_params_change": 0, "value_params_change": 0.4999999966190334}
{"iterations": 1, "type_itr": 0, "sub_iteration": 1, "sub_it_time": 3.9032421112060547, "total_time": 7.267863035202026, "value_loss": 6.415135240608099, "action_loss": -0.6566310471945809, "action_probs": [[3.957588726022849e-06, 0.6614087830534201, 2.0259499675023804e-06, 0.33858523340788627], [0.8263740799353784, 0.13967197699195136, 0.029044845497430423, 0.0049090975752399185], [0.04781802947108868, 0.3220514510073417, 0.08146549348743039, 0.5486650260341391], [0.21001960410147186, 0.014028315644460002, 0.7273673814131985, 0.048584698840869626], [4.3192360665096676e-07, 0.7271900794617238, 1.6203849803619834e-07, 0.2728093265761715], [0.19877024171754912, 0.03569387064360059, 0.6489937922569953, 0.11654209538185499], [0.2844044429649808, 0.20949292448544546, 0.2914326877998987, 0.2146699447496752], [0.9447647007552237, 0.020054457622438206, 0.034449582617673134, 0.0007312590046649134], [0.20843317963116634, 0.0120928894171869, 0.7367302676230657, 0.04274366332858111], [0.7721279522089328, 0.06447977923478186, 0.15079915351657766, 0.012593115039707553], [0.0023248239241964613, 0.2352575575740979, 0.007460514153211234, 0.7549571043484944], [0.5230142114434484, 0.47328937387450304, 0.0019404501184070728, 0.001755964563641482], [0.14579340736784122, 0.23197618505328246, 0.24013868005468503, 0.38209172752419124], [0.14905746882014653, 0.5650934930574016, 0.05966236322805935, 0.22618667489439248], [0.00019585604031448512, 0.0004763956175185696, 0.29114747949835895, 0.7081802688438081], [0.7457022343064412, 0.14046652174502114, 0.0957878647454556, 0.01804337920308208]], "state_values": [3.46724965800185, 0.06494767867590455, -2.0980420446456143, -0.4008877199590797, 0.24422756025080966, -4.070738137521893, -2.116014107851592, 0.26620126790716964, 1.1010964318848926, 0.4495801062327618, -1.3393586913212205, 4.190415531562186, 0.8173294123016492, 0.32345355733820935, 3.7182177546135127, 2.9668188917745253], "value_grad": [-0.13281069920665, -1.1762937809599894, -0.9676168376812857, 0.5502016841986759, 0.5502016841986759, 0.8348389679866948, -0.5691695801122876, -0.056917068957334394, 0.588150348735966, 0.03794465169538963, 1.8783215854614763, -0.09486537655705973, 0.3225289848303561, 0.03794465169521377, -0.5312500605849824, -0.2845862345171959], "action_grad": [[0.0, 0.0, 0.0], [0.0, 0.0, 0.0], [0.0, 0.0, 0.0], [0.0, 0.0, 0.0], [0.0, 0.0, 0.0], [0.0, 0.0, 0.0], [0.0, 0.0, 0.0], [0.0, 0.0, 0.0], [0.0, 0.0, 0.0], [0.0, 0.0, 0.0], [0.0, 0.0, 0.0], [0.0, 0.0, 0.0], [0.0, 0.0, 0.0], [0.0, 0.0, 0.0], [0.0, 0.0, 0.0], [0.0, 0.0, 0.0]], "action_params_change": 0, "value_params_change": 0.500386074615125}
{"iterations": 1, "type_itr": 0, "sub_iteration": 2, "sub_it_time": 3.4707815647125244, "total_time": 10.740307807922363, "value_loss": 3.549633125325729, "action_loss": -0.7786576385665033, "action_probs": [[3.957588726022849e-06, 0.6614087830534201, 2.0259499675023804e-06, 0.33858523340788627], [0.8263740799353784, 0.13967197699195136, 0.029044845497430423, 0.0049090975752399185], [0.04781802947108868, 0.3220514510073417, 0.08146549348743039, 0.5486650260341391], [0.21001960410147186, 0.014028315644460002, 0.7273673814131985, 0.048584698840869626], [4.3192360665096676e-07, 0.7271900794617238, 1.6203849803619834e-07, 0.2728093265761715], [0.19877024171754912, 0.03569387064360059, 0.6489937922569953, 0.11654209538185499], [0.2844044429649808, 0.20949292448544546, 0.2914326877998987, 0.2146699447496752], [0.9447647007552237, 0.020054457622438206, 0.034449582617673134, 0.0007312590046649134], [0.20843317963116634, 0.0120928894171869, 0.7367302676230657, 0.04274366332858111], [0.7721279522089328, 0.06447977923478186, 0.15079915351657766, 0.012593115039707553], [0.0023248239241964613, 0.2352575575740979, 0.007460514153211234, 0.7549571043484944], [0.5230142114434484, 0.47328937387450304, 0.0019404501184070728, 0.001755964563641482], [0.14579340736784122, 0.23197618505328246, 0.24013868005468503, 0.38209172752419124], [0.14905746882014653, 0.5650934930574016, 0.05966236322805935, 0.22618667489439248], [0.00019585604031448512, 0.0004763956175185696, 0.29114747949835895, 0.7081802688438081], [0.7457022343064412, 0.14046652174502114, 0.0957878647454556, 0.01804337920308208]], "state_values": [2.490422260538523, -1.0875806838520983, -0.9445856120887325, 0.8402169800740001, -0.8596570539188092, -3.268104672154863, -2.765319055043422, 0.8960707806987316, 0.017706925738193963, 0.9791858379379881, -0.3162180008718202, 3.4318366446978015, 1.5893143311655085, 0.3490247648672417, 2.793457101333939, 3.6110943798181196], "value_grad": [-0.09489838841398379, -0.6452998967287473, -0.6642835893015113, 0.4934647176266007, 0.22775299300193153, 1.043895774658088, 0.22775425865726628, 0.037958763190212075, 0.2087737733209143, -0.03795883420227453, 1.4234598183009481, -0.13285821766101868, -0.07591766805557842, 0.4175478767591332, -0.6073521648548699, 4.39648317751562e-14], "action_grad": [[0.0, 0.0, 0.0], [0.0, 0.0, 0.0], [0.0, 0.0, 0.0], [0.0, 0.0, 0.0], [0.0, 0.0, 0.0], [0.0, 0.0, 0.0], [0.0, 0.0, 0.0], [0.0, 0.0, 0.0], [0.0, 0.0, 0.0], [0.0, 0.0, 0.0], [0.0, 0.0, 0.0], [0.0, 0.0, 0.0], [0.0, 0.0, 0.0], [0.0, 0.0, 0.0], [0.0, 0.0, 0.0], [0.0, 0.0, 0.0]], "action_params_change": 0, "value_params_change": 0.4982163981198138}
{"iterations": 1, "type_itr": 0, "sub_iteration": 3, "sub_it_time": 3.4880919456481934, "total_time": 14.230183601379395, "value_loss": 2.20198402841236, "action_loss": -0.7976849812350362, "action_probs": [[3.957588726022849e-06, 0.6614087830534201, 2.0259499675023804e-06, 0.33858523340788627], [0.8263740799353784, 0.13967197699195136, 0.029044845497430423, 0.0049090975752399185], [0.04781802947108868, 0.3220514510073417, 0.08146549348743039, 0.5486650260341391], [0.21001960410147186, 0.014028315644460002, 0.7273673814131985, 0.048584698840869626], [4.3192360665096676e-07, 0.7271900794617238, 1.6203849803619834e-07, 0.2728093265761715], [0.19877024171754912, 0.03569387064360059, 0.6489937922569953, 0.11654209538185499], [0.2844044429649808, 0.20949292448544546, 0.2914326877998987, 0.2146699447496752], [0.9447647007552237, 0.020054457622438206, 0.034449582617673134, 0.0007312590046649134], [0.20843317963116634, 0.0120928894171869, 0.7367302676230657, 0.04274366332858111], [0.7721279522089328, 0.06447977923478186, 0.15079915351657766, 0.012593115039707553], [0.0023248239241964613, 0.2352575575740979, 0.007460514153211234, 0.7549571043484944], [0.5230142114434484, 0.47328937387450304, 0.0019404501184070728, 0.001755964563641482], [0.14579340736784122, 0.23197618505328246, 0.24013868005468503, 0.38209172752419124], [0.14905746882014653, 0.5650934930574016, 0.05966236322805935, 0.22618667489439248], [0.00019585604031448512, 0.0004763956175185696, 0.29114747949835895, 0.7081802688438081], [0.7457022343064412, 0.14046652174502114, 0.0957878647454556, 0.01804337920308208]], "state_values": [1.3515961496821973, -2.0033675718334596, 0.14695455541849145, 2.0155655258536966, -1.6786271988822727, -2.2593630484778435, -2.916156394204954, 1.0832148425687342, -0.8310288321573076, 1.0298015940514351, 0.7344766821082761, 2.4622711931604635, 2.037039306241357, 0.7697163912829031, 1.7027026198107282, 3.9617483108564686], "value_grad": [-0.13287161725506103, -0.03796325430780012, -0.24676070614925116, 0.4175947456032385, -0.07592641997801497, 0.930106715685534, 0.7402868183554041, 0.056944781831719915, -0.05694464730487425, -0.05694478183165419, 0.892134163667017, -0.1518538756910779, -0.18981537120501724, 0.45555788824280574, -0.4365790819637616, 0.1708357038504742], "action_grad": [[0.0, 0.0, 0.0], [0.0, 0.0, 0.0], [0.0, 0.0, 0.0], [0.0, 0.0, 0.0], [0.0, 0.0, 0.0], [0.0, 0.0, 0.0], [0.0, 0.0, 0.0], [0.0, 0.0, 0.0], [0.0, 0.0, 0.0], [0.0, 0.0, 0.0], [0.0, 0.0, 0.0], [0.0, 0.0, 0.0], [0.0, 0.0, 0.0], [0.0, 0.0, 0.0], [0.0, 0.0, 0.0], [0.0, 0.0, 0.0]], "action_params_change": 0, "value_params_change": 0.49532741980735073}
{"iterations": 1, "type_itr": 0, "sub_iteration": 4, "sub_it_time": 4.1215784549713135, "total_time": 18.353384733200073, "value_loss": 1.9362363883524787, "action_loss": -0.7328049785840586, "action_probs": [[3.957588726022849e-06, 0.6614087830534201, 2.0259499675023804e-06, 0.33858523340788627], [0.8263740799353784, 0.13967197699195136, 0.029044845497430423, 0.0049090975752399185], [0.04781802947108868, 0.3220514510073417, 0.08146549348743039, 0.5486650260341391], [0.21001960410147186, 0.014028315644460002, 0.7273673814131985, 0.048584698840869626], [4.3192360665096676e-07, 0.7271900794617238, 1.6203849803619834e-07, 0.2728093265761715], [0.19877024171754912, 0.03569387064360059, 0.6489937922569953, 0.11654209538185499], [0.2844044429649808, 0.20949292448544546, 0.2914326877998987, 0.2146699447496752], [0.9447647007552237, 0.020054457622438206, 0.034449582617673134, 0.0007312590046649134], [0.20843317963116634, 0.0120928894171869, 0.7367302676230657, 0.04274366332858111], [0.7721279522089328, 0.06447977923478186, 0.15079915351657766, 0.012593115039707553], [0.0023248239241964613, 0.2352575575740979, 0.007460514153211234, 0.7549571043484944], [0.5230142114434484, 0.47328937387450304, 0.0019404501184070728, 0.001755964563641482], [0.14579340736784122, 0.23197618505328246, 0.24013868005468503, 0.38209172752419124], [0.14905746882014653, 0.5650934930574016, 0.05966236322805935, 0.22618667489439248], [0.00019585604031448512, 0.0004763956175185696, 0.29114747949835895, 0.7081802688438081], [0.7457022343064412, 0.14046652174502114, 0.0957878647454556, 0.01804337920308208]], "state_values": [0.15821837281375947, -2.6133823847005853, 0.9882508075475203, 3.0447431238514064, -2.1074756722785373, -1.145984174368467, -2.704315343695769, 0.9118725597877253, -1.2706177260100724, 0.7865768349150435, 1.6451669991008584, 1.3325544481928853, 2.118216437177052, 1.2865040282580642, 0.6602087846592224, 4.075785370791874], "value_grad": [-0.07592751329400071, 0.34167340990658346, 0.17083681095189673, 0.32269206646435933, -0.3226924016487416, 0.5314940856031307, 1.0440100398819754, 0.07592751329389058, -0.36065545111142105, -0.056945605220784845, 0.18981857734373797, -0.13287349086455258, -0.39862000236061124, 0.22778252871526483, -0.05694566489453656, 0.30371277653180595], "action_grad": [[0.0, 0.0, 0.0], [0.0, 0.0, 0.0], [0.0, 0.0, 0.0], [0.0, 0.0, 0.0], [0.0, 0.0, 0.0], [0.0, 0.0, 0.0], [0.0, 0.0, 0.0], [0.0, 0.0, 0.0], [0.0, 0.0, 0.0], [0.0, 0.0, 0.0], [0.0, 0.0, 0.0], [0.0, 0.0, 0.0], [0.0, 0.0, 0.0], [0.0, 0.0, 0.0], [0.0, 0.0, 0.0], [0.0, 0.0, 0.0]], "action_params_change": 0, "value_params_change": 0.49027241668769683}
{"iterations": 1, "type_itr": 0, "sub_iteration": 5, "sub_it_time": 3.273968458175659, "total_time": 21.629003524780273, "value_loss": 2.5626351034677413, "action_loss": -0.606399609858804, "action_probs": [[3.957588726022849e-06, 0.6614087830534201, 2.0259499675023804e-06, 0.33858523340788627], [0.8263740799353784, 0.13967197699195136, 0.029044845497430423, 0.0049090975752399185], [0.04781802947108868, 0.3220514510073417, 0.08146549348743039, 0.5486650260341391], [0.21001960410147186, 0.014028315644460002, 0.7273673814131985, 0.048584698840869626], [4.3192360665096676e-07, 0.7271900794617238, 1.6203849803619834e-07, 0.2728093265761715], [0.19877024171754912, 0.03569387064360059, 0.6489937922569953, 0.11654209538185499], [0.2844044429649808, 0.20949292448544546, 0.2914326877998987, 0.2146699447496752], [0.9447647007552237, 0.020054457622438206, 0.034449582617673134, 0.0007312590046649134], [0.20843317963116634, 0.0120928894171869, 0.7367302676230657, 0.04274366332858111], [0.7721279522089328, 0.06447977923478186, 0.15079915351657766, 0.012593115039707553], [0.0023248239241964613, 0.2352575575740979, 0.007460514153211234, 0.7549571043484944], [0.5230142114434484, 0.47328937387450304, 0.0019404501184070728, 0.001755964563641482], [0.14579340736784122, 0.23197618505328246, 0.24013868005468503, 0.38209172752419124], [0.14905746882014653, 0.5650934930574016, 0.05966236322805935, 0.22618667489439248], [0.00019585604031448512, 0.0004763956175185696, 0.29114747949835895, 0.7081802688438081], [0.7457022343064412, 0.14046652174502114, 0.0957878647454556, 0.01804337920308208]], "state_values": [-0.9285073277081606, -2.8967656891583733, 1.5093840505135303, 3.8721220140882195, -2.2065696491133324, -0.14676647852194613, -2.232920109571061, 0.5581999682697186, -1.3688899921158952, 0.4872393185660306, 2.275842169435537, 0.1333380537083072, 1.9368284224860255, 1.6493716606019246, 0.04008241441180595, 4.005834769707908], "value_grad": [-0.018981139823458282, 0.7212881567688321, 0.41758527956764535, 0.24675578852487323, -0.43656787335139535, -0.037962305121370665, 1.2148029989949674, 0.056943419296009434, -0.45554817095039724, -0.01898111417463877, -0.43656729546634754, -0.09490569824507222, -0.43656787335159297, -0.09490582561694927, 0.37962248240588004, 0.3986095521888995], "action_grad": [[0.0, 0.0, 0.0], [0.0, 0.0, 0.0], [0.0, 0.0, 0.0], [0.0, 0.0, 0.0], [0.0, 0.0, 0.0], [0.0, 0.0, 0.0], [0.0, 0.0, 0.0], [0.0, 0.0, 0.0], [0.0, 0.0, 0.0], [0.0, 0.0, 0.0], [0.0, 0.0, 0.0], [0.0, 0.0, 0.0], [0.0, 0.0, 0.0], [0.0, 0.0, 0.0], [0.0, 0.0, 0.0], [0.0, 0.0, 0.0]], "action_params_change": 0, "value_params_change": 0.4862007940565949}
{"iterations": 1, "type_itr": 0, "sub_iteration": 6, "sub_it_time": 4.48008394241333, "total_time": 26.110762357711792, "value_loss": 3.3788121716073785, "action_loss": -0.4738066423972756, "action_probs": [[3.957588726022849e-06, 0.6614087830534201, 2.0259499675023804e-06, 0.33858523340788627], [0.8263740799353784, 0.13967197699195136, 0.029044845497430423, 0.0049090975752399185], [0.04781802947108868, 0.3220514510073417, 0.08146549348743039, 0.5486650260341391], [0.21001960410147186, 0.014028315644460002, 0.7273673814131985, 0.048584698840869626], [4.3192360665096676e-07, 0.7271900794617238, 1.6203849803619834e-07, 0.2728093265761715], [0.19877024171754912, 0.03569387064360059, 0.6489937922569953, 0.11654209538185499], [0.2844044429649808, 0.20949292448544546, 0.2914326877998987, 0.2146699447496752], [0.9447647007552237, 0.020054457622438206, 0.034449582617673134, 0.0007312590046649134], [0.20843317963116634, 0.0120928894171869, 0.7367302676230657, 0.04274366332858111], [0.7721279522089328, 0.06447977923478186, 0.15079915351657766, 0.012593115039707553], [0.0023248239241964613, 0.2352575575740979, 0.007460514153211234, 0.7549571043484944], [0.5230142114434484, 0.47328937387450304, 0.0019404501184070728, 0.001755964563641482], [0.14579340736784122, 0.23197618505328246, 0.24013868005468503, 0.38209172752419124], [0.14905746882014653, 0.5650934930574016, 0.05966236322805935, 0.22618667489439248], [0.00019585604031448512, 0.0004763956175185696, 0.29114747949835895, 0.7081802688438081], [0.7457022343064412, 0.14046652174502114, 0.0957878647454556, 0.01804337920308208]], "state_values": [-1.7383126963424458, -2.930525537556284, 1.7532896358671048, 4.463455503393601, -2.0689670136101723, 0.5105742135618614, -1.5619571155748282, 0.11827381063857324, -1.2013977532820896, 0.06444812778755006, 2.5882829565680554, -0.7767011072756649, 1.5927346862343097, 1.704129829710651, -0.10718903519686168, 3.772144006139606], "value_grad": [0.03795979173465813, 0.8541041326807095, 0.5124574907184054, 0.15184072119402625, -0.45552053326268904, -0.5314359997480347, 1.2716628137625188, 0.03795979173479003, -0.5124566003562614, -0.03795979173479003, -0.8920612439095361, 0.05693933803531248, -0.3606195281934168, -0.3606189082715052, 0.6073553724564542, 0.4745064761350517], "action_grad": [[0.0, 0.0, 0.0], [0.0, 0.0, 0.0], [0.0, 0.0, 0.0], [0.0, 0.0, 0.0], [0.0, 0.0, 0.0], [0.0, 0.0, 0.0], [0.0, 0.0, 0.0], [0.0, 0.0, 0.0], [0.0, 0.0, 0.0], [0.0, 0.0, 0.0], [0.0, 0.0, 0.0], [0.0, 0.0, 0.0], [0.0, 0.0, 0.0], [0.0, 0.0, 0.0], [0.0, 0.0, 0.0], [0.0, 0.0, 0.0]], "action_params_change": 0, "value_params_change": 0.4349537086627995}
{"iterations": 1, "type_itr": 0, "sub_iteration": 7, "sub_it_time": 3.558051824569702, "total_time": 29.670456886291504, "value_loss": 3.6635123007526276, "action_loss": -0.3463170187813921, "action_probs": [[3.957588726022849e-06, 0.6614087830534201, 2.0259499675023804e-06, 0.33858523340788627], [0.8263740799353784, 0.13967197699195136, 0.029044845497430423, 0.0049090975752399185], [0.04781802947108868, 0.3220514510073417, 0.08146549348743039, 0.5486650260341391], [0.21001960410147186, 0.014028315644460002, 0.7273673814131985, 0.048584698840869626], [4.3192360665096676e-07, 0.7271900794617238, 1.6203849803619834e-07, 0.2728093265761715], [0.19877024171754912, 0.03569387064360059, 0.6489937922569953, 0.11654209538185499], [0.2844044429649808, 0.20949292448544546, 0.2914326877998987, 0.2146699447496752], [0.9447647007552237, 0.020054457622438206, 0.034449582617673134, 0.0007312590046649134], [0.20843317963116634, 0.0120928894171869, 0.7367302676230657, 0.04274366332858111], [0.7721279522089328, 0.06447977923478186, 0.15079915351657766, 0.012593115039707553], [0.0023248239241964613, 0.2352575575740979, 0.007460514153211234, 0.7549571043484944], [0.5230142114434484, 0.47328937387450304, 0.0019404501184070728, 0.001755964563641482], [0.14579340736784122, 0.23197618505328246, 0.24013868005468503, 0.38209172752419124], [0.14905746882014653, 0.5650934930574016, 0.05966236322805935, 0.22618667489439248], [0.00019585604031448512, 0.0004763956175185696, 0.29114747949835895, 0.7081802688438081], [0.7457022343064412, 0.14046652174502114, 0.0957878647454556, 0.01804337920308208]], "state_values": [-2.1628285025119154, -2.7646971350555747, 1.8026237652206891, 4.8244737681686445, -1.7493243542852874, 0.7839174961768323, -0.7504751252551434, -0.2704227301815063, -1.0078566615594442, -0.22323881456195588, 2.6349685922254538, -1.4735548608654478, 1.14372807810035, 1.4787950254701645, 0.08719501108214359, 3.3629597089545062], "value_grad": [0.09489699608649449, 0.948980416507661, 0.47448575686766725, 0.0948982174260915, -0.4555067585964667, -0.816112065718368, 1.1197851613605976, -6.572520305780927e-14, -0.09489804556591563, 0.018979363798504956, -1.119793417253403, 0.0379586918292234, -0.2846909664525308, -0.47448575686779915, 0.6832561148361318, 0.5883708519647968], "action_grad": [[0.0, 0.0, 0.0], [0.0, 0.0, 0.0], [0.0, 0.0, 0.0], [0.0, 0.0, 0.0], [0.0, 0.0, 0.0], [0.0, 0.0, 0.0], [0.0, 0.0, 0.0], [0.0, 0.0, 0.0], [0.0, 0.0, 0.0], [0.0, 0.0, 0.0], [0.0, 0.0, 0.0], [0.0, 0.0, 0.0], [0.0, 0.0, 0.0], [0.0, 0.0, 0.0], [0.0, 0.0, 0.0], [0.0, 0.0, 0.0]], "action_params_change": 0, "value_params_change": 0.40352141147403664}
{"iterations": 1, "type_itr": 0, "sub_iteration": 8, "sub_it_time": 3.7760064601898193, "total_time": 33.44810461997986, "value_loss": 3.3028909326825278, "action_loss": -0.25173807486847427, "action_probs": [[3.957588726022849e-06, 0.6614087830534201, 2.0259499675023804e-06, 0.33858523340788627], [0.8263740799353784, 0.13967197699195136, 0.029044845497430423, 0.0049090975752399185], [0.04781802947108868, 0.3220514510073417, 0.08146549348743039, 0.5486650260341391], [0.21001960410147186, 0.014028315644460002, 0.7273673814131985, 0.048584698840869626], [4.3192360665096676e-07, 0.7271900794617238, 1.6203849803619834e-07, 0.2728093265761715], [0.19877024171754912, 0.03569387064360059, 0.6489937922569953, 0.11654209538185499], [0.2844044429649808, 0.20949292448544546, 0.2914326877998987, 0.2146699447496752], [0.9447647007552237, 0.020054457622438206, 0.034449582617673134, 0.0007312590046649134], [0.20843317963116634, 0.0120928894171869, 0.7367302676230657, 0.04274366332858111], [0.7721279522089328, 0.06447977923478186, 0.15079915351657766, 0.012593115039707553], [0.0023248239241964613, 0.2352575575740979, 0.007460514153211234, 0.7549571043484944], [0.5230142114434484, 0.47328937387450304, 0.0019404501184070728, 0.001755964563641482], [0.14579340736784122, 0.23197618505328246, 0.24013868005468503, 0.38209172752419124], [0.14905746882014653, 0.5650934930574016, 0.05966236322805935, 0.22618667489439248], [0.00019585604031448512, 0.0004763956175185696, 0.29114747949835895, 0.7081802688438081], [0.7457022343064412, 0.14046652174502114, 0.0957878647454556, 0.01804337920308208]], "state_values": [-2.276936599602276, -2.4392809870459997, 1.7371588785306236, 4.982991399893277, -1.2908231427732386, 0.763117854746594, 0.13000289962855752, -0.5473137921454843, -0.7073801208525239, 0.1774717724593535, 2.4752454747383767, -1.861079914332506, 0.627277553565408, 1.1262979547581005, 0.47340081740854933, 2.7683657476900048], "value_grad": [0.11388035001567909, 0.930029008461033, 0.34164101236354893, 0.037960619636910664, -0.41756121174579963, -0.8730790183135566, 0.8161398625950378, -0.01897997778490046, -0.2846996423501231, 0.24674219264320119, -1.1957508642222163, 0.09490005031748838, -0.22776030431470096, -0.2846986609094224, 0.550419178687187, 0.7022682354514393], "action_grad": [[0.0, 0.0, 0.0], [0.0, 0.0, 0.0], [0.0, 0.0, 0.0], [0.0, 0.0, 0.0], [0.0, 0.0, 0.0], [0.0, 0.0, 0.0], [0.0, 0.0, 0.0], [0.0, 0.0, 0.0], [0.0, 0.0, 0.0], [0.0, 0.0, 0.0], [0.0, 0.0, 0.0], [0.0, 0.0, 0.0], [0.0, 0.0, 0.0], [0.0, 0.0, 0.0], [0.0, 0.0, 0.0], [0.0, 0.0, 0.0]], "action_params_change": 0, "value_params_change": 0.3664952130873671}
{"iterations": 1, "type_itr": 0, "sub_iteration": 9, "sub_it_time": 4.188458681106567, "total_time": 37.63818883895874, "value_loss": 2.486709227877485, "action_loss": -0.25347374750287804, "action_probs": [[3.957588726022849e-06, 0.6614087830534201, 2.0259499675023804e-06, 0.33858523340788627], [0.8263740799353784, 0.13967197699195136, 0.029044845497430423, 0.0049090975752399185], [0.04781802947108868, 0.3220514510073417, 0.08146549348743039, 0.5486650260341391], [0.21001960410147186, 0.014028315644460002, 0.7273673814131985, 0.048584698840869626], [4.3192360665096676e-07, 0.7271900794617238, 1.6203849803619834e-07, 0.2728093265761715], [0.19877024171754912, 0.03569387064360059, 0.6489937922569953, 0.11654209538185499], [0.2844044429649808, 0.20949292448544546, 0.2914326877998987, 0.2146699447496752], [0.9447647007552237, 0.020054457622438206, 0.034449582617673134, 0.0007312590046649134], [0.20843317963116634, 0.0120928894171869, 0.7367302676230657, 0.04274366332858111], [0.7721279522089328, 0.06447977923478186, 0.15079915351657766, 0.012593115039707553], [0.0023248239241964613, 0.2352575575740979, 0.007460514153211234, 0.7549571043484944], [0.5230142114434484, 0.47328937387450304, 0.0019404501184070728, 0.001755964563641482], [0.14579340736784122, 0.23197618505328246, 0.24013868005468503, 0.38209172752419124], [0.14905746882014653, 0.5650934930574016, 0.05966236322805935, 0.22618667489439248], [0.00019585604031448512, 0.0004763956175185696, 0.29114747949835895, 0.7081802688438081], [0.7457022343064412, 0.14046652174502114, 0.0957878647454556, 0.01804337920308208]], "state_values": [-2.1371505261317463, -1.980233645411143, 1.6128961651701281, 4.982738416935689, -0.7568547188281355, 0.5609126194780617, 0.9838248987280789, -0.7279513237002709, -0.369071045699965, 0.4933899661117863, 2.1996165640413565, -2.0162608173756196, 0.11318210267211157, 0.6894909530194714, 0.940914285269057, 2.0056459940338978], "value_grad": [0.1328691989192814, 0.8731425328798252, 0.20879418098388225, 0.018981503619778906, -0.28471858568663855, -0.70230645371453, 0.37962450639861745, -0.018981240674275757, -0.15185002101006528, -0.018981240674275757, -0.8161916984240252, 0.09490644939108117, -0.09490620249861115, -0.22777472617147154, 0.3416620657034666, 0.6833300107848239], "action_grad": [[0.0, 0.0, 0.0], [0.0, 0.0, 0.0], [0.0, 0.0, 0.0], [0.0, 0.0, 0.0], [0.0, 0.0, 0.0], [0.0, 0.0, 0.0], [0.0, 0.0, 0.0], [0.0, 0.0, 0.0], [0.0, 0.0, 0.0], [0.0, 0.0, 0.0], [0.0, 0.0, 0.0], [0.0, 0.0, 0.0], [0.0, 0.0, 0.0], [0.0, 0.0, 0.0], [0.0, 0.0, 0.0], [0.0, 0.0, 0.0]], "action_params_change": 0, "value_params_change": 0.34803903897405597}
{"iterations": 1, "type_itr": 0, "sub_iteration": 10, "sub_it_time": 3.954423189163208, "total_time": 41.5942542552948, "value_loss": 1.7084499023219284, "action_loss": -0.27169773529845964, "action_probs": [[3.957588726022849e-06, 0.6614087830534201, 2.0259499675023804e-06, 0.33858523340788627], [0.8263740799353784, 0.13967197699195136, 0.029044845497430423, 0.0049090975752399185], [0.04781802947108868, 0.3220514510073417, 0.08146549348743039, 0.5486650260341391], [0.21001960410147186, 0.014028315644460002, 0.7273673814131985, 0.048584698840869626], [4.3192360665096676e-07, 0.7271900794617238, 1.6203849803619834e-07, 0.2728093265761715], [0.19877024171754912, 0.03569387064360059, 0.6489937922569953, 0.11654209538185499], [0.2844044429649808, 0.20949292448544546, 0.2914326877998987, 0.2146699447496752], [0.9447647007552237, 0.020054457622438206, 0.034449582617673134, 0.0007312590046649134], [0.20843317963116634, 0.0120928894171869, 0.7367302676230657, 0.04274366332858111], [0.7721279522089328, 0.06447977923478186, 0.15079915351657766, 0.012593115039707553], [0.0023248239241964613, 0.2352575575740979, 0.007460514153211234, 0.7549571043484944], [0.5230142114434484, 0.47328937387450304, 0.0019404501184070728, 0.001755964563641482], [0.14579340736784122, 0.23197618505328246, 0.24013868005468503, 0.38209172752419124], [0.14905746882014653, 0.5650934930574016, 0.05966236322805935, 0.22618667489439248], [0.00019585604031448512, 0.0004763956175185696, 0.29114747949835895, 0.7081802688438081], [0.7457022343064412, 0.14046652174502114, 0.0957878647454556, 0.01804337920308208]], "state_values": [-1.8266073465340555, -1.415670248498385, 1.488539032385291, 4.866560842399632, -0.20730790108472386, 0.2692096933869327, 1.7101161897170305, -0.5900418507734905, -0.038582725152290706, 0.734716739098655, 1.8021422093807002, -1.9590584174235892, -0.3487275693243322, 0.24297757299823527, 1.3672269799688521, 1.1095695441234], "value_grad": [0.11389283733700006, 0.7592858218868752, 0.03796424450618541, 6.59472476627343e-14, -0.1518569745349012, -0.43658811152782606, -0.07592841782238291, -0.09491038748834968, -0.0569462867577597, -0.018982095644114683, -0.9301261064934037, 0.11389283733693412, 1.318944953254686e-13, -0.09491047734813529, 0.03796420908567688, 0.6074287915100867], "action_grad": [[0.0, 0.0, 0.0], [0.0, 0.0, 0.0], [0.0, 0.0, 0.0], [0.0, 0.0, 0.0], [0.0, 0.0, 0.0], [0.0, 0.0, 0.0], [0.0, 0.0, 0.0], [0.0, 0.0, 0.0], [0.0, 0.0, 0.0], [0.0, 0.0, 0.0], [0.0, 0.0, 0.0], [0.0, 0.0, 0.0], [0.0, 0.0, 0.0], [0.0, 0.0, 0.0], [0.0, 0.0, 0.0], [0.0, 0.0, 0.0]], "action_params_change": 0, "value_params_change": 0.3779447023459088}
{"iterations": 1, "type_itr": 0, "sub_iteration": 11, "sub_it_time": 3.709913492202759, "total_time": 45.30594491958618, "value_loss": 1.233887809820203, "action_loss": -0.3150836127119232, "action_probs": [[3.957588726022849e-06, 0.6614087830534201, 2.0259499675023804e-06, 0.33858523340788627], [0.8263740799353784, 0.13967197699195136, 0.029044845497430423, 0.0049090975752399185], [0.04781802947108868, 0.3220514510073417, 0.08146549348743039, 0.5486650260341391], [0.21001960410147186, 0.014028315644460002, 0.7273673814131985, 0.048584698840869626], [4.3192360665096676e-07, 0.7271900794617238, 1.6203849803619834e-07, 0.2728093265761715], [0.19877024171754912, 0.03569387064360059, 0.6489937922569953, 0.11654209538185499], [0.2844044429649808, 0.20949292448544546, 0.2914326877998987, 0.2146699447496752], [0.9447647007552237, 0.020054457622438206, 0.034449582617673134, 0.0007312590046649134], [0.20843317963116634, 0.0120928894171869, 0.7367302676230657, 0.04274366332858111], [0.7721279522089328, 0.06447977923478186, 0.15079915351657766, 0.012593115039707553], [0.0023248239241964613, 0.2352575575740979, 0.007460514153211234, 0.7549571043484944], [0.5230142114434484, 0.47328937387450304, 0.0019404501184070728, 0.001755964563641482], [0.14579340736784122, 0.23197618505328246, 0.24013868005468503, 0.38209172752419124], [0.14905746882014653, 0.5650934930574016, 0.05966236322805935, 0.22618667489439248], [0.00019585604031448512, 0.0004763956175185696, 0.29114747949835895, 0.7081802688438081], [0.7457022343064412, 0.14046652174502114, 0.0957878647454556, 0.01804337920308208]], "state_values": [-1.6071686287141163, -0.782993281019687, 1.418483525443103, 4.682028084013918, 0.2554449461632206, -0.027812883499567696, 2.236799864978695, -0.35694914765542063, 0.2929038736629248, 0.8704768172198601, 1.3209992495910974, -1.704588961374451, -0.7024629824665393, -0.10716572678464611, 1.6537272534246867, 0.14525719966732734], "value_grad": [-0.03796511990092011, 0.5884577465643785, -0.1328775092617176, -0.056947879115077704, 0.07592997946850732, -0.13287741521357832, -0.4745624283877643, -0.03796498990867314, -0.07593013755294087, -0.03796498990878305, -0.7213359122461165, 0.13287760208829402, 0.11389496833020196, 0.09491244031062984, -0.22779008741673534, 0.43659745016916407], "action_grad": [[0.0, 0.0, 0.0], [0.0, 0.0, 0.0], [0.0, 0.0, 0.0], [0.0, 0.0, 0.0], [0.0, 0.0, 0.0], [0.0, 0.0, 0.0], [0.0, 0.0, 0.0], [0.0, 0.0, 0.0], [0.0, 0.0, 0.0], [0.0, 0.0, 0.0], [0.0, 0.0, 0.0], [0.0, 0.0, 0.0], [0.0, 0.0, 0.0], [0.0, 0.0, 0.0], [0.0, 0.0, 0.0], [0.0, 0.0, 0.0]], "action_params_change": 0, "value_params_change": 0.3894427110993446}
{"iterations": 1, "type_itr": 0, "sub_iteration": 12, "sub_it_time": 3.2519590854644775, "total_time": 48.55957221984863, "value_loss": 1.1010090364038243, "action_loss": -0.35499224865518286, "action_probs": [[3.957588726022849e-06, 0.6614087830534201, 2.0259499675023804e-06, 0.33858523340788627], [0.8263740799353784, 0.13967197699195136, 0.029044845497430423, 0.0049090975752399185], [0.04781802947108868, 0.3220514510073417, 0.08146549348743039, 0.5486650260341391], [0.21001960410147186, 0.014028315644460002, 0.7273673814131985, 0.048584698840869626], [4.3192360665096676e-07, 0.7271900794617238, 1.6203849803619834e-07, 0.2728093265761715], [0.19877024171754912, 0.03569387064360059, 0.6489937922569953, 0.11654209538185499], [0.2844044429649808, 0.20949292448544546, 0.2914326877998987, 0.2146699447496752], [0.9447647007552237, 0.020054457622438206, 0.034449582617673134, 0.0007312590046649134], [0.20843317963116634, 0.0120928894171869, 0.7367302676230657, 0.04274366332858111], [0.7721279522089328, 0.06447977923478186, 0.15079915351657766, 0.012593115039707553], [0.0023248239241964613, 0.2352575575740979, 0.007460514153211234, 0.7549571043484944], [0.5230142114434484, 0.47328937387450304, 0.0019404501184070728, 0.001755964563641482], [0.14579340736784122, 0.23197618505328246, 0.24013868005468503, 0.38209172752419124], [0.14905746882014653, 0.5650934930574016, 0.05966236322805935, 0.22618667489439248], [0.00019585604031448512, 0.0004763956175185696, 0.29114747949835895, 0.7081802688438081], [0.7457022343064412, 0.14046652174502114, 0.0957878647454556, 0.01804337920308208]], "state_values": [-1.2549316143397653, -0.12909891560861078, 1.4336787420553392, 4.470422732010966, 0.5682056967094503, -0.2557713276189142, 2.5636208074562545, -0.09157229817294187, 0.5379688788345636, 0.8752902196089323, 0.8048150504811202, -1.3315075559473941, -0.930721897713901, -0.2839357915434034, 1.7440504838230921, -0.789434400965583], "value_grad": [0.09491301349836512, 0.37965187950783674, -0.2467736649715424, -0.07593079222663413, 0.22779100451699308, 0.15186067433080086, -0.6643920166539581, -0.018982590834589308, 0.11389550696944917, -0.056947772329337454, -0.436599777816729, 0.09491301349836512, 0.170843312276741, 0.24677366497158637, -0.43660005071362806, 0.18982584029635707], "action_grad": [[0.0, 0.0, 0.0], [0.0, 0.0, 0.0], [0.0, 0.0, 0.0], [0.0, 0.0, 0.0], [0.0, 0.0, 0.0], [0.0, 0.0, 0.0], [0.0, 0.0, 0.0], [0.0, 0.0, 0.0], [0.0, 0.0, 0.0], [0.0, 0.0, 0.0], [0.0, 0.0, 0.0], [0.0, 0.0, 0.0], [0.0, 0.0, 0.0], [0.0, 0.0, 0.0], [0.0, 0.0, 0.0], [0.0, 0.0, 0.0]], "action_params_change": 0, "value_params_change": 0.3752117043521723}
{"iterations": 1, "type_itr": 0, "sub_iteration": 13, "sub_it_time": 4.306606292724609, "total_time": 52.86780500411987, "value_loss": 1.1579571463649123, "action_loss": -0.3974960085173041, "action_probs": [[3.957588726022849e-06, 0.6614087830534201, 2.0259499675023804e-06, 0.33858523340788627], [0.8263740799353784, 0.13967197699195136, 0.029044845497430423, 0.0049090975752399185], [0.04781802947108868, 0.3220514510073417, 0.08146549348743039, 0.5486650260341391], [0.21001960410147186, 0.014028315644460002, 0.7273673814131985, 0.048584698840869626], [4.3192360665096676e-07, 0.7271900794617238, 1.6203849803619834e-07, 0.2728093265761715], [0.19877024171754912, 0.03569387064360059, 0.6489937922569953, 0.11654209538185499], [0.2844044429649808, 0.20949292448544546, 0.2914326877998987, 0.2146699447496752], [0.9447647007552237, 0.020054457622438206, 0.034449582617673134, 0.0007312590046649134], [0.20843317963116634, 0.0120928894171869, 0.7367302676230657, 0.04274366332858111], [0.7721279522089328, 0.06447977923478186, 0.15079915351657766, 0.012593115039707553], [0.0023248239241964613, 0.2352575575740979, 0.007460514153211234, 0.7549571043484944], [0.5230142114434484, 0.47328937387450304, 0.0019404501184070728, 0.001755964563641482], [0.14579340736784122, 0.23197618505328246, 0.24013868005468503, 0.38209172752419124], [0.14905746882014653, 0.5650934930574016, 0.05966236322805935, 0.22618667489439248], [0.00019585604031448512, 0.0004763956175185696, 0.29114747949835895, 0.7081802688438081], [0.7457022343064412, 0.14046652174502114, 0.0957878647454556, 0.01804337920308208]], "state_values": [-0.7610248496936722, 0.4973480561288747, 1.5417117603613177, 4.2646000574296465, 0.7160384381866236, -0.36172420307073677, 2.7130098945061247, 0.1484169704858144, 0.6621215433610411, 0.8032167528922399, 0.30801109018977474, -0.9017774378903799, -1.021141965658778, -0.28169425290349187, 1.6239126248746378, -1.5918151571379346], "value_grad": [0.11389550696944917, 0.17084297778625568, -0.30372092989446875, -0.09491330140123089, 0.30372092989446875, 0.37965114143017575, -0.7782876550143295, 0.0, 0.2088080807621664, -0.03796511990092011, -0.13287778407759365, 0.05694773568720013, 0.22779070719200245, 0.3037209298945347, -0.5884600995121649, -0.056947660832369795], "action_grad": [[0.0, 0.0, 0.0], [0.0, 0.0, 0.0], [0.0, 0.0, 0.0], [0.0, 0.0, 0.0], [0.0, 0.0, 0.0], [0.0, 0.0, 0.0], [0.0, 0.0, 0.0], [0.0, 0.0, 0.0], [0.0, 0.0, 0.0], [0.0, 0.0, 0.0], [0.0, 0.0, 0.0], [0.0, 0.0, 0.0], [0.0, 0.0, 0.0], [0.0, 0.0, 0.0], [0.0, 0.0, 0.0], [0.0, 0.0, 0.0]], "action_params_change": 0, "value_params_change": 0.33090368888260757}
