{"iterations": 0, "type_itr": 0, "sub_iteration": 0, "sub_it_time": 0, "total_time": 0, "value_loss": 0, "action_loss": 0, "action_probs": [[0.9653104710564975, 0.03382123857294247, 0.0008388981938428182, 2.9392176717316378e-05], [0.16276578992315635, 0.4928129031688676, 0.0855122454038838, 0.25890906150409215], [0.03298446397632631, 0.08827454188870863, 0.23903214824164823, 0.6397088458933169], [0.9699808331811031, 0.021164429400339982, 0.008665657702365314, 0.00018907971619164991], [0.10363019679949002, 0.0032857877603396195, 0.8656373755483949, 0.02744663989177548], [0.29622999314096354, 0.3824330619000692, 0.14026053178241418, 0.18107641317655318], [0.031625790620938884, 0.2808600141924174, 0.06958133665906208, 0.6179328585275816], [0.014021711459032268, 0.006786430859423041, 0.6598352453244682, 0.3193566123570764], [0.02124672248957183, 0.03413550598926913, 0.3623911894028548, 0.5822265821183042], [0.022426700116957715, 0.00010946351322366263, 0.9727160617559165, 0.004747774613902131], [0.7652893709722178, 0.023870618510632186, 0.20446249325207586, 0.006377517265074091], [0.8264515227633247, 0.17260337968310496, 0.0007818162048907791, 0.00016328134867967567], [0.2659968065180126, 0.47261787817690504, 0.09413251669992709, 0.16725279860515527], [0.5585389787911003, 0.24426476961228938, 0.13719641096252072, 0.05999984063408947], [0.006191128930607554, 0.0021076458030168626, 0.7398381500089394, 0.25186307525743623], [0.006009158834940964, 0.07931400077206623, 0.06441906795153471, 0.8502577724414581]], "state_values": [-1.739665906160115, 4.808003123074539, 4.940537316589955, 4.995426925533172, -2.7021113959556837, 2.182518118067533, 4.664848256103816, -4.670570060917982, 1.811655781045773, 4.688678971791475, -1.0096833545837571, -4.727627344925243, 4.743373910586424, -4.879788992969875, 3.7409512842935038, -4.958670972213726], "value_grad": [0.0, 0.0, 0.0, 0.0, 0.0, 0.0, 0.0, 0.0, 0.0, 0.0, 0.0, 0.0, 0.0, 0.0, 0.0, 0.0], "action_grad": [[0.0, 0.0, 0.0], [0.0, 0.0, 0.0], [0.0, 0.0, 0.0], [0.0, 0.0, 0.0], [0.0, 0.0, 0.0], [0.0, 0.0, 0.0], [0.0, 0.0, 0.0], [0.0, 0.0, 0.0], [0.0, 0.0, 0.0], [0.0, 0.0, 0.0], [0.0, 0.0, 0.0], [0.0, 0.0, 0.0], [0.0, 0.0, 0.0], [0.0, 0.0, 0.0], [0.0, 0.0, 0.0], [0.0, 0.0, 0.0]], "action_params_change": 0, "value_params_change": 0}
{"iterations": 1, "type_itr": 0, "sub_iteration": 0, "sub_it_time": 3.8530852794647217, "total_time": 3.8550164699554443, "value_loss": 13.297076154442227, "action_loss": -0.699917771605691, "action_probs": [[0.9653104710564975, 0.03382123857294247, 0.0008388981938428182, 2.9392176717316378e-05], [0.16276578992315635, 0.4928129031688676, 0.0855122454038838, 0.25890906150409215], [0.03298446397632631, 0.08827454188870863, 0.23903214824164823, 0.6397088458933169], [0.9699808331811031, 0.021164429400339982, 0.008665657702365314, 0.00018907971619164991], [0.10363019679949002, 0.0032857877603396195, 0.8656373755483949, 0.02744663989177548], [0.29622999314096354, 0.3824330619000692, 0.14026053178241418, 0.18107641317655318], [0.031625790620938884, 0.2808600141924174, 0.06958133665906208, 0.6179328585275816], [0.014021711459032268, 0.006786430859423041, 0.6598352453244682, 0.3193566123570764], [0.02124672248957183, 0.03413550598926913, 0.3623911894028548, 0.5822265821183042], [0.022426700116957715, 0.00010946351322366263, 0.9727160617559165, 0.004747774613902131], [0.7652893709722178, 0.023870618510632186, 0.20446249325207586, 0.006377517265074091], [0.8264515227633247, 0.17260337968310496, 0.0007818162048907791, 0.00016328134867967567], [0.2659968065180126, 0.47261787817690504, 0.09413251669992709, 0.16725279860515527], [0.5585389787911003, 0.24426476961228938, 0.13719641096252072, 0.05999984063408947], [0.006191128930607554, 0.0021076458030168626, 0.7398381500089394, 0.25186307525743623], [0.006009158834940964, 0.07931400077206623, 0.06441906795153471, 0.8502577724414581]], "state_values": [-0.5258540947968219, 4.319030649297631, 4.596737894753733, 4.8930259501935245, -1.5772883529737336, 3.227618654120483, 4.074557921396607, -4.083788522644821, 2.9082993369320698, 4.113241333969157, 0.23324067819881583, -4.177947554692148, 4.204702307129839, -4.458467873092802, 2.80391103393807, -4.645796732965473], "value_grad": [0.07575570236817342, 0.3219940106002106, 0.03788080144362738, -0.018940095510478372, -0.7765182533341388, 0.15151140195117385, 0.7765932068227404, -0.09470108780073971, 0.22726560734203716, 0.09470108780073971, 1.1363339757450088, 0.03788080144373751, -0.5303514491473074, 0.6440267092535876, 1.3637149152863781, 0.15152805991022156], "action_grad": [[0.0, 0.0, 0.0], [0.0, 0.0, 0.0], [0.0, 0.0, 0.0], [0.0, 0.0, 0.0], [0.0, 0.0, 0.0], [0.0, 0.0, 0.0], [0.0, 0.0, 0.0], [0.0, 0.0, 0.0], [0.0, 0.0, 0.0], [0.0, 0.0, 0.0], [0.0, 0.0, 0.0], [0.0, 0.0, 0.0], [0.0, 0.0, 0.0], [0.0, 0.0, 0.0], [0.0, 0.0, 0.0], [0.0, 0.0, 0.0]], "action_params_change": 0, "value_params_change": 0.49999999633354464}
{"iterations": 1, "type_itr": 0, "sub_iteration": 1, "sub_it_time": 4.357089281082153, "total_time": 8.213947534561157, "value_loss": 9.317217020781097, "action_loss": -0.8504237902860325, "action_probs": [[0.9653104710564975, 0.03382123857294247, 0.0008388981938428182, 2.9392176717316378e-05], [0.16276578992315635, 0.4928129031688676, 0.0855122454038838, 0.25890906150409215], [0.03298446397632631, 0.08827454188870863, 0.23903214824164823, 0.6397088458933169], [0.9699808331811031, 0.021164429400339982, 0.008665657702365314, 0.00018907971619164991], [0.10363019679949002, 0.0032857877603396195, 0.8656373755483949, 0.02744663989177548], [0.29622999314096354, 0.3824330619000692, 0.14026053178241418, 0.18107641317655318], [0.031625790620938884, 0.2808600141924174, 0.06958133665906208, 0.6179328585275816], [0.014021711459032268, 0.006786430859423041, 0.6598352453244682, 0.3193566123570764], [0.02124672248957183, 0.03413550598926913, 0.3623911894028548, 0.5822265821183042], [0.022426700116957715, 0.00010946351322366263, 0.9727160617559165, 0.004747774613902131], [0.7652893709722178, 0.023870618510632186, 0.20446249325207586, 0.006377517265074091], [0.8264515227633247, 0.17260337968310496, 0.0007818162048907791, 0.00016328134867967567], [0.2659968065180126, 0.47261787817690504, 0.09413251669992709, 0.16725279860515527], [0.5585389787911003, 0.24426476961228938, 0.13719641096252072, 0.05999984063408947], [0.006191128930607554, 0.0021076458030168626, 0.7398381500089394, 0.25186307525743623], [0.006009158834940964, 0.07931400077206623, 0.06441906795153471, 0.8502577724414581]], "state_values": [0.5107169964955336, 3.561579637313444, 4.012656802453396, 4.9666321817916375, -0.35286857861275034, 2.9178721959511207, 3.2299826903903495, -3.247941387036813, 3.0527767457045973, 3.286864326494201, 1.3401759422033355, -3.460362026424388, 3.409014473481862, -3.7795983323701945, 1.6940595983438702, -4.103744811143897], "value_grad": [0.018960899143163346, 0.3982024806205082, 0.09480970132982947, 0.0379237950643283, -0.8342885803087849, -0.2654605082980446, 0.9101907710747383, -0.1327317748423784, -0.15169103249798788, 0.1327323779955094, 0.45506042485535936, 0.13273237799544368, -0.7395252463622555, 1.1567284819200694, 1.308353705173472, 0.45509568672360423], "action_grad": [[0.0, 0.0, 0.0], [0.0, 0.0, 0.0], [0.0, 0.0, 0.0], [0.0, 0.0, 0.0], [0.0, 0.0, 0.0], [0.0, 0.0, 0.0], [0.0, 0.0, 0.0], [0.0, 0.0, 0.0], [0.0, 0.0, 0.0], [0.0, 0.0, 0.0], [0.0, 0.0, 0.0], [0.0, 0.0, 0.0], [0.0, 0.0, 0.0], [0.0, 0.0, 0.0], [0.0, 0.0, 0.0], [0.0, 0.0, 0.0]], "action_params_change": 0, "value_params_change": 0.5006129620260311}
{"iterations": 1, "type_itr": 0, "sub_iteration": 2, "sub_it_time": 4.179913282394409, "total_time": 12.395463705062866, "value_loss": 5.618217452299028, "action_loss": -0.8875829558230295, "action_probs": [[0.9653104710564975, 0.03382123857294247, 0.0008388981938428182, 2.9392176717316378e-05], [0.16276578992315635, 0.4928129031688676, 0.0855122454038838, 0.25890906150409215], [0.03298446397632631, 0.08827454188870863, 0.23903214824164823, 0.6397088458933169], [0.9699808331811031, 0.021164429400339982, 0.008665657702365314, 0.00018907971619164991], [0.10363019679949002, 0.0032857877603396195, 0.8656373755483949, 0.02744663989177548], [0.29622999314096354, 0.3824330619000692, 0.14026053178241418, 0.18107641317655318], [0.031625790620938884, 0.2808600141924174, 0.06958133665906208, 0.6179328585275816], [0.014021711459032268, 0.006786430859423041, 0.6598352453244682, 0.3193566123570764], [0.02124672248957183, 0.03413550598926913, 0.3623911894028548, 0.5822265821183042], [0.022426700116957715, 0.00010946351322366263, 0.9727160617559165, 0.004747774613902131], [0.7652893709722178, 0.023870618510632186, 0.20446249325207586, 0.006377517265074091], [0.8264515227633247, 0.17260337968310496, 0.0007818162048907791, 0.00016328134867967567], [0.2659968065180126, 0.47261787817690504, 0.09413251669992709, 0.16725279860515527], [0.5585389787911003, 0.24426476961228938, 0.13719641096252072, 0.05999984063408947], [0.006191128930607554, 0.0021076458030168626, 0.7398381500089394, 0.25186307525743623], [0.006009158834940964, 0.07931400077206623, 0.06441906795153471, 0.8502577724414581]], "state_values": [1.093956798734178, 2.58285963447037, 3.184698495103452, 4.995221052549712, 0.8684036541720811, 2.2755038574256514, 2.1834831391464085, -2.2085504440211, 2.722688727096033, 2.254566580044084, 2.0191196544147627, -2.5245255573074354, 2.3983023289621004, -2.868893928286984, 0.5066248710870924, -3.3273090147412527], "value_grad": [-0.0189747096510553, 0.3605275085066708, 0.0759008519086466, 0.037950634089717994, -0.5882174486792202, -0.26565002260898485, 0.8728566913384546, -0.15180002059348485, -0.22770002391380917, 0.15180044279484228, -0.20872238764759832, 0.15180044279484228, -0.7779843044401256, 1.3662349392707123, 0.9487439398861985, 0.6261843465932486], "action_grad": [[0.0, 0.0, 0.0], [0.0, 0.0, 0.0], [0.0, 0.0, 0.0], [0.0, 0.0, 0.0], [0.0, 0.0, 0.0], [0.0, 0.0, 0.0], [0.0, 0.0, 0.0], [0.0, 0.0, 0.0], [0.0, 0.0, 0.0], [0.0, 0.0, 0.0], [0.0, 0.0, 0.0], [0.0, 0.0, 0.0], [0.0, 0.0, 0.0], [0.0, 0.0, 0.0], [0.0, 0.0, 0.0], [0.0, 0.0, 0.0]], "action_params_change": 0, "value_params_change": 0.5008093650952095}
{"iterations": 1, "type_itr": 0, "sub_iteration": 3, "sub_it_time": 4.631709098815918, "total_time": 17.029130220413208, "value_loss": 2.8093915384497206, "action_loss": -0.8322709987258561, "action_probs": [[0.9653104710564975, 0.03382123857294247, 0.0008388981938428182, 2.9392176717316378e-05], [0.16276578992315635, 0.4928129031688676, 0.0855122454038838, 0.25890906150409215], [0.03298446397632631, 0.08827454188870863, 0.23903214824164823, 0.6397088458933169], [0.9699808331811031, 0.021164429400339982, 0.008665657702365314, 0.00018907971619164991], [0.10363019679949002, 0.0032857877603396195, 0.8656373755483949, 0.02744663989177548], [0.29622999314096354, 0.3824330619000692, 0.14026053178241418, 0.18107641317655318], [0.031625790620938884, 0.2808600141924174, 0.06958133665906208, 0.6179328585275816], [0.014021711459032268, 0.006786430859423041, 0.6598352453244682, 0.3193566123570764], [0.02124672248957183, 0.03413550598926913, 0.3623911894028548, 0.5822265821183042], [0.022426700116957715, 0.00010946351322366263, 0.9727160617559165, 0.004747774613902131], [0.7652893709722178, 0.023870618510632186, 0.20446249325207586, 0.006377517265074091], [0.8264515227633247, 0.17260337968310496, 0.0007818162048907791, 0.00016328134867967567], [0.2659968065180126, 0.47261787817690504, 0.09413251669992709, 0.16725279860515527], [0.5585389787911003, 0.24426476961228938, 0.13719641096252072, 0.05999984063408947], [0.006191128930607554, 0.0021076458030168626, 0.7398381500089394, 0.25186307525743623], [0.006009158834940964, 0.07931400077206623, 0.06441906795153471, 0.8502577724414581]], "state_values": [0.9496787138925276, 1.500227117412925, 2.2814188173906658, 4.924301825763246, 1.9367073373315042, 1.4731667815385072, 1.0375215335038825, -1.0301878580707082, 2.080240842872752, 1.089402917952581, 2.1708985695681395, -1.4316067617975947, 1.2422944504121127, -1.777012478649835, -0.5792568085805776, -2.357780343493567], "value_grad": [-0.0759231149362729, 0.18980861089163614, 0.018980875483808113, 4.39648317751562e-14, -0.22776933364265206, -0.18980833608380543, 0.5504452119452306, -0.1328659341893328, -0.3226748476332464, 0.11388500444164595, -0.6833106862143037, 0.11388516932658144, -0.6453499444415294, 1.1768200568480807, 0.2847131078316649, 0.3985988895901116], "action_grad": [[0.0, 0.0, 0.0], [0.0, 0.0, 0.0], [0.0, 0.0, 0.0], [0.0, 0.0, 0.0], [0.0, 0.0, 0.0], [0.0, 0.0, 0.0], [0.0, 0.0, 0.0], [0.0, 0.0, 0.0], [0.0, 0.0, 0.0], [0.0, 0.0, 0.0], [0.0, 0.0, 0.0], [0.0, 0.0, 0.0], [0.0, 0.0, 0.0], [0.0, 0.0, 0.0], [0.0, 0.0, 0.0], [0.0, 0.0, 0.0]], "action_params_change": 0, "value_params_change": 0.4999599763104263}
{"iterations": 1, "type_itr": 0, "sub_iteration": 4, "sub_it_time": 3.884612798690796, "total_time": 20.915390729904175, "value_loss": 1.3288008826439648, "action_loss": -0.6860677220898931, "action_probs": [[0.9653104710564975, 0.03382123857294247, 0.0008388981938428182, 2.9392176717316378e-05], [0.16276578992315635, 0.4928129031688676, 0.0855122454038838, 0.25890906150409215], [0.03298446397632631, 0.08827454188870863, 0.23903214824164823, 0.6397088458933169], [0.9699808331811031, 0.021164429400339982, 0.008665657702365314, 0.00018907971619164991], [0.10363019679949002, 0.0032857877603396195, 0.8656373755483949, 0.02744663989177548], [0.29622999314096354, 0.3824330619000692, 0.14026053178241418, 0.18107641317655318], [0.031625790620938884, 0.2808600141924174, 0.06958133665906208, 0.6179328585275816], [0.014021711459032268, 0.006786430859423041, 0.6598352453244682, 0.3193566123570764], [0.02124672248957183, 0.03413550598926913, 0.3623911894028548, 0.5822265821183042], [0.022426700116957715, 0.00010946351322366263, 0.9727160617559165, 0.004747774613902131], [0.7652893709722178, 0.023870618510632186, 0.20446249325207586, 0.006377517265074091], [0.8264515227633247, 0.17260337968310496, 0.0007818162048907791, 0.00016328134867967567], [0.2659968065180126, 0.47261787817690504, 0.09413251669992709, 0.16725279860515527], [0.5585389787911003, 0.24426476961228938, 0.13719641096252072, 0.05999984063408947], [0.006191128930607554, 0.0021076458030168626, 0.7398381500089394, 0.25186307525743623], [0.006009158834940964, 0.07931400077206623, 0.06441906795153471, 0.8502577724414581]], "state_values": [0.5312108929395518, 0.4613955396475543, 1.4328608228936033, 4.9098474735977105, 2.666017355141724, 0.5970704214303637, -0.02050469268857575, 0.1405577048065162, 1.2588859521047502, -0.07577007406328296, 1.9371276809675686, -0.39021742136291876, 0.0733006577521964, -0.617145036979304, -1.4479150494240938, -1.2610888695035591], "value_grad": [-0.05694729807566312, 0.05694734047574257, 0.0, -0.03796514485256686, 0.20880705966881452, -0.13287712574116828, 0.09491216287790105, -0.05694729807572907, -0.26575452874094263, 0.05694729807572907, -0.9301410686285185, 0.018982418442350824, -0.3227015614237121, 0.6643858180291349, -0.09491216287790105, 0.3416846238940898], "action_grad": [[0.0, 0.0, 0.0], [0.0, 0.0, 0.0], [0.0, 0.0, 0.0], [0.0, 0.0, 0.0], [0.0, 0.0, 0.0], [0.0, 0.0, 0.0], [0.0, 0.0, 0.0], [0.0, 0.0, 0.0], [0.0, 0.0, 0.0], [0.0, 0.0, 0.0], [0.0, 0.0, 0.0], [0.0, 0.0, 0.0], [0.0, 0.0, 0.0], [0.0, 0.0, 0.0], [0.0, 0.0, 0.0], [0.0, 0.0, 0.0]], "action_params_change": 0, "value_params_change": 0.4792001281259157}
{"iterations": 1, "type_itr": 0, "sub_iteration": 5, "sub_it_time": 4.015886545181274, "total_time": 24.932894706726074, "value_loss": 1.1769398286304584, "action_loss": -0.5145499871548314, "action_probs": [[0.9653104710564975, 0.03382123857294247, 0.0008388981938428182, 2.9392176717316378e-05], [0.16276578992315635, 0.4928129031688676, 0.0855122454038838, 0.25890906150409215], [0.03298446397632631, 0.08827454188870863, 0.23903214824164823, 0.6397088458933169], [0.9699808331811031, 0.021164429400339982, 0.008665657702365314, 0.00018907971619164991], [0.10363019679949002, 0.0032857877603396195, 0.8656373755483949, 0.02744663989177548], [0.29622999314096354, 0.3824330619000692, 0.14026053178241418, 0.18107641317655318], [0.031625790620938884, 0.2808600141924174, 0.06958133665906208, 0.6179328585275816], [0.014021711459032268, 0.006786430859423041, 0.6598352453244682, 0.3193566123570764], [0.02124672248957183, 0.03413550598926913, 0.3623911894028548, 0.5822265821183042], [0.022426700116957715, 0.00010946351322366263, 0.9727160617559165, 0.004747774613902131], [0.7652893709722178, 0.023870618510632186, 0.20446249325207586, 0.006377517265074091], [0.8264515227633247, 0.17260337968310496, 0.0007818162048907791, 0.00016328134867967567], [0.2659968065180126, 0.47261787817690504, 0.09413251669992709, 0.16725279860515527], [0.5585389787911003, 0.24426476961228938, 0.13719641096252072, 0.05999984063408947], [0.006191128930607554, 0.0021076458030168626, 0.7398381500089394, 0.25186307525743623], [0.006009158834940964, 0.07931400077206623, 0.06441906795153471, 0.8502577724414581]], "state_values": [0.0729769732020281, -0.3497228586226084, 1.1948052228968644, 4.743914935762194, 3.006387416082374, -0.14724252606127966, -0.7770607964249923, 1.1457566016028504, 0.3184367190587102, -1.0790396913651386, 1.4448135336076784, 0.5724067876471092, -0.9221164232398111, 0.4289081732421484, -2.021714220625693, -0.20848497827649604], "value_grad": [-0.018982528019506173, -0.0949126392250268, -0.09491270378496419, 0.664384834800736, 0.5315125531420368, 0.018982528019506173, -0.3416853446965835, 0.0, -0.24677301623110082, -6.59472476627343e-14, -1.0060755849147593, 0.018982528019440226, 0.03796504295252845, 0.056947583884044084, -0.4555807276070818, 0.07593013755283096], "action_grad": [[0.0, 0.0, 0.0], [0.0, 0.0, 0.0], [0.0, 0.0, 0.0], [0.0, 0.0, 0.0], [0.0, 0.0, 0.0], [0.0, 0.0, 0.0], [0.0, 0.0, 0.0], [0.0, 0.0, 0.0], [0.0, 0.0, 0.0], [0.0, 0.0, 0.0], [0.0, 0.0, 0.0], [0.0, 0.0, 0.0], [0.0, 0.0, 0.0], [0.0, 0.0, 0.0], [0.0, 0.0, 0.0], [0.0, 0.0, 0.0]], "action_params_change": 0, "value_params_change": 0.4265247082043233}
{"iterations": 1, "type_itr": 0, "sub_iteration": 6, "sub_it_time": 4.331123352050781, "total_time": 29.26569890975952, "value_loss": 1.8982721438463592, "action_loss": -0.3680044791592376, "action_probs": [[0.9653104710564975, 0.03382123857294247, 0.0008388981938428182, 2.9392176717316378e-05], [0.16276578992315635, 0.4928129031688676, 0.0855122454038838, 0.25890906150409215], [0.03298446397632631, 0.08827454188870863, 0.23903214824164823, 0.6397088458933169], [0.9699808331811031, 0.021164429400339982, 0.008665657702365314, 0.00018907971619164991], [0.10363019679949002, 0.0032857877603396195, 0.8656373755483949, 0.02744663989177548], [0.29622999314096354, 0.3824330619000692, 0.14026053178241418, 0.18107641317655318], [0.031625790620938884, 0.2808600141924174, 0.06958133665906208, 0.6179328585275816], [0.014021711459032268, 0.006786430859423041, 0.6598352453244682, 0.3193566123570764], [0.02124672248957183, 0.03413550598926913, 0.3623911894028548, 0.5822265821183042], [0.022426700116957715, 0.00010946351322366263, 0.9727160617559165, 0.004747774613902131], [0.7652893709722178, 0.023870618510632186, 0.20446249325207586, 0.006377517265074091], [0.8264515227633247, 0.17260337968310496, 0.0007818162048907791, 0.00016328134867967567], [0.2659968065180126, 0.47261787817690504, 0.09413251669992709, 0.16725279860515527], [0.5585389787911003, 0.24426476961228938, 0.13719641096252072, 0.05999984063408947], [0.006191128930607554, 0.0021076458030168626, 0.7398381500089394, 0.25186307525743623], [0.006009158834940964, 0.07931400077206623, 0.06441906795153471, 0.8502577724414581]], "state_values": [-0.3278375701777813, -0.8111137820303033, 0.9125868076517729, 4.555435935303555, 3.040598046644499, -0.5985587167303735, -1.1511263131953868, 1.8453682391197015, -0.6297649550774305, -1.7190095336002864, 0.7817186275842581, 1.2896616683689215, -1.5972553387803552, 1.163932106358715, -2.2946576649581254, 0.5636547840063877], "value_grad": [6.572520305780927e-14, -0.22778300191694845, 0.01898194698316935, -0.05694634015010225, 0.702337170854757, 0.13287349086455258, -0.6453855834254398, 0.05694584077490106, -0.13287349086459654, -0.07592774884794107, -0.9111340303192308, -0.037963874598489156, 0.3416748295111294, -0.5504757237494258, -0.740297726581135, -0.20880119417231402], "action_grad": [[0.0, 0.0, 0.0], [0.0, 0.0, 0.0], [0.0, 0.0, 0.0], [0.0, 0.0, 0.0], [0.0, 0.0, 0.0], [0.0, 0.0, 0.0], [0.0, 0.0, 0.0], [0.0, 0.0, 0.0], [0.0, 0.0, 0.0], [0.0, 0.0, 0.0], [0.0, 0.0, 0.0], [0.0, 0.0, 0.0], [0.0, 0.0, 0.0], [0.0, 0.0, 0.0], [0.0, 0.0, 0.0], [0.0, 0.0, 0.0]], "action_params_change": 0, "value_params_change": 0.3800377803094115}
{"iterations": 1, "type_itr": 0, "sub_iteration": 7, "sub_it_time": 4.275383472442627, "total_time": 33.542680501937866, "value_loss": 2.6195792634415582, "action_loss": -0.2552094108177804, "action_probs": [[0.9653104710564975, 0.03382123857294247, 0.0008388981938428182, 2.9392176717316378e-05], [0.16276578992315635, 0.4928129031688676, 0.0855122454038838, 0.25890906150409215], [0.03298446397632631, 0.08827454188870863, 0.23903214824164823, 0.6397088458933169], [0.9699808331811031, 0.021164429400339982, 0.008665657702365314, 0.00018907971619164991], [0.10363019679949002, 0.0032857877603396195, 0.8656373755483949, 0.02744663989177548], [0.29622999314096354, 0.3824330619000692, 0.14026053178241418, 0.18107641317655318], [0.031625790620938884, 0.2808600141924174, 0.06958133665906208, 0.6179328585275816], [0.014021711459032268, 0.006786430859423041, 0.6598352453244682, 0.3193566123570764], [0.02124672248957183, 0.03413550598926913, 0.3623911894028548, 0.5822265821183042], [0.022426700116957715, 0.00010946351322366263, 0.9727160617559165, 0.004747774613902131], [0.7652893709722178, 0.023870618510632186, 0.20446249325207586, 0.006377517265074091], [0.8264515227633247, 0.17260337968310496, 0.0007818162048907791, 0.00016328134867967567], [0.2659968065180126, 0.47261787817690504, 0.09413251669992709, 0.16725279860515527], [0.5585389787911003, 0.24426476961228938, 0.13719641096252072, 0.05999984063408947], [0.006191128930607554, 0.0021076458030168626, 0.7398381500089394, 0.25186307525743623], [0.006009158834940964, 0.07931400077206623, 0.06441906795153471, 0.8502577724414581]], "state_values": [-0.5836400826121704, -0.921981068186385, 0.5264999562322107, 4.393215245550475, 2.8208495464587484, -0.7920773165187176, -1.2158066626584922, 2.3052200663785163, -1.4292757325451508, -1.995474759276733, 0.026246271902923158, 1.6960548642054691, -1.9530998571967981, 1.5425919996393316, -2.325119303827589, 0.954346412844071], "value_grad": [0.01898106235357755, -0.32267802441774807, 0.03796215070470321, -0.09490644939134496, 0.8921187217666424, 0.15184839064961286, -0.7402620147596988, 0.056943186886082575, 0.01898106235340169, -0.11388660618198232, -0.6833183745637328, -0.07592430106067738, 0.493508505822696, -0.9110920580594506, -0.8541529147825622, -0.39860224225277907], "action_grad": [[0.0, 0.0, 0.0], [0.0, 0.0, 0.0], [0.0, 0.0, 0.0], [0.0, 0.0, 0.0], [0.0, 0.0, 0.0], [0.0, 0.0, 0.0], [0.0, 0.0, 0.0], [0.0, 0.0, 0.0], [0.0, 0.0, 0.0], [0.0, 0.0, 0.0], [0.0, 0.0, 0.0], [0.0, 0.0, 0.0], [0.0, 0.0, 0.0], [0.0, 0.0, 0.0], [0.0, 0.0, 0.0], [0.0, 0.0, 0.0]], "action_params_change": 0, "value_params_change": 0.3272205571394826}
{"iterations": 1, "type_itr": 0, "sub_iteration": 8, "sub_it_time": 3.510798215866089, "total_time": 37.055087089538574, "value_loss": 2.8853157351702676, "action_loss": -0.18230426013861356, "action_probs": [[0.9653104710564975, 0.03382123857294247, 0.0008388981938428182, 2.9392176717316378e-05], [0.16276578992315635, 0.4928129031688676, 0.0855122454038838, 0.25890906150409215], [0.03298446397632631, 0.08827454188870863, 0.23903214824164823, 0.6397088458933169], [0.9699808331811031, 0.021164429400339982, 0.008665657702365314, 0.00018907971619164991], [0.10363019679949002, 0.0032857877603396195, 0.8656373755483949, 0.02744663989177548], [0.29622999314096354, 0.3824330619000692, 0.14026053178241418, 0.18107641317655318], [0.031625790620938884, 0.2808600141924174, 0.06958133665906208, 0.6179328585275816], [0.014021711459032268, 0.006786430859423041, 0.6598352453244682, 0.3193566123570764], [0.02124672248957183, 0.03413550598926913, 0.3623911894028548, 0.5822265821183042], [0.022426700116957715, 0.00010946351322366263, 0.9727160617559165, 0.004747774613902131], [0.7652893709722178, 0.023870618510632186, 0.20446249325207586, 0.006377517265074091], [0.8264515227633247, 0.17260337968310496, 0.0007818162048907791, 0.00016328134867967567], [0.2659968065180126, 0.47261787817690504, 0.09413251669992709, 0.16725279860515527], [0.5585389787911003, 0.24426476961228938, 0.13719641096252072, 0.05999984063408947], [0.006191128930607554, 0.0021076458030168626, 0.7398381500089394, 0.25186307525743623], [0.006009158834940964, 0.07931400077206623, 0.06441906795153471, 0.8502577724414581]], "state_values": [-0.7176319217730913, -0.8321961371903783, 0.46749789946111664, 4.275936713402246, 2.394668399067349, -0.7208182114563744, -1.057356634169847, 2.465769540520741, -1.9131922998575472, -2.051546260308817, -0.7280474605924908, 1.8242679175500967, -2.0603539695525996, 1.6179411992541617, -2.1002402213545213, 1.031395868111897], "value_grad": [0.01898068006512066, -0.24674882497075767, -0.07592266268205039, -0.09490451264209021, 0.9680236857379021, 0.20878747112120077, -0.7212659850595253, 0.11388450350696822, 0.1898069358748069, -0.09490368298467367, -0.34165194176757874, -0.09490354165517134, 0.5314608641139968, -1.100882130720842, -1.2527488852032036, -0.45553656305331947], "action_grad": [[0.0, 0.0, 0.0], [0.0, 0.0, 0.0], [0.0, 0.0, 0.0], [0.0, 0.0, 0.0], [0.0, 0.0, 0.0], [0.0, 0.0, 0.0], [0.0, 0.0, 0.0], [0.0, 0.0, 0.0], [0.0, 0.0, 0.0], [0.0, 0.0, 0.0], [0.0, 0.0, 0.0], [0.0, 0.0, 0.0], [0.0, 0.0, 0.0], [0.0, 0.0, 0.0], [0.0, 0.0, 0.0], [0.0, 0.0, 0.0]], "action_params_change": 0, "value_params_change": 0.30275656216196456}
{"iterations": 1, "type_itr": 0, "sub_iteration": 9, "sub_it_time": 3.656904697418213, "total_time": 40.7136492729187, "value_loss": 2.6575419166551657, "action_loss": -0.15018724625657978, "action_probs": [[0.9653104710564975, 0.03382123857294247, 0.0008388981938428182, 2.9392176717316378e-05], [0.16276578992315635, 0.4928129031688676, 0.0855122454038838, 0.25890906150409215], [0.03298446397632631, 0.08827454188870863, 0.23903214824164823, 0.6397088458933169], [0.9699808331811031, 0.021164429400339982, 0.008665657702365314, 0.00018907971619164991], [0.10363019679949002, 0.0032857877603396195, 0.8656373755483949, 0.02744663989177548], [0.29622999314096354, 0.3824330619000692, 0.14026053178241418, 0.18107641317655318], [0.031625790620938884, 0.2808600141924174, 0.06958133665906208, 0.6179328585275816], [0.014021711459032268, 0.006786430859423041, 0.6598352453244682, 0.3193566123570764], [0.02124672248957183, 0.03413550598926913, 0.3623911894028548, 0.5822265821183042], [0.022426700116957715, 0.00010946351322366263, 0.9727160617559165, 0.004747774613902131], [0.7652893709722178, 0.023870618510632186, 0.20446249325207586, 0.006377517265074091], [0.8264515227633247, 0.17260337968310496, 0.0007818162048907791, 0.00016328134867967567], [0.2659968065180126, 0.47261787817690504, 0.09413251669992709, 0.16725279860515527], [0.5585389787911003, 0.24426476961228938, 0.13719641096252072, 0.05999984063408947], [0.006191128930607554, 0.0021076458030168626, 0.7398381500089394, 0.25186307525743623], [0.006009158834940964, 0.07931400077206623, 0.06441906795153471, 0.8502577724414581]], "state_values": [-0.5832224457565373, -0.5801605920244494, 0.7799478441004648, 4.21917102829527, 1.7921703094019088, -0.48104751018257746, -0.7446443590469471, 2.4106768096955613, -2.0729686619821797, -1.9041288770126448, -1.3730617024283807, 1.6745432833400318, -1.9831701032294136, 1.4721966824235482, -1.7557885890012124, 0.8921842718784696], "value_grad": [0.056943029329051154, -0.24675345447952468, -0.13286688075064434, -0.113887217567199, 0.9870189125015605, 0.1708290832763648, -0.6263739329744831, 0.11388645071864412, 0.2847159108768911, -0.11388629420845886, 0.056943029328984984, -0.1328672508260227, 0.5124892425941625, -1.081920690162315, -0.7402630218687389, -0.41758242940673806], "action_grad": [[0.0, 0.0, 0.0], [0.0, 0.0, 0.0], [0.0, 0.0, 0.0], [0.0, 0.0, 0.0], [0.0, 0.0, 0.0], [0.0, 0.0, 0.0], [0.0, 0.0, 0.0], [0.0, 0.0, 0.0], [0.0, 0.0, 0.0], [0.0, 0.0, 0.0], [0.0, 0.0, 0.0], [0.0, 0.0, 0.0], [0.0, 0.0, 0.0], [0.0, 0.0, 0.0], [0.0, 0.0, 0.0], [0.0, 0.0, 0.0]], "action_params_change": 0, "value_params_change": 0.2656993117304607}
{"iterations": 1, "type_itr": 0, "sub_iteration": 10, "sub_it_time": 4.262678146362305, "total_time": 44.97799348831177, "value_loss": 2.1260565151183592, "action_loss": -0.16754805475565226, "action_probs": [[0.9653104710564975, 0.03382123857294247, 0.0008388981938428182, 2.9392176717316378e-05], [0.16276578992315635, 0.4928129031688676, 0.0855122454038838, 0.25890906150409215], [0.03298446397632631, 0.08827454188870863, 0.23903214824164823, 0.6397088458933169], [0.9699808331811031, 0.021164429400339982, 0.008665657702365314, 0.00018907971619164991], [0.10363019679949002, 0.0032857877603396195, 0.8656373755483949, 0.02744663989177548], [0.29622999314096354, 0.3824330619000692, 0.14026053178241418, 0.18107641317655318], [0.031625790620938884, 0.2808600141924174, 0.06958133665906208, 0.6179328585275816], [0.014021711459032268, 0.006786430859423041, 0.6598352453244682, 0.3193566123570764], [0.02124672248957183, 0.03413550598926913, 0.3623911894028548, 0.5822265821183042], [0.022426700116957715, 0.00010946351322366263, 0.9727160617559165, 0.004747774613902131], [0.7652893709722178, 0.023870618510632186, 0.20446249325207586, 0.006377517265074091], [0.8264515227633247, 0.17260337968310496, 0.0007818162048907791, 0.00016328134867967567], [0.2659968065180126, 0.47261787817690504, 0.09413251669992709, 0.16725279860515527], [0.5585389787911003, 0.24426476961228938, 0.13719641096252072, 0.05999984063408947], [0.006191128930607554, 0.0021076458030168626, 0.7398381500089394, 0.25186307525743623], [0.006009158834940964, 0.07931400077206623, 0.06441906795153471, 0.8502577724414581]], "state_values": [-0.19069581048984988, -0.23827625486936865, 1.1513877188643244, 4.184890467652341, 1.0510912262268648, -0.18811826769040685, -0.3462199439463227, 2.2105988398985126, -1.972877797582337, -1.5656806960983258, -1.832678402182528, 1.3706813162254519, -1.7698132001982345, 1.161052711676129, -1.3282066081476633, 0.5946644018350826], "value_grad": [0.07592676894517414, -0.17083512910084409, -0.03796334154956815, -0.03796359490012069, 0.8921412818963348, 0.07592676894524031, -0.4365790819637616, 0.09490883108718595, 0.32268963712237975, -0.13287191893731798, 0.37963421637877337, -0.09490851439898407, 0.4555615377413993, -1.0060314271279105, -0.5884338927189954, -0.3796337888936998], "action_grad": [[0.0, 0.0, 0.0], [0.0, 0.0, 0.0], [0.0, 0.0, 0.0], [0.0, 0.0, 0.0], [0.0, 0.0, 0.0], [0.0, 0.0, 0.0], [0.0, 0.0, 0.0], [0.0, 0.0, 0.0], [0.0, 0.0, 0.0], [0.0, 0.0, 0.0], [0.0, 0.0, 0.0], [0.0, 0.0, 0.0], [0.0, 0.0, 0.0], [0.0, 0.0, 0.0], [0.0, 0.0, 0.0], [0.0, 0.0, 0.0]], "action_params_change": 0, "value_params_change": 0.3095835437241736}
{"iterations": 1, "type_itr": 0, "sub_iteration": 11, "sub_it_time": 3.6822457313537598, "total_time": 48.663442611694336, "value_loss": 1.4996436295848257, "action_loss": -0.22656981383300012, "action_probs": [[0.9653104710564975, 0.03382123857294247, 0.0008388981938428182, 2.9392176717316378e-05], [0.16276578992315635, 0.4928129031688676, 0.0855122454038838, 0.25890906150409215], [0.03298446397632631, 0.08827454188870863, 0.23903214824164823, 0.6397088458933169], [0.9699808331811031, 0.021164429400339982, 0.008665657702365314, 0.00018907971619164991], [0.10363019679949002, 0.0032857877603396195, 0.8656373755483949, 0.02744663989177548], [0.29622999314096354, 0.3824330619000692, 0.14026053178241418, 0.18107641317655318], [0.031625790620938884, 0.2808600141924174, 0.06958133665906208, 0.6179328585275816], [0.014021711459032268, 0.006786430859423041, 0.6598352453244682, 0.3193566123570764], [0.02124672248957183, 0.03413550598926913, 0.3623911894028548, 0.5822265821183042], [0.022426700116957715, 0.00010946351322366263, 0.9727160617559165, 0.004747774613902131], [0.7652893709722178, 0.023870618510632186, 0.20446249325207586, 0.006377517265074091], [0.8264515227633247, 0.17260337968310496, 0.0007818162048907791, 0.00016328134867967567], [0.2659968065180126, 0.47261787817690504, 0.09413251669992709, 0.16725279860515527], [0.5585389787911003, 0.24426476961228938, 0.13719641096252072, 0.05999984063408947], [0.006191128930607554, 0.0021076458030168626, 0.7398381500089394, 0.25186307525743623], [0.006009158834940964, 0.07931400077206623, 0.06441906795153471, 0.8502577724414581]], "state_values": [0.2319533540262496, 0.3644210468591219, 1.479787200365632, 4.249017940270243, 0.2355188714561452, 0.07584758228828306, 0.050288134809255064, 1.8576725673431933, -1.6829166054285407, -1.1127969736143466, -2.071716510497701, 0.9617924827869375, -1.4520272485487495, 0.7401342974584825, -0.8577438325103427, 0.10343786794201008], "value_grad": [0.018982297698040496, -199.8223434468479, 0.0, -0.20880690612102404, 0.6264160812339037, 6.59472476627343e-14, -0.13287562952623233, 0.11389401825427625, 0.303717356420786, -0.09491156613631513, 0.6453991599299862, -0.0759292218505232, 0.39862884037520163, -0.7972569515846992, -0.39862851426153356, -0.5694645190850021], "action_grad": [[0.0, 0.0, 0.0], [0.0, 0.0, 0.0], [0.0, 0.0, 0.0], [0.0, 0.0, 0.0], [0.0, 0.0, 0.0], [0.0, 0.0, 0.0], [0.0, 0.0, 0.0], [0.0, 0.0, 0.0], [0.0, 0.0, 0.0], [0.0, 0.0, 0.0], [0.0, 0.0, 0.0], [0.0, 0.0, 0.0], [0.0, 0.0, 0.0], [0.0, 0.0, 0.0], [0.0, 0.0, 0.0], [0.0, 0.0, 0.0]], "action_params_change": 0, "value_params_change": 0.3293539550098492}
{"iterations": 1, "type_itr": 0, "sub_iteration": 12, "sub_it_time": 3.1166341304779053, "total_time": 51.78188490867615, "value_loss": 0.9871125479465881, "action_loss": -0.3038039408352816, "action_probs": [[0.9653104710564975, 0.03382123857294247, 0.0008388981938428182, 2.9392176717316378e-05], [0.16276578992315635, 0.4928129031688676, 0.0855122454038838, 0.25890906150409215], [0.03298446397632631, 0.08827454188870863, 0.23903214824164823, 0.6397088458933169], [0.9699808331811031, 0.021164429400339982, 0.008665657702365314, 0.00018907971619164991], [0.10363019679949002, 0.0032857877603396195, 0.8656373755483949, 0.02744663989177548], [0.29622999314096354, 0.3824330619000692, 0.14026053178241418, 0.18107641317655318], [0.031625790620938884, 0.2808600141924174, 0.06958133665906208, 0.6179328585275816], [0.014021711459032268, 0.006786430859423041, 0.6598352453244682, 0.3193566123570764], [0.02124672248957183, 0.03413550598926913, 0.3623911894028548, 0.5822265821183042], [0.022426700116957715, 0.00010946351322366263, 0.9727160617559165, 0.004747774613902131], [0.7652893709722178, 0.023870618510632186, 0.20446249325207586, 0.006377517265074091], [0.8264515227633247, 0.17260337968310496, 0.0007818162048907791, 0.00016328134867967567], [0.2659968065180126, 0.47261787817690504, 0.09413251669992709, 0.16725279860515527], [0.5585389787911003, 0.24426476961228938, 0.13719641096252072, 0.05999984063408947], [0.006191128930607554, 0.0021076458030168626, 0.7398381500089394, 0.25186307525743623], [0.006009158834940964, 0.07931400077206623, 0.06441906795153471, 0.8502577724414581]], "state_values": [-0.18456508721126383, 0.9036856382061664, 1.7700034009641459, 4.351070129200934, -0.5644597826766047, 0.23333377975877784, 0.4335360048432741, 1.3914996111541524, -1.2617414199778154, -0.6086463230435896, -2.101904545663633, 0.4887242071776068, -1.0603324612843537, 0.2608287393417516, -0.39247398373577064, -0.3878445497855731], "value_grad": [-0.39863302123327915, -0.07593061913568477, 0.0, -0.11389643035296282, 0.2657571486540913, -0.07593061913568477, -0.09491324556552083, 0.09491335636454679, 0.24677471293806796, -0.056947981189744645, 0.7972727846294106, -0.05694798118963473, 0.3227053790109147, -0.5504969760855807, -0.1708439388582479, -0.11389592783106695], "action_grad": [[0.0, 0.0, 0.0], [0.0, 0.0, 0.0], [0.0, 0.0, 0.0], [0.0, 0.0, 0.0], [0.0, 0.0, 0.0], [0.0, 0.0, 0.0], [0.0, 0.0, 0.0], [0.0, 0.0, 0.0], [0.0, 0.0, 0.0], [0.0, 0.0, 0.0], [0.0, 0.0, 0.0], [0.0, 0.0, 0.0], [0.0, 0.0, 0.0], [0.0, 0.0, 0.0], [0.0, 0.0, 0.0], [0.0, 0.0, 0.0]], "action_params_change": 0, "value_params_change": 0.32050869278503047}
{"iterations": 1, "type_itr": 0, "sub_iteration": 13, "sub_it_time": 3.6274266242980957, "total_time": 55.41103434562683, "value_loss": 0.8162672145890543, "action_loss": -0.31421596279826647, "action_probs": [[0.9653104710564975, 0.03382123857294247, 0.0008388981938428182, 2.9392176717316378e-05], [0.16276578992315635, 0.4928129031688676, 0.0855122454038838, 0.25890906150409215], [0.03298446397632631, 0.08827454188870863, 0.23903214824164823, 0.6397088458933169], [0.9699808331811031, 0.021164429400339982, 0.008665657702365314, 0.00018907971619164991], [0.10363019679949002, 0.0032857877603396195, 0.8656373755483949, 0.02744663989177548], [0.29622999314096354, 0.3824330619000692, 0.14026053178241418, 0.18107641317655318], [0.031625790620938884, 0.2808600141924174, 0.06958133665906208, 0.6179328585275816], [0.014021711459032268, 0.006786430859423041, 0.6598352453244682, 0.3193566123570764], [0.02124672248957183, 0.03413550598926913, 0.3623911894028548, 0.5822265821183042], [0.022426700116957715, 0.00010946351322366263, 0.9727160617559165, 0.004747774613902131], [0.7652893709722178, 0.023870618510632186, 0.20446249325207586, 0.006377517265074091], [0.8264515227633247, 0.17260337968310496, 0.0007818162048907791, 0.00016328134867967567], [0.2659968065180126, 0.47261787817690504, 0.09413251669992709, 0.16725279860515527], [0.5585389787911003, 0.24426476961228938, 0.13719641096252072, 0.05999984063408947], [0.006191128930607554, 0.0021076458030168626, 0.7398381500089394, 0.25186307525743623], [0.006009158834940964, 0.07931400077206623, 0.06441906795153471, 0.8502577724414581]], "state_values": [-0.5859847084926353, 1.381578884020832, 2.0714262179476894, 4.478435819363122, -1.2753003523243212, 0.31612723857458613, 0.745736877141312, 0.8465815802912655, -0.7647192945303637, -0.08798505785283552, -1.9481431773386115, -0.009468942436535732, -0.6401634035134051, -0.22158953333093107, 0.019141083884762374, -0.8039576877042166], "value_grad": [-0.018982789749557805, 0.09491394787517504, -0.018982798473873075, -0.1138971040478648, -6.59472476627343e-14, -0.05694834237758806, 0.11389671040474258, 0.07593117609773703, 0.17084510251125962, -0.037965570600150045, 0.8732089906615788, -0.03796557060025996, 0.1898278460216849, -0.26575897465912235, 0.05694834237758806, 0.056948342377478145], "action_grad": [[0.0, 0.0, 0.0], [0.0, 0.0, 0.0], [0.0, 0.0, 0.0], [0.0, 0.0, 0.0], [0.0, 0.0, 0.0], [0.0, 0.0, 0.0], [0.0, 0.0, 0.0], [0.0, 0.0, 0.0], [0.0, 0.0, 0.0], [0.0, 0.0, 0.0], [0.0, 0.0, 0.0], [0.0, 0.0, 0.0], [0.0, 0.0, 0.0], [0.0, 0.0, 0.0], [0.0, 0.0, 0.0], [0.0, 0.0, 0.0]], "action_params_change": 0, "value_params_change": 0.28955338392204677}
