{"iterations": 0, "type_itr": 0, "sub_iteration": 0, "sub_it_time": 0, "total_time": 0, "value_loss": 0, "action_loss": 0, "action_probs": [[0.6109592447455707, 0.0003602842987062953, 0.3884514001273821, 0.00022907082834085717], [0.1358995732239541, 0.21857064060816603, 0.24748827692787048, 0.3980415092400093], [0.72194131314244, 0.03932026363795304, 0.2264072376878141, 0.012331185531792794], [0.04126444402733094, 0.01975884130590664, 0.6349437247396073, 0.3040329899271552], [0.00037302716030346484, 0.005031045947964708, 0.06865401093300753, 0.9259419159587241], [0.000237604809845319, 0.00712575044726817, 0.03203094689635914, 0.9606056978465275], [0.014537919570044062, 0.8971330955243068, 0.0014085340621792937, 0.08692045084347005], [0.0751268538211436, 0.00677023745614338, 0.8422055281895834, 0.0758973805331296], [0.8041826745270225, 0.040920794647213765, 0.1473962786546534, 0.007500252171110277], [0.0009837876298327858, 0.06031870784069752, 0.015064296910309924, 0.9236332076191598], [0.014889805421471319, 0.004983099286122078, 0.7343617831388038, 0.24576531215360303], [0.13812283027261035, 0.018905285712075365, 0.7414828976983022, 0.10148898631701218], [0.24696288951005413, 0.5865407124890248, 0.049332038211598365, 0.1171643597893226], [0.03343047885427578, 0.41258587007132436, 0.04152300420706445, 0.5124606468673355], [0.27349158930882783, 0.11387125610785306, 0.4325430563594646, 0.1800940982238545], [0.025524714257064846, 0.419644958678811, 0.03181233228685266, 0.5230179947772715]], "state_values": [3.5647936784901386, -4.813798272229894, -1.26496075509934, 4.7546396244787745, 4.664317710673082, 4.080328996407417, 4.796741050259204, 3.774285429379487, -0.8394340120276705, 4.836720739790326, -1.590414395443861, 1.357560480898531, -3.513977226278653, 4.497087502977252, -4.174156698222562, 4.589313740129346], "value_grad": [0.0, 0.0, 0.0, 0.0, 0.0, 0.0, 0.0, 0.0, 0.0, 0.0, 0.0, 0.0, 0.0, 0.0, 0.0, 0.0], "action_grad": [[0.0, 0.0, 0.0], [0.0, 0.0, 0.0], [0.0, 0.0, 0.0], [0.0, 0.0, 0.0], [0.0, 0.0, 0.0], [0.0, 0.0, 0.0], [0.0, 0.0, 0.0], [0.0, 0.0, 0.0], [0.0, 0.0, 0.0], [0.0, 0.0, 0.0], [0.0, 0.0, 0.0], [0.0, 0.0, 0.0], [0.0, 0.0, 0.0], [0.0, 0.0, 0.0], [0.0, 0.0, 0.0], [0.0, 0.0, 0.0]], "action_params_change": 0, "value_params_change": 0}
{"iterations": 1, "type_itr": 0, "sub_iteration": 0, "sub_it_time": 0.09976363182067871, "total_time": 0.10123515129089355, "value_loss": 13.969375933310316, "action_loss": -1.789694438506315, "action_probs": [[0.6109592447455707, 0.0003602842987062953, 0.3884514001273821, 0.00022907082834085717], [0.1358995732239541, 0.21857064060816603, 0.24748827692787048, 0.3980415092400093], [0.72194131314244, 0.03932026363795304, 0.2264072376878141, 0.012331185531792794], [0.04126444402733094, 0.01975884130590664, 0.6349437247396073, 0.3040329899271552], [0.00037302716030346484, 0.005031045947964708, 0.06865401093300753, 0.9259419159587241], [0.000237604809845319, 0.00712575044726817, 0.03203094689635914, 0.9606056978465275], [0.014537919570044062, 0.8971330955243068, 0.0014085340621792937, 0.08692045084347005], [0.0751268538211436, 0.00677023745614338, 0.8422055281895834, 0.0758973805331296], [0.8041826745270225, 0.040920794647213765, 0.1473962786546534, 0.007500252171110277], [0.0009837876298327858, 0.06031870784069752, 0.015064296910309924, 0.9236332076191598], [0.014889805421471319, 0.004983099286122078, 0.7343617831388038, 0.24576531215360303], [0.13812283027261035, 0.018905285712075365, 0.7414828976983022, 0.10148898631701218], [0.24696288951005413, 0.5865407124890248, 0.049332038211598365, 0.1171643597893226], [0.03343047885427578, 0.41258587007132436, 0.04152300420706445, 0.5124606468673355], [0.27349158930882783, 0.11387125610785306, 0.4325430563594646, 0.1800940982238545], [0.025524714257064846, 0.419644958678811, 0.03181233228685266, 0.5230179947772715]], "state_values": [2.5865672565606586, -4.32970983878729, -0.028858720024244746, 4.989578740377377, 4.073703817184907, 3.2385353126237475, 4.298503958578692, 2.8456040517051844, 0.4061238299301736, 4.372815730360148, -0.36819968537207187, 0.12480619326026694, -2.5247302209888267, 3.816594272922648, -3.36340571277316, 3.955672491849241], "value_grad": [-0.14812530175849759, 0.6585985834808259, 1.3634382371876033, 0.06083123618889097, 0.3799342977204052, 0.016040452326105736, -0.3653079419259573, 0.1466947329654218, 1.0219550299714282, 0.0726475417358401, -1.221441677513516, -0.07742475484195666, -1.0535114713410412, -1.002375524142444, -1.076531186230591, 0.6183406942235035], "action_grad": [[0.0, 0.0, 0.0], [0.0, 0.0, 0.0], [0.0, 0.0, 0.0], [0.0, 0.0, 0.0], [0.0, 0.0, 0.0], [0.0, 0.0, 0.0], [0.0, 0.0, 0.0], [0.0, 0.0, 0.0], [0.0, 0.0, 0.0], [0.0, 0.0, 0.0], [0.0, 0.0, 0.0], [0.0, 0.0, 0.0], [0.0, 0.0, 0.0], [0.0, 0.0, 0.0], [0.0, 0.0, 0.0], [0.0, 0.0, 0.0]], "action_params_change": 0, "value_params_change": 0.49999999633280057}
{"iterations": 1, "type_itr": 0, "sub_iteration": 1, "sub_it_time": 0.09762215614318848, "total_time": 0.20716547966003418, "value_loss": 9.331215920894957, "action_loss": -1.6414552167713528, "action_probs": [[0.6109592447455707, 0.0003602842987062953, 0.3884514001273821, 0.00022907082834085717], [0.1358995732239541, 0.21857064060816603, 0.24748827692787048, 0.3980415092400093], [0.72194131314244, 0.03932026363795304, 0.2264072376878141, 0.012331185531792794], [0.04126444402733094, 0.01975884130590664, 0.6349437247396073, 0.3040329899271552], [0.00037302716030346484, 0.005031045947964708, 0.06865401093300753, 0.9259419159587241], [0.000237604809845319, 0.00712575044726817, 0.03203094689635914, 0.9606056978465275], [0.014537919570044062, 0.8971330955243068, 0.0014085340621792937, 0.08692045084347005], [0.0751268538211436, 0.00677023745614338, 0.8422055281895834, 0.0758973805331296], [0.8041826745270225, 0.040920794647213765, 0.1473962786546534, 0.007500252171110277], [0.0009837876298327858, 0.06031870784069752, 0.015064296910309924, 0.9236332076191598], [0.014889805421471319, 0.004983099286122078, 0.7343617831388038, 0.24576531215360303], [0.13812283027261035, 0.018905285712075365, 0.7414828976983022, 0.10148898631701218], [0.24696288951005413, 0.5865407124890248, 0.049332038211598365, 0.1171643597893226], [0.03343047885427578, 0.41258587007132436, 0.04152300420706445, 0.5124606468673355], [0.27349158930882783, 0.11387125610785306, 0.4325430563594646, 0.1800940982238545], [0.025524714257064846, 0.419644958678811, 0.03181233228685266, 0.5230179947772715]], "state_values": [1.4534966485756131, -3.591134359610129, 1.1850841352539687, 4.954313437156606, 3.2301856513020084, 3.807817538155628, 3.544905478141747, 1.7421827216832888, 1.5461863701522331, 3.654522377048317, 0.8173561416565126, -0.7940467834555077, -1.3778721051947387, 2.898072377953163, -2.342459012852397, 3.079688037446304], "value_grad": [-0.13117263990438666, 1.093400517816976, 0.998014718837192, 0.011788415208604519, 0.4755482218323426, -0.11512665995214277, -0.5814404508678095, 0.13865312194116797, 0.5114196806434137, 0.12565304623757534, -0.7012002909877193, -0.007393499189108255, -1.0777928017101424, -1.1959777527253994, -1.2636334826657443, 0.8424102114117744], "action_grad": [[0.0, 0.0, 0.0], [0.0, 0.0, 0.0], [0.0, 0.0, 0.0], [0.0, 0.0, 0.0], [0.0, 0.0, 0.0], [0.0, 0.0, 0.0], [0.0, 0.0, 0.0], [0.0, 0.0, 0.0], [0.0, 0.0, 0.0], [0.0, 0.0, 0.0], [0.0, 0.0, 0.0], [0.0, 0.0, 0.0], [0.0, 0.0, 0.0], [0.0, 0.0, 0.0], [0.0, 0.0, 0.0], [0.0, 0.0, 0.0]], "action_params_change": 0, "value_params_change": 0.500486945030195}
{"iterations": 1, "type_itr": 0, "sub_iteration": 2, "sub_it_time": 0.10231924057006836, "total_time": 0.32146334648132324, "value_loss": 5.431022820411476, "action_loss": -1.4892972899456234, "action_probs": [[0.6109592447455707, 0.0003602842987062953, 0.3884514001273821, 0.00022907082834085717], [0.1358995732239541, 0.21857064060816603, 0.24748827692787048, 0.3980415092400093], [0.72194131314244, 0.03932026363795304, 0.2264072376878141, 0.012331185531792794], [0.04126444402733094, 0.01975884130590664, 0.6349437247396073, 0.3040329899271552], [0.00037302716030346484, 0.005031045947964708, 0.06865401093300753, 0.9259419159587241], [0.000237604809845319, 0.00712575044726817, 0.03203094689635914, 0.9606056978465275], [0.014537919570044062, 0.8971330955243068, 0.0014085340621792937, 0.08692045084347005], [0.0751268538211436, 0.00677023745614338, 0.8422055281895834, 0.0758973805331296], [0.8041826745270225, 0.040920794647213765, 0.1473962786546534, 0.007500252171110277], [0.0009837876298327858, 0.06031870784069752, 0.015064296910309924, 0.9236332076191598], [0.014889805421471319, 0.004983099286122078, 0.7343617831388038, 0.24576531215360303], [0.13812283027261035, 0.018905285712075365, 0.7414828976983022, 0.10148898631701218], [0.24696288951005413, 0.5865407124890248, 0.049332038211598365, 0.1171643597893226], [0.03343047885427578, 0.41258587007132436, 0.04152300420706445, 0.5124606468673355], [0.27349158930882783, 0.11387125610785306, 0.4325430563594646, 0.1800940982238545], [0.025524714257064846, 0.419644958678811, 0.03181233228685266, 0.5230179947772715]], "state_values": [0.27999217744576355, -2.6341663454710957, 2.2547647675304825, 4.8806187522036675, 2.2244700461480833, 3.491166360190492, 2.5699602580132583, 0.563351942027992, 2.3691941957960583, 2.7110766254541425, 1.7629670265654374, -0.9928721042357455, -0.15702715947929854, 1.8015818240459949, -1.1754513785293401, 2.0087179641262365], "value_grad": [-0.08241210239801688, 1.3671638742667218, 0.529323459831514, -0.02492077339942611, 0.2696813552227111, 0.2516988714481698, -0.5058566882361415, 0.0967690660562388, -0.0065188711417558665, 0.14779837008960683, -0.11330003096073948, 0.04645671909797322, -0.8934914779667507, -1.0533530345935889, -1.190416557339037, 0.8604241395589076], "action_grad": [[0.0, 0.0, 0.0], [0.0, 0.0, 0.0], [0.0, 0.0, 0.0], [0.0, 0.0, 0.0], [0.0, 0.0, 0.0], [0.0, 0.0, 0.0], [0.0, 0.0, 0.0], [0.0, 0.0, 0.0], [0.0, 0.0, 0.0], [0.0, 0.0, 0.0], [0.0, 0.0, 0.0], [0.0, 0.0, 0.0], [0.0, 0.0, 0.0], [0.0, 0.0, 0.0], [0.0, 0.0, 0.0], [0.0, 0.0, 0.0]], "action_params_change": 0, "value_params_change": 0.5005428491843231}
{"iterations": 1, "type_itr": 0, "sub_iteration": 3, "sub_it_time": 0.1017301082611084, "total_time": 0.431138277053833, "value_loss": 2.7325993813398184, "action_loss": -1.272244303225382, "action_probs": [[0.6109592447455707, 0.0003602842987062953, 0.3884514001273821, 0.00022907082834085717], [0.1358995732239541, 0.21857064060816603, 0.24748827692787048, 0.3980415092400093], [0.72194131314244, 0.03932026363795304, 0.2264072376878141, 0.012331185531792794], [0.04126444402733094, 0.01975884130590664, 0.6349437247396073, 0.3040329899271552], [0.00037302716030346484, 0.005031045947964708, 0.06865401093300753, 0.9259419159587241], [0.000237604809845319, 0.00712575044726817, 0.03203094689635914, 0.9606056978465275], [0.014537919570044062, 0.8971330955243068, 0.0014085340621792937, 0.08692045084347005], [0.0751268538211436, 0.00677023745614338, 0.8422055281895834, 0.0758973805331296], [0.8041826745270225, 0.040920794647213765, 0.1473962786546534, 0.007500252171110277], [0.0009837876298327858, 0.06031870784069752, 0.015064296910309924, 0.9236332076191598], [0.014889805421471319, 0.004983099286122078, 0.7343617831388038, 0.24576531215360303], [0.13812283027261035, 0.018905285712075365, 0.7414828976983022, 0.10148898631701218], [0.24696288951005413, 0.5865407124890248, 0.049332038211598365, 0.1171643597893226], [0.03343047885427578, 0.41258587007132436, 0.04152300420706445, 0.5124606468673355], [0.27349158930882783, 0.11387125610785306, 0.4325430563594646, 0.1800940982238545], [0.025524714257064846, 0.419644958678811, 0.03181233228685266, 0.5230179947772715]], "state_values": [-0.7487438443588719, -1.5072137129219003, 3.0777317208113324, 4.899213714189069, 1.3196318768749027, 2.862339944630674, 1.4797697652638775, -0.5255225505912867, 2.7700689481077827, 1.5943103683038495, 2.314649045523191, -0.7459276381350666, 1.0177939553218576, 0.644236048654479, 0.039964967936446015, 0.8266382849024102], "value_grad": [-0.016565827081646667, 1.3235534742342758, 0.10181746142934545, -0.04108344277686138, -0.01671933001424275, 0.4379340632790383, -0.291131821257963, 0.03317071093797752, -0.37918727473557645, 0.13498768708725217, 0.35000831766540896, 0.05766424931498859, -0.53105199134396, -0.611630173278523, -0.8586033359158343, 0.6387113622468665], "action_grad": [[0.0, 0.0, 0.0], [0.0, 0.0, 0.0], [0.0, 0.0, 0.0], [0.0, 0.0, 0.0], [0.0, 0.0, 0.0], [0.0, 0.0, 0.0], [0.0, 0.0, 0.0], [0.0, 0.0, 0.0], [0.0, 0.0, 0.0], [0.0, 0.0, 0.0], [0.0, 0.0, 0.0], [0.0, 0.0, 0.0], [0.0, 0.0, 0.0], [0.0, 0.0, 0.0], [0.0, 0.0, 0.0], [0.0, 0.0, 0.0]], "action_params_change": 0, "value_params_change": 0.49733024411417937}
{"iterations": 1, "type_itr": 0, "sub_iteration": 4, "sub_it_time": 0.1040501594543457, "total_time": 0.5460982322692871, "value_loss": 1.6058283023572908, "action_loss": -1.0374231961193594, "action_probs": [[0.6109592447455707, 0.0003602842987062953, 0.3884514001273821, 0.00022907082834085717], [0.1358995732239541, 0.21857064060816603, 0.24748827692787048, 0.3980415092400093], [0.72194131314244, 0.03932026363795304, 0.2264072376878141, 0.012331185531792794], [0.04126444402733094, 0.01975884130590664, 0.6349437247396073, 0.3040329899271552], [0.00037302716030346484, 0.005031045947964708, 0.06865401093300753, 0.9259419159587241], [0.000237604809845319, 0.00712575044726817, 0.03203094689635914, 0.9606056978465275], [0.014537919570044062, 0.8971330955243068, 0.0014085340621792937, 0.08692045084347005], [0.0751268538211436, 0.00677023745614338, 0.8422055281895834, 0.0758973805331296], [0.8041826745270225, 0.040920794647213765, 0.1473962786546534, 0.007500252171110277], [0.0009837876298327858, 0.06031870784069752, 0.015064296910309924, 0.9236332076191598], [0.014889805421471319, 0.004983099286122078, 0.7343617831388038, 0.24576531215360303], [0.13812283027261035, 0.018905285712075365, 0.7414828976983022, 0.10148898631701218], [0.24696288951005413, 0.5865407124890248, 0.049332038211598365, 0.1171643597893226], [0.03343047885427578, 0.41258587007132436, 0.04152300420706445, 0.5124606468673355], [0.27349158930882783, 0.11387125610785306, 0.4325430563594646, 0.1800940982238545], [0.025524714257064846, 0.419644958678811, 0.03181233228685266, 0.5230179947772715]], "state_values": [-1.4483229961854258, -0.29488955613380746, 3.6312084185717057, 4.95874984687847, 0.8167464960279786, 2.0200925421975686, 0.5102449869530149, -1.331281722556197, 2.821974628940187, 0.40232071617149057, 2.4918980873668817, -0.2949039948683492, 1.9988005616349147, -0.3677344744545149, 1.1594526842428117, -0.30917980834205716], "value_grad": [0.043868987164536355, 0.9998137377448462, -0.1873588898052958, -0.037563857936472766, -0.26006854794684364, 0.5900440821012212, 0.026504830950616842, -0.030969088517332155, -0.5744561939602431, 0.08954458396070142, 0.6208569181725145, 0.043707748824408865, -0.08979952729270102, -0.006854963031025063, -0.3484696499959421, 0.23911804726779495], "action_grad": [[0.0, 0.0, 0.0], [0.0, 0.0, 0.0], [0.0, 0.0, 0.0], [0.0, 0.0, 0.0], [0.0, 0.0, 0.0], [0.0, 0.0, 0.0], [0.0, 0.0, 0.0], [0.0, 0.0, 0.0], [0.0, 0.0, 0.0], [0.0, 0.0, 0.0], [0.0, 0.0, 0.0], [0.0, 0.0, 0.0], [0.0, 0.0, 0.0], [0.0, 0.0, 0.0], [0.0, 0.0, 0.0], [0.0, 0.0, 0.0]], "action_params_change": 0, "value_params_change": 0.49438652670276717}
{"iterations": 1, "type_itr": 0, "sub_iteration": 5, "sub_it_time": 0.10155200958251953, "total_time": 0.6558353900909424, "value_loss": 1.806812009117824, "action_loss": -0.8289030522914563, "action_probs": [[0.6109592447455707, 0.0003602842987062953, 0.3884514001273821, 0.00022907082834085717], [0.1358995732239541, 0.21857064060816603, 0.24748827692787048, 0.3980415092400093], [0.72194131314244, 0.03932026363795304, 0.2264072376878141, 0.012331185531792794], [0.04126444402733094, 0.01975884130590664, 0.6349437247396073, 0.3040329899271552], [0.00037302716030346484, 0.005031045947964708, 0.06865401093300753, 0.9259419159587241], [0.000237604809845319, 0.00712575044726817, 0.03203094689635914, 0.9606056978465275], [0.014537919570044062, 0.8971330955243068, 0.0014085340621792937, 0.08692045084347005], [0.0751268538211436, 0.00677023745614338, 0.8422055281895834, 0.0758973805331296], [0.8041826745270225, 0.040920794647213765, 0.1473962786546534, 0.007500252171110277], [0.0009837876298327858, 0.06031870784069752, 0.015064296910309924, 0.9236332076191598], [0.014889805421471319, 0.004983099286122078, 0.7343617831388038, 0.24576531215360303], [0.13812283027261035, 0.018905285712075365, 0.7414828976983022, 0.10148898631701218], [0.24696288951005413, 0.5865407124890248, 0.049332038211598365, 0.1171643597893226], [0.03343047885427578, 0.41258587007132436, 0.04152300420706445, 0.5124606468673355], [0.27349158930882783, 0.11387125610785306, 0.4325430563594646, 0.1800940982238545], [0.025524714257064846, 0.419644958678811, 0.03181233228685266, 0.5230179947772715]], "state_values": [-1.7794723711039193, 0.8726309894476613, 3.9652695389971035, 4.997132687862304, 0.6832503972139031, 1.0132052920642904, -0.08142493711097232, -1.7728319320943895, 2.623171907220771, -0.7008570441422407, 2.3850563905980553, 0.18876391966034242, 2.6841637777701752, -1.0289897297854511, 2.0307389168514223, -1.185681481130285], "value_grad": [0.08214568900373331, 0.49709844962530414, -0.3317190319722696, -0.023651486963873314, -0.32326599903759745, 0.6184879997577637, 0.3128557439720179, -0.07604176656028105, -0.6479913779515771, 0.02376354021632876, 0.7494469528733818, 0.017445088317806334, 0.2866536106462516, 0.546703906994525, 0.17235796755185961, -0.20136262307618824], "action_grad": [[0.0, 0.0, 0.0], [0.0, 0.0, 0.0], [0.0, 0.0, 0.0], [0.0, 0.0, 0.0], [0.0, 0.0, 0.0], [0.0, 0.0, 0.0], [0.0, 0.0, 0.0], [0.0, 0.0, 0.0], [0.0, 0.0, 0.0], [0.0, 0.0, 0.0], [0.0, 0.0, 0.0], [0.0, 0.0, 0.0], [0.0, 0.0, 0.0], [0.0, 0.0, 0.0], [0.0, 0.0, 0.0], [0.0, 0.0, 0.0]], "action_params_change": 0, "value_params_change": 0.4688734335352365}
{"iterations": 1, "type_itr": 0, "sub_iteration": 6, "sub_it_time": 0.10270977020263672, "total_time": 0.7695374488830566, "value_loss": 2.605954520189449, "action_loss": -0.6747516814779503, "action_probs": [[0.6109592447455707, 0.0003602842987062953, 0.3884514001273821, 0.00022907082834085717], [0.1358995732239541, 0.21857064060816603, 0.24748827692787048, 0.3980415092400093], [0.72194131314244, 0.03932026363795304, 0.2264072376878141, 0.012331185531792794], [0.04126444402733094, 0.01975884130590664, 0.6349437247396073, 0.3040329899271552], [0.00037302716030346484, 0.005031045947964708, 0.06865401093300753, 0.9259419159587241], [0.000237604809845319, 0.00712575044726817, 0.03203094689635914, 0.9606056978465275], [0.014537919570044062, 0.8971330955243068, 0.0014085340621792937, 0.08692045084347005], [0.0751268538211436, 0.00677023745614338, 0.8422055281895834, 0.0758973805331296], [0.8041826745270225, 0.040920794647213765, 0.1473962786546534, 0.007500252171110277], [0.0009837876298327858, 0.06031870784069752, 0.015064296910309924, 0.9236332076191598], [0.014889805421471319, 0.004983099286122078, 0.7343617831388038, 0.24576531215360303], [0.13812283027261035, 0.018905285712075365, 0.7414828976983022, 0.10148898631701218], [0.24696288951005413, 0.5865407124890248, 0.049332038211598365, 0.1171643597893226], [0.03343047885427578, 0.41258587007132436, 0.04152300420706445, 0.5124606468673355], [0.27349158930882783, 0.11387125610785306, 0.4325430563594646, 0.1800940982238545], [0.025524714257064846, 0.419644958678811, 0.03181233228685266, 0.5230179947772715]], "state_values": [-1.8128063323202306, 1.8477175695485444, 4.14739074521866, 4.991798634870313, 0.7400357303915216, -0.08242420798544653, -0.29199179420671145, -1.89932950655593, 2.2370778355433036, -1.5346677898126164, 2.0670743026430642, 0.5481677675293779, 3.0778841508505024, -1.3030925096347459, 2.589930975366614, -1.6841594065218033], "value_grad": [0.09854439750872546, -0.03265276396435324, -0.3748706809180651, -0.006170657705650395, -0.21958069918667755, 0.445634691135949, 0.4306136848886153, -0.09822968102772522, -0.6428408492844064, -0.041121570086656956, 0.7785377180814099, -0.011177855818192306, 0.5198939729268828, 0.8937490840474744, 0.547974521152228, -0.5379127578961498], "action_grad": [[0.0, 0.0, 0.0], [0.0, 0.0, 0.0], [0.0, 0.0, 0.0], [0.0, 0.0, 0.0], [0.0, 0.0, 0.0], [0.0, 0.0, 0.0], [0.0, 0.0, 0.0], [0.0, 0.0, 0.0], [0.0, 0.0, 0.0], [0.0, 0.0, 0.0], [0.0, 0.0, 0.0], [0.0, 0.0, 0.0], [0.0, 0.0, 0.0], [0.0, 0.0, 0.0], [0.0, 0.0, 0.0], [0.0, 0.0, 0.0]], "action_params_change": 0, "value_params_change": 0.4410795466026176}
{"iterations": 1, "type_itr": 0, "sub_iteration": 7, "sub_it_time": 0.10944318771362305, "total_time": 0.8866825103759766, "value_loss": 3.356000967380499, "action_loss": -0.5752333724633314, "action_probs": [[0.6109592447455707, 0.0003602842987062953, 0.3884514001273821, 0.00022907082834085717], [0.1358995732239541, 0.21857064060816603, 0.24748827692787048, 0.3980415092400093], [0.72194131314244, 0.03932026363795304, 0.2264072376878141, 0.012331185531792794], [0.04126444402733094, 0.01975884130590664, 0.6349437247396073, 0.3040329899271552], [0.00037302716030346484, 0.005031045947964708, 0.06865401093300753, 0.9259419159587241], [0.000237604809845319, 0.00712575044726817, 0.03203094689635914, 0.9606056978465275], [0.014537919570044062, 0.8971330955243068, 0.0014085340621792937, 0.08692045084347005], [0.0751268538211436, 0.00677023745614338, 0.8422055281895834, 0.0758973805331296], [0.8041826745270225, 0.040920794647213765, 0.1473962786546534, 0.007500252171110277], [0.0009837876298327858, 0.06031870784069752, 0.015064296910309924, 0.9236332076191598], [0.014889805421471319, 0.004983099286122078, 0.7343617831388038, 0.24576531215360303], [0.13812283027261035, 0.018905285712075365, 0.7414828976983022, 0.10148898631701218], [0.24696288951005413, 0.5865407124890248, 0.049332038211598365, 0.1171643597893226], [0.03343047885427578, 0.41258587007132436, 0.04152300420706445, 0.5124606468673355], [0.27349158930882783, 0.11387125610785306, 0.4325430563594646, 0.1800940982238545], [0.025524714257064846, 0.419644958678811, 0.03181233228685266, 0.5230179947772715]], "state_values": [-1.6266053629825292, 2.5414803195528544, 4.227890513604887, 4.962335041406228, 0.8080887949400706, -1.0933479642896682, -0.2513717596797366, -1.788158240548627, 1.7118784212901006, -2.0267263329709855, 1.592024366248559, 0.689242058227013, 3.239456043010989, -1.2677316165551036, 2.87251584623341, -1.8398893106366356], "value_grad": [0.10011470805330935, -0.45031936812754614, -0.3712523521167972, 0.010451383727211105, -0.024054807456463045, 0.0903213058748551, 0.3862671345272153, -0.10411439838226055, -0.5629282104564415, -0.08655213788698335, 0.7167477156977413, -0.03228768514730396, 0.6370432097101766, 1.0416687451023972, 0.751309112717939, -0.7221016409030852], "action_grad": [[0.0, 0.0, 0.0], [0.0, 0.0, 0.0], [0.0, 0.0, 0.0], [0.0, 0.0, 0.0], [0.0, 0.0, 0.0], [0.0, 0.0, 0.0], [0.0, 0.0, 0.0], [0.0, 0.0, 0.0], [0.0, 0.0, 0.0], [0.0, 0.0, 0.0], [0.0, 0.0, 0.0], [0.0, 0.0, 0.0], [0.0, 0.0, 0.0], [0.0, 0.0, 0.0], [0.0, 0.0, 0.0], [0.0, 0.0, 0.0]], "action_params_change": 0, "value_params_change": 0.4079305410106415}
{"iterations": 1, "type_itr": 0, "sub_iteration": 8, "sub_it_time": 0.10141515731811523, "total_time": 0.9986312389373779, "value_loss": 3.809727642973099, "action_loss": -0.5206097409249386, "action_probs": [[0.6109592447455707, 0.0003602842987062953, 0.3884514001273821, 0.00022907082834085717], [0.1358995732239541, 0.21857064060816603, 0.24748827692787048, 0.3980415092400093], [0.72194131314244, 0.03932026363795304, 0.2264072376878141, 0.012331185531792794], [0.04126444402733094, 0.01975884130590664, 0.6349437247396073, 0.3040329899271552], [0.00037302716030346484, 0.005031045947964708, 0.06865401093300753, 0.9259419159587241], [0.000237604809845319, 0.00712575044726817, 0.03203094689635914, 0.9606056978465275], [0.014537919570044062, 0.8971330955243068, 0.0014085340621792937, 0.08692045084347005], [0.0751268538211436, 0.00677023745614338, 0.8422055281895834, 0.0758973805331296], [0.8041826745270225, 0.040920794647213765, 0.1473962786546534, 0.007500252171110277], [0.0009837876298327858, 0.06031870784069752, 0.015064296910309924, 0.9236332076191598], [0.014889805421471319, 0.004983099286122078, 0.7343617831388038, 0.24576531215360303], [0.13812283027261035, 0.018905285712075365, 0.7414828976983022, 0.10148898631701218], [0.24696288951005413, 0.5865407124890248, 0.049332038211598365, 0.1171643597893226], [0.03343047885427578, 0.41258587007132436, 0.04152300420706445, 0.5124606468673355], [0.27349158930882783, 0.11387125610785306, 0.4325430563594646, 0.1800940982238545], [0.025524714257064846, 0.419644958678811, 0.03181233228685266, 0.5230179947772715]], "state_values": [-1.2815040233157584, 2.961359116743124, 4.236210033922384, 4.944048651486673, 0.7367855971888048, -1.7721953200123555, -0.0779178141742037, -1.5010432445041613, 1.1017720637173567, -2.219185370893446, 1.0134650759683979, 0.6170258112282248, 3.221864841604864, -1.0046536612105983, 2.9398874923197176, -1.7335610229427856], "value_grad": [0.09114661737267671, -0.6979649561501047, -0.3541791317184617, 0.022578350667443292, 0.1796817401162003, -0.30376256011393066, 0.2588718873092244, -0.09895510968376264, -0.40926273964194815, -0.10979139401750704, 0.5635574896466884, -0.04045339938321657, 0.6936130784967105, 1.054234647130278, 0.8421968076959874, -0.7891399014072373], "action_grad": [[0.0, 0.0, 0.0], [0.0, 0.0, 0.0], [0.0, 0.0, 0.0], [0.0, 0.0, 0.0], [0.0, 0.0, 0.0], [0.0, 0.0, 0.0], [0.0, 0.0, 0.0], [0.0, 0.0, 0.0], [0.0, 0.0, 0.0], [0.0, 0.0, 0.0], [0.0, 0.0, 0.0], [0.0, 0.0, 0.0], [0.0, 0.0, 0.0], [0.0, 0.0, 0.0], [0.0, 0.0, 0.0], [0.0, 0.0, 0.0]], "action_params_change": 0, "value_params_change": 0.2837265188171503}
{"iterations": 1, "type_itr": 0, "sub_iteration": 9, "sub_it_time": 0.10089254379272461, "total_time": 1.1073582172393799, "value_loss": 3.8636103476717, "action_loss": -0.5040200385844271, "action_probs": [[0.6109592447455707, 0.0003602842987062953, 0.3884514001273821, 0.00022907082834085717], [0.1358995732239541, 0.21857064060816603, 0.24748827692787048, 0.3980415092400093], [0.72194131314244, 0.03932026363795304, 0.2264072376878141, 0.012331185531792794], [0.04126444402733094, 0.01975884130590664, 0.6349437247396073, 0.3040329899271552], [0.00037302716030346484, 0.005031045947964708, 0.06865401093300753, 0.9259419159587241], [0.000237604809845319, 0.00712575044726817, 0.03203094689635914, 0.9606056978465275], [0.014537919570044062, 0.8971330955243068, 0.0014085340621792937, 0.08692045084347005], [0.0751268538211436, 0.00677023745614338, 0.8422055281895834, 0.0758973805331296], [0.8041826745270225, 0.040920794647213765, 0.1473962786546534, 0.007500252171110277], [0.0009837876298327858, 0.06031870784069752, 0.015064296910309924, 0.9236332076191598], [0.014889805421471319, 0.004983099286122078, 0.7343617831388038, 0.24576531215360303], [0.13812283027261035, 0.018905285712075365, 0.7414828976983022, 0.10148898631701218], [0.24696288951005413, 0.5865407124890248, 0.049332038211598365, 0.1171643597893226], [0.03343047885427578, 0.41258587007132436, 0.04152300420706445, 0.5124606468673355], [0.27349158930882783, 0.11387125610785306, 0.4325430563594646, 0.1800940982238545], [0.025524714257064846, 0.419644958678811, 0.03181233228685266, 0.5230179947772715]], "state_values": [-0.830167022140823, 3.1642671322743037, 4.187282752029315, 4.952202137614789, 0.4664151621088533, -2.0484411185146167, 0.14298768643492116, -1.0881182012736463, 0.4749156193208934, -2.179436737767841, 0.39724652160788526, 0.3908000175628013, 3.056194972308856, -0.5777932090698901, 2.8378801123430337, -1.4306665958085854], "value_grad": [0.07340314706567863, -0.7997948581763294, -0.33557692668979744, 0.027655141908441205, 0.3110462646557224, -0.5623245590583963, 0.12714242229678785, -0.08484636604022189, -0.20806449314233877, -0.11784276509990077, 0.33313941520492696, -0.036284423315663616, 0.7205265721791929, 0.9672564728346762, 0.873215995071587, -0.7754039566319761], "action_grad": [[0.0, 0.0, 0.0], [0.0, 0.0, 0.0], [0.0, 0.0, 0.0], [0.0, 0.0, 0.0], [0.0, 0.0, 0.0], [0.0, 0.0, 0.0], [0.0, 0.0, 0.0], [0.0, 0.0, 0.0], [0.0, 0.0, 0.0], [0.0, 0.0, 0.0], [0.0, 0.0, 0.0], [0.0, 0.0, 0.0], [0.0, 0.0, 0.0], [0.0, 0.0, 0.0], [0.0, 0.0, 0.0], [0.0, 0.0, 0.0]], "action_params_change": 0, "value_params_change": 0.2541025457242112}
{"iterations": 1, "type_itr": 0, "sub_iteration": 10, "sub_it_time": 0.10393095016479492, "total_time": 1.221902847290039, "value_loss": 3.496941226560532, "action_loss": -0.5172974523758381, "action_probs": [[0.6109592447455707, 0.0003602842987062953, 0.3884514001273821, 0.00022907082834085717], [0.1358995732239541, 0.21857064060816603, 0.24748827692787048, 0.3980415092400093], [0.72194131314244, 0.03932026363795304, 0.2264072376878141, 0.012331185531792794], [0.04126444402733094, 0.01975884130590664, 0.6349437247396073, 0.3040329899271552], [0.00037302716030346484, 0.005031045947964708, 0.06865401093300753, 0.9259419159587241], [0.000237604809845319, 0.00712575044726817, 0.03203094689635914, 0.9606056978465275], [0.014537919570044062, 0.8971330955243068, 0.0014085340621792937, 0.08692045084347005], [0.0751268538211436, 0.00677023745614338, 0.8422055281895834, 0.0758973805331296], [0.8041826745270225, 0.040920794647213765, 0.1473962786546534, 0.007500252171110277], [0.0009837876298327858, 0.06031870784069752, 0.015064296910309924, 0.9236332076191598], [0.014889805421471319, 0.004983099286122078, 0.7343617831388038, 0.24576531215360303], [0.13812283027261035, 0.018905285712075365, 0.7414828976983022, 0.10148898631701218], [0.24696288951005413, 0.5865407124890248, 0.049332038211598365, 0.1171643597893226], [0.03343047885427578, 0.41258587007132436, 0.04152300420706445, 0.5124606468673355], [0.27349158930882783, 0.11387125610785306, 0.4325430563594646, 0.1800940982238545], [0.025524714257064846, 0.419644958678811, 0.03181233228685266, 0.5230179947772715]], "state_values": [-0.3278560254528184, 3.2046509178015925, 4.08764178883817, 4.976018620894784, 0.02541254979699815, -2.011733079812029, 0.3582304056591604, -0.599274572955319, -0.09438613391423442, -1.9596520002144664, -0.17772597308748117, 0.08747782686781976, 2.7590006585858533, -0.04371086812608259, 2.5947708431656085, -0.9822542203239206], "value_grad": [0.048511480903943305, -0.8123661635855379, -0.3176247370167222, 0.025504653060158144, 0.3361107197184978, -0.6589005545852018, 0.03360517242050598, -0.0629346326643736, -0.0020974356295457852, -0.11623491526259144, 0.0620363678153657, -0.02308730221454791, 0.7221823621915311, 0.7949437188699231, 0.8636266154590118, -0.6958444822342948], "action_grad": [[0.0, 0.0, 0.0], [0.0, 0.0, 0.0], [0.0, 0.0, 0.0], [0.0, 0.0, 0.0], [0.0, 0.0, 0.0], [0.0, 0.0, 0.0], [0.0, 0.0, 0.0], [0.0, 0.0, 0.0], [0.0, 0.0, 0.0], [0.0, 0.0, 0.0], [0.0, 0.0, 0.0], [0.0, 0.0, 0.0], [0.0, 0.0, 0.0], [0.0, 0.0, 0.0], [0.0, 0.0, 0.0], [0.0, 0.0, 0.0]], "action_params_change": 0, "value_params_change": 0.23017161942886766}
{"iterations": 1, "type_itr": 0, "sub_iteration": 11, "sub_it_time": 0.10271835327148438, "total_time": 1.3324511051177979, "value_loss": 2.8540282697183215, "action_loss": -0.550747677732394, "action_probs": [[0.6109592447455707, 0.0003602842987062953, 0.3884514001273821, 0.00022907082834085717], [0.1358995732239541, 0.21857064060816603, 0.24748827692787048, 0.3980415092400093], [0.72194131314244, 0.03932026363795304, 0.2264072376878141, 0.012331185531792794], [0.04126444402733094, 0.01975884130590664, 0.6349437247396073, 0.3040329899271552], [0.00037302716030346484, 0.005031045947964708, 0.06865401093300753, 0.9259419159587241], [0.000237604809845319, 0.00712575044726817, 0.03203094689635914, 0.9606056978465275], [0.014537919570044062, 0.8971330955243068, 0.0014085340621792937, 0.08692045084347005], [0.0751268538211436, 0.00677023745614338, 0.8422055281895834, 0.0758973805331296], [0.8041826745270225, 0.040920794647213765, 0.1473962786546534, 0.007500252171110277], [0.0009837876298327858, 0.06031870784069752, 0.015064296910309924, 0.9236332076191598], [0.014889805421471319, 0.004983099286122078, 0.7343617831388038, 0.24576531215360303], [0.13812283027261035, 0.018905285712075365, 0.7414828976983022, 0.10148898631701218], [0.24696288951005413, 0.5865407124890248, 0.049332038211598365, 0.1171643597893226], [0.03343047885427578, 0.41258587007132436, 0.04152300420706445, 0.5124606468673355], [0.27349158930882783, 0.11387125610785306, 0.4325430563594646, 0.1800940982238545], [0.025524714257064846, 0.419644958678811, 0.03181233228685266, 0.5230179947772715]], "state_values": [0.1646429987561113, 3.1191156580825603, 3.9396845807331036, 4.995783474277205, -0.516680238054162, -1.7518178540135787, 0.544039729095145, -0.09025190603401663, -0.5468904040619317, -1.5987892309253295, -0.6355309926760337, -0.2084036011758918, 2.34347366616438, 0.5388920901649956, 2.2312590154062795, -0.4373883780731578], "value_grad": [0.019386381085476856, -0.7787177720033203, -0.29920414665500994, 0.017949136457558357, 0.262064752007674, -0.6449169833431356, -0.013736576079196094, -0.03525600480973479, 0.16695268064809898, -0.10683500934828816, -0.19893785356669014, -0.005182994395955376, 0.6877881635200418, 0.5515722732864878, 0.809647904652711, -0.5568696483354763], "action_grad": [[0.0, 0.0, 0.0], [0.0, 0.0, 0.0], [0.0, 0.0, 0.0], [0.0, 0.0, 0.0], [0.0, 0.0, 0.0], [0.0, 0.0, 0.0], [0.0, 0.0, 0.0], [0.0, 0.0, 0.0], [0.0, 0.0, 0.0], [0.0, 0.0, 0.0], [0.0, 0.0, 0.0], [0.0, 0.0, 0.0], [0.0, 0.0, 0.0], [0.0, 0.0, 0.0], [0.0, 0.0, 0.0], [0.0, 0.0, 0.0]], "action_params_change": 0, "value_params_change": 0.23346092747873914}
{"iterations": 1, "type_itr": 0, "sub_iteration": 12, "sub_it_time": 0.1016075611114502, "total_time": 1.4504690170288086, "value_loss": 2.1381307279810136, "action_loss": -0.5968978207237047, "action_probs": [[0.6109592447455707, 0.0003602842987062953, 0.3884514001273821, 0.00022907082834085717], [0.1358995732239541, 0.21857064060816603, 0.24748827692787048, 0.3980415092400093], [0.72194131314244, 0.03932026363795304, 0.2264072376878141, 0.012331185531792794], [0.04126444402733094, 0.01975884130590664, 0.6349437247396073, 0.3040329899271552], [0.00037302716030346484, 0.005031045947964708, 0.06865401093300753, 0.9259419159587241], [0.000237604809845319, 0.00712575044726817, 0.03203094689635914, 0.9606056978465275], [0.014537919570044062, 0.8971330955243068, 0.0014085340621792937, 0.08692045084347005], [0.0751268538211436, 0.00677023745614338, 0.8422055281895834, 0.0758973805331296], [0.8041826745270225, 0.040920794647213765, 0.1473962786546534, 0.007500252171110277], [0.0009837876298327858, 0.06031870784069752, 0.015064296910309924, 0.9236332076191598], [0.014889805421471319, 0.004983099286122078, 0.7343617831388038, 0.24576531215360303], [0.13812283027261035, 0.018905285712075365, 0.7414828976983022, 0.10148898631701218], [0.24696288951005413, 0.5865407124890248, 0.049332038211598365, 0.1171643597893226], [0.03343047885427578, 0.41258587007132436, 0.04152300420706445, 0.5124606468673355], [0.27349158930882783, 0.11387125610785306, 0.4325430563594646, 0.1800940982238545], [0.025524714257064846, 0.419644958678811, 0.03181233228685266, 0.5230179947772715]], "state_values": [0.5877644101040491, 2.930712529131749, 3.7446782913518066, 4.999106397213761, -1.0644291756326354, -1.334741254372788, 0.6997158910682912, 0.37968886882212666, -0.8558972661844293, -1.1334610709151032, -0.9273072885772741, -0.41889142670407237, 1.8288439968841537, 1.1073930289793055, 1.7704741242775612, 0.14916866318141042], "value_grad": [-0.009751174314216016, -0.716898397255634, -0.2777786996982239, 0.007485702057226096, 0.11291126624293524, -0.5513547391807436, -0.021487716384936295, -0.005347303721520369, 0.27378711142096046, -0.08976754385719143, -0.4051326121526948, 0.012338912270933644, 0.6035193504671115, 0.26299576327004237, 0.6998739407971579, -0.37015357804214144], "action_grad": [[0.0, 0.0, 0.0], [0.0, 0.0, 0.0], [0.0, 0.0, 0.0], [0.0, 0.0, 0.0], [0.0, 0.0, 0.0], [0.0, 0.0, 0.0], [0.0, 0.0, 0.0], [0.0, 0.0, 0.0], [0.0, 0.0, 0.0], [0.0, 0.0, 0.0], [0.0, 0.0, 0.0], [0.0, 0.0, 0.0], [0.0, 0.0, 0.0], [0.0, 0.0, 0.0], [0.0, 0.0, 0.0], [0.0, 0.0, 0.0]], "action_params_change": 0, "value_params_change": 0.23485557955092373}
{"iterations": 1, "type_itr": 0, "sub_iteration": 13, "sub_it_time": 0.10412812232971191, "total_time": 1.5568768978118896, "value_loss": 1.5323044248609057, "action_loss": -0.6501240532502236, "action_probs": [[0.6109592447455707, 0.0003602842987062953, 0.3884514001273821, 0.00022907082834085717], [0.1358995732239541, 0.21857064060816603, 0.24748827692787048, 0.3980415092400093], [0.72194131314244, 0.03932026363795304, 0.2264072376878141, 0.012331185531792794], [0.04126444402733094, 0.01975884130590664, 0.6349437247396073, 0.3040329899271552], [0.00037302716030346484, 0.005031045947964708, 0.06865401093300753, 0.9259419159587241], [0.000237604809845319, 0.00712575044726817, 0.03203094689635914, 0.9606056978465275], [0.014537919570044062, 0.8971330955243068, 0.0014085340621792937, 0.08692045084347005], [0.0751268538211436, 0.00677023745614338, 0.8422055281895834, 0.0758973805331296], [0.8041826745270225, 0.040920794647213765, 0.1473962786546534, 0.007500252171110277], [0.0009837876298327858, 0.06031870784069752, 0.015064296910309924, 0.9236332076191598], [0.014889805421471319, 0.004983099286122078, 0.7343617831388038, 0.24576531215360303], [0.13812283027261035, 0.018905285712075365, 0.7414828976983022, 0.10148898631701218], [0.24696288951005413, 0.5865407124890248, 0.049332038211598365, 0.1171643597893226], [0.03343047885427578, 0.41258587007132436, 0.04152300420706445, 0.5124606468673355], [0.27349158930882783, 0.11387125610785306, 0.4325430563594646, 0.1800940982238545], [0.025524714257064846, 0.419644958678811, 0.03181233228685266, 0.5230179947772715]], "state_values": [0.8960842909308758, 2.6566786785483543, 3.5051857909676283, 4.98810391669296, -1.5055647560261018, -0.8213882233929382, 0.8373685243121425, 0.7581121558914036, -1.0249533622671612, -0.6060904714242723, -1.0403923105545432, -0.49758508720266975, 1.246562194064612, 1.602032511356497, 1.244892150403816, 0.7174261274295661], "value_grad": [-0.0345884342476499, -0.6311268547263156, -0.24967216900947609, -0.0034429464626228867, -0.07136291194395183, -0.3967597346302607, -0.004620566946760496, 0.022434752506045985, 0.31782355300856224, -0.06541838763686414, -0.5357687088640379, 0.02473552976153348, 0.4636839958866612, -0.03409139188011934, 0.5292170200022697, -0.15806354093192465], "action_grad": [[0.0, 0.0, 0.0], [0.0, 0.0, 0.0], [0.0, 0.0, 0.0], [0.0, 0.0, 0.0], [0.0, 0.0, 0.0], [0.0, 0.0, 0.0], [0.0, 0.0, 0.0], [0.0, 0.0, 0.0], [0.0, 0.0, 0.0], [0.0, 0.0, 0.0], [0.0, 0.0, 0.0], [0.0, 0.0, 0.0], [0.0, 0.0, 0.0], [0.0, 0.0, 0.0], [0.0, 0.0, 0.0], [0.0, 0.0, 0.0]], "action_params_change": 0, "value_params_change": 0.24497699649231874}
