{"iterations": 0, "type_itr": 0, "sub_iteration": 0, "sub_it_time": 0, "total_time": 0, "value_loss": 0, "action_loss": 0, "action_probs": [[0.5653991797270198, 0.4310498553646235, 0.002014867369749336, 0.0015360975386074572], [0.059952228338284196, 0.8218032971084172, 0.008039665795764038, 0.11020480875753455], [0.18765558734256235, 0.33315260420413745, 0.17266053361794226, 0.30653127483535786], [0.012696167702893096, 0.0002636801189700662, 0.9669579052002439, 0.020082246977892897], [0.015136107161911305, 0.2700897756745339, 0.037930981320344996, 0.6768431358432098], [4.770782152894453e-05, 0.2708082766130637, 0.00012842940367777851, 0.7290155861617295], [0.04116159308698742, 0.2025486179680145, 0.12773405108320224, 0.6285557378617959], [0.011988442659622536, 0.04018136106254612, 0.21780814088643083, 0.7300220553914005], [0.01043020838076964, 0.4780775739037817, 0.01092095276551101, 0.5005712649499376], [0.15332941272143452, 0.011606383480170774, 0.7763014876200294, 0.058762716178365405], [0.039001942950349616, 1.690522481192888e-05, 0.9605647991345002, 0.00041635269033817377], [0.029218840978027745, 0.47357997244314964, 0.02889354950120778, 0.4683076370776149], [0.3276022832570877, 0.11256135617470536, 0.4166715592620019, 0.14316480130620501], [0.023921073738349754, 0.03888288769431636, 0.3569637174861052, 0.5802323210812287], [0.12214281363754555, 0.6879654902429633, 0.028630623756526186, 0.16126107236296489], [0.6660819253783707, 0.3339180724055119, 1.4761158367238415e-09, 7.400016965872171e-10]], "state_values": [0.26597101315061106, 0.9788272684788862, 2.486588626315191, 2.6776009492325485, 3.351968321682479, 3.6903215175457693, 4.579015111736203, 3.0661919519167866, 1.0682819138722177, 4.733869941868671, 3.120300138930697, 3.435835634687119, -3.570710391671947, 2.5059727545118387, 4.958376562563147, -3.1531296482469555], "value_grad": [0.0, 0.0, 0.0, 0.0, 0.0, 0.0, 0.0, 0.0, 0.0, 0.0, 0.0, 0.0, 0.0, 0.0, 0.0, 0.0], "action_grad": [[0.0, 0.0, 0.0], [0.0, 0.0, 0.0], [0.0, 0.0, 0.0], [0.0, 0.0, 0.0], [0.0, 0.0, 0.0], [0.0, 0.0, 0.0], [0.0, 0.0, 0.0], [0.0, 0.0, 0.0], [0.0, 0.0, 0.0], [0.0, 0.0, 0.0], [0.0, 0.0, 0.0], [0.0, 0.0, 0.0], [0.0, 0.0, 0.0], [0.0, 0.0, 0.0], [0.0, 0.0, 0.0], [0.0, 0.0, 0.0]], "action_params_change": 0, "value_params_change": 0}
{"iterations": 1, "type_itr": 0, "sub_iteration": 0, "sub_it_time": 0.296417236328125, "total_time": 0.2978549003601074, "value_loss": 4.762692451477051, "action_loss": -1.862837553024292, "action_probs": [[0.5653991797270198, 0.4310498553646235, 0.002014867369749336, 0.0015360975386074572], [0.059952228338284196, 0.8218032971084172, 0.008039665795764038, 0.11020480875753455], [0.18765558734256235, 0.33315260420413745, 0.17266053361794226, 0.30653127483535786], [0.012696167702893096, 0.0002636801189700662, 0.9669579052002439, 0.020082246977892897], [0.015136107161911305, 0.2700897756745339, 0.037930981320344996, 0.6768431358432098], [4.770782152894453e-05, 0.2708082766130637, 0.00012842940367777851, 0.7290155861617295], [0.04116159308698742, 0.2025486179680145, 0.12773405108320224, 0.6285557378617959], [0.011988442659622536, 0.04018136106254612, 0.21780814088643083, 0.7300220553914005], [0.01043020838076964, 0.4780775739037817, 0.01092095276551101, 0.5005712649499376], [0.15332941272143452, 0.011606383480170774, 0.7763014876200294, 0.058762716178365405], [0.039001942950349616, 1.690522481192888e-05, 0.9605647991345002, 0.00041635269033817377], [0.029218840978027745, 0.47357997244314964, 0.02889354950120778, 0.4683076370776149], [0.3276022832570877, 0.11256135617470536, 0.4166715592620019, 0.14316480130620501], [0.023921073738349754, 0.03888288769431636, 0.3569637174861052, 0.5802323210812287], [0.12214281363754555, 0.6879654902429633, 0.028630623756526186, 0.16126107236296489], [0.6660819253783707, 0.3339180724055119, 1.4761158367238415e-09, 7.400016965872171e-10]], "state_values": [-0.9775655211736772, 2.1614822676983576, 1.3360872683490919, 3.639051262768886, 2.329888124190913, 2.7409436516889922, 3.9398432935172285, 1.9937521730885277, 2.2435272060873817, 4.1885098697202725, 3.9898756257009507, 2.4303298410430143, -2.593790843879285, 1.3576320865045726, 4.6449494870907255, -2.0950715874527015], "value_grad": [-0.045935630798339844, -0.6118197441101074, 0.2229471206665039, -0.016632080078125, -0.6660723686218262, -0.08118009567260742, -0.06930017471313477, -0.37659597396850586, -0.40312862396240234, 0.7318081855773926, -0.46846818923950195, -0.08909988403320312, -0.8046717643737793, 0.4993562698364258, 0.33659982681274414, 1.0181164741516113], "action_grad": [[0.0, 0.0, 0.0], [0.0, 0.0, 0.0], [0.0, 0.0, 0.0], [0.0, 0.0, 0.0], [0.0, 0.0, 0.0], [0.0, 0.0, 0.0], [0.0, 0.0, 0.0], [0.0, 0.0, 0.0], [0.0, 0.0, 0.0], [0.0, 0.0, 0.0], [0.0, 0.0, 0.0], [0.0, 0.0, 0.0], [0.0, 0.0, 0.0], [0.0, 0.0, 0.0], [0.0, 0.0, 0.0], [0.0, 0.0, 0.0]], "action_params_change": 0, "value_params_change": 0.4999999950889702}
{"iterations": 1, "type_itr": 0, "sub_iteration": 1, "sub_it_time": 0.2844674587249756, "total_time": 0.5841379165649414, "value_loss": 3.6166679859161377, "action_loss": -1.6435160636901855, "action_probs": [[0.5653991797270198, 0.4310498553646235, 0.002014867369749336, 0.0015360975386074572], [0.059952228338284196, 0.8218032971084172, 0.008039665795764038, 0.11020480875753455], [0.18765558734256235, 0.33315260420413745, 0.17266053361794226, 0.30653127483535786], [0.012696167702893096, 0.0002636801189700662, 0.9669579052002439, 0.020082246977892897], [0.015136107161911305, 0.2700897756745339, 0.037930981320344996, 0.6768431358432098], [4.770782152894453e-05, 0.2708082766130637, 0.00012842940367777851, 0.7290155861617295], [0.04116159308698742, 0.2025486179680145, 0.12773405108320224, 0.6285557378617959], [0.011988442659622536, 0.04018136106254612, 0.21780814088643083, 0.7300220553914005], [0.01043020838076964, 0.4780775739037817, 0.01092095276551101, 0.5005712649499376], [0.15332941272143452, 0.011606383480170774, 0.7763014876200294, 0.058762716178365405], [0.039001942950349616, 1.690522481192888e-05, 0.9605647991345002, 0.00041635269033817377], [0.029218840978027745, 0.47357997244314964, 0.02889354950120778, 0.4683076370776149], [0.3276022832570877, 0.11256135617470536, 0.4166715592620019, 0.14316480130620501], [0.023921073738349754, 0.03888288769431636, 0.3569637174861052, 0.5802323210812287], [0.12214281363754555, 0.6879654902429633, 0.028630623756526186, 0.16126107236296489], [0.6660819253783707, 0.3339180724055119, 1.4761158367238415e-09, 7.400016965872171e-10]], "state_values": [-0.9129597773418217, 2.4055023364625003, 0.48487499308887777, 3.210350844379444, 1.2767325823609346, 1.6579539645155041, 3.253054566382542, 1.496694172656372, 2.4324284420670677, 3.481857270066025, 4.509454265325852, 1.3085926911340016, -1.4595818121945414, 0.7829650700847142, 4.142330256299258, -0.9120394726899237], "value_grad": [0.045935869216918945, 0.34372806549072266, 0.007128000259399414, 0.04593610763549805, -0.2799720764160156, -0.156815767288208, -0.8438761234283447, 0.11444377899169922, 0.25343990325927734, 0.27838802337646484, -0.0918722152709961, -0.16829991340637207, -0.7357683181762695, -0.1239480972290039, 0.10493946075439453, 0.9131760597229004], "action_grad": [[0.0, 0.0, 0.0], [0.0, 0.0, 0.0], [0.0, 0.0, 0.0], [0.0, 0.0, 0.0], [0.0, 0.0, 0.0], [0.0, 0.0, 0.0], [0.0, 0.0, 0.0], [0.0, 0.0, 0.0], [0.0, 0.0, 0.0], [0.0, 0.0, 0.0], [0.0, 0.0, 0.0], [0.0, 0.0, 0.0], [0.0, 0.0, 0.0], [0.0, 0.0, 0.0], [0.0, 0.0, 0.0], [0.0, 0.0, 0.0]], "action_params_change": 0, "value_params_change": 0.49833576263958346}
{"iterations": 1, "type_itr": 0, "sub_iteration": 2, "sub_it_time": 0.28535914421081543, "total_time": 0.8711450099945068, "value_loss": 2.7019081115722656, "action_loss": -1.4063736200332642, "action_probs": [[0.5653991797270198, 0.4310498553646235, 0.002014867369749336, 0.0015360975386074572], [0.059952228338284196, 0.8218032971084172, 0.008039665795764038, 0.11020480875753455], [0.18765558734256235, 0.33315260420413745, 0.17266053361794226, 0.30653127483535786], [0.012696167702893096, 0.0002636801189700662, 0.9669579052002439, 0.020082246977892897], [0.015136107161911305, 0.2700897756745339, 0.037930981320344996, 0.6768431358432098], [4.770782152894453e-05, 0.2708082766130637, 0.00012842940367777851, 0.7290155861617295], [0.04116159308698742, 0.2025486179680145, 0.12773405108320224, 0.6285557378617959], [0.011988442659622536, 0.04018136106254612, 0.21780814088643083, 0.7300220553914005], [0.01043020838076964, 0.4780775739037817, 0.01092095276551101, 0.5005712649499376], [0.15332941272143452, 0.011606383480170774, 0.7763014876200294, 0.058762716178365405], [0.039001942950349616, 1.690522481192888e-05, 0.9605647991345002, 0.00041635269033817377], [0.029218840978027745, 0.47357997244314964, 0.02889354950120778, 0.4683076370776149], [0.3276022832570877, 0.11256135617470536, 0.4166715592620019, 0.14316480130620501], [0.023921073738349754, 0.03888288769431636, 0.3569637174861052, 0.5802323210812287], [0.12214281363754555, 0.6879654902429633, 0.028630623756526186, 0.16126107236296489], [0.6660819253783707, 0.3339180724055119, 1.4761158367238415e-09, 7.400016965872171e-10]], "state_values": [-0.15553184336659695, 1.939115274606513, 1.0696377480977044, 3.7174821226128896, 1.1836413912858432, 1.7170953271689045, 2.368045904776277, 1.1195525352169142, 2.097377469240459, 2.8917867348805593, 4.585617575022828, 0.14062490871387165, -0.23004179598163685, 0.8394622924084926, 3.395579258614527, 0.26254905257586364], "value_grad": [0.1667158603668213, 0.9551517963409424, -0.8106117248535156, -0.2720520496368408, 0.6728038787841797, 0.22968006134033203, -0.5254917144775391, 0.009504318237304688, 0.38728761672973633, -0.08632779121398926, 0.32907605171203613, -0.288287878036499, -0.9005038738250732, -0.33699631690979004, 0.2839322090148926, 0.5072762966156006], "action_grad": [[0.0, 0.0, 0.0], [0.0, 0.0, 0.0], [0.0, 0.0, 0.0], [0.0, 0.0, 0.0], [0.0, 0.0, 0.0], [0.0, 0.0, 0.0], [0.0, 0.0, 0.0], [0.0, 0.0, 0.0], [0.0, 0.0, 0.0], [0.0, 0.0, 0.0], [0.0, 0.0, 0.0], [0.0, 0.0, 0.0], [0.0, 0.0, 0.0], [0.0, 0.0, 0.0], [0.0, 0.0, 0.0], [0.0, 0.0, 0.0]], "action_params_change": 0, "value_params_change": 0.5004105072222678}
{"iterations": 1, "type_itr": 0, "sub_iteration": 3, "sub_it_time": 0.32395124435424805, "total_time": 1.1968271732330322, "value_loss": 1.3848121166229248, "action_loss": -1.3736295700073242, "action_probs": [[0.5653991797270198, 0.4310498553646235, 0.002014867369749336, 0.0015360975386074572], [0.059952228338284196, 0.8218032971084172, 0.008039665795764038, 0.11020480875753455], [0.18765558734256235, 0.33315260420413745, 0.17266053361794226, 0.30653127483535786], [0.012696167702893096, 0.0002636801189700662, 0.9669579052002439, 0.020082246977892897], [0.015136107161911305, 0.2700897756745339, 0.037930981320344996, 0.6768431358432098], [4.770782152894453e-05, 0.2708082766130637, 0.00012842940367777851, 0.7290155861617295], [0.04116159308698742, 0.2025486179680145, 0.12773405108320224, 0.6285557378617959], [0.011988442659622536, 0.04018136106254612, 0.21780814088643083, 0.7300220553914005], [0.01043020838076964, 0.4780775739037817, 0.01092095276551101, 0.5005712649499376], [0.15332941272143452, 0.011606383480170774, 0.7763014876200294, 0.058762716178365405], [0.039001942950349616, 1.690522481192888e-05, 0.9605647991345002, 0.00041635269033817377], [0.029218840978027745, 0.47357997244314964, 0.02889354950120778, 0.4683076370776149], [0.3276022832570877, 0.11256135617470536, 0.4166715592620019, 0.14316480130620501], [0.023921073738349754, 0.03888288769431636, 0.3569637174861052, 0.5802323210812287], [0.12214281363754555, 0.6879654902429633, 0.028630623756526186, 0.16126107236296489], [0.6660819253783707, 0.3339180724055119, 1.4761158367238415e-09, 7.400016965872171e-10]], "state_values": [0.7564165452992538, 1.6167170990069655, 1.8110383962775234, 3.620226029406843, 0.9886842954181356, 2.193153353713179, 1.4595553512912056, 0.3477526030045399, 1.7734457325144992, 2.555237180988983, 4.548940657698448, -0.9536019451818505, 0.9627952268453309, 1.1344325217012001, 2.47939830751832, 1.0225374573771653], "value_grad": [0.4126322269439697, -0.12632381916046143, -0.4621318578720093, 0.30016815662384033, -0.16829991340637207, 0.25383615493774414, -0.16196417808532715, -0.5813280344009399, 0.0372239351272583, -0.22849178314208984, 0.19562387466430664, -0.07405209541320801, -0.45856809616088867, -0.23245203495025635, 0.6316200494766235, -0.35481584072113037], "action_grad": [[0.0, 0.0, 0.0], [0.0, 0.0, 0.0], [0.0, 0.0, 0.0], [0.0, 0.0, 0.0], [0.0, 0.0, 0.0], [0.0, 0.0, 0.0], [0.0, 0.0, 0.0], [0.0, 0.0, 0.0], [0.0, 0.0, 0.0], [0.0, 0.0, 0.0], [0.0, 0.0, 0.0], [0.0, 0.0, 0.0], [0.0, 0.0, 0.0], [0.0, 0.0, 0.0], [0.0, 0.0, 0.0], [0.0, 0.0, 0.0]], "action_params_change": 0, "value_params_change": 0.47958787802806757}
{"iterations": 1, "type_itr": 0, "sub_iteration": 4, "sub_it_time": 0.3040635585784912, "total_time": 1.5025320053100586, "value_loss": 1.186020016670227, "action_loss": -1.3218507766723633, "action_probs": [[0.5653991797270198, 0.4310498553646235, 0.002014867369749336, 0.0015360975386074572], [0.059952228338284196, 0.8218032971084172, 0.008039665795764038, 0.11020480875753455], [0.18765558734256235, 0.33315260420413745, 0.17266053361794226, 0.30653127483535786], [0.012696167702893096, 0.0002636801189700662, 0.9669579052002439, 0.020082246977892897], [0.015136107161911305, 0.2700897756745339, 0.037930981320344996, 0.6768431358432098], [4.770782152894453e-05, 0.2708082766130637, 0.00012842940367777851, 0.7290155861617295], [0.04116159308698742, 0.2025486179680145, 0.12773405108320224, 0.6285557378617959], [0.011988442659622536, 0.04018136106254612, 0.21780814088643083, 0.7300220553914005], [0.01043020838076964, 0.4780775739037817, 0.01092095276551101, 0.5005712649499376], [0.15332941272143452, 0.011606383480170774, 0.7763014876200294, 0.058762716178365405], [0.039001942950349616, 1.690522481192888e-05, 0.9605647991345002, 0.00041635269033817377], [0.029218840978027745, 0.47357997244314964, 0.02889354950120778, 0.4683076370776149], [0.3276022832570877, 0.11256135617470536, 0.4166715592620019, 0.14316480130620501], [0.023921073738349754, 0.03888288769431636, 0.3569637174861052, 0.5802323210812287], [0.12214281363754555, 0.6879654902429633, 0.028630623756526186, 0.16126107236296489], [0.6660819253783707, 0.3339180724055119, 1.4761158367238415e-09, 7.400016965872171e-10]], "state_values": [0.9441991040800745, 1.299979977260198, 2.5263387692410917, 3.251177466333208, 0.9124070679063604, 1.79563600735278, 0.5791056814154371, -0.10209491602561856, 1.6808015502742288, 2.3469669688158326, 4.256613273029659, -1.139148988352489, 2.0749952626077945, 1.3778187890876807, 1.4384785904026665, 1.521294570819138], "value_grad": [-0.3504600524902344, 0.07009196281433105, -0.22809600830078125, 0.30967187881469727, 0.132659912109375, -0.8272441029548645, -0.1073160171508789, 0.1979999542236328, -0.1750321388244629, -0.11761200428009033, 0.9983160495758057, 0.34412407875061035, -0.46490395069122314, 0.002772092819213867, 0.2760118246078491, -0.2724480628967285], "action_grad": [[0.0, 0.0, 0.0], [0.0, 0.0, 0.0], [0.0, 0.0, 0.0], [0.0, 0.0, 0.0], [0.0, 0.0, 0.0], [0.0, 0.0, 0.0], [0.0, 0.0, 0.0], [0.0, 0.0, 0.0], [0.0, 0.0, 0.0], [0.0, 0.0, 0.0], [0.0, 0.0, 0.0], [0.0, 0.0, 0.0], [0.0, 0.0, 0.0], [0.0, 0.0, 0.0], [0.0, 0.0, 0.0], [0.0, 0.0, 0.0]], "action_params_change": 0, "value_params_change": 0.468344857519297}
{"iterations": 1, "type_itr": 0, "sub_iteration": 5, "sub_it_time": 0.28133153915405273, "total_time": 1.7854785919189453, "value_loss": 1.1400840282440186, "action_loss": -1.231604814529419, "action_probs": [[0.5653991797270198, 0.4310498553646235, 0.002014867369749336, 0.0015360975386074572], [0.059952228338284196, 0.8218032971084172, 0.008039665795764038, 0.11020480875753455], [0.18765558734256235, 0.33315260420413745, 0.17266053361794226, 0.30653127483535786], [0.012696167702893096, 0.0002636801189700662, 0.9669579052002439, 0.020082246977892897], [0.015136107161911305, 0.2700897756745339, 0.037930981320344996, 0.6768431358432098], [4.770782152894453e-05, 0.2708082766130637, 0.00012842940367777851, 0.7290155861617295], [0.04116159308698742, 0.2025486179680145, 0.12773405108320224, 0.6285557378617959], [0.011988442659622536, 0.04018136106254612, 0.21780814088643083, 0.7300220553914005], [0.01043020838076964, 0.4780775739037817, 0.01092095276551101, 0.5005712649499376], [0.15332941272143452, 0.011606383480170774, 0.7763014876200294, 0.058762716178365405], [0.039001942950349616, 1.690522481192888e-05, 0.9605647991345002, 0.00041635269033817377], [0.029218840978027745, 0.47357997244314964, 0.02889354950120778, 0.4683076370776149], [0.3276022832570877, 0.11256135617470536, 0.4166715592620019, 0.14316480130620501], [0.023921073738349754, 0.03888288769431636, 0.3569637174861052, 0.5802323210812287], [0.12214281363754555, 0.6879654902429633, 0.028630623756526186, 0.16126107236296489], [0.6660819253783707, 0.3339180724055119, 1.4761158367238415e-09, 7.400016965872171e-10]], "state_values": [0.7315049330233457, 1.240892618096379, 2.834217823038535, 3.3754443324529277, 1.1608062896662767, 1.2329867623880872, 0.3116870736926491, -0.7509861847091387, 1.3168897525897691, 2.2520148310742485, 3.764010536352299, -1.094779483681979, 2.8022117202084944, 1.9003690270435907, 0.42253891911907193, 1.776767938681587], "value_grad": [-0.3674880266189575, -0.40352392196655273, 0.4328279495239258, -0.5314321517944336, 0.5504401922225952, -0.36788392066955566, 0.6989399194717407, -0.39402008056640625, 0.33937203884124756, -0.1239480972290039, 0.997524082660675, 0.15958809852600098, 0.36194396018981934, -0.46331965923309326, 0.0788038969039917, -0.38610005378723145], "action_grad": [[0.0, 0.0, 0.0], [0.0, 0.0, 0.0], [0.0, 0.0, 0.0], [0.0, 0.0, 0.0], [0.0, 0.0, 0.0], [0.0, 0.0, 0.0], [0.0, 0.0, 0.0], [0.0, 0.0, 0.0], [0.0, 0.0, 0.0], [0.0, 0.0, 0.0], [0.0, 0.0, 0.0], [0.0, 0.0, 0.0], [0.0, 0.0, 0.0], [0.0, 0.0, 0.0], [0.0, 0.0, 0.0], [0.0, 0.0, 0.0]], "action_params_change": 0, "value_params_change": 0.41442253460736156}
{"iterations": 1, "type_itr": 0, "sub_iteration": 6, "sub_it_time": 0.2833120822906494, "total_time": 2.0704503059387207, "value_loss": 1.720620036125183, "action_loss": -1.1701006889343262, "action_probs": [[0.5653991797270198, 0.4310498553646235, 0.002014867369749336, 0.0015360975386074572], [0.059952228338284196, 0.8218032971084172, 0.008039665795764038, 0.11020480875753455], [0.18765558734256235, 0.33315260420413745, 0.17266053361794226, 0.30653127483535786], [0.012696167702893096, 0.0002636801189700662, 0.9669579052002439, 0.020082246977892897], [0.015136107161911305, 0.2700897756745339, 0.037930981320344996, 0.6768431358432098], [4.770782152894453e-05, 0.2708082766130637, 0.00012842940367777851, 0.7290155861617295], [0.04116159308698742, 0.2025486179680145, 0.12773405108320224, 0.6285557378617959], [0.011988442659622536, 0.04018136106254612, 0.21780814088643083, 0.7300220553914005], [0.01043020838076964, 0.4780775739037817, 0.01092095276551101, 0.5005712649499376], [0.15332941272143452, 0.011606383480170774, 0.7763014876200294, 0.058762716178365405], [0.039001942950349616, 1.690522481192888e-05, 0.9605647991345002, 0.00041635269033817377], [0.029218840978027745, 0.47357997244314964, 0.02889354950120778, 0.4683076370776149], [0.3276022832570877, 0.11256135617470536, 0.4166715592620019, 0.14316480130620501], [0.023921073738349754, 0.03888288769431636, 0.3569637174861052, 0.5802323210812287], [0.12214281363754555, 0.6879654902429633, 0.028630623756526186, 0.16126107236296489], [0.6660819253783707, 0.3339180724055119, 1.4761158367238415e-09, 7.400016965872171e-10]], "state_values": [0.3647907582949053, 1.2305454612084457, 2.7643245919971187, 3.415554315830003, 1.5275751639805812, 0.6760272772437985, 0.435234307551545, -1.524132585956158, 1.4509824057755087, 2.1162360984898485, 3.105508569477477, -1.49655491062815, 3.237900596555522, 2.209459442681509, 0.43311507891766376, 1.824483871043744], "value_grad": [-0.2122560739517212, -0.08474409580230713, 0.7131959199905396, 0.10454428195953369, 0.3140280246734619, -0.0835561752319336, 0.7365599870681763, -0.4233241081237793, -0.5852876901626587, 0.07682418823242188, 0.6256799697875977, -0.510443925857544, 0.4126319885253906, 0.17305207252502441, -1.2066121101379395, -0.4542118310928345], "action_grad": [[0.0, 0.0, 0.0], [0.0, 0.0, 0.0], [0.0, 0.0, 0.0], [0.0, 0.0, 0.0], [0.0, 0.0, 0.0], [0.0, 0.0, 0.0], [0.0, 0.0, 0.0], [0.0, 0.0, 0.0], [0.0, 0.0, 0.0], [0.0, 0.0, 0.0], [0.0, 0.0, 0.0], [0.0, 0.0, 0.0], [0.0, 0.0, 0.0], [0.0, 0.0, 0.0], [0.0, 0.0, 0.0], [0.0, 0.0, 0.0]], "action_params_change": 0, "value_params_change": 0.36432210185531266}
{"iterations": 1, "type_itr": 0, "sub_iteration": 7, "sub_it_time": 0.28119707107543945, "total_time": 2.3532848358154297, "value_loss": 1.3087799549102783, "action_loss": -1.0753631591796875, "action_probs": [[0.5653991797270198, 0.4310498553646235, 0.002014867369749336, 0.0015360975386074572], [0.059952228338284196, 0.8218032971084172, 0.008039665795764038, 0.11020480875753455], [0.18765558734256235, 0.33315260420413745, 0.17266053361794226, 0.30653127483535786], [0.012696167702893096, 0.0002636801189700662, 0.9669579052002439, 0.020082246977892897], [0.015136107161911305, 0.2700897756745339, 0.037930981320344996, 0.6768431358432098], [4.770782152894453e-05, 0.2708082766130637, 0.00012842940367777851, 0.7290155861617295], [0.04116159308698742, 0.2025486179680145, 0.12773405108320224, 0.6285557378617959], [0.011988442659622536, 0.04018136106254612, 0.21780814088643083, 0.7300220553914005], [0.01043020838076964, 0.4780775739037817, 0.01092095276551101, 0.5005712649499376], [0.15332941272143452, 0.011606383480170774, 0.7763014876200294, 0.058762716178365405], [0.039001942950349616, 1.690522481192888e-05, 0.9605647991345002, 0.00041635269033817377], [0.029218840978027745, 0.47357997244314964, 0.02889354950120778, 0.4683076370776149], [0.3276022832570877, 0.11256135617470536, 0.4166715592620019, 0.14316480130620501], [0.023921073738349754, 0.03888288769431636, 0.3569637174861052, 0.5802323210812287], [0.12214281363754555, 0.6879654902429633, 0.028630623756526186, 0.16126107236296489], [0.6660819253783707, 0.3339180724055119, 1.4761158367238415e-09, 7.400016965872171e-10]], "state_values": [0.11735508415875086, 1.448253921685561, 2.7971745943108433, 3.6293149505657776, 1.5107071471552007, 0.3225764215529913, 0.6020163857154274, -2.163863455838509, 1.7062162640679315, 2.1439302531839113, 2.278741158284983, -1.5725141192161074, 3.6111431171002257, 2.3614491941335145, 0.6099069375987085, 1.59592717104389], "value_grad": [0.0867239236831665, -0.515592098236084, -0.23839199542999268, -0.3401639461517334, -0.683892011642456, 0.21740400791168213, 0.13701605796813965, 0.01742410659790039, -0.2312641143798828, -0.22294795513153076, 0.7310159802436829, 0.32749199867248535, -0.0827641487121582, 0.16513216495513916, -0.41381990909576416, -0.8399159908294678], "action_grad": [[0.0, 0.0, 0.0], [0.0, 0.0, 0.0], [0.0, 0.0, 0.0], [0.0, 0.0, 0.0], [0.0, 0.0, 0.0], [0.0, 0.0, 0.0], [0.0, 0.0, 0.0], [0.0, 0.0, 0.0], [0.0, 0.0, 0.0], [0.0, 0.0, 0.0], [0.0, 0.0, 0.0], [0.0, 0.0, 0.0], [0.0, 0.0, 0.0], [0.0, 0.0, 0.0], [0.0, 0.0, 0.0], [0.0, 0.0, 0.0]], "action_params_change": 0, "value_params_change": 0.3938700251445937}
{"iterations": 1, "type_itr": 0, "sub_iteration": 8, "sub_it_time": 0.28187084197998047, "total_time": 2.636939764022827, "value_loss": 1.1511719226837158, "action_loss": -1.0317343473434448, "action_probs": [[0.5653991797270198, 0.4310498553646235, 0.002014867369749336, 0.0015360975386074572], [0.059952228338284196, 0.8218032971084172, 0.008039665795764038, 0.11020480875753455], [0.18765558734256235, 0.33315260420413745, 0.17266053361794226, 0.30653127483535786], [0.012696167702893096, 0.0002636801189700662, 0.9669579052002439, 0.020082246977892897], [0.015136107161911305, 0.2700897756745339, 0.037930981320344996, 0.6768431358432098], [4.770782152894453e-05, 0.2708082766130637, 0.00012842940367777851, 0.7290155861617295], [0.04116159308698742, 0.2025486179680145, 0.12773405108320224, 0.6285557378617959], [0.011988442659622536, 0.04018136106254612, 0.21780814088643083, 0.7300220553914005], [0.01043020838076964, 0.4780775739037817, 0.01092095276551101, 0.5005712649499376], [0.15332941272143452, 0.011606383480170774, 0.7763014876200294, 0.058762716178365405], [0.039001942950349616, 1.690522481192888e-05, 0.9605647991345002, 0.00041635269033817377], [0.029218840978027745, 0.47357997244314964, 0.02889354950120778, 0.4683076370776149], [0.3276022832570877, 0.11256135617470536, 0.4166715592620019, 0.14316480130620501], [0.023921073738349754, 0.03888288769431636, 0.3569637174861052, 0.5802323210812287], [0.12214281363754555, 0.6879654902429633, 0.028630623756526186, 0.16126107236296489], [0.6660819253783707, 0.3339180724055119, 1.4761158367238415e-09, 7.400016965872171e-10]], "state_values": [-0.3662136379018672, 1.391981608946676, 2.482073143078857, 3.9976343080799404, 1.3444896475628278, 0.15503808492402635, 0.5418670251458642, -2.8515055172725297, 1.9006616095934812, 2.3653772321695445, 1.3897214522847554, -1.889771052253979, 3.777510919631102, 2.578561238886848, 0.9731765707141501, 1.146828236343763], "value_grad": [-0.38610005378723145, 0.5892479419708252, 1.1246399879455566, -0.5781600475311279, -0.36788392066955566, 0.23641204833984375, -0.5017321109771729, -0.3769921064376831, 0.04712402820587158, -0.33976805210113525, 0.28234803676605225, -0.40154409408569336, 0.5290559530258179, -0.13899600505828857, -0.588851809501648, -0.9222841262817383], "action_grad": [[0.0, 0.0, 0.0], [0.0, 0.0, 0.0], [0.0, 0.0, 0.0], [0.0, 0.0, 0.0], [0.0, 0.0, 0.0], [0.0, 0.0, 0.0], [0.0, 0.0, 0.0], [0.0, 0.0, 0.0], [0.0, 0.0, 0.0], [0.0, 0.0, 0.0], [0.0, 0.0, 0.0], [0.0, 0.0, 0.0], [0.0, 0.0, 0.0], [0.0, 0.0, 0.0], [0.0, 0.0, 0.0], [0.0, 0.0, 0.0]], "action_params_change": 0, "value_params_change": 0.38311845735715666}
{"iterations": 1, "type_itr": 0, "sub_iteration": 9, "sub_it_time": 0.2826206684112549, "total_time": 2.9211838245391846, "value_loss": 0.8296200037002563, "action_loss": -0.959037721157074, "action_probs": [[0.5653991797270198, 0.4310498553646235, 0.002014867369749336, 0.0015360975386074572], [0.059952228338284196, 0.8218032971084172, 0.008039665795764038, 0.11020480875753455], [0.18765558734256235, 0.33315260420413745, 0.17266053361794226, 0.30653127483535786], [0.012696167702893096, 0.0002636801189700662, 0.9669579052002439, 0.020082246977892897], [0.015136107161911305, 0.2700897756745339, 0.037930981320344996, 0.6768431358432098], [4.770782152894453e-05, 0.2708082766130637, 0.00012842940367777851, 0.7290155861617295], [0.04116159308698742, 0.2025486179680145, 0.12773405108320224, 0.6285557378617959], [0.011988442659622536, 0.04018136106254612, 0.21780814088643083, 0.7300220553914005], [0.01043020838076964, 0.4780775739037817, 0.01092095276551101, 0.5005712649499376], [0.15332941272143452, 0.011606383480170774, 0.7763014876200294, 0.058762716178365405], [0.039001942950349616, 1.690522481192888e-05, 0.9605647991345002, 0.00041635269033817377], [0.029218840978027745, 0.47357997244314964, 0.02889354950120778, 0.4683076370776149], [0.3276022832570877, 0.11256135617470536, 0.4166715592620019, 0.14316480130620501], [0.023921073738349754, 0.03888288769431636, 0.3569637174861052, 0.5802323210812287], [0.12214281363754555, 0.6879654902429633, 0.028630623756526186, 0.16126107236296489], [0.6660819253783707, 0.3339180724055119, 1.4761158367238415e-09, 7.400016965872171e-10]], "state_values": [-0.7635758084291568, 1.3151595687219642, 2.105123049449755, 4.127000542462459, 0.9174577494681921, -0.025876724027159452, 0.41249981945385844, -3.54687457130675, 2.178887137112239, 2.57262078428264, 0.5609954477469817, -2.1598227708774296, 3.8678246947389456, 2.5118804774860024, 1.4662798732993874, 0.568105628045068], "value_grad": [0.041975975036621094, 0.06731986999511719, 0.2815559506416321, 0.441540002822876, -0.8268481492996216, -0.0538560152053833, -0.19364416599273682, -0.5128201246261597, -0.1979999542236328, -0.026136040687561035, -0.026135921478271484, 0.009503960609436035, 0.22611600160598755, 0.4340159296989441, -0.5646960139274597, -0.6882480382919312], "action_grad": [[0.0, 0.0, 0.0], [0.0, 0.0, 0.0], [0.0, 0.0, 0.0], [0.0, 0.0, 0.0], [0.0, 0.0, 0.0], [0.0, 0.0, 0.0], [0.0, 0.0, 0.0], [0.0, 0.0, 0.0], [0.0, 0.0, 0.0], [0.0, 0.0, 0.0], [0.0, 0.0, 0.0], [0.0, 0.0, 0.0], [0.0, 0.0, 0.0], [0.0, 0.0, 0.0], [0.0, 0.0, 0.0], [0.0, 0.0, 0.0]], "action_params_change": 0, "value_params_change": 0.3634771767280611}
{"iterations": 1, "type_itr": 0, "sub_iteration": 10, "sub_it_time": 0.28412890434265137, "total_time": 3.2069833278656006, "value_loss": 0.902880072593689, "action_loss": -0.8255794644355774, "action_probs": [[0.5653991797270198, 0.4310498553646235, 0.002014867369749336, 0.0015360975386074572], [0.059952228338284196, 0.8218032971084172, 0.008039665795764038, 0.11020480875753455], [0.18765558734256235, 0.33315260420413745, 0.17266053361794226, 0.30653127483535786], [0.012696167702893096, 0.0002636801189700662, 0.9669579052002439, 0.020082246977892897], [0.015136107161911305, 0.2700897756745339, 0.037930981320344996, 0.6768431358432098], [4.770782152894453e-05, 0.2708082766130637, 0.00012842940367777851, 0.7290155861617295], [0.04116159308698742, 0.2025486179680145, 0.12773405108320224, 0.6285557378617959], [0.011988442659622536, 0.04018136106254612, 0.21780814088643083, 0.7300220553914005], [0.01043020838076964, 0.4780775739037817, 0.01092095276551101, 0.5005712649499376], [0.15332941272143452, 0.011606383480170774, 0.7763014876200294, 0.058762716178365405], [0.039001942950349616, 1.690522481192888e-05, 0.9605647991345002, 0.00041635269033817377], [0.029218840978027745, 0.47357997244314964, 0.02889354950120778, 0.4683076370776149], [0.3276022832570877, 0.11256135617470536, 0.4166715592620019, 0.14316480130620501], [0.023921073738349754, 0.03888288769431636, 0.3569637174861052, 0.5802323210812287], [0.12214281363754555, 0.6879654902429633, 0.028630623756526186, 0.16126107236296489], [0.6660819253783707, 0.3339180724055119, 1.4761158367238415e-09, 7.400016965872171e-10]], "state_values": [-1.406583778208572, 1.1199681294646582, 1.7261680024783113, 4.29562024637416, 0.5780224770517272, 0.11997936965812457, 0.16207474747449696, -4.11335048362136, 2.1911903262496155, 2.705568780553212, 0.05318232437651654, -2.1297010033480355, 4.027281487751417, 2.6110215071026808, 1.7122425240216876, -0.06460215000896148], "value_grad": [-0.6656760573387146, 0.33145201206207275, 0.08870410919189453, -0.21859204769134521, 0.1322638988494873, 0.5646960139274597, -0.35956788063049316, -0.15127193927764893, 0.4189678430557251, 0.0871199369430542, -0.6601320505142212, 0.4466879367828369, -0.40946394205093384, -0.3009601831436157, 0.5274720191955566, -0.4292639493942261], "action_grad": [[0.0, 0.0, 0.0], [0.0, 0.0, 0.0], [0.0, 0.0, 0.0], [0.0, 0.0, 0.0], [0.0, 0.0, 0.0], [0.0, 0.0, 0.0], [0.0, 0.0, 0.0], [0.0, 0.0, 0.0], [0.0, 0.0, 0.0], [0.0, 0.0, 0.0], [0.0, 0.0, 0.0], [0.0, 0.0, 0.0], [0.0, 0.0, 0.0], [0.0, 0.0, 0.0], [0.0, 0.0, 0.0], [0.0, 0.0, 0.0]], "action_params_change": 0, "value_params_change": 0.35496162433902967}
{"iterations": 1, "type_itr": 0, "sub_iteration": 11, "sub_it_time": 0.28240489959716797, "total_time": 3.491119384765625, "value_loss": 1.700819969177246, "action_loss": -0.7391548156738281, "action_probs": [[0.5653991797270198, 0.4310498553646235, 0.002014867369749336, 0.0015360975386074572], [0.059952228338284196, 0.8218032971084172, 0.008039665795764038, 0.11020480875753455], [0.18765558734256235, 0.33315260420413745, 0.17266053361794226, 0.30653127483535786], [0.012696167702893096, 0.0002636801189700662, 0.9669579052002439, 0.020082246977892897], [0.015136107161911305, 0.2700897756745339, 0.037930981320344996, 0.6768431358432098], [4.770782152894453e-05, 0.2708082766130637, 0.00012842940367777851, 0.7290155861617295], [0.04116159308698742, 0.2025486179680145, 0.12773405108320224, 0.6285557378617959], [0.011988442659622536, 0.04018136106254612, 0.21780814088643083, 0.7300220553914005], [0.01043020838076964, 0.4780775739037817, 0.01092095276551101, 0.5005712649499376], [0.15332941272143452, 0.011606383480170774, 0.7763014876200294, 0.058762716178365405], [0.039001942950349616, 1.690522481192888e-05, 0.9605647991345002, 0.00041635269033817377], [0.029218840978027745, 0.47357997244314964, 0.02889354950120778, 0.4683076370776149], [0.3276022832570877, 0.11256135617470536, 0.4166715592620019, 0.14316480130620501], [0.023921073738349754, 0.03888288769431636, 0.3569637174861052, 0.5802323210812287], [0.12214281363754555, 0.6879654902429633, 0.028630623756526186, 0.16126107236296489], [0.6660819253783707, 0.3339180724055119, 1.4761158367238415e-09, 7.400016965872171e-10]], "state_values": [-1.8128696225545045, 0.8400302774850034, 1.428011395101629, 4.418792575320866, 0.2177013989781767, 0.4558290288925718, -0.1745821152875694, -4.348099047638208, 2.364012767739925, 2.865043390634567, -0.3243976990241877, -1.906619652908079, 4.1010052349449575, 2.7101979548306385, 1.8327166476010799, -0.7493103371216921], "value_grad": [0.26215195655822754, 0.275615930557251, -0.15562796592712402, 0.05543994903564453, -0.1484997272491455, 0.44866788387298584, -0.30769193172454834, 0.5718239545822144, -0.3381843566894531, -0.08078408241271973, -0.2482919692993164, 0.3829319477081299, 0.3132359981536865, -0.022176027297973633, 0.3069000244140625, -0.49302005767822266], "action_grad": [[0.0, 0.0, 0.0], [0.0, 0.0, 0.0], [0.0, 0.0, 0.0], [0.0, 0.0, 0.0], [0.0, 0.0, 0.0], [0.0, 0.0, 0.0], [0.0, 0.0, 0.0], [0.0, 0.0, 0.0], [0.0, 0.0, 0.0], [0.0, 0.0, 0.0], [0.0, 0.0, 0.0], [0.0, 0.0, 0.0], [0.0, 0.0, 0.0], [0.0, 0.0, 0.0], [0.0, 0.0, 0.0], [0.0, 0.0, 0.0]], "action_params_change": 0, "value_params_change": 0.27501594747232394}
{"iterations": 1, "type_itr": 0, "sub_iteration": 12, "sub_it_time": 0.28301215171813965, "total_time": 3.7757363319396973, "value_loss": 1.4909400939941406, "action_loss": -0.643674910068512, "action_probs": [[0.5653991797270198, 0.4310498553646235, 0.002014867369749336, 0.0015360975386074572], [0.059952228338284196, 0.8218032971084172, 0.008039665795764038, 0.11020480875753455], [0.18765558734256235, 0.33315260420413745, 0.17266053361794226, 0.30653127483535786], [0.012696167702893096, 0.0002636801189700662, 0.9669579052002439, 0.020082246977892897], [0.015136107161911305, 0.2700897756745339, 0.037930981320344996, 0.6768431358432098], [4.770782152894453e-05, 0.2708082766130637, 0.00012842940367777851, 0.7290155861617295], [0.04116159308698742, 0.2025486179680145, 0.12773405108320224, 0.6285557378617959], [0.011988442659622536, 0.04018136106254612, 0.21780814088643083, 0.7300220553914005], [0.01043020838076964, 0.4780775739037817, 0.01092095276551101, 0.5005712649499376], [0.15332941272143452, 0.011606383480170774, 0.7763014876200294, 0.058762716178365405], [0.039001942950349616, 1.690522481192888e-05, 0.9605647991345002, 0.00041635269033817377], [0.029218840978027745, 0.47357997244314964, 0.02889354950120778, 0.4683076370776149], [0.3276022832570877, 0.11256135617470536, 0.4166715592620019, 0.14316480130620501], [0.023921073738349754, 0.03888288769431636, 0.3569637174861052, 0.5802323210812287], [0.12214281363754555, 0.6879654902429633, 0.028630623756526186, 0.16126107236296489], [0.6660819253783707, 0.3339180724055119, 1.4761158367238415e-09, 7.400016965872171e-10]], "state_values": [-2.1575686746822296, 0.365183352940261, 1.1673739894199526, 4.616034198619709, -0.00655096218358432, 0.9381343570463254, -0.5127913762911235, -4.4807003626879, 2.5615442952072676, 2.8497999021986415, -0.47494358071783666, -1.5874338221920288, 4.082691463458797, 2.6484799274021484, 1.7334390988485944, -1.3605747266313282], "value_grad": [0.020196199417114258, 0.6799319982528687, -0.03880798816680908, -0.5278681516647339, 0.27046823501586914, 0.44748008251190186, -0.09622776508331299, 0.23324406147003174, -0.09781205654144287, 0.29977190494537354, -0.5947920083999634, 0.22769999504089355, 0.4431241750717163, 0.3013559579849243, 0.6965640783309937, -0.022571921348571777], "action_grad": [[0.0, 0.0, 0.0], [0.0, 0.0, 0.0], [0.0, 0.0, 0.0], [0.0, 0.0, 0.0], [0.0, 0.0, 0.0], [0.0, 0.0, 0.0], [0.0, 0.0, 0.0], [0.0, 0.0, 0.0], [0.0, 0.0, 0.0], [0.0, 0.0, 0.0], [0.0, 0.0, 0.0], [0.0, 0.0, 0.0], [0.0, 0.0, 0.0], [0.0, 0.0, 0.0], [0.0, 0.0, 0.0], [0.0, 0.0, 0.0]], "action_params_change": 0, "value_params_change": 0.25032294073141426}
{"iterations": 1, "type_itr": 0, "sub_iteration": 13, "sub_it_time": 0.29262685775756836, "total_time": 4.070131540298462, "value_loss": 1.699632167816162, "action_loss": -0.5872960090637207, "action_probs": [[0.5653991797270198, 0.4310498553646235, 0.002014867369749336, 0.0015360975386074572], [0.059952228338284196, 0.8218032971084172, 0.008039665795764038, 0.11020480875753455], [0.18765558734256235, 0.33315260420413745, 0.17266053361794226, 0.30653127483535786], [0.012696167702893096, 0.0002636801189700662, 0.9669579052002439, 0.020082246977892897], [0.015136107161911305, 0.2700897756745339, 0.037930981320344996, 0.6768431358432098], [4.770782152894453e-05, 0.2708082766130637, 0.00012842940367777851, 0.7290155861617295], [0.04116159308698742, 0.2025486179680145, 0.12773405108320224, 0.6285557378617959], [0.011988442659622536, 0.04018136106254612, 0.21780814088643083, 0.7300220553914005], [0.01043020838076964, 0.4780775739037817, 0.01092095276551101, 0.5005712649499376], [0.15332941272143452, 0.011606383480170774, 0.7763014876200294, 0.058762716178365405], [0.039001942950349616, 1.690522481192888e-05, 0.9605647991345002, 0.00041635269033817377], [0.029218840978027745, 0.47357997244314964, 0.02889354950120778, 0.4683076370776149], [0.3276022832570877, 0.11256135617470536, 0.4166715592620019, 0.14316480130620501], [0.023921073738349754, 0.03888288769431636, 0.3569637174861052, 0.5802323210812287], [0.12214281363754555, 0.6879654902429633, 0.028630623756526186, 0.16126107236296489], [0.6660819253783707, 0.3339180724055119, 1.4761158367238415e-09, 7.400016965872171e-10]], "state_values": [-2.4776026724240334, -0.13919002188150426, 0.8978330027393459, 4.734125412014839, -0.1858581713627348, 1.4661324396213613, -0.8383143300691893, -4.636952078483941, 2.4979247025919102, 2.908255277185117, -0.4010546336639851, -1.3641478288747124, 4.024124195584265, 2.851510328871769, 1.438656400290088, -1.89866958098271], "value_grad": [-0.03959989547729492, 0.21304810047149658, 0.09306013584136963, 0.16433990001678467, 0.06415212154388428, 0.25146007537841797, -0.05979585647583008, -0.29026806354522705, 0.5306400060653687, -0.144936203956604, -0.7290359735488892, -0.13068008422851562, 0.22255206108093262, -0.5967720746994019, 0.769428014755249, -0.01584005355834961], "action_grad": [[0.0, 0.0, 0.0], [0.0, 0.0, 0.0], [0.0, 0.0, 0.0], [0.0, 0.0, 0.0], [0.0, 0.0, 0.0], [0.0, 0.0, 0.0], [0.0, 0.0, 0.0], [0.0, 0.0, 0.0], [0.0, 0.0, 0.0], [0.0, 0.0, 0.0], [0.0, 0.0, 0.0], [0.0, 0.0, 0.0], [0.0, 0.0, 0.0], [0.0, 0.0, 0.0], [0.0, 0.0, 0.0], [0.0, 0.0, 0.0]], "action_params_change": 0, "value_params_change": 0.2278368349651334}
