{"iterations": 0, "type_itr": 0, "sub_iteration": 0, "sub_it_time": 0, "total_time": 0, "value_loss": 0, "action_loss": 0, "action_probs": [[0.6158723911791095, 0.0916042138606346, 0.2546474066374012, 0.03787598832285458], [8.270151061343469e-07, 1.0544414538028952e-05, 0.07272662520624543, 0.9272620033641107], [0.2511531587998358, 0.16255883014180614, 0.35591931072742106, 0.23036870033093682], [0.17018451367044568, 0.5553469870188792, 0.0643807857118058, 0.21008771359886938], [0.40693633414598984, 0.3617740178704517, 0.1224390451220731, 0.10885060286148554], [0.7463140294817721, 0.18773952086336582, 0.0526915834255445, 0.013254866229317482], [0.27594484358319543, 0.6991564624004335, 0.00704610503915036, 0.01785258897722066], [0.012114114156798743, 0.008175617365500374, 0.5849422906302686, 0.3947679778474322], [0.03355445502556271, 0.42222238450859756, 0.04006590501699231, 0.5041572554488474], [0.0007245994930717526, 0.0035219974494599044, 0.1699060261296591, 0.8258473769278094], [0.0007593011371390228, 0.001619009230247498, 0.31850144277216164, 0.6791202468604518], [0.7807109981158884, 0.19823396475704055, 0.016791443517521407, 0.0042635936095498355], [0.12210871214458949, 0.00026900564570592856, 0.8756931291500253, 0.001929153059679414], [0.15488325295818395, 0.001534070555497635, 0.835309198101347, 0.008273478384971562], [0.5453053198583959, 0.15276650332941902, 0.23585401324318161, 0.06607416356900334], [0.18552189259592067, 0.16315428581061897, 0.34655315033864736, 0.3047706712548131]], "state_values": [2.0837140604204634, -0.3870288506544398, -0.7188186559090117, -4.641939856604664, 0.31179560820967944, 0.5176006672405666, 4.999860868707446, -0.7372106502428006, 1.4973965341439537, -0.2382645003883314, 4.9976611961016255, 4.714235009938016, -4.428198416553299, 3.270448409416309, -1.5951700297730838, -4.890236998402219], "value_grad": [0.0, 0.0, 0.0, 0.0, 0.0, 0.0, 0.0, 0.0, 0.0, 0.0, 0.0, 0.0, 0.0, 0.0, 0.0, 0.0], "action_grad": [[0.0, 0.0, 0.0], [0.0, 0.0, 0.0], [0.0, 0.0, 0.0], [0.0, 0.0, 0.0], [0.0, 0.0, 0.0], [0.0, 0.0, 0.0], [0.0, 0.0, 0.0], [0.0, 0.0, 0.0], [0.0, 0.0, 0.0], [0.0, 0.0, 0.0], [0.0, 0.0, 0.0], [0.0, 0.0, 0.0], [0.0, 0.0, 0.0], [0.0, 0.0, 0.0], [0.0, 0.0, 0.0], [0.0, 0.0, 0.0]], "action_params_change": 0, "value_params_change": 0}
{"iterations": 1, "type_itr": 0, "sub_iteration": 0, "sub_it_time": 2.459883689880371, "total_time": 2.4615530967712402, "value_loss": 8.71699047088623, "action_loss": -0.1403530389070511, "action_probs": [[0.6158723911791095, 0.0916042138606346, 0.2546474066374012, 0.03787598832285458], [8.270151061343469e-07, 1.0544414538028952e-05, 0.07272662520624543, 0.9272620033641107], [0.2511531587998358, 0.16255883014180614, 0.35591931072742106, 0.23036870033093682], [0.17018451367044568, 0.5553469870188792, 0.0643807857118058, 0.21008771359886938], [0.40693633414598984, 0.3617740178704517, 0.1224390451220731, 0.10885060286148554], [0.7463140294817721, 0.18773952086336582, 0.0526915834255445, 0.013254866229317482], [0.27594484358319543, 0.6991564624004335, 0.00704610503915036, 0.01785258897722066], [0.012114114156798743, 0.008175617365500374, 0.5849422906302686, 0.3947679778474322], [0.03355445502556271, 0.42222238450859756, 0.04006590501699231, 0.5041572554488474], [0.0007245994930717526, 0.0035219974494599044, 0.1699060261296591, 0.8258473769278094], [0.0007593011371390228, 0.001619009230247498, 0.31850144277216164, 0.6791202468604518], [0.7807109981158884, 0.19823396475704055, 0.016791443517521407, 0.0042635936095498355], [0.12210871214458949, 0.00026900564570592856, 0.8756931291500253, 0.001929153059679414], [0.15488325295818395, 0.001534070555497635, 0.835309198101347, 0.008273478384971562], [0.5453053198583959, 0.15276650332941902, 0.23585401324318161, 0.06607416356900334], [0.18552189259592067, 0.16315428581061897, 0.34655315033864736, 0.3047706712548131]], "state_values": [0.8944553758616458, 0.8583112453788155, 0.5276973356345616, -4.037941330538606, 1.5367148838925413, 1.731883419772966, 4.853655701137874, 0.5092044408045213, 0.2706020788965569, 1.0047569500362732, 4.804464617898747, 4.15547381590366, -3.7160977834950377, 2.2330752875316073, -0.3732028898847453, -4.480438066547592], "value_grad": [0.0748434066772461, -0.48696136474609375, -0.5237092971801758, 0.2041778564453125, 0.3638439178466797, -0.4130277633666992, -0.013701438903808594, -0.004118919372558594, 0.5496082305908203, 0.11967086791992188, -0.0975351333618164, -0.14699649810791016, 0.5034751892089844, -1.0518169403076172, 0.6829013824462891, -0.23276901245117188], "action_grad": [[0.0, 0.0, 0.0], [0.0, 0.0, 0.0], [0.0, 0.0, 0.0], [0.0, 0.0, 0.0], [0.0, 0.0, 0.0], [0.0, 0.0, 0.0], [0.0, 0.0, 0.0], [0.0, 0.0, 0.0], [0.0, 0.0, 0.0], [0.0, 0.0, 0.0], [0.0, 0.0, 0.0], [0.0, 0.0, 0.0], [0.0, 0.0, 0.0], [0.0, 0.0, 0.0], [0.0, 0.0, 0.0], [0.0, 0.0, 0.0]], "action_params_change": 0, "value_params_change": 0.499999995246321}
{"iterations": 1, "type_itr": 0, "sub_iteration": 1, "sub_it_time": 2.4681966304779053, "total_time": 4.931625127792358, "value_loss": 5.453711986541748, "action_loss": -0.46174854040145874, "action_probs": [[0.6158723911791095, 0.0916042138606346, 0.2546474066374012, 0.03787598832285458], [8.270151061343469e-07, 1.0544414538028952e-05, 0.07272662520624543, 0.9272620033641107], [0.2511531587998358, 0.16255883014180614, 0.35591931072742106, 0.23036870033093682], [0.17018451367044568, 0.5553469870188792, 0.0643807857118058, 0.21008771359886938], [0.40693633414598984, 0.3617740178704517, 0.1224390451220731, 0.10885060286148554], [0.7463140294817721, 0.18773952086336582, 0.0526915834255445, 0.013254866229317482], [0.27594484358319543, 0.6991564624004335, 0.00704610503915036, 0.01785258897722066], [0.012114114156798743, 0.008175617365500374, 0.5849422906302686, 0.3947679778474322], [0.03355445502556271, 0.42222238450859756, 0.04006590501699231, 0.5041572554488474], [0.0007245994930717526, 0.0035219974494599044, 0.1699060261296591, 0.8258473769278094], [0.0007593011371390228, 0.001619009230247498, 0.31850144277216164, 0.6791202468604518], [0.7807109981158884, 0.19823396475704055, 0.016791443517521407, 0.0042635936095498355], [0.12210871214458949, 0.00026900564570592856, 0.8756931291500253, 0.001929153059679414], [0.15488325295818395, 0.001534070555497635, 0.835309198101347, 0.008273478384971562], [0.5453053198583959, 0.15276650332941902, 0.23585401324318161, 0.06607416356900334], [0.18552189259592067, 0.16315428581061897, 0.34655315033864736, 0.3047706712548131]], "state_values": [-0.338150862659464, 1.6814572393962957, 1.6538695182027825, -3.2338112572853794, 1.6102097776011934, 2.6933752759817993, 4.536993993628567, 1.45968275321686, -0.8322121099127937, 1.091883564031382, 4.391570765915656, 3.432658715595729, -2.771662552598225, 1.0680532009876043, 0.8572784185744169, -3.847518053425847], "value_grad": [0.11333513259887695, -0.007761478424072266, -0.2503514289855957, 0.48042774200439453, -0.2888026237487793, -0.12822389602661133, -0.43579721450805664, -0.08165454864501953, 0.20168304443359375, -0.09317874908447266, -0.4396786689758301, -0.058370113372802734, 0.5416092872619629, -0.8723478317260742, 0.5459256172180176, -0.6244525909423828], "action_grad": [[0.0, 0.0, 0.0], [0.0, 0.0, 0.0], [0.0, 0.0, 0.0], [0.0, 0.0, 0.0], [0.0, 0.0, 0.0], [0.0, 0.0, 0.0], [0.0, 0.0, 0.0], [0.0, 0.0, 0.0], [0.0, 0.0, 0.0], [0.0, 0.0, 0.0], [0.0, 0.0, 0.0], [0.0, 0.0, 0.0], [0.0, 0.0, 0.0], [0.0, 0.0, 0.0], [0.0, 0.0, 0.0], [0.0, 0.0, 0.0]], "action_params_change": 0, "value_params_change": 0.5006179331157323}
{"iterations": 1, "type_itr": 0, "sub_iteration": 2, "sub_it_time": 2.5338644981384277, "total_time": 7.467982530593872, "value_loss": 3.803025722503662, "action_loss": -0.5840324759483337, "action_probs": [[0.6158723911791095, 0.0916042138606346, 0.2546474066374012, 0.03787598832285458], [8.270151061343469e-07, 1.0544414538028952e-05, 0.07272662520624543, 0.9272620033641107], [0.2511531587998358, 0.16255883014180614, 0.35591931072742106, 0.23036870033093682], [0.17018451367044568, 0.5553469870188792, 0.0643807857118058, 0.21008771359886938], [0.40693633414598984, 0.3617740178704517, 0.1224390451220731, 0.10885060286148554], [0.7463140294817721, 0.18773952086336582, 0.0526915834255445, 0.013254866229317482], [0.27594484358319543, 0.6991564624004335, 0.00704610503915036, 0.01785258897722066], [0.012114114156798743, 0.008175617365500374, 0.5849422906302686, 0.3947679778474322], [0.03355445502556271, 0.42222238450859756, 0.04006590501699231, 0.5041572554488474], [0.0007245994930717526, 0.0035219974494599044, 0.1699060261296591, 0.8258473769278094], [0.0007593011371390228, 0.001619009230247498, 0.31850144277216164, 0.6791202468604518], [0.7807109981158884, 0.19823396475704055, 0.016791443517521407, 0.0042635936095498355], [0.12210871214458949, 0.00026900564570592856, 0.8756931291500253, 0.001929153059679414], [0.15488325295818395, 0.001534070555497635, 0.835309198101347, 0.008273478384971562], [0.5453053198583959, 0.15276650332941902, 0.23585401324318161, 0.06607416356900334], [0.18552189259592067, 0.16315428581061897, 0.34655315033864736, 0.3047706712548131]], "state_values": [-1.4098432909566747, 1.9931207274996128, 2.334757871447285, -2.230735558453803, 1.0209934341993818, 2.983063018704353, 3.9763561917827586, 2.2473606463145903, -1.0965379893160834, 0.5148687705852716, 3.733142560094912, 2.5085161745499067, -1.65265712379456, -0.12554346184107412, 1.7109467248666568, -2.995774974021625], "value_grad": [0.026215076446533203, 0.18318963050842285, 0.10129642486572266, 0.5890896320343018, -0.6398169994354248, 0.23344206809997559, -0.4762296676635742, -0.010890007019042969, -0.3895843029022217, -0.19261431694030762, -0.5828328132629395, -0.21752285957336426, 0.5629138946533203, -0.6200964450836182, -0.07322049140930176, -0.8927822113037109], "action_grad": [[0.0, 0.0, 0.0], [0.0, 0.0, 0.0], [0.0, 0.0, 0.0], [0.0, 0.0, 0.0], [0.0, 0.0, 0.0], [0.0, 0.0, 0.0], [0.0, 0.0, 0.0], [0.0, 0.0, 0.0], [0.0, 0.0, 0.0], [0.0, 0.0, 0.0], [0.0, 0.0, 0.0], [0.0, 0.0, 0.0], [0.0, 0.0, 0.0], [0.0, 0.0, 0.0], [0.0, 0.0, 0.0], [0.0, 0.0, 0.0]], "action_params_change": 0, "value_params_change": 0.5013883469337839}
{"iterations": 1, "type_itr": 0, "sub_iteration": 3, "sub_it_time": 2.522664785385132, "total_time": 9.992533922195435, "value_loss": 2.6012845039367676, "action_loss": -0.5802075266838074, "action_probs": [[0.6158723911791095, 0.0916042138606346, 0.2546474066374012, 0.03787598832285458], [8.270151061343469e-07, 1.0544414538028952e-05, 0.07272662520624543, 0.9272620033641107], [0.2511531587998358, 0.16255883014180614, 0.35591931072742106, 0.23036870033093682], [0.17018451367044568, 0.5553469870188792, 0.0643807857118058, 0.21008771359886938], [0.40693633414598984, 0.3617740178704517, 0.1224390451220731, 0.10885060286148554], [0.7463140294817721, 0.18773952086336582, 0.0526915834255445, 0.013254866229317482], [0.27594484358319543, 0.6991564624004335, 0.00704610503915036, 0.01785258897722066], [0.012114114156798743, 0.008175617365500374, 0.5849422906302686, 0.3947679778474322], [0.03355445502556271, 0.42222238450859756, 0.04006590501699231, 0.5041572554488474], [0.0007245994930717526, 0.0035219974494599044, 0.1699060261296591, 0.8258473769278094], [0.0007593011371390228, 0.001619009230247498, 0.31850144277216164, 0.6791202468604518], [0.7807109981158884, 0.19823396475704055, 0.016791443517521407, 0.0042635936095498355], [0.12210871214458949, 0.00026900564570592856, 0.8756931291500253, 0.001929153059679414], [0.15488325295818395, 0.001534070555497635, 0.835309198101347, 0.008273478384971562], [0.5453053198583959, 0.15276650332941902, 0.23585401324318161, 0.06607416356900334], [0.18552189259592067, 0.16315428581061897, 0.34655315033864736, 0.3047706712548131]], "state_values": [-1.4432266866433068, 1.74677215796751, 2.655885544700363, -1.0786242429880724, 0.33093632966997644, 2.7253175042143356, 3.1813870204107726, 2.9857534186613472, -0.9927475360975955, 0.015111064280132461, 2.849127711523177, 1.4436017371841057, -0.6295723954290489, -1.07280459420709, 1.9990268325975853, -1.954560602902533], "value_grad": [-0.15982556343078613, 0.44712328910827637, 0.1794273853302002, 0.5706357955932617, -0.25090551376342773, 0.4967823028564453, -0.4870798587799072, -0.023562192916870117, -0.3265807628631592, -0.007325649261474609, -0.6726851463317871, -0.12331438064575195, 0.034570932388305664, 0.05809330940246582, -0.45282602310180664, -0.9844954013824463], "action_grad": [[0.0, 0.0, 0.0], [0.0, 0.0, 0.0], [0.0, 0.0, 0.0], [0.0, 0.0, 0.0], [0.0, 0.0, 0.0], [0.0, 0.0, 0.0], [0.0, 0.0, 0.0], [0.0, 0.0, 0.0], [0.0, 0.0, 0.0], [0.0, 0.0, 0.0], [0.0, 0.0, 0.0], [0.0, 0.0, 0.0], [0.0, 0.0, 0.0], [0.0, 0.0, 0.0], [0.0, 0.0, 0.0], [0.0, 0.0, 0.0]], "action_params_change": 0, "value_params_change": 0.4900430049018145}
{"iterations": 1, "type_itr": 0, "sub_iteration": 4, "sub_it_time": 2.45802903175354, "total_time": 12.452513217926025, "value_loss": 1.7459639310836792, "action_loss": -0.5813955664634705, "action_probs": [[0.6158723911791095, 0.0916042138606346, 0.2546474066374012, 0.03787598832285458], [8.270151061343469e-07, 1.0544414538028952e-05, 0.07272662520624543, 0.9272620033641107], [0.2511531587998358, 0.16255883014180614, 0.35591931072742106, 0.23036870033093682], [0.17018451367044568, 0.5553469870188792, 0.0643807857118058, 0.21008771359886938], [0.40693633414598984, 0.3617740178704517, 0.1224390451220731, 0.10885060286148554], [0.7463140294817721, 0.18773952086336582, 0.0526915834255445, 0.013254866229317482], [0.27594484358319543, 0.6991564624004335, 0.00704610503915036, 0.01785258897722066], [0.012114114156798743, 0.008175617365500374, 0.5849422906302686, 0.3947679778474322], [0.03355445502556271, 0.42222238450859756, 0.04006590501699231, 0.5041572554488474], [0.0007245994930717526, 0.0035219974494599044, 0.1699060261296591, 0.8258473769278094], [0.0007593011371390228, 0.001619009230247498, 0.31850144277216164, 0.6791202468604518], [0.7807109981158884, 0.19823396475704055, 0.016791443517521407, 0.0042635936095498355], [0.12210871214458949, 0.00026900564570592856, 0.8756931291500253, 0.001929153059679414], [0.15488325295818395, 0.001534070555497635, 0.835309198101347, 0.008273478384971562], [0.5453053198583959, 0.15276650332941902, 0.23585401324318161, 0.06607416356900334], [0.18552189259592067, 0.16315428581061897, 0.34655315033864736, 0.3047706712548131]], "state_values": [-1.3762511705225744, 1.3341980036161774, 2.772298236531134, 0.15239741051383834, -0.2182793178300202, 2.2019547402823405, 2.2481802331257654, 2.698251770423119, -0.6879734056292499, -0.45610845920218956, 1.7813665457735286, 0.2857883004886395, 0.26344475469451556, -1.7036578817061163, 1.9405146391728783, -0.7916879154918569], "value_grad": [-0.030967235565185547, 0.23530352115631104, 0.15372729301452637, 0.6124142408370972, 0.04708445072174072, 0.4727843999862671, -0.22080957889556885, 0.20722675323486328, -0.269992470741272, -0.017938852310180664, -0.7213536500930786, -0.13630318641662598, 0.0064547061920166016, 0.30187082290649414, -0.48161518573760986, -0.718185544013977], "action_grad": [[0.0, 0.0, 0.0], [0.0, 0.0, 0.0], [0.0, 0.0, 0.0], [0.0, 0.0, 0.0], [0.0, 0.0, 0.0], [0.0, 0.0, 0.0], [0.0, 0.0, 0.0], [0.0, 0.0, 0.0], [0.0, 0.0, 0.0], [0.0, 0.0, 0.0], [0.0, 0.0, 0.0], [0.0, 0.0, 0.0], [0.0, 0.0, 0.0], [0.0, 0.0, 0.0], [0.0, 0.0, 0.0], [0.0, 0.0, 0.0]], "action_params_change": 0, "value_params_change": 0.49583659930623636}
{"iterations": 1, "type_itr": 0, "sub_iteration": 5, "sub_it_time": 2.4943177700042725, "total_time": 14.94863772392273, "value_loss": 1.2641112804412842, "action_loss": -0.49518105387687683, "action_probs": [[0.6158723911791095, 0.0916042138606346, 0.2546474066374012, 0.03787598832285458], [8.270151061343469e-07, 1.0544414538028952e-05, 0.07272662520624543, 0.9272620033641107], [0.2511531587998358, 0.16255883014180614, 0.35591931072742106, 0.23036870033093682], [0.17018451367044568, 0.5553469870188792, 0.0643807857118058, 0.21008771359886938], [0.40693633414598984, 0.3617740178704517, 0.1224390451220731, 0.10885060286148554], [0.7463140294817721, 0.18773952086336582, 0.0526915834255445, 0.013254866229317482], [0.27594484358319543, 0.6991564624004335, 0.00704610503915036, 0.01785258897722066], [0.012114114156798743, 0.008175617365500374, 0.5849422906302686, 0.3947679778474322], [0.03355445502556271, 0.42222238450859756, 0.04006590501699231, 0.5041572554488474], [0.0007245994930717526, 0.0035219974494599044, 0.1699060261296591, 0.8258473769278094], [0.0007593011371390228, 0.001619009230247498, 0.31850144277216164, 0.6791202468604518], [0.7807109981158884, 0.19823396475704055, 0.016791443517521407, 0.0042635936095498355], [0.12210871214458949, 0.00026900564570592856, 0.8756931291500253, 0.001929153059679414], [0.15488325295818395, 0.001534070555497635, 0.835309198101347, 0.008273478384971562], [0.5453053198583959, 0.15276650332941902, 0.23585401324318161, 0.06607416356900334], [0.18552189259592067, 0.16315428581061897, 0.34655315033864736, 0.3047706712548131]], "state_values": [-1.2723668728890347, 0.8463621653375452, 2.5101524442188605, 1.3621687771634081, -0.5858205859710173, 1.4540765205441541, 1.2742906323315715, 2.081825973425661, -0.2863982605294167, -0.5419454090942046, 0.5978489481396764, -0.7663042343655376, 0.7696579929437264, -1.9970789472839796, 1.6820028897292985, 0.3815602525964408], "value_grad": [-0.015642166137695312, 0.15210354328155518, 0.4969799518585205, 0.41785919666290283, 0.1276702880859375, 0.6198190450668335, -0.11685943603515625, 0.298742413520813, -0.1848924160003662, 0.11701810359954834, -0.5842584371566772, -0.02079010009765625, -0.3286402225494385, 0.5417279005050659, -0.40463292598724365, -0.43290722370147705], "action_grad": [[0.0, 0.0, 0.0], [0.0, 0.0, 0.0], [0.0, 0.0, 0.0], [0.0, 0.0, 0.0], [0.0, 0.0, 0.0], [0.0, 0.0, 0.0], [0.0, 0.0, 0.0], [0.0, 0.0, 0.0], [0.0, 0.0, 0.0], [0.0, 0.0, 0.0], [0.0, 0.0, 0.0], [0.0, 0.0, 0.0], [0.0, 0.0, 0.0], [0.0, 0.0, 0.0], [0.0, 0.0, 0.0], [0.0, 0.0, 0.0]], "action_params_change": 0, "value_params_change": 0.49087471617599787}
{"iterations": 1, "type_itr": 0, "sub_iteration": 6, "sub_it_time": 2.480027675628662, "total_time": 17.431519269943237, "value_loss": 0.9662004709243774, "action_loss": -0.3901422321796417, "action_probs": [[0.6158723911791095, 0.0916042138606346, 0.2546474066374012, 0.03787598832285458], [8.270151061343469e-07, 1.0544414538028952e-05, 0.07272662520624543, 0.9272620033641107], [0.2511531587998358, 0.16255883014180614, 0.35591931072742106, 0.23036870033093682], [0.17018451367044568, 0.5553469870188792, 0.0643807857118058, 0.21008771359886938], [0.40693633414598984, 0.3617740178704517, 0.1224390451220731, 0.10885060286148554], [0.7463140294817721, 0.18773952086336582, 0.0526915834255445, 0.013254866229317482], [0.27594484358319543, 0.6991564624004335, 0.00704610503915036, 0.01785258897722066], [0.012114114156798743, 0.008175617365500374, 0.5849422906302686, 0.3947679778474322], [0.03355445502556271, 0.42222238450859756, 0.04006590501699231, 0.5041572554488474], [0.0007245994930717526, 0.0035219974494599044, 0.1699060261296591, 0.8258473769278094], [0.0007593011371390228, 0.001619009230247498, 0.31850144277216164, 0.6791202468604518], [0.7807109981158884, 0.19823396475704055, 0.016791443517521407, 0.0042635936095498355], [0.12210871214458949, 0.00026900564570592856, 0.8756931291500253, 0.001929153059679414], [0.15488325295818395, 0.001534070555497635, 0.835309198101347, 0.008273478384971562], [0.5453053198583959, 0.15276650332941902, 0.23585401324318161, 0.06607416356900334], [0.18552189259592067, 0.16315428581061897, 0.34655315033864736, 0.3047706712548131]], "state_values": [-0.9760357872212525, 0.37364219029718954, 2.0511009630871238, 2.489960629306088, -0.6737190513663324, 0.5860545670564347, 0.5023993225025786, 1.393498558880405, 0.07681478374242025, -0.3728049606708284, -0.5836593947483811, -1.673117834079898, 1.1643756053929868, -1.9785605022790695, 1.2261789711116438, 1.3587997136057866], "value_grad": [-0.07749712467193604, 0.04755961894989014, 0.3845161199569702, 0.4648246765136719, 0.30202925205230713, 0.4195619225502014, 0.15131151676177979, 0.08173418045043945, -0.014533281326293945, 0.11115717887878418, -0.32175004482269287, -0.007920026779174805, -0.06431031227111816, 0.7636464238166809, -0.5140081644058228, 0.08715963363647461], "action_grad": [[0.0, 0.0, 0.0], [0.0, 0.0, 0.0], [0.0, 0.0, 0.0], [0.0, 0.0, 0.0], [0.0, 0.0, 0.0], [0.0, 0.0, 0.0], [0.0, 0.0, 0.0], [0.0, 0.0, 0.0], [0.0, 0.0, 0.0], [0.0, 0.0, 0.0], [0.0, 0.0, 0.0], [0.0, 0.0, 0.0], [0.0, 0.0, 0.0], [0.0, 0.0, 0.0], [0.0, 0.0, 0.0], [0.0, 0.0, 0.0]], "action_params_change": 0, "value_params_change": 0.4907205369073657}
{"iterations": 1, "type_itr": 0, "sub_iteration": 7, "sub_it_time": 2.4166102409362793, "total_time": 19.85015320777893, "value_loss": 0.9988308548927307, "action_loss": -0.3175397515296936, "action_probs": [[0.6158723911791095, 0.0916042138606346, 0.2546474066374012, 0.03787598832285458], [8.270151061343469e-07, 1.0544414538028952e-05, 0.07272662520624543, 0.9272620033641107], [0.2511531587998358, 0.16255883014180614, 0.35591931072742106, 0.23036870033093682], [0.17018451367044568, 0.5553469870188792, 0.0643807857118058, 0.21008771359886938], [0.40693633414598984, 0.3617740178704517, 0.1224390451220731, 0.10885060286148554], [0.7463140294817721, 0.18773952086336582, 0.0526915834255445, 0.013254866229317482], [0.27594484358319543, 0.6991564624004335, 0.00704610503915036, 0.01785258897722066], [0.012114114156798743, 0.008175617365500374, 0.5849422906302686, 0.3947679778474322], [0.03355445502556271, 0.42222238450859756, 0.04006590501699231, 0.5041572554488474], [0.0007245994930717526, 0.0035219974494599044, 0.1699060261296591, 0.8258473769278094], [0.0007593011371390228, 0.001619009230247498, 0.31850144277216164, 0.6791202468604518], [0.7807109981158884, 0.19823396475704055, 0.016791443517521407, 0.0042635936095498355], [0.12210871214458949, 0.00026900564570592856, 0.8756931291500253, 0.001929153059679414], [0.15488325295818395, 0.001534070555497635, 0.835309198101347, 0.008273478384971562], [0.5453053198583959, 0.15276650332941902, 0.23585401324318161, 0.06607416356900334], [0.18552189259592067, 0.16315428581061897, 0.34655315033864736, 0.3047706712548131]], "state_values": [-0.47845443118277503, -0.08456989863327809, 1.527014202347286, 3.4282512778985423, -0.6064576791775175, -0.19785944368877756, -0.07368737577689766, 0.7017949696589014, 0.4364860490713996, -0.01407606971336295, -1.572205246685068, -1.9824544261707415, 1.3936077308881316, -1.7844616540081746, 0.6549081115551603, 2.0134727768539418], "value_grad": [-0.10490036010742188, 0.04716360569000244, 0.16742879152297974, 0.22512608766555786, 0.21257293224334717, 0.004554033279418945, 0.1478663682937622, 0.039362311363220215, -0.055083513259887695, 0.11088001728057861, 0.0644686222076416, 0.2224332094192505, -0.18081367015838623, 0.5856444835662842, -0.3870900273323059, 0.4347683787345886], "action_grad": [[0.0, 0.0, 0.0], [0.0, 0.0, 0.0], [0.0, 0.0, 0.0], [0.0, 0.0, 0.0], [0.0, 0.0, 0.0], [0.0, 0.0, 0.0], [0.0, 0.0, 0.0], [0.0, 0.0, 0.0], [0.0, 0.0, 0.0], [0.0, 0.0, 0.0], [0.0, 0.0, 0.0], [0.0, 0.0, 0.0], [0.0, 0.0, 0.0], [0.0, 0.0, 0.0], [0.0, 0.0, 0.0], [0.0, 0.0, 0.0]], "action_params_change": 0, "value_params_change": 0.46842957268538976}
{"iterations": 1, "type_itr": 0, "sub_iteration": 8, "sub_it_time": 2.4287467002868652, "total_time": 22.280746459960938, "value_loss": 1.0600128173828125, "action_loss": -0.3057587146759033, "action_probs": [[0.6158723911791095, 0.0916042138606346, 0.2546474066374012, 0.03787598832285458], [8.270151061343469e-07, 1.0544414538028952e-05, 0.07272662520624543, 0.9272620033641107], [0.2511531587998358, 0.16255883014180614, 0.35591931072742106, 0.23036870033093682], [0.17018451367044568, 0.5553469870188792, 0.0643807857118058, 0.21008771359886938], [0.40693633414598984, 0.3617740178704517, 0.1224390451220731, 0.10885060286148554], [0.7463140294817721, 0.18773952086336582, 0.0526915834255445, 0.013254866229317482], [0.27594484358319543, 0.6991564624004335, 0.00704610503915036, 0.01785258897722066], [0.012114114156798743, 0.008175617365500374, 0.5849422906302686, 0.3947679778474322], [0.03355445502556271, 0.42222238450859756, 0.04006590501699231, 0.5041572554488474], [0.0007245994930717526, 0.0035219974494599044, 0.1699060261296591, 0.8258473769278094], [0.0007593011371390228, 0.001619009230247498, 0.31850144277216164, 0.6791202468604518], [0.7807109981158884, 0.19823396475704055, 0.016791443517521407, 0.0042635936095498355], [0.12210871214458949, 0.00026900564570592856, 0.8756931291500253, 0.001929153059679414], [0.15488325295818395, 0.001534070555497635, 0.835309198101347, 0.008273478384971562], [0.5453053198583959, 0.15276650332941902, 0.23585401324318161, 0.06607416356900334], [0.18552189259592067, 0.16315428581061897, 0.34655315033864736, 0.3047706712548131]], "state_values": [-0.057518101358328105, -0.3706177538687439, 1.0291149588302313, 4.12845858573054, -0.3825177791366594, -0.877251685394083, -0.36930791110734534, -0.07067694402324966, 0.541877502431513, -0.0814954156248779, -2.1909951848518703, -2.0452022854491294, 1.447291363062335, -1.4324897877414444, 0.01777795592688661, 2.3621222554516907], "value_grad": [0.010097980499267578, -0.14038193225860596, 0.025027155876159668, 0.09250545501708984, 0.26044929027557373, -0.02411651611328125, 0.2857931852340698, 0.11222636699676514, 0.2861495018005371, -0.2049696445465088, 0.45250916481018066, 0.14335191249847412, -0.25054931640625, 0.6366096138954163, -0.3022271394729614, 0.599544107913971], "action_grad": [[0.0, 0.0, 0.0], [0.0, 0.0, 0.0], [0.0, 0.0, 0.0], [0.0, 0.0, 0.0], [0.0, 0.0, 0.0], [0.0, 0.0, 0.0], [0.0, 0.0, 0.0], [0.0, 0.0, 0.0], [0.0, 0.0, 0.0], [0.0, 0.0, 0.0], [0.0, 0.0, 0.0], [0.0, 0.0, 0.0], [0.0, 0.0, 0.0], [0.0, 0.0, 0.0], [0.0, 0.0, 0.0], [0.0, 0.0, 0.0]], "action_params_change": 0, "value_params_change": 0.4318613402512752}
{"iterations": 1, "type_itr": 0, "sub_iteration": 9, "sub_it_time": 2.349968194961548, "total_time": 24.6324622631073, "value_loss": 1.2671605348587036, "action_loss": -0.2460583597421646, "action_probs": [[0.6158723911791095, 0.0916042138606346, 0.2546474066374012, 0.03787598832285458], [8.270151061343469e-07, 1.0544414538028952e-05, 0.07272662520624543, 0.9272620033641107], [0.2511531587998358, 0.16255883014180614, 0.35591931072742106, 0.23036870033093682], [0.17018451367044568, 0.5553469870188792, 0.0643807857118058, 0.21008771359886938], [0.40693633414598984, 0.3617740178704517, 0.1224390451220731, 0.10885060286148554], [0.7463140294817721, 0.18773952086336582, 0.0526915834255445, 0.013254866229317482], [0.27594484358319543, 0.6991564624004335, 0.00704610503915036, 0.01785258897722066], [0.012114114156798743, 0.008175617365500374, 0.5849422906302686, 0.3947679778474322], [0.03355445502556271, 0.42222238450859756, 0.04006590501699231, 0.5041572554488474], [0.0007245994930717526, 0.0035219974494599044, 0.1699060261296591, 0.8258473769278094], [0.0007593011371390228, 0.001619009230247498, 0.31850144277216164, 0.6791202468604518], [0.7807109981158884, 0.19823396475704055, 0.016791443517521407, 0.0042635936095498355], [0.12210871214458949, 0.00026900564570592856, 0.8756931291500253, 0.001929153059679414], [0.15488325295818395, 0.001534070555497635, 0.835309198101347, 0.008273478384971562], [0.5453053198583959, 0.15276650332941902, 0.23585401324318161, 0.06607416356900334], [0.18552189259592067, 0.16315428581061897, 0.34655315033864736, 0.3047706712548131]], "state_values": [0.33947980839507924, -0.4528271420724324, 0.5654961916153365, 4.616737541251643, -0.19675094699884238, -1.3304568023622656, -0.586257054607408, -0.8667158341171471, 0.5444800235518223, -0.2719685842857062, -2.4476892333426337, -2.0438923301335774, 1.331323130071249, -0.9283737237230034, -0.5898898103884498, 2.50951217949952], "value_grad": [-0.008751511573791504, -0.21174120903015137, 0.01496875286102295, 0.15249967575073242, -0.02312636375427246, -0.24940061569213867, 0.06886422634124756, 0.08323907852172852, 0.13467955589294434, -0.08355605602264404, 0.674071192741394, 0.04336202144622803, -0.29941582679748535, 0.7236901521682739, -0.09036707878112793, 0.5240267515182495], "action_grad": [[0.0, 0.0, 0.0], [0.0, 0.0, 0.0], [0.0, 0.0, 0.0], [0.0, 0.0, 0.0], [0.0, 0.0, 0.0], [0.0, 0.0, 0.0], [0.0, 0.0, 0.0], [0.0, 0.0, 0.0], [0.0, 0.0, 0.0], [0.0, 0.0, 0.0], [0.0, 0.0, 0.0], [0.0, 0.0, 0.0], [0.0, 0.0, 0.0], [0.0, 0.0, 0.0], [0.0, 0.0, 0.0], [0.0, 0.0, 0.0]], "action_params_change": 0, "value_params_change": 0.41056407443899157}
{"iterations": 1, "type_itr": 0, "sub_iteration": 10, "sub_it_time": 2.352994203567505, "total_time": 26.987430095672607, "value_loss": 1.2837529182434082, "action_loss": -0.16468484699726105, "action_probs": [[0.6158723911791095, 0.0916042138606346, 0.2546474066374012, 0.03787598832285458], [8.270151061343469e-07, 1.0544414538028952e-05, 0.07272662520624543, 0.9272620033641107], [0.2511531587998358, 0.16255883014180614, 0.35591931072742106, 0.23036870033093682], [0.17018451367044568, 0.5553469870188792, 0.0643807857118058, 0.21008771359886938], [0.40693633414598984, 0.3617740178704517, 0.1224390451220731, 0.10885060286148554], [0.7463140294817721, 0.18773952086336582, 0.0526915834255445, 0.013254866229317482], [0.27594484358319543, 0.6991564624004335, 0.00704610503915036, 0.01785258897722066], [0.012114114156798743, 0.008175617365500374, 0.5849422906302686, 0.3947679778474322], [0.03355445502556271, 0.42222238450859756, 0.04006590501699231, 0.5041572554488474], [0.0007245994930717526, 0.0035219974494599044, 0.1699060261296591, 0.8258473769278094], [0.0007593011371390228, 0.001619009230247498, 0.31850144277216164, 0.6791202468604518], [0.7807109981158884, 0.19823396475704055, 0.016791443517521407, 0.0042635936095498355], [0.12210871214458949, 0.00026900564570592856, 0.8756931291500253, 0.001929153059679414], [0.15488325295818395, 0.001534070555497635, 0.835309198101347, 0.008273478384971562], [0.5453053198583959, 0.15276650332941902, 0.23585401324318161, 0.06607416356900334], [0.18552189259592067, 0.16315428581061897, 0.34655315033864736, 0.3047706712548131]], "state_values": [0.4603788683094995, -0.38199810237065, 0.3309541730072593, 4.891405190683117, 0.033230182539812365, -1.51370694705698, -0.7785163214742821, -1.359395543364259, 0.4130648471542744, -0.4102113123915932, -2.4349800720602577, -1.8262636916581063, 1.1366411151625477, -0.3580208558504958, -1.0890613555641016, 2.4591207857518493], "value_grad": [0.09405004978179932, -0.19118881225585938, -0.26421117782592773, 0.014731287956237793, 0.10193037986755371, -0.40859270095825195, 0.0019006729125976562, -0.12711584568023682, 0.20516753196716309, 0.020393967628479004, 0.7391737699508667, 0.17827928066253662, -0.169685959815979, 0.42771947383880615, 0.0867241621017456, 0.6813180446624756], "action_grad": [[0.0, 0.0, 0.0], [0.0, 0.0, 0.0], [0.0, 0.0, 0.0], [0.0, 0.0, 0.0], [0.0, 0.0, 0.0], [0.0, 0.0, 0.0], [0.0, 0.0, 0.0], [0.0, 0.0, 0.0], [0.0, 0.0, 0.0], [0.0, 0.0, 0.0], [0.0, 0.0, 0.0], [0.0, 0.0, 0.0], [0.0, 0.0, 0.0], [0.0, 0.0, 0.0], [0.0, 0.0, 0.0], [0.0, 0.0, 0.0]], "action_params_change": 0, "value_params_change": 0.37058052677337633}
{"iterations": 1, "type_itr": 0, "sub_iteration": 11, "sub_it_time": 2.3829445838928223, "total_time": 29.372228384017944, "value_loss": 1.3088988065719604, "action_loss": -0.11455243080854416, "action_probs": [[0.6158723911791095, 0.0916042138606346, 0.2546474066374012, 0.03787598832285458], [8.270151061343469e-07, 1.0544414538028952e-05, 0.07272662520624543, 0.9272620033641107], [0.2511531587998358, 0.16255883014180614, 0.35591931072742106, 0.23036870033093682], [0.17018451367044568, 0.5553469870188792, 0.0643807857118058, 0.21008771359886938], [0.40693633414598984, 0.3617740178704517, 0.1224390451220731, 0.10885060286148554], [0.7463140294817721, 0.18773952086336582, 0.0526915834255445, 0.013254866229317482], [0.27594484358319543, 0.6991564624004335, 0.00704610503915036, 0.01785258897722066], [0.012114114156798743, 0.008175617365500374, 0.5849422906302686, 0.3947679778474322], [0.03355445502556271, 0.42222238450859756, 0.04006590501699231, 0.5041572554488474], [0.0007245994930717526, 0.0035219974494599044, 0.1699060261296591, 0.8258473769278094], [0.0007593011371390228, 0.001619009230247498, 0.31850144277216164, 0.6791202468604518], [0.7807109981158884, 0.19823396475704055, 0.016791443517521407, 0.0042635936095498355], [0.12210871214458949, 0.00026900564570592856, 0.8756931291500253, 0.001929153059679414], [0.15488325295818395, 0.001534070555497635, 0.835309198101347, 0.008273478384971562], [0.5453053198583959, 0.15276650332941902, 0.23585401324318161, 0.06607416356900334], [0.18552189259592067, 0.16315428581061897, 0.34655315033864736, 0.3047706712548131]], "state_values": [0.612795578388701, -0.13018415934889263, 0.2867892860777514, 4.993715113396678, 0.2023476371624649, -1.4803790230416747, -1.0693139011858206, -1.6076377825012091, 0.2133288617900555, -0.4145033290192038, -2.2625937411515094, -1.4545586995388309, 0.8342587114162013, 0.2013637088181511, -1.4344900865593546, 2.2288242449427242], "value_grad": [-0.01983952522277832, -0.270666241645813, -0.2600135803222656, -0.08458566665649414, -0.059320688247680664, -0.4239577054977417, -0.19514894485473633, -0.12980890274047852, 0.12743282318115234, 0.07666552066802979, 0.566200852394104, 0.15440011024475098, -0.24484682083129883, 0.15689527988433838, 0.2141963243484497, 0.7693489789962769], "action_grad": [[0.0, 0.0, 0.0], [0.0, 0.0, 0.0], [0.0, 0.0, 0.0], [0.0, 0.0, 0.0], [0.0, 0.0, 0.0], [0.0, 0.0, 0.0], [0.0, 0.0, 0.0], [0.0, 0.0, 0.0], [0.0, 0.0, 0.0], [0.0, 0.0, 0.0], [0.0, 0.0, 0.0], [0.0, 0.0, 0.0], [0.0, 0.0, 0.0], [0.0, 0.0, 0.0], [0.0, 0.0, 0.0], [0.0, 0.0, 0.0]], "action_params_change": 0, "value_params_change": 0.31730426831383757}
{"iterations": 1, "type_itr": 0, "sub_iteration": 12, "sub_it_time": 2.342057704925537, "total_time": 31.716200351715088, "value_loss": 1.2146904468536377, "action_loss": -0.11402721703052521, "action_probs": [[0.6158723911791095, 0.0916042138606346, 0.2546474066374012, 0.03787598832285458], [8.270151061343469e-07, 1.0544414538028952e-05, 0.07272662520624543, 0.9272620033641107], [0.2511531587998358, 0.16255883014180614, 0.35591931072742106, 0.23036870033093682], [0.17018451367044568, 0.5553469870188792, 0.0643807857118058, 0.21008771359886938], [0.40693633414598984, 0.3617740178704517, 0.1224390451220731, 0.10885060286148554], [0.7463140294817721, 0.18773952086336582, 0.0526915834255445, 0.013254866229317482], [0.27594484358319543, 0.6991564624004335, 0.00704610503915036, 0.01785258897722066], [0.012114114156798743, 0.008175617365500374, 0.5849422906302686, 0.3947679778474322], [0.03355445502556271, 0.42222238450859756, 0.04006590501699231, 0.5041572554488474], [0.0007245994930717526, 0.0035219974494599044, 0.1699060261296591, 0.8258473769278094], [0.0007593011371390228, 0.001619009230247498, 0.31850144277216164, 0.6791202468604518], [0.7807109981158884, 0.19823396475704055, 0.016791443517521407, 0.0042635936095498355], [0.12210871214458949, 0.00026900564570592856, 0.8756931291500253, 0.001929153059679414], [0.15488325295818395, 0.001534070555497635, 0.835309198101347, 0.008273478384971562], [0.5453053198583959, 0.15276650332941902, 0.23585401324318161, 0.06607416356900334], [0.18552189259592067, 0.16315428581061897, 0.34655315033864736, 0.3047706712548131]], "state_values": [0.7069966208978352, 0.0392942406299266, 0.4195551355539104, 4.981098560827852, 0.3014778173565474, -1.254659776270306, -1.2797539830987241, -1.7847417573305004, -0.01813556054584965, -0.41399665781567746, -1.9806336130802238, -1.0866422757896455, 0.47717463900914153, 0.6782163814376829, -1.5561634592345341, 1.8601984711292991], "value_grad": [0.01908719539642334, 0.08050656318664551, -0.2901493310928345, -0.06371641159057617, -0.0840311050415039, -0.46787405014038086, 0.07706165313720703, -0.03373908996582031, 0.08007121086120605, 0.002851128578186035, 0.4458564519882202, 0.02082955837249756, -0.1585979461669922, -0.09068417549133301, 0.4331843852996826, 0.6825062036514282], "action_grad": [[0.0, 0.0, 0.0], [0.0, 0.0, 0.0], [0.0, 0.0, 0.0], [0.0, 0.0, 0.0], [0.0, 0.0, 0.0], [0.0, 0.0, 0.0], [0.0, 0.0, 0.0], [0.0, 0.0, 0.0], [0.0, 0.0, 0.0], [0.0, 0.0, 0.0], [0.0, 0.0, 0.0], [0.0, 0.0, 0.0], [0.0, 0.0, 0.0], [0.0, 0.0, 0.0], [0.0, 0.0, 0.0], [0.0, 0.0, 0.0]], "action_params_change": 0, "value_params_change": 0.2742471833819372}
{"iterations": 1, "type_itr": 0, "sub_iteration": 13, "sub_it_time": 2.3439762592315674, "total_time": 34.062124490737915, "value_loss": 1.1416285037994385, "action_loss": -0.11764031648635864, "action_probs": [[0.6158723911791095, 0.0916042138606346, 0.2546474066374012, 0.03787598832285458], [8.270151061343469e-07, 1.0544414538028952e-05, 0.07272662520624543, 0.9272620033641107], [0.2511531587998358, 0.16255883014180614, 0.35591931072742106, 0.23036870033093682], [0.17018451367044568, 0.5553469870188792, 0.0643807857118058, 0.21008771359886938], [0.40693633414598984, 0.3617740178704517, 0.1224390451220731, 0.10885060286148554], [0.7463140294817721, 0.18773952086336582, 0.0526915834255445, 0.013254866229317482], [0.27594484358319543, 0.6991564624004335, 0.00704610503915036, 0.01785258897722066], [0.012114114156798743, 0.008175617365500374, 0.5849422906302686, 0.3947679778474322], [0.03355445502556271, 0.42222238450859756, 0.04006590501699231, 0.5041572554488474], [0.0007245994930717526, 0.0035219974494599044, 0.1699060261296591, 0.8258473769278094], [0.0007593011371390228, 0.001619009230247498, 0.31850144277216164, 0.6791202468604518], [0.7807109981158884, 0.19823396475704055, 0.016791443517521407, 0.0042635936095498355], [0.12210871214458949, 0.00026900564570592856, 0.8756931291500253, 0.001929153059679414], [0.15488325295818395, 0.001534070555497635, 0.835309198101347, 0.008273478384971562], [0.5453053198583959, 0.15276650332941902, 0.23585401324318161, 0.06607416356900334], [0.18552189259592067, 0.16315428581061897, 0.34655315033864736, 0.3047706712548131]], "state_values": [0.8037470068361703, 0.20670576098401694, 0.6671850717525248, 4.881503270400688, 0.29981110135129785, -0.8964608547534375, -1.33169943104406, -1.924185468285131, -0.21757203867232314, -0.2689446558378917, -1.610047485692663, -0.671363958732807, 0.14020777005959323, 0.9800760930501555, -1.432585170982497, 1.3441718455741247], "value_grad": [-0.005345821380615234, -0.020314931869506836, -0.22777926921844482, 0.0833975076675415, -0.14521324634552002, -0.3838825225830078, 0.21823561191558838, -0.014691710472106934, -0.01484990119934082, 0.09658432006835938, 0.39310920238494873, 0.06553792953491211, -0.022809743881225586, -0.430649995803833, 0.6142358183860779, 0.8051474094390869], "action_grad": [[0.0, 0.0, 0.0], [0.0, 0.0, 0.0], [0.0, 0.0, 0.0], [0.0, 0.0, 0.0], [0.0, 0.0, 0.0], [0.0, 0.0, 0.0], [0.0, 0.0, 0.0], [0.0, 0.0, 0.0], [0.0, 0.0, 0.0], [0.0, 0.0, 0.0], [0.0, 0.0, 0.0], [0.0, 0.0, 0.0], [0.0, 0.0, 0.0], [0.0, 0.0, 0.0], [0.0, 0.0, 0.0], [0.0, 0.0, 0.0]], "action_params_change": 0, "value_params_change": 0.26233139894390095}
