{"iterations": 0, "type_itr": 0, "sub_iteration": 0, "sub_it_time": 0, "total_time": 0, "value_loss": 0, "action_loss": 0, "action_probs": [[0.03979183776141369, 0.4828750566945215, 0.036340471714269865, 0.4409926338297949], [0.572698943444481, 0.33158018159729463, 0.06062203852336401, 0.03509883643486044], [0.1679658014056533, 0.06265951499902715, 0.5603401973638926, 0.20903448623142717], [0.045217669421771925, 0.16792255525375158, 0.16693219337681323, 0.6199275819476633], [0.01601904272117394, 0.6159741787194041, 0.009327815722433755, 0.35867896283698836], [0.027585525563158048, 0.8750937849749783, 0.002974082086110895, 0.09434660737575273], [0.7788618630926815, 0.037312452018611525, 0.17542185874494629, 0.008403826143760717], [0.5810358364090081, 0.3887883976808939, 0.018078741248726993, 0.01209702466137092], [0.0124962286966798, 0.7222835555662788, 0.00451053845222114, 0.26070967728482053], [0.515806754213812, 0.2649743283464321, 0.1448224102665057, 0.07439650717325023], [0.00023283444124754866, 0.4272060153200723, 0.0003118854441291841, 0.5722492647945508], [0.00409928807772012, 0.0011607253550440962, 0.7752310558689268, 0.21950893069830887], [0.3641102728106359, 0.10875876690308142, 0.40589207928049315, 0.1212388810057894], [0.3489991420305486, 0.6199939356851969, 0.011167664169203869, 0.019839258115050606], [0.15758160938029958, 0.08380941389744127, 0.4952248091872564, 0.26338416753500254], [0.19366267282855054, 0.8020860582709447, 0.00082682716278787, 0.003424441737716747]], "state_values": [-4.9969998116725645, 4.60406818705694, 4.29049997509998, 2.4143192593234533, 3.3609114019500046, 0.1420202670310238, -4.770685939533624, 1.0114852959919887, 4.368752204749008, 3.5376991983225716, 4.992928924014426, -3.0472740655872586, 4.431924645256719, 4.508043604273085, 1.548289570860422, -0.011666912733547577], "value_grad": [0.0, 0.0, 0.0, 0.0, 0.0, 0.0, 0.0, 0.0, 0.0, 0.0, 0.0, 0.0, 0.0, 0.0, 0.0, 0.0], "action_grad": [[0.0, 0.0, 0.0], [0.0, 0.0, 0.0], [0.0, 0.0, 0.0], [0.0, 0.0, 0.0], [0.0, 0.0, 0.0], [0.0, 0.0, 0.0], [0.0, 0.0, 0.0], [0.0, 0.0, 0.0], [0.0, 0.0, 0.0], [0.0, 0.0, 0.0], [0.0, 0.0, 0.0], [0.0, 0.0, 0.0], [0.0, 0.0, 0.0], [0.0, 0.0, 0.0], [0.0, 0.0, 0.0], [0.0, 0.0, 0.0]], "action_params_change": 0, "value_params_change": 0}
{"iterations": 1, "type_itr": 0, "sub_iteration": 0, "sub_it_time": 0.1307811737060547, "total_time": 0.13218212127685547, "value_loss": 10.272239685058594, "action_loss": -1.1596325635910034, "action_probs": [[0.03979183776141369, 0.4828750566945215, 0.036340471714269865, 0.4409926338297949], [0.572698943444481, 0.33158018159729463, 0.06062203852336401, 0.03509883643486044], [0.1679658014056533, 0.06265951499902715, 0.5603401973638926, 0.20903448623142717], [0.045217669421771925, 0.16792255525375158, 0.16693219337681323, 0.6199275819476633], [0.01601904272117394, 0.6159741787194041, 0.009327815722433755, 0.35867896283698836], [0.027585525563158048, 0.8750937849749783, 0.002974082086110895, 0.09434660737575273], [0.7788618630926815, 0.037312452018611525, 0.17542185874494629, 0.008403826143760717], [0.5810358364090081, 0.3887883976808939, 0.018078741248726993, 0.01209702466137092], [0.0124962286966798, 0.7222835555662788, 0.00451053845222114, 0.26070967728482053], [0.515806754213812, 0.2649743283464321, 0.1448224102665057, 0.07439650717325023], [0.00023283444124754866, 0.4272060153200723, 0.0003118854441291841, 0.5722492647945508], [0.00409928807772012, 0.0011607253550440962, 0.7752310558689268, 0.21950893069830887], [0.3641102728106359, 0.10875876690308142, 0.40589207928049315, 0.1212388810057894], [0.3489991420305486, 0.6199939356851969, 0.011167664169203869, 0.019839258115050606], [0.15758160938029958, 0.08380941389744127, 0.4952248091872564, 0.26338416753500254], [0.19366267282855054, 0.8020860582709447, 0.00082682716278787, 0.003424441737716747]], "state_values": [-4.798808713216521, 4.9433801353146904, 3.5219305642064374, 3.4225164956459158, 2.340557050426718, 1.3741258465358934, -4.992703130529039, 2.191484083929759, 4.834593174995442, 2.5535516528186646, 4.771945729377939, -3.933276708972695, 3.721470491259448, 4.508043604273085, 0.32393919785880043, 1.2257118719827511], "value_grad": [0.05544090270996094, -0.6930007934570312, 1.4889602661132812, 0.5266799926757812, -1.0810813903808594, -0.28511905670166016, 0.6494388580322266, 0.8553581237792969, 0.6930007934570312, 0.9345598220825195, 0.1742391586303711, 0.43560028076171875, 0.011881828308105469, 0.0, 0.3405599594116211, 0.03563976287841797], "action_grad": [[0.0, 0.0, 0.0], [0.0, 0.0, 0.0], [0.0, 0.0, 0.0], [0.0, 0.0, 0.0], [0.0, 0.0, 0.0], [0.0, 0.0, 0.0], [0.0, 0.0, 0.0], [0.0, 0.0, 0.0], [0.0, 0.0, 0.0], [0.0, 0.0, 0.0], [0.0, 0.0, 0.0], [0.0, 0.0, 0.0], [0.0, 0.0, 0.0], [0.0, 0.0, 0.0], [0.0, 0.0, 0.0], [0.0, 0.0, 0.0]], "action_params_change": 0, "value_params_change": 0.49999999664195194}
{"iterations": 1, "type_itr": 0, "sub_iteration": 1, "sub_it_time": 0.12910056114196777, "total_time": 0.26308131217956543, "value_loss": 11.309760093688965, "action_loss": -0.9834147691726685, "action_probs": [[0.03979183776141369, 0.4828750566945215, 0.036340471714269865, 0.4409926338297949], [0.572698943444481, 0.33158018159729463, 0.06062203852336401, 0.03509883643486044], [0.1679658014056533, 0.06265951499902715, 0.5603401973638926, 0.20903448623142717], [0.045217669421771925, 0.16792255525375158, 0.16693219337681323, 0.6199275819476633], [0.01601904272117394, 0.6159741787194041, 0.009327815722433755, 0.35867896283698836], [0.027585525563158048, 0.8750937849749783, 0.002974082086110895, 0.09434660737575273], [0.7788618630926815, 0.037312452018611525, 0.17542185874494629, 0.008403826143760717], [0.5810358364090081, 0.3887883976808939, 0.018078741248726993, 0.01209702466137092], [0.0124962286966798, 0.7222835555662788, 0.00451053845222114, 0.26070967728482053], [0.515806754213812, 0.2649743283464321, 0.1448224102665057, 0.07439650717325023], [0.00023283444124754866, 0.4272060153200723, 0.0003118854441291841, 0.5722492647945508], [0.00409928807772012, 0.0011607253550440962, 0.7752310558689268, 0.21950893069830887], [0.3641102728106359, 0.10875876690308142, 0.40589207928049315, 0.1212388810057894], [0.3489991420305486, 0.6199939356851969, 0.011167664169203869, 0.019839258115050606], [0.15758160938029958, 0.08380941389744127, 0.4952248091872564, 0.26338416753500254], [0.19366267282855054, 0.8020860582709447, 0.00082682716278787, 0.003424441737716747]], "state_values": [-4.372874534911912, 4.975551847321847, 3.2016999594391415, 3.9337475166598246, 1.1811013166429096, 0.5714275871092279, -4.917075043303633, 2.485645695250853, 4.99851417902673, 2.209808558285018, 4.9347714978171755, -4.557987671269332, 4.2343546251838715, 4.030228430880143, 1.0750240309653567, 0.35761571832349404], "value_grad": [0.21780014038085938, -0.9028797149658203, -0.5939998626708984, -0.04355812072753906, -1.5206375122070312, 2.2849206924438477, -2.1027603149414062, -0.42768001556396484, 1.8136796951293945, -0.41184043884277344, -0.7207212448120117, 0.8553609848022461, -0.13463973999023438, 1.5721197128295898, -1.8097200393676758, -0.6177587509155273], "action_grad": [[0.0, 0.0, 0.0], [0.0, 0.0, 0.0], [0.0, 0.0, 0.0], [0.0, 0.0, 0.0], [0.0, 0.0, 0.0], [0.0, 0.0, 0.0], [0.0, 0.0, 0.0], [0.0, 0.0, 0.0], [0.0, 0.0, 0.0], [0.0, 0.0, 0.0], [0.0, 0.0, 0.0], [0.0, 0.0, 0.0], [0.0, 0.0, 0.0], [0.0, 0.0, 0.0], [0.0, 0.0, 0.0], [0.0, 0.0, 0.0]], "action_params_change": 0, "value_params_change": 0.4991304156025632}
{"iterations": 1, "type_itr": 0, "sub_iteration": 2, "sub_it_time": 0.12592101097106934, "total_time": 0.3905453681945801, "value_loss": 11.503800392150879, "action_loss": -0.9229249358177185, "action_probs": [[0.03979183776141369, 0.4828750566945215, 0.036340471714269865, 0.4409926338297949], [0.572698943444481, 0.33158018159729463, 0.06062203852336401, 0.03509883643486044], [0.1679658014056533, 0.06265951499902715, 0.5603401973638926, 0.20903448623142717], [0.045217669421771925, 0.16792255525375158, 0.16693219337681323, 0.6199275819476633], [0.01601904272117394, 0.6159741787194041, 0.009327815722433755, 0.35867896283698836], [0.027585525563158048, 0.8750937849749783, 0.002974082086110895, 0.09434660737575273], [0.7788618630926815, 0.037312452018611525, 0.17542185874494629, 0.008403826143760717], [0.5810358364090081, 0.3887883976808939, 0.018078741248726993, 0.01209702466137092], [0.0124962286966798, 0.7222835555662788, 0.00451053845222114, 0.26070967728482053], [0.515806754213812, 0.2649743283464321, 0.1448224102665057, 0.07439650717325023], [0.00023283444124754866, 0.4272060153200723, 0.0003118854441291841, 0.5722492647945508], [0.00409928807772012, 0.0011607253550440962, 0.7752310558689268, 0.21950893069830887], [0.3641102728106359, 0.10875876690308142, 0.40589207928049315, 0.1212388810057894], [0.3489991420305486, 0.6199939356851969, 0.011167664169203869, 0.019839258115050606], [0.15758160938029958, 0.08380941389744127, 0.4952248091872564, 0.26338416753500254], [0.19366267282855054, 0.8020860582709447, 0.00082682716278787, 0.003424441737716747]], "state_values": [-4.545601157194218, 4.751845402602137, 3.0247784694666113, 4.4631880967811055, 0.2874249971814133, 0.04967521865709348, -4.6888876255676415, 2.9898895039716877, 4.925255706240345, 2.6644155480355884, 4.934295860870755, -4.778747817898858, 3.8049020912739837, 3.550560396434235, 1.593092449675922, -0.570696554916753], "value_grad": [-0.5068798065185547, -0.1979990005493164, -0.21383953094482422, 0.8316001892089844, 0.12671947479248047, -0.3049201965332031, -1.5127201080322266, 0.5108413696289062, 0.22175979614257812, -1.6552791595458984, 0.5108394622802734, -0.32868099212646484, 1.302840232849121, 0.03959941864013672, 0.11087894439697266, -0.2494802474975586], "action_grad": [[0.0, 0.0, 0.0], [0.0, 0.0, 0.0], [0.0, 0.0, 0.0], [0.0, 0.0, 0.0], [0.0, 0.0, 0.0], [0.0, 0.0, 0.0], [0.0, 0.0, 0.0], [0.0, 0.0, 0.0], [0.0, 0.0, 0.0], [0.0, 0.0, 0.0], [0.0, 0.0, 0.0], [0.0, 0.0, 0.0], [0.0, 0.0, 0.0], [0.0, 0.0, 0.0], [0.0, 0.0, 0.0], [0.0, 0.0, 0.0]], "action_params_change": 0, "value_params_change": 0.4348916135588099}
{"iterations": 1, "type_itr": 0, "sub_iteration": 3, "sub_it_time": 0.12496089935302734, "total_time": 0.5176370143890381, "value_loss": 10.442520141601562, "action_loss": -0.9439333081245422, "action_probs": [[0.03979183776141369, 0.4828750566945215, 0.036340471714269865, 0.4409926338297949], [0.572698943444481, 0.33158018159729463, 0.06062203852336401, 0.03509883643486044], [0.1679658014056533, 0.06265951499902715, 0.5603401973638926, 0.20903448623142717], [0.045217669421771925, 0.16792255525375158, 0.16693219337681323, 0.6199275819476633], [0.01601904272117394, 0.6159741787194041, 0.009327815722433755, 0.35867896283698836], [0.027585525563158048, 0.8750937849749783, 0.002974082086110895, 0.09434660737575273], [0.7788618630926815, 0.037312452018611525, 0.17542185874494629, 0.008403826143760717], [0.5810358364090081, 0.3887883976808939, 0.018078741248726993, 0.01209702466137092], [0.0124962286966798, 0.7222835555662788, 0.00451053845222114, 0.26070967728482053], [0.515806754213812, 0.2649743283464321, 0.1448224102665057, 0.07439650717325023], [0.00023283444124754866, 0.4272060153200723, 0.0003118854441291841, 0.5722492647945508], [0.00409928807772012, 0.0011607253550440962, 0.7752310558689268, 0.21950893069830887], [0.3641102728106359, 0.10875876690308142, 0.40589207928049315, 0.1212388810057894], [0.3489991420305486, 0.6199939356851969, 0.011167664169203869, 0.019839258115050606], [0.15758160938029958, 0.08380941389744127, 0.4952248091872564, 0.26338416753500254], [0.19366267282855054, 0.8020860582709447, 0.00082682716278787, 0.003424441737716747]], "state_values": [-4.4102725881889135, 4.286381413710381, 2.8766861011355527, 4.58656023394518, -0.04521448827219777, -0.5055853185367627, -4.29687181378552, 3.5342093348031716, 4.7592975501341535, 2.8055355161346114, 4.9073582834014715, -4.963535518416651, 3.557244207785582, 2.9377688549228513, 2.2863535190407793, -0.9423986380692803], "value_grad": [0.5742006301879883, -0.5821199417114258, -0.00395965576171875, -0.6296396255493164, 0.9464397430419922, 0.4395608901977539, -0.9662399291992188, 0.41184043884277344, -0.29303932189941406, 0.6652803421020508, 0.1900806427001953, 1.4137191772460938, -0.38411903381347656, 0.5385599136352539, -1.1167192459106445, 0.3167991638183594], "action_grad": [[0.0, 0.0, 0.0], [0.0, 0.0, 0.0], [0.0, 0.0, 0.0], [0.0, 0.0, 0.0], [0.0, 0.0, 0.0], [0.0, 0.0, 0.0], [0.0, 0.0, 0.0], [0.0, 0.0, 0.0], [0.0, 0.0, 0.0], [0.0, 0.0, 0.0], [0.0, 0.0, 0.0], [0.0, 0.0, 0.0], [0.0, 0.0, 0.0], [0.0, 0.0, 0.0], [0.0, 0.0, 0.0], [0.0, 0.0, 0.0]], "action_params_change": 0, "value_params_change": 0.4489282770604065}
{"iterations": 1, "type_itr": 0, "sub_iteration": 4, "sub_it_time": 0.12651348114013672, "total_time": 0.6457962989807129, "value_loss": 8.913960456848145, "action_loss": -0.8999242186546326, "action_probs": [[0.03979183776141369, 0.4828750566945215, 0.036340471714269865, 0.4409926338297949], [0.572698943444481, 0.33158018159729463, 0.06062203852336401, 0.03509883643486044], [0.1679658014056533, 0.06265951499902715, 0.5603401973638926, 0.20903448623142717], [0.045217669421771925, 0.16792255525375158, 0.16693219337681323, 0.6199275819476633], [0.01601904272117394, 0.6159741787194041, 0.009327815722433755, 0.35867896283698836], [0.027585525563158048, 0.8750937849749783, 0.002974082086110895, 0.09434660737575273], [0.7788618630926815, 0.037312452018611525, 0.17542185874494629, 0.008403826143760717], [0.5810358364090081, 0.3887883976808939, 0.018078741248726993, 0.01209702466137092], [0.0124962286966798, 0.7222835555662788, 0.00451053845222114, 0.26070967728482053], [0.515806754213812, 0.2649743283464321, 0.1448224102665057, 0.07439650717325023], [0.00023283444124754866, 0.4272060153200723, 0.0003118854441291841, 0.5722492647945508], [0.00409928807772012, 0.0011607253550440962, 0.7752310558689268, 0.21950893069830887], [0.3641102728106359, 0.10875876690308142, 0.40589207928049315, 0.1212388810057894], [0.3489991420305486, 0.6199939356851969, 0.011167664169203869, 0.019839258115050606], [0.15758160938029958, 0.08380941389744127, 0.4952248091872564, 0.26338416753500254], [0.19366267282855054, 0.8020860582709447, 0.00082682716278787, 0.003424441737716747]], "state_values": [-4.269170018717089, 3.785033426235119, 2.391507981185696, 4.792947510021708, -0.09415449798882598, -0.6116896312704801, -3.714431652842433, 3.4826466450542637, 4.527311294884393, 2.8857645054080425, 4.8589643904688655, -4.999833735260933, 3.5909836471360013, 2.1696137546293284, 2.6750818281879085, -1.4820666016463329], "value_grad": [0.03168010711669922, 0.16236019134521484, 1.4533195495605469, 0.8672409057617188, 0.7048788070678711, -1.2117605209350586, -1.2949209213256836, -1.2117605209350586, 0.14651966094970703, 0.13463973999023438, 0.13463973999023438, -0.25343990325927734, -0.7286396026611328, 0.7088403701782227, 0.550440788269043, -0.3088808059692383], "action_grad": [[0.0, 0.0, 0.0], [0.0, 0.0, 0.0], [0.0, 0.0, 0.0], [0.0, 0.0, 0.0], [0.0, 0.0, 0.0], [0.0, 0.0, 0.0], [0.0, 0.0, 0.0], [0.0, 0.0, 0.0], [0.0, 0.0, 0.0], [0.0, 0.0, 0.0], [0.0, 0.0, 0.0], [0.0, 0.0, 0.0], [0.0, 0.0, 0.0], [0.0, 0.0, 0.0], [0.0, 0.0, 0.0], [0.0, 0.0, 0.0]], "action_params_change": 0, "value_params_change": 0.3933461883089766}
{"iterations": 1, "type_itr": 0, "sub_iteration": 5, "sub_it_time": 0.12546801567077637, "total_time": 0.7728025913238525, "value_loss": 8.189279556274414, "action_loss": -0.8834433555603027, "action_probs": [[0.03979183776141369, 0.4828750566945215, 0.036340471714269865, 0.4409926338297949], [0.572698943444481, 0.33158018159729463, 0.06062203852336401, 0.03509883643486044], [0.1679658014056533, 0.06265951499902715, 0.5603401973638926, 0.20903448623142717], [0.045217669421771925, 0.16792255525375158, 0.16693219337681323, 0.6199275819476633], [0.01601904272117394, 0.6159741787194041, 0.009327815722433755, 0.35867896283698836], [0.027585525563158048, 0.8750937849749783, 0.002974082086110895, 0.09434660737575273], [0.7788618630926815, 0.037312452018611525, 0.17542185874494629, 0.008403826143760717], [0.5810358364090081, 0.3887883976808939, 0.018078741248726993, 0.01209702466137092], [0.0124962286966798, 0.7222835555662788, 0.00451053845222114, 0.26070967728482053], [0.515806754213812, 0.2649743283464321, 0.1448224102665057, 0.07439650717325023], [0.00023283444124754866, 0.4272060153200723, 0.0003118854441291841, 0.5722492647945508], [0.00409928807772012, 0.0011607253550440962, 0.7752310558689268, 0.21950893069830887], [0.3641102728106359, 0.10875876690308142, 0.40589207928049315, 0.1212388810057894], [0.3489991420305486, 0.6199939356851969, 0.011167664169203869, 0.019839258115050606], [0.15758160938029958, 0.08380941389744127, 0.4952248091872564, 0.26338416753500254], [0.19366267282855054, 0.8020860582709447, 0.00082682716278787, 0.003424441737716747]], "state_values": [-3.9638765592167142, 3.0841591647707096, 1.9758788975640766, 4.945816627689829, -0.5001829241220425, -0.18633510495657005, -3.209122328468116, 3.664563819650537, 4.203785647898648, 2.8245845311677726, 4.65623347902111, -4.956538554573596, 3.485656776457138, 1.9704377031260267, 3.08924390395265, -2.016071756242072], "value_grad": [0.4633197784423828, -0.7959604263305664, -0.0989980697631836, 0.5108389854431152, -1.5325193405151367, -2.985840320587158, 0.6256799697875977, 0.9226799011230469, 0.4157991409301758, 0.5068798065185547, 2.0196003913879395, 0.17820072174072266, 0.46727943420410156, -1.374119758605957, -0.447479248046875, -0.11880111694335938], "action_grad": [[0.0, 0.0, 0.0], [0.0, 0.0, 0.0], [0.0, 0.0, 0.0], [0.0, 0.0, 0.0], [0.0, 0.0, 0.0], [0.0, 0.0, 0.0], [0.0, 0.0, 0.0], [0.0, 0.0, 0.0], [0.0, 0.0, 0.0], [0.0, 0.0, 0.0], [0.0, 0.0, 0.0], [0.0, 0.0, 0.0], [0.0, 0.0, 0.0], [0.0, 0.0, 0.0], [0.0, 0.0, 0.0], [0.0, 0.0, 0.0]], "action_params_change": 0, "value_params_change": 0.38801721207910944}
{"iterations": 1, "type_itr": 0, "sub_iteration": 6, "sub_it_time": 0.12804841995239258, "total_time": 0.902458667755127, "value_loss": 6.090479850769043, "action_loss": -0.8769235610961914, "action_probs": [[0.03979183776141369, 0.4828750566945215, 0.036340471714269865, 0.4409926338297949], [0.572698943444481, 0.33158018159729463, 0.06062203852336401, 0.03509883643486044], [0.1679658014056533, 0.06265951499902715, 0.5603401973638926, 0.20903448623142717], [0.045217669421771925, 0.16792255525375158, 0.16693219337681323, 0.6199275819476633], [0.01601904272117394, 0.6159741787194041, 0.009327815722433755, 0.35867896283698836], [0.027585525563158048, 0.8750937849749783, 0.002974082086110895, 0.09434660737575273], [0.7788618630926815, 0.037312452018611525, 0.17542185874494629, 0.008403826143760717], [0.5810358364090081, 0.3887883976808939, 0.018078741248726993, 0.01209702466137092], [0.0124962286966798, 0.7222835555662788, 0.00451053845222114, 0.26070967728482053], [0.515806754213812, 0.2649743283464321, 0.1448224102665057, 0.07439650717325023], [0.00023283444124754866, 0.4272060153200723, 0.0003118854441291841, 0.5722492647945508], [0.00409928807772012, 0.0011607253550440962, 0.7752310558689268, 0.21950893069830887], [0.3641102728106359, 0.10875876690308142, 0.40589207928049315, 0.1212388810057894], [0.3489991420305486, 0.6199939356851969, 0.011167664169203869, 0.019839258115050606], [0.15758160938029958, 0.08380941389744127, 0.4952248091872564, 0.26338416753500254], [0.19366267282855054, 0.8020860582709447, 0.00082682716278787, 0.003424441737716747]], "state_values": [-3.4471900920612, 2.2131333881266646, 1.434619574067316, 4.99950359090844, -0.8847020486597194, 0.06202599203779928, -2.4911392967865296, 3.8204001139087005, 3.685112089844588, 2.962276400122093, 4.30267107711563, -4.8719722478195875, 3.3293085781914544, 1.6063369492008361, 3.3257641663356003, -2.5476514671085435], "value_grad": [1.9681196212768555, -1.7938809394836426, 0.6890401840209961, 0.6098389625549316, -0.14256000518798828, 0.7563605308532715, -2.653200149536133, 0.02375936508178711, 1.5800399780273438, -0.8236799240112305, 1.0889997482299805, -0.17820024490356445, 0.21780014038085938, 0.7959609031677246, 0.45936059951782227, -0.13859939575195312], "action_grad": [[0.0, 0.0, 0.0], [0.0, 0.0, 0.0], [0.0, 0.0, 0.0], [0.0, 0.0, 0.0], [0.0, 0.0, 0.0], [0.0, 0.0, 0.0], [0.0, 0.0, 0.0], [0.0, 0.0, 0.0], [0.0, 0.0, 0.0], [0.0, 0.0, 0.0], [0.0, 0.0, 0.0], [0.0, 0.0, 0.0], [0.0, 0.0, 0.0], [0.0, 0.0, 0.0], [0.0, 0.0, 0.0], [0.0, 0.0, 0.0]], "action_params_change": 0, "value_params_change": 0.4123707388970468}
{"iterations": 1, "type_itr": 0, "sub_iteration": 7, "sub_it_time": 0.12590408325195312, "total_time": 1.0300037860870361, "value_loss": 6.058800220489502, "action_loss": -0.8602616190910339, "action_probs": [[0.03979183776141369, 0.4828750566945215, 0.036340471714269865, 0.4409926338297949], [0.572698943444481, 0.33158018159729463, 0.06062203852336401, 0.03509883643486044], [0.1679658014056533, 0.06265951499902715, 0.5603401973638926, 0.20903448623142717], [0.045217669421771925, 0.16792255525375158, 0.16693219337681323, 0.6199275819476633], [0.01601904272117394, 0.6159741787194041, 0.009327815722433755, 0.35867896283698836], [0.027585525563158048, 0.8750937849749783, 0.002974082086110895, 0.09434660737575273], [0.7788618630926815, 0.037312452018611525, 0.17542185874494629, 0.008403826143760717], [0.5810358364090081, 0.3887883976808939, 0.018078741248726993, 0.01209702466137092], [0.0124962286966798, 0.7222835555662788, 0.00451053845222114, 0.26070967728482053], [0.515806754213812, 0.2649743283464321, 0.1448224102665057, 0.07439650717325023], [0.00023283444124754866, 0.4272060153200723, 0.0003118854441291841, 0.5722492647945508], [0.00409928807772012, 0.0011607253550440962, 0.7752310558689268, 0.21950893069830887], [0.3641102728106359, 0.10875876690308142, 0.40589207928049315, 0.1212388810057894], [0.3489991420305486, 0.6199939356851969, 0.011167664169203869, 0.019839258115050606], [0.15758160938029958, 0.08380941389744127, 0.4952248091872564, 0.26338416753500254], [0.19366267282855054, 0.8020860582709447, 0.00082682716278787, 0.003424441737716747]], "state_values": [-2.7732990519232947, 1.307298593545421, 0.7022659836511401, 4.897571806702825, -1.2377442270194696, 0.024869071301747647, -1.617767459220931, 3.767878654261329, 3.007856932660412, 3.291629850455865, 3.8326095660113126, -4.683135416191744, 3.373906424596771, 1.3295163731623048, 3.5688931043224787, -3.1201346145186015], "value_grad": [0.8751602172851562, -0.25343942642211914, 1.322638988494873, 1.3741202354431152, -0.083160400390625, 1.6988396644592285, -1.8889198303222656, -0.9147601127624512, 0.930600643157959, -1.207798957824707, 0.46728038787841797, 0.9147591590881348, -0.6652793884277344, -0.2059192657470703, -0.24552011489868164, -0.2732405662536621], "action_grad": [[0.0, 0.0, 0.0], [0.0, 0.0, 0.0], [0.0, 0.0, 0.0], [0.0, 0.0, 0.0], [0.0, 0.0, 0.0], [0.0, 0.0, 0.0], [0.0, 0.0, 0.0], [0.0, 0.0, 0.0], [0.0, 0.0, 0.0], [0.0, 0.0, 0.0], [0.0, 0.0, 0.0], [0.0, 0.0, 0.0], [0.0, 0.0, 0.0], [0.0, 0.0, 0.0], [0.0, 0.0, 0.0], [0.0, 0.0, 0.0]], "action_params_change": 0, "value_params_change": 0.38798318994085434}
{"iterations": 1, "type_itr": 0, "sub_iteration": 8, "sub_it_time": 0.12517356872558594, "total_time": 1.1567816734313965, "value_loss": 4.375800132751465, "action_loss": -0.839977502822876, "action_probs": [[0.03979183776141369, 0.4828750566945215, 0.036340471714269865, 0.4409926338297949], [0.572698943444481, 0.33158018159729463, 0.06062203852336401, 0.03509883643486044], [0.1679658014056533, 0.06265951499902715, 0.5603401973638926, 0.20903448623142717], [0.045217669421771925, 0.16792255525375158, 0.16693219337681323, 0.6199275819476633], [0.01601904272117394, 0.6159741787194041, 0.009327815722433755, 0.35867896283698836], [0.027585525563158048, 0.8750937849749783, 0.002974082086110895, 0.09434660737575273], [0.7788618630926815, 0.037312452018611525, 0.17542185874494629, 0.008403826143760717], [0.5810358364090081, 0.3887883976808939, 0.018078741248726993, 0.01209702466137092], [0.0124962286966798, 0.7222835555662788, 0.00451053845222114, 0.26070967728482053], [0.515806754213812, 0.2649743283464321, 0.1448224102665057, 0.07439650717325023], [0.00023283444124754866, 0.4272060153200723, 0.0003118854441291841, 0.5722492647945508], [0.00409928807772012, 0.0011607253550440962, 0.7752310558689268, 0.21950893069830887], [0.3641102728106359, 0.10875876690308142, 0.40589207928049315, 0.1212388810057894], [0.3489991420305486, 0.6199939356851969, 0.011167664169203869, 0.019839258115050606], [0.15758160938029958, 0.08380941389744127, 0.4952248091872564, 0.26338416753500254], [0.19366267282855054, 0.8020860582709447, 0.00082682716278787, 0.003424441737716747]], "state_values": [-2.0103842362824387, 0.570624430750806, 0.0762662613093453, 4.649737715387645, -1.2909500555196998, 0.1487506530418571, -0.5972932065984687, 3.5778724221340563, 2.376265420936708, 3.6121048580589865, 3.169171731233085, -4.521817624588737, 3.469239184883161, 1.1396930656106599, 3.468701287066867, -2.942488444487774], "value_grad": [0.463320255279541, 0.3880805969238281, -0.1584005355834961, 0.11484003067016602, 1.1484003067016602, -1.1602802276611328, -3.377880096435547, -0.7880401611328125, -0.26135969161987305, -0.30096006393432617, 1.5127196311950684, -0.5029201507568359, -0.22571992874145508, -0.23760032653808594, 1.8136792182922363, 1.5087594985961914], "action_grad": [[0.0, 0.0, 0.0], [0.0, 0.0, 0.0], [0.0, 0.0, 0.0], [0.0, 0.0, 0.0], [0.0, 0.0, 0.0], [0.0, 0.0, 0.0], [0.0, 0.0, 0.0], [0.0, 0.0, 0.0], [0.0, 0.0, 0.0], [0.0, 0.0, 0.0], [0.0, 0.0, 0.0], [0.0, 0.0, 0.0], [0.0, 0.0, 0.0], [0.0, 0.0, 0.0], [0.0, 0.0, 0.0], [0.0, 0.0, 0.0]], "action_params_change": 0, "value_params_change": 0.41947597444695717}
{"iterations": 1, "type_itr": 0, "sub_iteration": 9, "sub_it_time": 0.12856125831604004, "total_time": 1.2871499061584473, "value_loss": 3.956040382385254, "action_loss": -0.8419696688652039, "action_probs": [[0.03979183776141369, 0.4828750566945215, 0.036340471714269865, 0.4409926338297949], [0.572698943444481, 0.33158018159729463, 0.06062203852336401, 0.03509883643486044], [0.1679658014056533, 0.06265951499902715, 0.5603401973638926, 0.20903448623142717], [0.045217669421771925, 0.16792255525375158, 0.16693219337681323, 0.6199275819476633], [0.01601904272117394, 0.6159741787194041, 0.009327815722433755, 0.35867896283698836], [0.027585525563158048, 0.8750937849749783, 0.002974082086110895, 0.09434660737575273], [0.7788618630926815, 0.037312452018611525, 0.17542185874494629, 0.008403826143760717], [0.5810358364090081, 0.3887883976808939, 0.018078741248726993, 0.01209702466137092], [0.0124962286966798, 0.7222835555662788, 0.00451053845222114, 0.26070967728482053], [0.515806754213812, 0.2649743283464321, 0.1448224102665057, 0.07439650717325023], [0.00023283444124754866, 0.4272060153200723, 0.0003118854441291841, 0.5722492647945508], [0.00409928807772012, 0.0011607253550440962, 0.7752310558689268, 0.21950893069830887], [0.3641102728106359, 0.10875876690308142, 0.40589207928049315, 0.1212388810057894], [0.3489991420305486, 0.6199939356851969, 0.011167664169203869, 0.019839258115050606], [0.15758160938029958, 0.08380941389744127, 0.4952248091872564, 0.26338416753500254], [0.19366267282855054, 0.8020860582709447, 0.00082682716278787, 0.003424441737716747]], "state_values": [-1.127313560901176, -0.32923295150913284, -0.1725238723153141, 4.263558440424291, -1.3977321324170864, 0.21481803664596927, 0.46926210885594094, 3.441246259772767, 1.6873860840235329, 3.8903193432783003, 2.3261018606769577, -4.476703194006575, 3.373230027306628, 1.09969039903092, 3.290124752138965, -2.4801099583307487], "value_grad": [0.8197200298309326, -1.9047598838806152, -1.2434394359588623, 0.3643198013305664, -0.3009603023529053, 0.3326401710510254, -1.6632001399993896, 0.21384000778198242, 0.4237198829650879, -0.11088013648986816, 3.100680351257324, -0.8751602172851562, 0.7603201866149902, -0.5306398868560791, 0.5900402069091797, 1.540440320968628], "action_grad": [[0.0, 0.0, 0.0], [0.0, 0.0, 0.0], [0.0, 0.0, 0.0], [0.0, 0.0, 0.0], [0.0, 0.0, 0.0], [0.0, 0.0, 0.0], [0.0, 0.0, 0.0], [0.0, 0.0, 0.0], [0.0, 0.0, 0.0], [0.0, 0.0, 0.0], [0.0, 0.0, 0.0], [0.0, 0.0, 0.0], [0.0, 0.0, 0.0], [0.0, 0.0, 0.0], [0.0, 0.0, 0.0], [0.0, 0.0, 0.0]], "action_params_change": 0, "value_params_change": 0.42747070345747673}
{"iterations": 1, "type_itr": 0, "sub_iteration": 10, "sub_it_time": 0.12613153457641602, "total_time": 1.4148049354553223, "value_loss": 3.4689598083496094, "action_loss": -0.8698602914810181, "action_probs": [[0.03979183776141369, 0.4828750566945215, 0.036340471714269865, 0.4409926338297949], [0.572698943444481, 0.33158018159729463, 0.06062203852336401, 0.03509883643486044], [0.1679658014056533, 0.06265951499902715, 0.5603401973638926, 0.20903448623142717], [0.045217669421771925, 0.16792255525375158, 0.16693219337681323, 0.6199275819476633], [0.01601904272117394, 0.6159741787194041, 0.009327815722433755, 0.35867896283698836], [0.027585525563158048, 0.8750937849749783, 0.002974082086110895, 0.09434660737575273], [0.7788618630926815, 0.037312452018611525, 0.17542185874494629, 0.008403826143760717], [0.5810358364090081, 0.3887883976808939, 0.018078741248726993, 0.01209702466137092], [0.0124962286966798, 0.7222835555662788, 0.00451053845222114, 0.26070967728482053], [0.515806754213812, 0.2649743283464321, 0.1448224102665057, 0.07439650717325023], [0.00023283444124754866, 0.4272060153200723, 0.0003118854441291841, 0.5722492647945508], [0.00409928807772012, 0.0011607253550440962, 0.7752310558689268, 0.21950893069830887], [0.3641102728106359, 0.10875876690308142, 0.40589207928049315, 0.1212388810057894], [0.3489991420305486, 0.6199939356851969, 0.011167664169203869, 0.019839258115050606], [0.15758160938029958, 0.08380941389744127, 0.4952248091872564, 0.26338416753500254], [0.19366267282855054, 0.8020860582709447, 0.00082682716278787, 0.003424441737716747]], "state_values": [-0.27706294846016166, -0.9861034084679654, -0.5048770501382536, 3.8822041751258607, -1.5516444842817012, 0.32071804460758724, 1.4429359757084756, 3.2002156981599517, 1.239541726122608, 4.097547669875756, 1.376164943117473, -4.415874352482884, 2.9228568053643227, 1.2274871365111608, 3.2682030969584575, -2.0251401337010577], "value_grad": [0.10692024230957031, 0.6573598384857178, 0.5623202323913574, -0.380159854888916, -0.304919958114624, -0.3564000129699707, -0.3722400665283203, -0.6098401546478271, -0.8553597927093506, 0.13860011100769043, 1.0454399585723877, 0.15047979354858398, 3.3264002799987793, -0.7128002643585205, -0.9305999279022217, 0.06335973739624023], "action_grad": [[0.0, 0.0, 0.0], [0.0, 0.0, 0.0], [0.0, 0.0, 0.0], [0.0, 0.0, 0.0], [0.0, 0.0, 0.0], [0.0, 0.0, 0.0], [0.0, 0.0, 0.0], [0.0, 0.0, 0.0], [0.0, 0.0, 0.0], [0.0, 0.0, 0.0], [0.0, 0.0, 0.0], [0.0, 0.0, 0.0], [0.0, 0.0, 0.0], [0.0, 0.0, 0.0], [0.0, 0.0, 0.0], [0.0, 0.0, 0.0]], "action_params_change": 0, "value_params_change": 0.4101030109255559}
{"iterations": 1, "type_itr": 0, "sub_iteration": 11, "sub_it_time": 0.12460446357727051, "total_time": 1.5409629344940186, "value_loss": 4.05504035949707, "action_loss": -0.791983962059021, "action_probs": [[0.03979183776141369, 0.4828750566945215, 0.036340471714269865, 0.4409926338297949], [0.572698943444481, 0.33158018159729463, 0.06062203852336401, 0.03509883643486044], [0.1679658014056533, 0.06265951499902715, 0.5603401973638926, 0.20903448623142717], [0.045217669421771925, 0.16792255525375158, 0.16693219337681323, 0.6199275819476633], [0.01601904272117394, 0.6159741787194041, 0.009327815722433755, 0.35867896283698836], [0.027585525563158048, 0.8750937849749783, 0.002974082086110895, 0.09434660737575273], [0.7788618630926815, 0.037312452018611525, 0.17542185874494629, 0.008403826143760717], [0.5810358364090081, 0.3887883976808939, 0.018078741248726993, 0.01209702466137092], [0.0124962286966798, 0.7222835555662788, 0.00451053845222114, 0.26070967728482053], [0.515806754213812, 0.2649743283464321, 0.1448224102665057, 0.07439650717325023], [0.00023283444124754866, 0.4272060153200723, 0.0003118854441291841, 0.5722492647945508], [0.00409928807772012, 0.0011607253550440962, 0.7752310558689268, 0.21950893069830887], [0.3641102728106359, 0.10875876690308142, 0.40589207928049315, 0.1212388810057894], [0.3489991420305486, 0.6199939356851969, 0.011167664169203869, 0.019839258115050606], [0.15758160938029958, 0.08380941389744127, 0.4952248091872564, 0.26338416753500254], [0.19366267282855054, 0.8020860582709447, 0.00082682716278787, 0.003424441737716747]], "state_values": [0.39063985606702706, -1.5835314711381356, -0.7328785790999905, 3.3501448863289562, -1.596532661684902, 0.4282643220881036, 2.3354685830641966, 2.8834683497815736, 0.9610005521757342, 4.345912427131833, 0.5388904127522932, -4.4463713577800545, 2.3912025093548066, 1.4340424627235226, 3.0644421344970096, -1.528900547043923], "value_grad": [-0.40392017364501953, -0.11879992485046387, -0.33659982681274414, 0.875159740447998, 0.47519993782043457, -0.09503984451293945, -0.7999200820922852, -0.4553999900817871, -0.6217198371887207, -0.7484397888183594, -0.45935988426208496, -0.7009203433990479, 0.7563602924346924, -0.423720121383667, 1.362239956855774, 0.2970001697540283], "action_grad": [[0.0, 0.0, 0.0], [0.0, 0.0, 0.0], [0.0, 0.0, 0.0], [0.0, 0.0, 0.0], [0.0, 0.0, 0.0], [0.0, 0.0, 0.0], [0.0, 0.0, 0.0], [0.0, 0.0, 0.0], [0.0, 0.0, 0.0], [0.0, 0.0, 0.0], [0.0, 0.0, 0.0], [0.0, 0.0, 0.0], [0.0, 0.0, 0.0], [0.0, 0.0, 0.0], [0.0, 0.0, 0.0], [0.0, 0.0, 0.0]], "action_params_change": 0, "value_params_change": 0.38650022423008146}
{"iterations": 1, "type_itr": 0, "sub_iteration": 12, "sub_it_time": 0.12869572639465332, "total_time": 1.6712384223937988, "value_loss": 2.9383201599121094, "action_loss": -0.7548569440841675, "action_probs": [[0.03979183776141369, 0.4828750566945215, 0.036340471714269865, 0.4409926338297949], [0.572698943444481, 0.33158018159729463, 0.06062203852336401, 0.03509883643486044], [0.1679658014056533, 0.06265951499902715, 0.5603401973638926, 0.20903448623142717], [0.045217669421771925, 0.16792255525375158, 0.16693219337681323, 0.6199275819476633], [0.01601904272117394, 0.6159741787194041, 0.009327815722433755, 0.35867896283698836], [0.027585525563158048, 0.8750937849749783, 0.002974082086110895, 0.09434660737575273], [0.7788618630926815, 0.037312452018611525, 0.17542185874494629, 0.008403826143760717], [0.5810358364090081, 0.3887883976808939, 0.018078741248726993, 0.01209702466137092], [0.0124962286966798, 0.7222835555662788, 0.00451053845222114, 0.26070967728482053], [0.515806754213812, 0.2649743283464321, 0.1448224102665057, 0.07439650717325023], [0.00023283444124754866, 0.4272060153200723, 0.0003118854441291841, 0.5722492647945508], [0.00409928807772012, 0.0011607253550440962, 0.7752310558689268, 0.21950893069830887], [0.3641102728106359, 0.10875876690308142, 0.40589207928049315, 0.1212388810057894], [0.3489991420305486, 0.6199939356851969, 0.011167664169203869, 0.019839258115050606], [0.15758160938029958, 0.08380941389744127, 0.4952248091872564, 0.26338416753500254], [0.19366267282855054, 0.8020860582709447, 0.00082682716278787, 0.003424441737716747]], "state_values": [1.1089769743631084, -2.0452851045381095, -1.0620860798799832, 2.6640268459746017, -1.4226481776638082, 0.3664763381551356, 2.9266864789785507, 2.4551801617100395, 0.8438893194861797, 4.466282244041564, -0.3342907007936766, -4.578060272913711, 1.9087564334665892, 1.733549442194897, 2.6746048574482115, -1.1400944390096541], "value_grad": [0.6177594661712646, 0.3088803291320801, 0.6731998920440674, 0.8672401905059814, 1.184039831161499, 1.2236402034759521, 1.50875985622406, -0.6573598384857178, -0.6652801036834717, 0.6969597339630127, 0.8949601650238037, -1.0810800790786743, -0.20195984840393066, -0.5623202323913574, 1.6592400074005127, -0.2811601161956787], "action_grad": [[0.0, 0.0, 0.0], [0.0, 0.0, 0.0], [0.0, 0.0, 0.0], [0.0, 0.0, 0.0], [0.0, 0.0, 0.0], [0.0, 0.0, 0.0], [0.0, 0.0, 0.0], [0.0, 0.0, 0.0], [0.0, 0.0, 0.0], [0.0, 0.0, 0.0], [0.0, 0.0, 0.0], [0.0, 0.0, 0.0], [0.0, 0.0, 0.0], [0.0, 0.0, 0.0], [0.0, 0.0, 0.0], [0.0, 0.0, 0.0]], "action_params_change": 0, "value_params_change": 0.3497917827236354}
{"iterations": 1, "type_itr": 0, "sub_iteration": 13, "sub_it_time": 0.12815189361572266, "total_time": 1.800917387008667, "value_loss": 3.9996001720428467, "action_loss": -0.6945480108261108, "action_probs": [[0.03979183776141369, 0.4828750566945215, 0.036340471714269865, 0.4409926338297949], [0.572698943444481, 0.33158018159729463, 0.06062203852336401, 0.03509883643486044], [0.1679658014056533, 0.06265951499902715, 0.5603401973638926, 0.20903448623142717], [0.045217669421771925, 0.16792255525375158, 0.16693219337681323, 0.6199275819476633], [0.01601904272117394, 0.6159741787194041, 0.009327815722433755, 0.35867896283698836], [0.027585525563158048, 0.8750937849749783, 0.002974082086110895, 0.09434660737575273], [0.7788618630926815, 0.037312452018611525, 0.17542185874494629, 0.008403826143760717], [0.5810358364090081, 0.3887883976808939, 0.018078741248726993, 0.01209702466137092], [0.0124962286966798, 0.7222835555662788, 0.00451053845222114, 0.26070967728482053], [0.515806754213812, 0.2649743283464321, 0.1448224102665057, 0.07439650717325023], [0.00023283444124754866, 0.4272060153200723, 0.0003118854441291841, 0.5722492647945508], [0.00409928807772012, 0.0011607253550440962, 0.7752310558689268, 0.21950893069830887], [0.3641102728106359, 0.10875876690308142, 0.40589207928049315, 0.1212388810057894], [0.3489991420305486, 0.6199939356851969, 0.011167664169203869, 0.019839258115050606], [0.15758160938029958, 0.08380941389744127, 0.4952248091872564, 0.26338416753500254], [0.19366267282855054, 0.8020860582709447, 0.00082682716278787, 0.003424441737716747]], "state_values": [1.6882161254595225, -2.2487064679076556, -1.3614617792783548, 2.037303415074647, -1.1645191987034726, 0.18061896275644435, 3.2678229291417074, 2.240837669107297, 0.7197690475097163, 4.647004413460845, -1.0987419786997974, -4.563777245020679, 1.379347213735761, 1.9102209467898719, 2.1706601604687137, -0.6787456233037857], "value_grad": [-0.22175979614257812, 1.0889997482299805, 0.03168010711669922, -0.2653200626373291, 0.5662798881530762, 1.0533602237701416, 1.7899200916290283, 0.8276402950286865, 0.0910801887512207, -1.1325600147247314, -0.12276005744934082, 1.35036039352417, 0.5385599136352539, 0.41183972358703613, 1.0573194026947021, 0.4395599365234375], "action_grad": [[0.0, 0.0, 0.0], [0.0, 0.0, 0.0], [0.0, 0.0, 0.0], [0.0, 0.0, 0.0], [0.0, 0.0, 0.0], [0.0, 0.0, 0.0], [0.0, 0.0, 0.0], [0.0, 0.0, 0.0], [0.0, 0.0, 0.0], [0.0, 0.0, 0.0], [0.0, 0.0, 0.0], [0.0, 0.0, 0.0], [0.0, 0.0, 0.0], [0.0, 0.0, 0.0], [0.0, 0.0, 0.0], [0.0, 0.0, 0.0]], "action_params_change": 0, "value_params_change": 0.3092970090483651}
