{"iterations": 0, "type_itr": 0, "sub_iteration": 0, "sub_it_time": 0, "total_time": 0, "value_loss": 0, "action_loss": 0, "action_probs": [[0.04398881210744663, 0.05096104649447487, 0.41929583891947364, 0.48575430247860474], [0.7664602447559672, 0.0016307150625603467, 0.23141667979090458, 0.000492360390567791], [9.845167359613786e-05, 5.068346766239963e-05, 0.660052286544864, 0.33979857831387744], [0.2032387292870852, 0.08586099344800875, 0.49976688885844195, 0.21113338840646423], [0.9985148772332051, 0.00019033892459686141, 0.0012945370749237724, 2.4676727438905255e-07], [0.010585986290762895, 0.18753224765538548, 0.042846684089492625, 0.759035081964359], [0.04126765477153178, 0.10182678698442406, 0.2471268786926875, 0.6097786795513568], [0.48110955703556163, 0.32472824534285266, 0.11592070837960777, 0.0782414892419777], [0.09854363778175625, 0.03580927030622254, 0.63492495016445, 0.2307221417475711], [0.35260886516249085, 0.003625695276320828, 0.6372133034899424, 0.006552136071246003], [0.4019106860498436, 0.08778280392445957, 0.4188286014398349, 0.09147790858586195], [0.22780281585094472, 0.4724336690171912, 0.09751987266027023, 0.2022436424715936], [0.04131105490820263, 0.008382854495540992, 0.7899991680924963, 0.1603069225037603], [0.6703738652955297, 0.20784539996923357, 0.09295927007292204, 0.028821464662314795], [0.3124171292945385, 1.6587074222848024e-05, 0.6875297808071764, 3.650282406223501e-05], [0.000502842173808688, 0.0015379019567813533, 0.24589853969041411, 0.7520607161789961]], "state_values": [4.951932613153453, 2.737108321458131, -3.3453417744867333, 4.841962518152429, 1.477685264885381, 3.177439325129465, 3.307427531043609, 1.0556691168904946, -1.395838407364363, 1.4293464209481932, 3.5000817578994874, 4.815041688799032, 2.1859287211232474, 2.8840895476362056, 4.001743839812183, 1.5218909038026127], "value_grad": [0.0, 0.0, 0.0, 0.0, 0.0, 0.0, 0.0, 0.0, 0.0, 0.0, 0.0, 0.0, 0.0, 0.0, 0.0, 0.0], "action_grad": [[0.0, 0.0, 0.0], [0.0, 0.0, 0.0], [0.0, 0.0, 0.0], [0.0, 0.0, 0.0], [0.0, 0.0, 0.0], [0.0, 0.0, 0.0], [0.0, 0.0, 0.0], [0.0, 0.0, 0.0], [0.0, 0.0, 0.0], [0.0, 0.0, 0.0], [0.0, 0.0, 0.0], [0.0, 0.0, 0.0], [0.0, 0.0, 0.0], [0.0, 0.0, 0.0], [0.0, 0.0, 0.0], [0.0, 0.0, 0.0]], "action_params_change": 0, "value_params_change": 0}
{"iterations": 1, "type_itr": 0, "sub_iteration": 0, "sub_it_time": 3.9248714447021484, "total_time": 3.9263832569122314, "value_loss": 4.232889240161795, "action_loss": -2.110898481337533, "action_probs": [[0.04398881210744663, 0.05096104649447487, 0.41929583891947364, 0.48575430247860474], [0.7664602447559672, 0.0016307150625603467, 0.23141667979090458, 0.000492360390567791], [9.845167359613786e-05, 5.068346766239963e-05, 0.660052286544864, 0.33979857831387744], [0.2032387292870852, 0.08586099344800875, 0.49976688885844195, 0.21113338840646423], [0.9985148772332051, 0.00019033892459686141, 0.0012945370749237724, 2.4676727438905255e-07], [0.010585986290762895, 0.18753224765538548, 0.042846684089492625, 0.759035081964359], [0.04126765477153178, 0.10182678698442406, 0.2471268786926875, 0.6097786795513568], [0.48110955703556163, 0.32472824534285266, 0.11592070837960777, 0.0782414892419777], [0.09854363778175625, 0.03580927030622254, 0.63492495016445, 0.2307221417475711], [0.35260886516249085, 0.003625695276320828, 0.6372133034899424, 0.006552136071246003], [0.4019106860498436, 0.08778280392445957, 0.4188286014398349, 0.09147790858586195], [0.22780281585094472, 0.4724336690171912, 0.09751987266027023, 0.2022436424715936], [0.04131105490820263, 0.008382854495540992, 0.7899991680924963, 0.1603069225037603], [0.6703738652955297, 0.20784539996923357, 0.09295927007292204, 0.028821464662314795], [0.3124171292945385, 1.6587074222848024e-05, 0.6875297808071764, 3.650282406223501e-05], [0.000502842173808688, 0.0015379019567813533, 0.24589853969041411, 0.7520607161789961]], "state_values": [4.626875117014078, 1.6168096853002936, -2.321989015247681, 4.999989048542264, 2.613511260100319, 2.1235440428454586, 2.2768948098299613, -0.18628283234624538, -0.16460636696136274, 0.19951437796051305, 2.5078837486690717, 4.332012113362742, 1.0054334924206483, 1.7839424739455758, 3.135703063747897, 2.6529037449569737], "value_grad": [-0.03795726968003699, 0.5313927060447581, -1.6701149151004078, 0.037957033616302205, -0.20875945016026698, -0.45548046798285036, -0.5503739237924963, -0.11386842216064696, -0.891973418093996, -0.09489066265268065, -0.1708053890438963, -0.056935845722094314, 0.4364988540110799, 0.20876125037332915, 0.2846774306583191, 0.30364976317257764], "action_grad": [[0.0, 0.0, 0.0], [0.0, 0.0, 0.0], [0.0, 0.0, 0.0], [0.0, 0.0, 0.0], [0.0, 0.0, 0.0], [0.0, 0.0, 0.0], [0.0, 0.0, 0.0], [0.0, 0.0, 0.0], [0.0, 0.0, 0.0], [0.0, 0.0, 0.0], [0.0, 0.0, 0.0], [0.0, 0.0, 0.0], [0.0, 0.0, 0.0], [0.0, 0.0, 0.0], [0.0, 0.0, 0.0], [0.0, 0.0, 0.0]], "action_params_change": 0, "value_params_change": 0.4999999970061939}
{"iterations": 1, "type_itr": 0, "sub_iteration": 1, "sub_it_time": 4.021125316619873, "total_time": 7.949449062347412, "value_loss": 2.220965856571646, "action_loss": -1.7052689431195474, "action_probs": [[0.04398881210744663, 0.05096104649447487, 0.41929583891947364, 0.48575430247860474], [0.7664602447559672, 0.0016307150625603467, 0.23141667979090458, 0.000492360390567791], [9.845167359613786e-05, 5.068346766239963e-05, 0.660052286544864, 0.33979857831387744], [0.2032387292870852, 0.08586099344800875, 0.49976688885844195, 0.21113338840646423], [0.9985148772332051, 0.00019033892459686141, 0.0012945370749237724, 2.4676727438905255e-07], [0.010585986290762895, 0.18753224765538548, 0.042846684089492625, 0.759035081964359], [0.04126765477153178, 0.10182678698442406, 0.2471268786926875, 0.6097786795513568], [0.48110955703556163, 0.32472824534285266, 0.11592070837960777, 0.0782414892419777], [0.09854363778175625, 0.03580927030622254, 0.63492495016445, 0.2307221417475711], [0.35260886516249085, 0.003625695276320828, 0.6372133034899424, 0.006552136071246003], [0.4019106860498436, 0.08778280392445957, 0.4188286014398349, 0.09147790858586195], [0.22780281585094472, 0.4724336690171912, 0.09751987266027023, 0.2022436424715936], [0.04131105490820263, 0.008382854495540992, 0.7899991680924963, 0.1603069225037603], [0.6703738652955297, 0.20784539996923357, 0.09295927007292204, 0.028821464662314795], [0.3124171292945385, 1.6587074222848024e-05, 0.6875297808071764, 3.650282406223501e-05], [0.000502842173808688, 0.0015379019567813533, 0.24589853969041411, 0.7520607161789961]], "state_values": [4.074577991045494, 0.42359476125092604, -1.1631424944340751, 4.931745163272644, 2.428428771361649, 1.0066595168023291, 1.1060909251092736, -0.8552401915083248, 0.9900831420409266, -0.8007959503452987, 1.3597522742835946, 3.6248538943386235, -0.10672238823092686, 0.5854656183853729, 2.073377201975706, 3.079945291962457], "value_grad": [-0.11389090631601118, 0.3796311507030081, -1.4236246626619273, 0.0, 0.26574306718085206, -0.246760994221491, -0.5314860146716698, 0.018981549159827082, -0.43657554239160223, -0.018981549159827082, -0.17083493437713093, -0.132872507646002, 0.1708341397791835, 0.17083434078404247, 0.3037070478645236, -0.09490840709160109], "action_grad": [[0.0, 0.0, 0.0], [0.0, 0.0, 0.0], [0.0, 0.0, 0.0], [0.0, 0.0, 0.0], [0.0, 0.0, 0.0], [0.0, 0.0, 0.0], [0.0, 0.0, 0.0], [0.0, 0.0, 0.0], [0.0, 0.0, 0.0], [0.0, 0.0, 0.0], [0.0, 0.0, 0.0], [0.0, 0.0, 0.0], [0.0, 0.0, 0.0], [0.0, 0.0, 0.0], [0.0, 0.0, 0.0], [0.0, 0.0, 0.0]], "action_params_change": 0, "value_params_change": 0.5005812582341647}
{"iterations": 1, "type_itr": 0, "sub_iteration": 2, "sub_it_time": 3.4513039588928223, "total_time": 11.402511596679688, "value_loss": 1.1579571463649123, "action_loss": -1.2238416022563476, "action_probs": [[0.04398881210744663, 0.05096104649447487, 0.41929583891947364, 0.48575430247860474], [0.7664602447559672, 0.0016307150625603467, 0.23141667979090458, 0.000492360390567791], [9.845167359613786e-05, 5.068346766239963e-05, 0.660052286544864, 0.33979857831387744], [0.2032387292870852, 0.08586099344800875, 0.49976688885844195, 0.21113338840646423], [0.9985148772332051, 0.00019033892459686141, 0.0012945370749237724, 2.4676727438905255e-07], [0.010585986290762895, 0.18753224765538548, 0.042846684089492625, 0.759035081964359], [0.04126765477153178, 0.10182678698442406, 0.2471268786926875, 0.6097786795513568], [0.48110955703556163, 0.32472824534285266, 0.11592070837960777, 0.0782414892419777], [0.09854363778175625, 0.03580927030622254, 0.63492495016445, 0.2307221417475711], [0.35260886516249085, 0.003625695276320828, 0.6372133034899424, 0.006552136071246003], [0.4019106860498436, 0.08778280392445957, 0.4188286014398349, 0.09147790858586195], [0.22780281585094472, 0.4724336690171912, 0.09751987266027023, 0.2022436424715936], [0.04131105490820263, 0.008382854495540992, 0.7899991680924963, 0.1603069225037603], [0.6703738652955297, 0.20784539996923357, 0.09295927007292204, 0.028821464662314795], [0.3124171292945385, 1.6587074222848024e-05, 0.6875297808071764, 3.650282406223501e-05], [0.000502842173808688, 0.0015379019567813533, 0.24589853969041411, 0.7520607161789961]], "state_values": [3.278805523631241, -0.5197956328316817, 0.009730050624195368, 4.890445537006022, 1.8831958729692788, 1.7704780966328446, -0.0917180628364083, -0.9663534879014307, 1.7430378902380563, -1.22213297724381, 0.3509239269269527, 2.701399135845499, -0.6811482709469175, -0.5492236262627138, 0.8880751381175594, 2.943359563332426], "value_grad": [-0.13287862074032297, 0.0, -0.8542148182745404, -0.018982682265546114, 0.24677366497169628, 199.34778346126458, -0.34168603723274615, 0.05694766083243574, 0.132877873240141, 0.03796509460034647, -0.018982566232023323, -0.17084373627898652, -0.15186037491222693, 0.07593018885187597, 0.26575616664371626, -0.24677397573203175], "action_grad": [[0.0, 0.0, 0.0], [0.0, 0.0, 0.0], [0.0, 0.0, 0.0], [0.0, 0.0, 0.0], [0.0, 0.0, 0.0], [0.0, 0.0, 0.0], [0.0, 0.0, 0.0], [0.0, 0.0, 0.0], [0.0, 0.0, 0.0], [0.0, 0.0, 0.0], [0.0, 0.0, 0.0], [0.0, 0.0, 0.0], [0.0, 0.0, 0.0], [0.0, 0.0, 0.0], [0.0, 0.0, 0.0], [0.0, 0.0, 0.0]], "action_params_change": 0, "value_params_change": 0.4980473809312871}
{"iterations": 1, "type_itr": 0, "sub_iteration": 3, "sub_it_time": 3.6130001544952393, "total_time": 15.017199516296387, "value_loss": 1.1769398286304584, "action_loss": -0.8832628856033683, "action_probs": [[0.04398881210744663, 0.05096104649447487, 0.41929583891947364, 0.48575430247860474], [0.7664602447559672, 0.0016307150625603467, 0.23141667979090458, 0.000492360390567791], [9.845167359613786e-05, 5.068346766239963e-05, 0.660052286544864, 0.33979857831387744], [0.2032387292870852, 0.08586099344800875, 0.49976688885844195, 0.21113338840646423], [0.9985148772332051, 0.00019033892459686141, 0.0012945370749237724, 2.4676727438905255e-07], [0.010585986290762895, 0.18753224765538548, 0.042846684089492625, 0.759035081964359], [0.04126765477153178, 0.10182678698442406, 0.2471268786926875, 0.6097786795513568], [0.48110955703556163, 0.32472824534285266, 0.11592070837960777, 0.0782414892419777], [0.09854363778175625, 0.03580927030622254, 0.63492495016445, 0.2307221417475711], [0.35260886516249085, 0.003625695276320828, 0.6372133034899424, 0.006552136071246003], [0.4019106860498436, 0.08778280392445957, 0.4188286014398349, 0.09147790858586195], [0.22780281585094472, 0.4724336690171912, 0.09751987266027023, 0.2022436424715936], [0.04131105490820263, 0.008382854495540992, 0.7899991680924963, 0.1603069225037603], [0.6703738652955297, 0.20784539996923357, 0.09295927007292204, 0.028821464662314795], [0.3124171292945385, 1.6587074222848024e-05, 0.6875297808071764, 3.650282406223501e-05], [0.000502842173808688, 0.0015379019567813533, 0.24589853969041411, 0.7520607161789961]], "state_values": [2.2774452234120277, -0.6972762672153129, 1.0272107872847458, 4.951208490877476, 1.4477504282698475, 2.3615975684823365, -0.8707592610015279, -0.8513428526090872, 1.9660882716011912, -1.183034065565837, -0.3002261531316822, 1.607869398529255, -0.7012890980267757, -1.1294810604232186, -0.29550683875014366, 2.447633665975831], "value_grad": [-0.1518609611867321, -0.49354610278188393, -0.1898254660229748, -0.037965353712863914, -0.018982566232023323, -0.6264252365135581, 0.2088079406496548, 0.03796509460041242, 0.5125294798523097, 0.05694766083243574, 0.05694762261991859, -0.13287813339928523, -0.3037207274904732, -0.11389528240546376, 0.15186037491218296, -0.3606696303175363], "action_grad": [[0.0, 0.0, 0.0], [0.0, 0.0, 0.0], [0.0, 0.0, 0.0], [0.0, 0.0, 0.0], [0.0, 0.0, 0.0], [0.0, 0.0, 0.0], [0.0, 0.0, 0.0], [0.0, 0.0, 0.0], [0.0, 0.0, 0.0], [0.0, 0.0, 0.0], [0.0, 0.0, 0.0], [0.0, 0.0, 0.0], [0.0, 0.0, 0.0], [0.0, 0.0, 0.0], [0.0, 0.0, 0.0], [0.0, 0.0, 0.0]], "action_params_change": 0, "value_params_change": 0.4867568554767434}
{"iterations": 1, "type_itr": 0, "sub_iteration": 4, "sub_it_time": 3.887495517730713, "total_time": 18.90633463859558, "value_loss": 1.6515029157034653, "action_loss": -0.6401780816700643, "action_probs": [[0.04398881210744663, 0.05096104649447487, 0.41929583891947364, 0.48575430247860474], [0.7664602447559672, 0.0016307150625603467, 0.23141667979090458, 0.000492360390567791], [9.845167359613786e-05, 5.068346766239963e-05, 0.660052286544864, 0.33979857831387744], [0.2032387292870852, 0.08586099344800875, 0.49976688885844195, 0.21113338840646423], [0.9985148772332051, 0.00019033892459686141, 0.0012945370749237724, 2.4676727438905255e-07], [0.010585986290762895, 0.18753224765538548, 0.042846684089492625, 0.759035081964359], [0.04126765477153178, 0.10182678698442406, 0.2471268786926875, 0.6097786795513568], [0.48110955703556163, 0.32472824534285266, 0.11592070837960777, 0.0782414892419777], [0.09854363778175625, 0.03580927030622254, 0.63492495016445, 0.2307221417475711], [0.35260886516249085, 0.003625695276320828, 0.6372133034899424, 0.006552136071246003], [0.4019106860498436, 0.08778280392445957, 0.4188286014398349, 0.09147790858586195], [0.22780281585094472, 0.4724336690171912, 0.09751987266027023, 0.2022436424715936], [0.04131105490820263, 0.008382854495540992, 0.7899991680924963, 0.1603069225037603], [0.6703738652955297, 0.20784539996923357, 0.09295927007292204, 0.028821464662314795], [0.3124171292945385, 1.6587074222848024e-05, 0.6875297808071764, 3.650282406223501e-05], [0.000502842173808688, 0.0015379019567813533, 0.24589853969041411, 0.7520607161789961]], "state_values": [1.1278822596807814, -0.37784214741719346, 1.767574505996059, 4.999867108699161, 1.3769198970934575, 2.827859892491222, -1.0303972652144158, -0.4969789551504696, 1.8229467540948072, -0.7941225472071348, -0.7391638952142283, 0.43639406592312235, -0.3858263349303278, -1.305106462062623, -1.285620404191424, 1.702562485598453], "value_grad": [-0.13287539623929456, -0.6833579379852139, 0.3037147600774037, -0.20880491384266997, -0.18982173638970457, -0.9491119753811097, 0.5884469230449199, 0.05694649718683187, 0.6264134325449595, 0.07592869699855909, 0.03796431430015801, -0.09491091356084325, -0.32269678278683034, -0.13287527776381114, -6.59472476627343e-14, -0.45557329660588364], "action_grad": [[0.0, 0.0, 0.0], [0.0, 0.0, 0.0], [0.0, 0.0, 0.0], [0.0, 0.0, 0.0], [0.0, 0.0, 0.0], [0.0, 0.0, 0.0], [0.0, 0.0, 0.0], [0.0, 0.0, 0.0], [0.0, 0.0, 0.0], [0.0, 0.0, 0.0], [0.0, 0.0, 0.0], [0.0, 0.0, 0.0], [0.0, 0.0, 0.0], [0.0, 0.0, 0.0], [0.0, 0.0, 0.0], [0.0, 0.0, 0.0]], "action_params_change": 0, "value_params_change": 0.490773555814612}
{"iterations": 1, "type_itr": 0, "sub_iteration": 5, "sub_it_time": 3.671234130859375, "total_time": 22.579205989837646, "value_loss": 1.8603078295461353, "action_loss": -0.4972136225964113, "action_probs": [[0.04398881210744663, 0.05096104649447487, 0.41929583891947364, 0.48575430247860474], [0.7664602447559672, 0.0016307150625603467, 0.23141667979090458, 0.000492360390567791], [9.845167359613786e-05, 5.068346766239963e-05, 0.660052286544864, 0.33979857831387744], [0.2032387292870852, 0.08586099344800875, 0.49976688885844195, 0.21113338840646423], [0.9985148772332051, 0.00019033892459686141, 0.0012945370749237724, 2.4676727438905255e-07], [0.010585986290762895, 0.18753224765538548, 0.042846684089492625, 0.759035081964359], [0.04126765477153178, 0.10182678698442406, 0.2471268786926875, 0.6097786795513568], [0.48110955703556163, 0.32472824534285266, 0.11592070837960777, 0.0782414892419777], [0.09854363778175625, 0.03580927030622254, 0.63492495016445, 0.2307221417475711], [0.35260886516249085, 0.003625695276320828, 0.6372133034899424, 0.006552136071246003], [0.4019106860498436, 0.08778280392445957, 0.4188286014398349, 0.09147790858586195], [0.22780281585094472, 0.4724336690171912, 0.09751987266027023, 0.2022436424715936], [0.04131105490820263, 0.008382854495540992, 0.7899991680924963, 0.1603069225037603], [0.6703738652955297, 0.20784539996923357, 0.09295927007292204, 0.028821464662314795], [0.3124171292945385, 1.6587074222848024e-05, 0.6875297808071764, 3.650282406223501e-05], [0.000502842173808688, 0.0015379019567813533, 0.24589853969041411, 0.7520607161789961]], "state_values": [-0.03187774936885517, 0.20730376460571778, 2.237218980980179, 4.962725758561253, 1.4921727009786743, 3.200150184549735, -0.778788994714314, -0.10765689297679264, 1.4780424050883616, -0.29691833879791535, -1.0135319705540216, -0.674367123348683, 0.11088234200662106, -0.969333937612419, -1.7076312568563623, 0.7806467741454025], "value_grad": [-0.056945898354740176, -0.6833500987327648, 0.5125139661703786, 0.018982165787036154, -0.13287376079213287, -1.081978105780541, 0.7213146782506168, 0.01898194698316935, 0.5125139661703124, 0.03796391315944936, 0.03796391315944936, -0.03796391315944936, -0.2657476400598813, -0.32269466488820164, -0.28472946821916745, -0.49353173303196796], "action_grad": [[0.0, 0.0, 0.0], [0.0, 0.0, 0.0], [0.0, 0.0, 0.0], [0.0, 0.0, 0.0], [0.0, 0.0, 0.0], [0.0, 0.0, 0.0], [0.0, 0.0, 0.0], [0.0, 0.0, 0.0], [0.0, 0.0, 0.0], [0.0, 0.0, 0.0], [0.0, 0.0, 0.0], [0.0, 0.0, 0.0], [0.0, 0.0, 0.0], [0.0, 0.0, 0.0], [0.0, 0.0, 0.0], [0.0, 0.0, 0.0]], "action_params_change": 0, "value_params_change": 0.4678205831000759}
{"iterations": 1, "type_itr": 0, "sub_iteration": 6, "sub_it_time": 3.1672608852386475, "total_time": 25.748131036758423, "value_loss": 1.7464144818397804, "action_loss": -0.4373895314707823, "action_probs": [[0.04398881210744663, 0.05096104649447487, 0.41929583891947364, 0.48575430247860474], [0.7664602447559672, 0.0016307150625603467, 0.23141667979090458, 0.000492360390567791], [9.845167359613786e-05, 5.068346766239963e-05, 0.660052286544864, 0.33979857831387744], [0.2032387292870852, 0.08586099344800875, 0.49976688885844195, 0.21113338840646423], [0.9985148772332051, 0.00019033892459686141, 0.0012945370749237724, 2.4676727438905255e-07], [0.010585986290762895, 0.18753224765538548, 0.042846684089492625, 0.759035081964359], [0.04126765477153178, 0.10182678698442406, 0.2471268786926875, 0.6097786795513568], [0.48110955703556163, 0.32472824534285266, 0.11592070837960777, 0.0782414892419777], [0.09854363778175625, 0.03580927030622254, 0.63492495016445, 0.2307221417475711], [0.35260886516249085, 0.003625695276320828, 0.6372133034899424, 0.006552136071246003], [0.4019106860498436, 0.08778280392445957, 0.4188286014398349, 0.09147790858586195], [0.22780281585094472, 0.4724336690171912, 0.09751987266027023, 0.2022436424715936], [0.04131105490820263, 0.008382854495540992, 0.7899991680924963, 0.1603069225037603], [0.6703738652955297, 0.20784539996923357, 0.09295927007292204, 0.028821464662314795], [0.3124171292945385, 1.6587074222848024e-05, 0.6875297808071764, 3.650282406223501e-05], [0.000502842173808688, 0.0015379019567813533, 0.24589853969041411, 0.7520607161789961]], "state_values": [-1.0454799160147887, 0.9281166348090513, 2.5033503199349325, 4.933411966422825, 1.4963792288727904, 3.500179966515424, -0.27963667143753673, 0.2329575556578057, 1.0382255176024324, 0.13989572003194267, -1.064312907396135, -1.5296345458241716, 0.6231511559857006, -0.5517821701805007, -1.7231425290963687, -0.23758864823345804], "value_grad": [0.0, -0.5694618625515231, 0.5314997553103207, 0.09491116481963702, 0.07592834628351208, -1.0440216134627427, 0.7023365058930735, 0.0, 0.32269559035593387, 0.0, 0.07592827404678748, 0.0379641371978352, -0.09491029675628004, -0.09491038748834968, -0.3416778398960405, -0.3986235639408402], "action_grad": [[0.0, 0.0, 0.0], [0.0, 0.0, 0.0], [0.0, 0.0, 0.0], [0.0, 0.0, 0.0], [0.0, 0.0, 0.0], [0.0, 0.0, 0.0], [0.0, 0.0, 0.0], [0.0, 0.0, 0.0], [0.0, 0.0, 0.0], [0.0, 0.0, 0.0], [0.0, 0.0, 0.0], [0.0, 0.0, 0.0], [0.0, 0.0, 0.0], [0.0, 0.0, 0.0], [0.0, 0.0, 0.0], [0.0, 0.0, 0.0]], "action_params_change": 0, "value_params_change": 0.408612713222829}
{"iterations": 1, "type_itr": 0, "sub_iteration": 7, "sub_it_time": 3.9576075077056885, "total_time": 29.707383155822754, "value_loss": 1.5755733885028091, "action_loss": -0.4287177233680206, "action_probs": [[0.04398881210744663, 0.05096104649447487, 0.41929583891947364, 0.48575430247860474], [0.7664602447559672, 0.0016307150625603467, 0.23141667979090458, 0.000492360390567791], [9.845167359613786e-05, 5.068346766239963e-05, 0.660052286544864, 0.33979857831387744], [0.2032387292870852, 0.08586099344800875, 0.49976688885844195, 0.21113338840646423], [0.9985148772332051, 0.00019033892459686141, 0.0012945370749237724, 2.4676727438905255e-07], [0.010585986290762895, 0.18753224765538548, 0.042846684089492625, 0.759035081964359], [0.04126765477153178, 0.10182678698442406, 0.2471268786926875, 0.6097786795513568], [0.48110955703556163, 0.32472824534285266, 0.11592070837960777, 0.0782414892419777], [0.09854363778175625, 0.03580927030622254, 0.63492495016445, 0.2307221417475711], [0.35260886516249085, 0.003625695276320828, 0.6372133034899424, 0.006552136071246003], [0.4019106860498436, 0.08778280392445957, 0.4188286014398349, 0.09147790858586195], [0.22780281585094472, 0.4724336690171912, 0.09751987266027023, 0.2022436424715936], [0.04131105490820263, 0.008382854495540992, 0.7899991680924963, 0.1603069225037603], [0.6703738652955297, 0.20784539996923357, 0.09295927007292204, 0.028821464662314795], [0.3124171292945385, 1.6587074222848024e-05, 0.6875297808071764, 3.650282406223501e-05], [0.000502842173808688, 0.0015379019567813533, 0.24589853969041411, 0.7520607161789961]], "state_values": [-1.7204612040073632, 1.676006114191986, 2.8793826568418317, 4.910317068400681, 1.263672565588303, 3.7437398026494666, 0.35388994659456036, 0.4507158343949616, 0.587696287925534, 0.6671986697913469, -0.8317473670510788, -1.9836674026930305, 1.0533222200256835, -0.1317201775810102, -1.4841095576204115, -1.2126570801567944], "value_grad": [0.07592896500808566, -0.3606623799029396, -0.8162582110490927, 0.018982403959851624, 0.20880473534409005, -0.9681016379396339, 0.5504845839163781, -0.01898223313841063, 0.13287574433759897, 0.03796441637394543, 0.13287574433766491, 0.11389344663955847, 0.01898223313841063, -0.03796444970069479, -0.3226984824482557, -0.1518576620065788], "action_grad": [[0.0, 0.0, 0.0], [0.0, 0.0, 0.0], [0.0, 0.0, 0.0], [0.0, 0.0, 0.0], [0.0, 0.0, 0.0], [0.0, 0.0, 0.0], [0.0, 0.0, 0.0], [0.0, 0.0, 0.0], [0.0, 0.0, 0.0], [0.0, 0.0, 0.0], [0.0, 0.0, 0.0], [0.0, 0.0, 0.0], [0.0, 0.0, 0.0], [0.0, 0.0, 0.0], [0.0, 0.0, 0.0], [0.0, 0.0, 0.0]], "action_params_change": 0, "value_params_change": 0.39487738951558704}
{"iterations": 1, "type_itr": 0, "sub_iteration": 8, "sub_it_time": 3.459913969039917, "total_time": 33.168994188308716, "value_loss": 1.4996436295848916, "action_loss": -0.4928792433243108, "action_probs": [[0.04398881210744663, 0.05096104649447487, 0.41929583891947364, 0.48575430247860474], [0.7664602447559672, 0.0016307150625603467, 0.23141667979090458, 0.000492360390567791], [9.845167359613786e-05, 5.068346766239963e-05, 0.660052286544864, 0.33979857831387744], [0.2032387292870852, 0.08586099344800875, 0.49976688885844195, 0.21113338840646423], [0.9985148772332051, 0.00019033892459686141, 0.0012945370749237724, 2.4676727438905255e-07], [0.010585986290762895, 0.18753224765538548, 0.042846684089492625, 0.759035081964359], [0.04126765477153178, 0.10182678698442406, 0.2471268786926875, 0.6097786795513568], [0.48110955703556163, 0.32472824534285266, 0.11592070837960777, 0.0782414892419777], [0.09854363778175625, 0.03580927030622254, 0.63492495016445, 0.2307221417475711], [0.35260886516249085, 0.003625695276320828, 0.6372133034899424, 0.006552136071246003], [0.4019106860498436, 0.08778280392445957, 0.4188286014398349, 0.09147790858586195], [0.22780281585094472, 0.4724336690171912, 0.09751987266027023, 0.2022436424715936], [0.04131105490820263, 0.008382854495540992, 0.7899991680924963, 0.1603069225037603], [0.6703738652955297, 0.20784539996923357, 0.09295927007292204, 0.028821464662314795], [0.3124171292945385, 1.6587074222848024e-05, 0.6875297808071764, 3.650282406223501e-05], [0.000502842173808688, 0.0015379019567813533, 0.24589853969041411, 0.7520607161789961]], "state_values": [-2.0895807140250877, 2.366464920416847, 3.122850835613628, 4.90673716899741, 0.8483130056876591, 3.9426212952097326, 1.043760328958669, 0.5644672490843784, 0.21656528936044947, 0.8872736036341727, -0.3933308222952416, -2.155394717872998, 1.3155269977048998, 0.2420602773525462, -1.0726711048927913, -2.0399333192400007], "value_grad": [0.0949115661363591, -0.17084081538141271, 0.3796472817985035, 0.03796490772574068, 0.2088054378228552, -0.8921755529917064, 0.3986278510419563, -0.018982297698040496, -0.07592922185063311, -0.05694689291964661, 0.132876081443706, 0.11389392560235012, 0.13287608144364005, 0.0, -0.2847346765989591, 0.0], "action_grad": [[0.0, 0.0, 0.0], [0.0, 0.0, 0.0], [0.0, 0.0, 0.0], [0.0, 0.0, 0.0], [0.0, 0.0, 0.0], [0.0, 0.0, 0.0], [0.0, 0.0, 0.0], [0.0, 0.0, 0.0], [0.0, 0.0, 0.0], [0.0, 0.0, 0.0], [0.0, 0.0, 0.0], [0.0, 0.0, 0.0], [0.0, 0.0, 0.0], [0.0, 0.0, 0.0], [0.0, 0.0, 0.0], [0.0, 0.0, 0.0]], "action_params_change": 0, "value_params_change": 0.3505468629196926}
{"iterations": 1, "type_itr": 0, "sub_iteration": 9, "sub_it_time": 4.097490549087524, "total_time": 37.26815986633301, "value_loss": 1.51862609042708, "action_loss": -0.5665474747859279, "action_probs": [[0.04398881210744663, 0.05096104649447487, 0.41929583891947364, 0.48575430247860474], [0.7664602447559672, 0.0016307150625603467, 0.23141667979090458, 0.000492360390567791], [9.845167359613786e-05, 5.068346766239963e-05, 0.660052286544864, 0.33979857831387744], [0.2032387292870852, 0.08586099344800875, 0.49976688885844195, 0.21113338840646423], [0.9985148772332051, 0.00019033892459686141, 0.0012945370749237724, 2.4676727438905255e-07], [0.010585986290762895, 0.18753224765538548, 0.042846684089492625, 0.759035081964359], [0.04126765477153178, 0.10182678698442406, 0.2471268786926875, 0.6097786795513568], [0.48110955703556163, 0.32472824534285266, 0.11592070837960777, 0.0782414892419777], [0.09854363778175625, 0.03580927030622254, 0.63492495016445, 0.2307221417475711], [0.35260886516249085, 0.003625695276320828, 0.6372133034899424, 0.006552136071246003], [0.4019106860498436, 0.08778280392445957, 0.4188286014398349, 0.09147790858586195], [0.22780281585094472, 0.4724336690171912, 0.09751987266027023, 0.2022436424715936], [0.04131105490820263, 0.008382854495540992, 0.7899991680924963, 0.1603069225037603], [0.6703738652955297, 0.20784539996923357, 0.09295927007292204, 0.028821464662314795], [0.3124171292945385, 1.6587074222848024e-05, 0.6875297808071764, 3.650282406223501e-05], [0.000502842173808688, 0.0015379019567813533, 0.24589853969041411, 0.7520607161789961]], "state_values": [-2.1968252872690988, 2.9375303559689137, 3.2737518853678806, 4.936011354978296, 0.3607359300703946, 4.105828286627126, 1.6818372598962612, 0.5889479985777093, -0.024555153760708777, 0.9405518132537379, 0.2523036811329842, -2.1174760309125182, 1.3782709876915182, 0.5252142416417461, -0.5493782414711151, -2.6021115641373322], "value_grad": [0.11389383190359936, 0.0, 0.3227000753274363, 0.07592970203564664, 0.1138936413653382, -0.8162452385071581, 0.11389344663955847, -0.018982265767174322, -0.20880491384273592, -0.03796454758691992, 0.18982304851982335, 0.11389383190364333, 0.20880509042198714, 0.037964547587095776, -0.227787273308661, 0.2088054378228552], "action_grad": [[0.0, 0.0, 0.0], [0.0, 0.0, 0.0], [0.0, 0.0, 0.0], [0.0, 0.0, 0.0], [0.0, 0.0, 0.0], [0.0, 0.0, 0.0], [0.0, 0.0, 0.0], [0.0, 0.0, 0.0], [0.0, 0.0, 0.0], [0.0, 0.0, 0.0], [0.0, 0.0, 0.0], [0.0, 0.0, 0.0], [0.0, 0.0, 0.0], [0.0, 0.0, 0.0], [0.0, 0.0, 0.0], [0.0, 0.0, 0.0]], "action_params_change": 0, "value_params_change": 0.26989652851006607}
{"iterations": 1, "type_itr": 0, "sub_iteration": 10, "sub_it_time": 3.3643393516540527, "total_time": 40.6341598033905, "value_loss": 1.6515029157034653, "action_loss": -0.654899257744976, "action_probs": [[0.04398881210744663, 0.05096104649447487, 0.41929583891947364, 0.48575430247860474], [0.7664602447559672, 0.0016307150625603467, 0.23141667979090458, 0.000492360390567791], [9.845167359613786e-05, 5.068346766239963e-05, 0.660052286544864, 0.33979857831387744], [0.2032387292870852, 0.08586099344800875, 0.49976688885844195, 0.21113338840646423], [0.9985148772332051, 0.00019033892459686141, 0.0012945370749237724, 2.4676727438905255e-07], [0.010585986290762895, 0.18753224765538548, 0.042846684089492625, 0.759035081964359], [0.04126765477153178, 0.10182678698442406, 0.2471268786926875, 0.6097786795513568], [0.48110955703556163, 0.32472824534285266, 0.11592070837960777, 0.0782414892419777], [0.09854363778175625, 0.03580927030622254, 0.63492495016445, 0.2307221417475711], [0.35260886516249085, 0.003625695276320828, 0.6372133034899424, 0.006552136071246003], [0.4019106860498436, 0.08778280392445957, 0.4188286014398349, 0.09147790858586195], [0.22780281585094472, 0.4724336690171912, 0.09751987266027023, 0.2022436424715936], [0.04131105490820263, 0.008382854495540992, 0.7899991680924963, 0.1603069225037603], [0.6703738652955297, 0.20784539996923357, 0.09295927007292204, 0.028821464662314795], [0.3124171292945385, 1.6587074222848024e-05, 0.6875297808071764, 3.650282406223501e-05], [0.000502842173808688, 0.0015379019567813533, 0.24589853969041411, 0.7520607161789961]], "state_values": [-2.105525950904877, 3.3422701581290086, 3.363170296053808, 4.96323115005422, 0.0030619020371325228, 4.24028638363602, 2.2351981245744468, 0.4632056889158848, -0.12781961610046483, 0.8541137387005294, 0.6983613878326483, -1.9111642987738358, 1.252105907074769, 0.5147263827070004, 0.02511789369226141, -2.8753274473025154], "value_grad": [0.11389324772628262, 0.1898220748909476, 0.24676943909580706, 0.01898234428579193, -0.07592862825145508, -0.7782774606617513, 0.018982182886607912, -0.037964314300223956, -0.2657501805595517, -0.03796434867371001, -0.07592862825145508, 0.11389324772628262, 0.24676836164866334, 0.20880304248874992, -0.1518572537110774, 0.3606623799029396], "action_grad": [[0.0, 0.0, 0.0], [0.0, 0.0, 0.0], [0.0, 0.0, 0.0], [0.0, 0.0, 0.0], [0.0, 0.0, 0.0], [0.0, 0.0, 0.0], [0.0, 0.0, 0.0], [0.0, 0.0, 0.0], [0.0, 0.0, 0.0], [0.0, 0.0, 0.0], [0.0, 0.0, 0.0], [0.0, 0.0, 0.0], [0.0, 0.0, 0.0], [0.0, 0.0, 0.0], [0.0, 0.0, 0.0], [0.0, 0.0, 0.0]], "action_params_change": 0, "value_params_change": 0.24079239341734704}
{"iterations": 1, "type_itr": 0, "sub_iteration": 11, "sub_it_time": 4.008978605270386, "total_time": 44.6448655128479, "value_loss": 1.803361230285582, "action_loss": -0.7302089680598285, "action_probs": [[0.04398881210744663, 0.05096104649447487, 0.41929583891947364, 0.48575430247860474], [0.7664602447559672, 0.0016307150625603467, 0.23141667979090458, 0.000492360390567791], [9.845167359613786e-05, 5.068346766239963e-05, 0.660052286544864, 0.33979857831387744], [0.2032387292870852, 0.08586099344800875, 0.49976688885844195, 0.21113338840646423], [0.9985148772332051, 0.00019033892459686141, 0.0012945370749237724, 2.4676727438905255e-07], [0.010585986290762895, 0.18753224765538548, 0.042846684089492625, 0.759035081964359], [0.04126765477153178, 0.10182678698442406, 0.2471268786926875, 0.6097786795513568], [0.48110955703556163, 0.32472824534285266, 0.11592070837960777, 0.0782414892419777], [0.09854363778175625, 0.03580927030622254, 0.63492495016445, 0.2307221417475711], [0.35260886516249085, 0.003625695276320828, 0.6372133034899424, 0.006552136071246003], [0.4019106860498436, 0.08778280392445957, 0.4188286014398349, 0.09147790858586195], [0.22780281585094472, 0.4724336690171912, 0.09751987266027023, 0.2022436424715936], [0.04131105490820263, 0.008382854495540992, 0.7899991680924963, 0.1603069225037603], [0.6703738652955297, 0.20784539996923357, 0.09295927007292204, 0.028821464662314795], [0.3124171292945385, 1.6587074222848024e-05, 0.6875297808071764, 3.650282406223501e-05], [0.000502842173808688, 0.0015379019567813533, 0.24589853969041411, 0.7520607161789961]], "state_values": [-1.8511119246524306, 3.625135795020584, 3.416938488052949, 4.990752757759704, 0.34765784993869864, 4.3514165669743905, 2.6488320304409023, 0.2099356993405087, -0.13482145035599377, 0.5900649703721103, 0.9104193290869123, -1.5603886754581535, 1.8238127074383004, 0.5052944218142358, 0.5548473465403062, -2.907208384539027], "value_grad": [0.1138924101977763, 0.17083917434656248, 0.1518569745349012, 0.05694664951248796, -0.9490988235821143, -0.7592911262385311, -0.17083853049723086, -0.037964026749011115, -0.2088022402073768, -0.056946067953980606, -0.11389207885112795, 0.1138923007957986, -199.8982721438465, 0.0, -0.0189820040395845, 0.4365889261981155], "action_grad": [[0.0, 0.0, 0.0], [0.0, 0.0, 0.0], [0.0, 0.0, 0.0], [0.0, 0.0, 0.0], [0.0, 0.0, 0.0], [0.0, 0.0, 0.0], [0.0, 0.0, 0.0], [0.0, 0.0, 0.0], [0.0, 0.0, 0.0], [0.0, 0.0, 0.0], [0.0, 0.0, 0.0], [0.0, 0.0, 0.0], [0.0, 0.0, 0.0], [0.0, 0.0, 0.0], [0.0, 0.0, 0.0], [0.0, 0.0, 0.0]], "action_params_change": 0, "value_params_change": 0.24052497304620246}
{"iterations": 1, "type_itr": 0, "sub_iteration": 12, "sub_it_time": 4.245842695236206, "total_time": 48.892385482788086, "value_loss": 1.9362363883525446, "action_loss": -0.8478307436893502, "action_probs": [[0.04398881210744663, 0.05096104649447487, 0.41929583891947364, 0.48575430247860474], [0.7664602447559672, 0.0016307150625603467, 0.23141667979090458, 0.000492360390567791], [9.845167359613786e-05, 5.068346766239963e-05, 0.660052286544864, 0.33979857831387744], [0.2032387292870852, 0.08586099344800875, 0.49976688885844195, 0.21113338840646423], [0.9985148772332051, 0.00019033892459686141, 0.0012945370749237724, 2.4676727438905255e-07], [0.010585986290762895, 0.18753224765538548, 0.042846684089492625, 0.759035081964359], [0.04126765477153178, 0.10182678698442406, 0.2471268786926875, 0.6097786795513568], [0.48110955703556163, 0.32472824534285266, 0.11592070837960777, 0.0782414892419777], [0.09854363778175625, 0.03580927030622254, 0.63492495016445, 0.2307221417475711], [0.35260886516249085, 0.003625695276320828, 0.6372133034899424, 0.006552136071246003], [0.4019106860498436, 0.08778280392445957, 0.4188286014398349, 0.09147790858586195], [0.22780281585094472, 0.4724336690171912, 0.09751987266027023, 0.2022436424715936], [0.04131105490820263, 0.008382854495540992, 0.7899991680924963, 0.1603069225037603], [0.6703738652955297, 0.20784539996923357, 0.09295927007292204, 0.028821464662314795], [0.3124171292945385, 1.6587074222848024e-05, 0.6875297808071764, 3.650282406223501e-05], [0.000502842173808688, 0.0015379019567813533, 0.24589853969041411, 0.7520607161789961]], "state_values": [-1.4783253905877567, 3.8038065868897504, 3.446205089610017, 4.999901781314372, 0.734793046226549, 4.443608439708502, 2.905275147471052, 0.12713624726616093, -0.01255983325964974, 0.23063021047330728, 0.9587774539596444, -1.1279768207637941, 2.3159884308882477, 1.0367593249901295, 0.9301622496102957, -2.7219751502025096], "value_grad": [0.09490953949291558, 0.2088022402073768, 0.11389196630854492, -1.318944953254686e-13, -0.15185486396872738, -0.6833573192610798, -0.3037112759638019, 0.037963796429369534, -0.32269172831382376, -0.03796375682149655, -0.09490944090932052, 0.07592759250979064, 0.3226924016487416, -1.0630104299358412, 0.13287307681324112, 0.5314956905116166], "action_grad": [[0.0, 0.0, 0.0], [0.0, 0.0, 0.0], [0.0, 0.0, 0.0], [0.0, 0.0, 0.0], [0.0, 0.0, 0.0], [0.0, 0.0, 0.0], [0.0, 0.0, 0.0], [0.0, 0.0, 0.0], [0.0, 0.0, 0.0], [0.0, 0.0, 0.0], [0.0, 0.0, 0.0], [0.0, 0.0, 0.0], [0.0, 0.0, 0.0], [0.0, 0.0, 0.0], [0.0, 0.0, 0.0], [0.0, 0.0, 0.0]], "action_params_change": 0, "value_params_change": 0.21644427708718927}
{"iterations": 1, "type_itr": 0, "sub_iteration": 13, "sub_it_time": 4.069036960601807, "total_time": 52.963101625442505, "value_loss": 2.0311466851087587, "action_loss": -0.97739268910854, "action_probs": [[0.04398881210744663, 0.05096104649447487, 0.41929583891947364, 0.48575430247860474], [0.7664602447559672, 0.0016307150625603467, 0.23141667979090458, 0.000492360390567791], [9.845167359613786e-05, 5.068346766239963e-05, 0.660052286544864, 0.33979857831387744], [0.2032387292870852, 0.08586099344800875, 0.49976688885844195, 0.21113338840646423], [0.9985148772332051, 0.00019033892459686141, 0.0012945370749237724, 2.4676727438905255e-07], [0.010585986290762895, 0.18753224765538548, 0.042846684089492625, 0.759035081964359], [0.04126765477153178, 0.10182678698442406, 0.2471268786926875, 0.6097786795513568], [0.48110955703556163, 0.32472824534285266, 0.11592070837960777, 0.0782414892419777], [0.09854363778175625, 0.03580927030622254, 0.63492495016445, 0.2307221417475711], [0.35260886516249085, 0.003625695276320828, 0.6372133034899424, 0.006552136071246003], [0.4019106860498436, 0.08778280392445957, 0.4188286014398349, 0.09147790858586195], [0.22780281585094472, 0.4724336690171912, 0.09751987266027023, 0.2022436424715936], [0.04131105490820263, 0.008382854495540992, 0.7899991680924963, 0.1603069225037603], [0.6703738652955297, 0.20784539996923357, 0.09295927007292204, 0.028821464662314795], [0.3124171292945385, 1.6587074222848024e-05, 0.6875297808071764, 3.650282406223501e-05], [0.000502842173808688, 0.0015379019567813533, 0.24589853969041411, 0.7520607161789961]], "state_values": [-1.0223055036750113, 3.9020574318331436, 3.4600789897698436, 4.988487604102226, 1.1102141613764849, 4.520341021737704, 3.014023653421069, 0.05230307672206637, 0.23498528731687046, -0.09517330836339997, 0.9475993767884898, -0.6214213134432511, 2.736520819037534, 1.4491818742663303, 1.1301297594701472, -2.347351637963795], "value_grad": [0.07592718945135823, 0.20880140721786544, 0.07592759250985637, 0.0569458983548059, -0.05694536129196193, -0.6264083021602747, -0.37963751063717344, 0.0, -0.36065351172075877, 0.0, -0.0379635535473275, 0.07592710674590375, 0.3796367080097527, 0.11389065924647213, 0.1898177607581868, 0.5694561569073917], "action_grad": [[0.0, 0.0, 0.0], [0.0, 0.0, 0.0], [0.0, 0.0, 0.0], [0.0, 0.0, 0.0], [0.0, 0.0, 0.0], [0.0, 0.0, 0.0], [0.0, 0.0, 0.0], [0.0, 0.0, 0.0], [0.0, 0.0, 0.0], [0.0, 0.0, 0.0], [0.0, 0.0, 0.0], [0.0, 0.0, 0.0], [0.0, 0.0, 0.0], [0.0, 0.0, 0.0], [0.0, 0.0, 0.0], [0.0, 0.0, 0.0]], "action_params_change": 0, "value_params_change": 0.2058952852203304}
