{"iterations": 0, "type_itr": 0, "sub_iteration": 0, "sub_it_time": 0, "total_time": 0, "value_loss": 0, "action_loss": 0, "action_probs": [[0.00941813051052409, 0.030853309063396322, 0.22444811837875633, 0.735280442047323], [0.12462625838833878, 0.3260272277475547, 0.15191938526559276, 0.39742712859851376], [0.9791839710518435, 0.013857927980035089, 0.006861000470963932, 9.710049715731197e-05], [0.23218011433304397, 0.6434938145363281, 0.03296437230574829, 0.09136169882487956], [0.0012084205919863865, 0.0005009303117802102, 0.7057386371031902, 0.2925520119930432], [0.41888366379872394, 0.08099865672759099, 0.4190808862531577, 0.08103679322052745], [0.025761060784200766, 0.011705623908298655, 0.6618114051446556, 0.3007219101628449], [0.20760826150698816, 0.010625021530601077, 0.7437052073520631, 0.0380615096103477], [0.030983095455524474, 0.13422538477262597, 0.1565562815349138, 0.6782352382369358], [0.9341659934274653, 0.0649552762248628, 0.0008216019747767438, 5.712837289517534e-05], [0.019659565156821577, 0.8292789967594062, 0.0034982533694636686, 0.14756318471430838], [0.12123664310999767, 0.004632275457531972, 0.8419609793829079, 0.03217010204956262], [0.5447931177667152, 0.014698591425776526, 0.42893555205219813, 0.011572738755310237], [0.4204949021696711, 0.0003120068010730859, 0.578763648974757, 0.000429442054498764], [0.1557246742297222, 0.009771919146112303, 0.7852292816990214, 0.04927412492514397], [0.5896107281004522, 0.07112100072378642, 0.3027495179401837, 0.036518753235577836]], "state_values": [3.0617111412473297, 4.4647703691458664, 2.4368482443533477, -0.26686170460348774, 4.6420479152793765, 2.226308742844416, -4.90234694515856, -3.9560796810771772, 4.24925290327501, 2.981889317531761, 4.831544566435699, 4.42795158173164, 2.832224575692904, 1.902188111355285, 3.4133844326445355, 1.8299136224716073], "value_grad": [0.0, 0.0, 0.0, 0.0, 0.0, 0.0, 0.0, 0.0, 0.0, 0.0, 0.0, 0.0, 0.0, 0.0, 0.0, 0.0], "action_grad": [[0.0, 0.0, 0.0], [0.0, 0.0, 0.0], [0.0, 0.0, 0.0], [0.0, 0.0, 0.0], [0.0, 0.0, 0.0], [0.0, 0.0, 0.0], [0.0, 0.0, 0.0], [0.0, 0.0, 0.0], [0.0, 0.0, 0.0], [0.0, 0.0, 0.0], [0.0, 0.0, 0.0], [0.0, 0.0, 0.0], [0.0, 0.0, 0.0], [0.0, 0.0, 0.0], [0.0, 0.0, 0.0], [0.0, 0.0, 0.0]], "action_params_change": 0, "value_params_change": 0}
{"iterations": 1, "type_itr": 0, "sub_iteration": 0, "sub_it_time": 0.31613612174987793, "total_time": 0.31792664527893066, "value_loss": 7.262640953063965, "action_loss": -1.7683357000350952, "action_probs": [[0.00941813051052409, 0.030853309063396322, 0.22444811837875633, 0.735280442047323], [0.12462625838833878, 0.3260272277475547, 0.15191938526559276, 0.39742712859851376], [0.9791839710518435, 0.013857927980035089, 0.006861000470963932, 9.710049715731197e-05], [0.23218011433304397, 0.6434938145363281, 0.03296437230574829, 0.09136169882487956], [0.0012084205919863865, 0.0005009303117802102, 0.7057386371031902, 0.2925520119930432], [0.41888366379872394, 0.08099865672759099, 0.4190808862531577, 0.08103679322052745], [0.025761060784200766, 0.011705623908298655, 0.6618114051446556, 0.3007219101628449], [0.20760826150698816, 0.010625021530601077, 0.7437052073520631, 0.0380615096103477], [0.030983095455524474, 0.13422538477262597, 0.1565562815349138, 0.6782352382369358], [0.9341659934274653, 0.0649552762248628, 0.0008216019747767438, 5.712837289517534e-05], [0.019659565156821577, 0.8292789967594062, 0.0034982533694636686, 0.14756318471430838], [0.12123664310999767, 0.004632275457531972, 0.8419609793829079, 0.03217010204956262], [0.5447931177667152, 0.014698591425776526, 0.42893555205219813, 0.011572738755310237], [0.4204949021696711, 0.0003120068010730859, 0.578763648974757, 0.000429442054498764], [0.1557246742297222, 0.009771919146112303, 0.7852292816990214, 0.04927412492514397], [0.5896107281004522, 0.07112100072378642, 0.3027495179401837, 0.036518753235577836]], "state_values": [3.944508905006409, 3.7691297620318105, 1.2809321075084326, 0.9766910194257402, 4.957362982931472, 1.0494701162950233, -4.993231699911899, -4.589577748767497, 4.76909267954858, 1.8962290965628652, 4.36295311137833, 4.864852411810134, 1.7247500540826897, 2.9870577153322952, 2.4033550144925595, 0.6218286497707242], "value_grad": [0.6652803421020508, -2.10275936126709, -1.540440559387207, -1.4652009010314941, 0.5266790390014648, 1.283041000366211, 0.4870791435241699, 0.023759841918945312, -1.1048402786254883, 0.3999605178833008, -0.39600086212158203, -0.1900806427001953, -1.8136801719665527, -0.40391969680786133, -1.2355194091796875, 1.655280590057373], "action_grad": [[0.0, 0.0, 0.0], [0.0, 0.0, 0.0], [0.0, 0.0, 0.0], [0.0, 0.0, 0.0], [0.0, 0.0, 0.0], [0.0, 0.0, 0.0], [0.0, 0.0, 0.0], [0.0, 0.0, 0.0], [0.0, 0.0, 0.0], [0.0, 0.0, 0.0], [0.0, 0.0, 0.0], [0.0, 0.0, 0.0], [0.0, 0.0, 0.0], [0.0, 0.0, 0.0], [0.0, 0.0, 0.0], [0.0, 0.0, 0.0]], "action_params_change": 0, "value_params_change": 0.4999999976221722}
{"iterations": 1, "type_itr": 0, "sub_iteration": 1, "sub_it_time": 0.12374234199523926, "total_time": 0.4434378147125244, "value_loss": 6.763679504394531, "action_loss": -1.5933856964111328, "action_probs": [[0.00941813051052409, 0.030853309063396322, 0.22444811837875633, 0.735280442047323], [0.12462625838833878, 0.3260272277475547, 0.15191938526559276, 0.39742712859851376], [0.9791839710518435, 0.013857927980035089, 0.006861000470963932, 9.710049715731197e-05], [0.23218011433304397, 0.6434938145363281, 0.03296437230574829, 0.09136169882487956], [0.0012084205919863865, 0.0005009303117802102, 0.7057386371031902, 0.2925520119930432], [0.41888366379872394, 0.08099865672759099, 0.4190808862531577, 0.08103679322052745], [0.025761060784200766, 0.011705623908298655, 0.6618114051446556, 0.3007219101628449], [0.20760826150698816, 0.010625021530601077, 0.7437052073520631, 0.0380615096103477], [0.030983095455524474, 0.13422538477262597, 0.1565562815349138, 0.6782352382369358], [0.9341659934274653, 0.0649552762248628, 0.0008216019747767438, 5.712837289517534e-05], [0.019659565156821577, 0.8292789967594062, 0.0034982533694636686, 0.14756318471430838], [0.12123664310999767, 0.004632275457531972, 0.8419609793829079, 0.03217010204956262], [0.5447931177667152, 0.014698591425776526, 0.42893555205219813, 0.011572738755310237], [0.4204949021696711, 0.0003120068010730859, 0.578763648974757, 0.000429442054498764], [0.1557246742297222, 0.009771919146112303, 0.7852292816990214, 0.04927412492514397], [0.5896107281004522, 0.07112100072378642, 0.3027495179401837, 0.036518753235577836]], "state_values": [3.992580685100375, 2.947286811550902, 0.06929610365111885, 1.0458311880298385, 4.967708245325703, 0.8159662051630985, -4.994889010986889, -4.219149252747833, 4.589963725436132, 0.6914731589167088, 3.6227089423741123, 4.993590086893287, 0.7383942200249853, 2.401512201918923, 1.3061357661394724, -0.5458365296087919], "value_grad": [-0.5266799926757812, -0.815760612487793, -2.6254801750183105, 1.1761198043823242, 0.9306001663208008, -0.7722001075744629, -1.0375189781188965, -0.15443992614746094, 2.5066795349121094, 0.41975975036621094, -0.4791593551635742, -0.015839576721191406, -0.40391969680786133, 1.5958805084228516, -0.693000316619873, 0.8513998985290527], "action_grad": [[0.0, 0.0, 0.0], [0.0, 0.0, 0.0], [0.0, 0.0, 0.0], [0.0, 0.0, 0.0], [0.0, 0.0, 0.0], [0.0, 0.0, 0.0], [0.0, 0.0, 0.0], [0.0, 0.0, 0.0], [0.0, 0.0, 0.0], [0.0, 0.0, 0.0], [0.0, 0.0, 0.0], [0.0, 0.0, 0.0], [0.0, 0.0, 0.0], [0.0, 0.0, 0.0], [0.0, 0.0, 0.0], [0.0, 0.0, 0.0]], "action_params_change": 0, "value_params_change": 0.5004835951328452}
{"iterations": 1, "type_itr": 0, "sub_iteration": 2, "sub_it_time": 0.12505340576171875, "total_time": 0.5703532695770264, "value_loss": 6.023160457611084, "action_loss": -1.2893056869506836, "action_probs": [[0.00941813051052409, 0.030853309063396322, 0.22444811837875633, 0.735280442047323], [0.12462625838833878, 0.3260272277475547, 0.15191938526559276, 0.39742712859851376], [0.9791839710518435, 0.013857927980035089, 0.006861000470963932, 9.710049715731197e-05], [0.23218011433304397, 0.6434938145363281, 0.03296437230574829, 0.09136169882487956], [0.0012084205919863865, 0.0005009303117802102, 0.7057386371031902, 0.2925520119930432], [0.41888366379872394, 0.08099865672759099, 0.4190808862531577, 0.08103679322052745], [0.025761060784200766, 0.011705623908298655, 0.6618114051446556, 0.3007219101628449], [0.20760826150698816, 0.010625021530601077, 0.7437052073520631, 0.0380615096103477], [0.030983095455524474, 0.13422538477262597, 0.1565562815349138, 0.6782352382369358], [0.9341659934274653, 0.0649552762248628, 0.0008216019747767438, 5.712837289517534e-05], [0.019659565156821577, 0.8292789967594062, 0.0034982533694636686, 0.14756318471430838], [0.12123664310999767, 0.004632275457531972, 0.8419609793829079, 0.03217010204956262], [0.5447931177667152, 0.014698591425776526, 0.42893555205219813, 0.011572738755310237], [0.4204949021696711, 0.0003120068010730859, 0.578763648974757, 0.000429442054498764], [0.1557246742297222, 0.009771919146112303, 0.7852292816990214, 0.04927412492514397], [0.5896107281004522, 0.07112100072378642, 0.3027495179401837, 0.036518753235577836]], "state_values": [4.277381674513619, 1.9246958014621012, -1.0047606802491071, 1.6392267720138871, 4.684049174552794, 0.36955123978503335, -4.956657859873221, -3.679080732606405, 4.246087088272638, 0.03670844731419005, 3.08018251962021, 4.952613986248488, 0.5214403143561475, 1.626344410770408, 1.4139490180405034, -1.007023879942198], "value_grad": [0.593998908996582, -2.035440444946289, -0.5821194648742676, -1.9760398864746094, 1.2790799140930176, 0.5543999671936035, -0.0831594467163086, -0.946439266204834, 1.5760798454284668, -0.19800043106079102, 0.16235923767089844, 0.41975975036621094, 1.2236394882202148, 0.8672394752502441, 1.9641609191894531, -0.8989205360412598], "action_grad": [[0.0, 0.0, 0.0], [0.0, 0.0, 0.0], [0.0, 0.0, 0.0], [0.0, 0.0, 0.0], [0.0, 0.0, 0.0], [0.0, 0.0, 0.0], [0.0, 0.0, 0.0], [0.0, 0.0, 0.0], [0.0, 0.0, 0.0], [0.0, 0.0, 0.0], [0.0, 0.0, 0.0], [0.0, 0.0, 0.0], [0.0, 0.0, 0.0], [0.0, 0.0, 0.0], [0.0, 0.0, 0.0], [0.0, 0.0, 0.0]], "action_params_change": 0, "value_params_change": 0.4873726489461832}
{"iterations": 1, "type_itr": 0, "sub_iteration": 3, "sub_it_time": 0.12373995780944824, "total_time": 0.6956634521484375, "value_loss": 4.819319725036621, "action_loss": -1.0719765424728394, "action_probs": [[0.00941813051052409, 0.030853309063396322, 0.22444811837875633, 0.735280442047323], [0.12462625838833878, 0.3260272277475547, 0.15191938526559276, 0.39742712859851376], [0.9791839710518435, 0.013857927980035089, 0.006861000470963932, 9.710049715731197e-05], [0.23218011433304397, 0.6434938145363281, 0.03296437230574829, 0.09136169882487956], [0.0012084205919863865, 0.0005009303117802102, 0.7057386371031902, 0.2925520119930432], [0.41888366379872394, 0.08099865672759099, 0.4190808862531577, 0.08103679322052745], [0.025761060784200766, 0.011705623908298655, 0.6618114051446556, 0.3007219101628449], [0.20760826150698816, 0.010625021530601077, 0.7437052073520631, 0.0380615096103477], [0.030983095455524474, 0.13422538477262597, 0.1565562815349138, 0.6782352382369358], [0.9341659934274653, 0.0649552762248628, 0.0008216019747767438, 5.712837289517534e-05], [0.019659565156821577, 0.8292789967594062, 0.0034982533694636686, 0.14756318471430838], [0.12123664310999767, 0.004632275457531972, 0.8419609793829079, 0.03217010204956262], [0.5447931177667152, 0.014698591425776526, 0.42893555205219813, 0.011572738755310237], [0.4204949021696711, 0.0003120068010730859, 0.578763648974757, 0.000429442054498764], [0.1557246742297222, 0.009771919146112303, 0.7852292816990214, 0.04927412492514397], [0.5896107281004522, 0.07112100072378642, 0.3027495179401837, 0.036518753235577836]], "state_values": [4.387095234539241, 0.8820509048613269, -2.0668736281021975, 2.2137411078115155, 4.181894585403683, 0.6401985437908488, -4.7865278354386716, -3.3833487478713464, 3.7510869552847637, 0.5616061978152295, 2.2884219381640794, 4.780034005018267, 0.2981841804454519, 0.8513603569718093, 1.7141314351601946, -1.4495102447803276], "value_grad": [-0.26928043365478516, -0.617760181427002, -1.5840001106262207, -0.47916078567504883, 0.30887937545776367, -1.6750802993774414, -2.110680103302002, 0.36827898025512695, 1.231560230255127, -1.8968405723571777, -0.8553595542907715, 0.6573596000671387, -0.13859987258911133, 0.296999454498291, 0.8038797378540039, 0.21780014038085938], "action_grad": [[0.0, 0.0, 0.0], [0.0, 0.0, 0.0], [0.0, 0.0, 0.0], [0.0, 0.0, 0.0], [0.0, 0.0, 0.0], [0.0, 0.0, 0.0], [0.0, 0.0, 0.0], [0.0, 0.0, 0.0], [0.0, 0.0, 0.0], [0.0, 0.0, 0.0], [0.0, 0.0, 0.0], [0.0, 0.0, 0.0], [0.0, 0.0, 0.0], [0.0, 0.0, 0.0], [0.0, 0.0, 0.0], [0.0, 0.0, 0.0]], "action_params_change": 0, "value_params_change": 0.4476547514173346}
{"iterations": 1, "type_itr": 0, "sub_iteration": 4, "sub_it_time": 0.12348771095275879, "total_time": 0.8207299709320068, "value_loss": 5.179679870605469, "action_loss": -1.0683543682098389, "action_probs": [[0.00941813051052409, 0.030853309063396322, 0.22444811837875633, 0.735280442047323], [0.12462625838833878, 0.3260272277475547, 0.15191938526559276, 0.39742712859851376], [0.9791839710518435, 0.013857927980035089, 0.006861000470963932, 9.710049715731197e-05], [0.23218011433304397, 0.6434938145363281, 0.03296437230574829, 0.09136169882487956], [0.0012084205919863865, 0.0005009303117802102, 0.7057386371031902, 0.2925520119930432], [0.41888366379872394, 0.08099865672759099, 0.4190808862531577, 0.08103679322052745], [0.025761060784200766, 0.011705623908298655, 0.6618114051446556, 0.3007219101628449], [0.20760826150698816, 0.010625021530601077, 0.7437052073520631, 0.0380615096103477], [0.030983095455524474, 0.13422538477262597, 0.1565562815349138, 0.6782352382369358], [0.9341659934274653, 0.0649552762248628, 0.0008216019747767438, 5.712837289517534e-05], [0.019659565156821577, 0.8292789967594062, 0.0034982533694636686, 0.14756318471430838], [0.12123664310999767, 0.004632275457531972, 0.8419609793829079, 0.03217010204956262], [0.5447931177667152, 0.014698591425776526, 0.42893555205219813, 0.011572738755310237], [0.4204949021696711, 0.0003120068010730859, 0.578763648974757, 0.000429442054498764], [0.1557246742297222, 0.009771919146112303, 0.7852292816990214, 0.04927412492514397], [0.5896107281004522, 0.07112100072378642, 0.3027495179401837, 0.036518753235577836]], "state_values": [4.439704136854732, -0.25649196926454565, -2.8586293241957734, 2.799021047049911, 3.438238901014275, 0.7030671903847874, -4.4378418463316445, -2.8675780940043945, 3.0977118200131737, 0.8545417555061509, 1.6256267615466566, 4.429394175488286, -0.27095205192585253, 0.5590313768562778, 1.6878184846362774, -2.1305172954171496], "value_grad": [-0.11484050750732422, -2.0077199935913086, 0.1663203239440918, -0.6969599723815918, 1.2949204444885254, 0.5583605766296387, -1.3305606842041016, -0.645479679107666, 1.3147196769714355, 0.4158000946044922, 0.11087989807128906, 0.45143938064575195, -1.7424001693725586, -0.9543604850769043, -1.1127610206604004, 1.6948800086975098], "action_grad": [[0.0, 0.0, 0.0], [0.0, 0.0, 0.0], [0.0, 0.0, 0.0], [0.0, 0.0, 0.0], [0.0, 0.0, 0.0], [0.0, 0.0, 0.0], [0.0, 0.0, 0.0], [0.0, 0.0, 0.0], [0.0, 0.0, 0.0], [0.0, 0.0, 0.0], [0.0, 0.0, 0.0], [0.0, 0.0, 0.0], [0.0, 0.0, 0.0], [0.0, 0.0, 0.0], [0.0, 0.0, 0.0], [0.0, 0.0, 0.0]], "action_params_change": 0, "value_params_change": 0.4647985335712963}
{"iterations": 1, "type_itr": 0, "sub_iteration": 5, "sub_it_time": 0.1211252212524414, "total_time": 0.9434664249420166, "value_loss": 5.286600589752197, "action_loss": -0.933610200881958, "action_probs": [[0.00941813051052409, 0.030853309063396322, 0.22444811837875633, 0.735280442047323], [0.12462625838833878, 0.3260272277475547, 0.15191938526559276, 0.39742712859851376], [0.9791839710518435, 0.013857927980035089, 0.006861000470963932, 9.710049715731197e-05], [0.23218011433304397, 0.6434938145363281, 0.03296437230574829, 0.09136169882487956], [0.0012084205919863865, 0.0005009303117802102, 0.7057386371031902, 0.2925520119930432], [0.41888366379872394, 0.08099865672759099, 0.4190808862531577, 0.08103679322052745], [0.025761060784200766, 0.011705623908298655, 0.6618114051446556, 0.3007219101628449], [0.20760826150698816, 0.010625021530601077, 0.7437052073520631, 0.0380615096103477], [0.030983095455524474, 0.13422538477262597, 0.1565562815349138, 0.6782352382369358], [0.9341659934274653, 0.0649552762248628, 0.0008216019747767438, 5.712837289517534e-05], [0.019659565156821577, 0.8292789967594062, 0.0034982533694636686, 0.14756318471430838], [0.12123664310999767, 0.004632275457531972, 0.8419609793829079, 0.03217010204956262], [0.5447931177667152, 0.014698591425776526, 0.42893555205219813, 0.011572738755310237], [0.4204949021696711, 0.0003120068010730859, 0.578763648974757, 0.000429442054498764], [0.1557246742297222, 0.009771919146112303, 0.7852292816990214, 0.04927412492514397], [0.5896107281004522, 0.07112100072378642, 0.3027495179401837, 0.036518753235577836]], "state_values": [4.547402985901539, -1.0609128607880625, -3.1421628421547143, 3.151862776386062, 3.0241575158942973, 0.7194954133745467, -4.08294998965451, -2.895854886991263, 2.282586009882108, 1.2506607563366776, 0.7516778776808721, 4.512504195141365, -0.9629248161722206, 0.24683813755877257, 1.7712283882613291, -2.450162767171331], "value_grad": [0.2573995590209961, 0.8553605079650879, 2.0077197551727295, 0.5900397300720215, -1.223639965057373, 0.13860034942626953, 0.45144033432006836, 1.148400068283081, 1.5483593940734863, -0.5068802833557129, -1.1642403602600098, -1.6632006168365479, -1.1286001205444336, 0.19403982162475586, 0.48708009719848633, -1.0058398246765137], "action_grad": [[0.0, 0.0, 0.0], [0.0, 0.0, 0.0], [0.0, 0.0, 0.0], [0.0, 0.0, 0.0], [0.0, 0.0, 0.0], [0.0, 0.0, 0.0], [0.0, 0.0, 0.0], [0.0, 0.0, 0.0], [0.0, 0.0, 0.0], [0.0, 0.0, 0.0], [0.0, 0.0, 0.0], [0.0, 0.0, 0.0], [0.0, 0.0, 0.0], [0.0, 0.0, 0.0], [0.0, 0.0, 0.0], [0.0, 0.0, 0.0]], "action_params_change": 0, "value_params_change": 0.3881656562344509}
{"iterations": 1, "type_itr": 0, "sub_iteration": 6, "sub_it_time": 0.12253904342651367, "total_time": 1.0675318241119385, "value_loss": 5.484600067138672, "action_loss": -0.8982943296432495, "action_probs": [[0.00941813051052409, 0.030853309063396322, 0.22444811837875633, 0.735280442047323], [0.12462625838833878, 0.3260272277475547, 0.15191938526559276, 0.39742712859851376], [0.9791839710518435, 0.013857927980035089, 0.006861000470963932, 9.710049715731197e-05], [0.23218011433304397, 0.6434938145363281, 0.03296437230574829, 0.09136169882487956], [0.0012084205919863865, 0.0005009303117802102, 0.7057386371031902, 0.2925520119930432], [0.41888366379872394, 0.08099865672759099, 0.4190808862531577, 0.08103679322052745], [0.025761060784200766, 0.011705623908298655, 0.6618114051446556, 0.3007219101628449], [0.20760826150698816, 0.010625021530601077, 0.7437052073520631, 0.0380615096103477], [0.030983095455524474, 0.13422538477262597, 0.1565562815349138, 0.6782352382369358], [0.9341659934274653, 0.0649552762248628, 0.0008216019747767438, 5.712837289517534e-05], [0.019659565156821577, 0.8292789967594062, 0.0034982533694636686, 0.14756318471430838], [0.12123664310999767, 0.004632275457531972, 0.8419609793829079, 0.03217010204956262], [0.5447931177667152, 0.014698591425776526, 0.42893555205219813, 0.011572738755310237], [0.4204949021696711, 0.0003120068010730859, 0.578763648974757, 0.000429442054498764], [0.1557246742297222, 0.009771919146112303, 0.7852292816990214, 0.04927412492514397], [0.5896107281004522, 0.07112100072378642, 0.3027495179401837, 0.036518753235577836]], "state_values": [4.6238307803416525, -1.7498905500900737, -3.345964908148425, 3.542050280828947, 2.728900972211414, 0.7587994018906352, -3.6391724419381446, -2.8010677331125566, 1.41327874937543, 1.7957855374774885, 0.19414546921271356, 4.622225252447076, -1.3334120016828166, 0.08104234459160166, 1.7274184931616605, -2.892697646505563], "value_grad": [-0.039600372314453125, -0.055440425872802734, 0.26135921478271484, -0.728640079498291, -0.41975975036621094, -0.09504032135009766, -0.5148005485534668, -0.39203977584838867, 0.6375603675842285, -0.8870396614074707, 0.498960018157959, -0.33660030364990234, 1.0018796920776367, -0.35243988037109375, -0.5583596229553223, 1.1246399879455566], "action_grad": [[0.0, 0.0, 0.0], [0.0, 0.0, 0.0], [0.0, 0.0, 0.0], [0.0, 0.0, 0.0], [0.0, 0.0, 0.0], [0.0, 0.0, 0.0], [0.0, 0.0, 0.0], [0.0, 0.0, 0.0], [0.0, 0.0, 0.0], [0.0, 0.0, 0.0], [0.0, 0.0, 0.0], [0.0, 0.0, 0.0], [0.0, 0.0, 0.0], [0.0, 0.0, 0.0], [0.0, 0.0, 0.0], [0.0, 0.0, 0.0]], "action_params_change": 0, "value_params_change": 0.3750302038461646}
{"iterations": 1, "type_itr": 0, "sub_iteration": 7, "sub_it_time": 0.12326836585998535, "total_time": 1.192678451538086, "value_loss": 4.597560405731201, "action_loss": -0.8138980269432068, "action_probs": [[0.00941813051052409, 0.030853309063396322, 0.22444811837875633, 0.735280442047323], [0.12462625838833878, 0.3260272277475547, 0.15191938526559276, 0.39742712859851376], [0.9791839710518435, 0.013857927980035089, 0.006861000470963932, 9.710049715731197e-05], [0.23218011433304397, 0.6434938145363281, 0.03296437230574829, 0.09136169882487956], [0.0012084205919863865, 0.0005009303117802102, 0.7057386371031902, 0.2925520119930432], [0.41888366379872394, 0.08099865672759099, 0.4190808862531577, 0.08103679322052745], [0.025761060784200766, 0.011705623908298655, 0.6618114051446556, 0.3007219101628449], [0.20760826150698816, 0.010625021530601077, 0.7437052073520631, 0.0380615096103477], [0.030983095455524474, 0.13422538477262597, 0.1565562815349138, 0.6782352382369358], [0.9341659934274653, 0.0649552762248628, 0.0008216019747767438, 5.712837289517534e-05], [0.019659565156821577, 0.8292789967594062, 0.0034982533694636686, 0.14756318471430838], [0.12123664310999767, 0.004632275457531972, 0.8419609793829079, 0.03217010204956262], [0.5447931177667152, 0.014698591425776526, 0.42893555205219813, 0.011572738755310237], [0.4204949021696711, 0.0003120068010730859, 0.578763648974757, 0.000429442054498764], [0.1557246742297222, 0.009771919146112303, 0.7852292816990214, 0.04927412492514397], [0.5896107281004522, 0.07112100072378642, 0.3027495179401837, 0.036518753235577836]], "state_values": [4.790023788108234, -2.4635177658656513, -3.408974772376783, 3.9530328666428396, 2.280618738081695, 0.5277264697560148, -2.991915661760391, -3.0158899799364054, 0.7304329103847059, 2.398136882134269, 0.19533466354456444, 4.65743497813395, -1.2863481869305164, -0.09924262777363148, 1.5656544677872481, -3.0030595163589084], "value_grad": [0.7880396842956543, -1.1681995391845703, 0.9622797966003418, -0.9028801918029785, 0.9503998756408691, 1.1246399879455566, -2.185920238494873, 1.1642398834228516, -0.7405200004577637, -0.69696044921875, 1.3265995979309082, 0.4395599365234375, 2.031479835510254, 0.11880064010620117, -0.6217198371887207, -1.5325193405151367], "action_grad": [[0.0, 0.0, 0.0], [0.0, 0.0, 0.0], [0.0, 0.0, 0.0], [0.0, 0.0, 0.0], [0.0, 0.0, 0.0], [0.0, 0.0, 0.0], [0.0, 0.0, 0.0], [0.0, 0.0, 0.0], [0.0, 0.0, 0.0], [0.0, 0.0, 0.0], [0.0, 0.0, 0.0], [0.0, 0.0, 0.0], [0.0, 0.0, 0.0], [0.0, 0.0, 0.0], [0.0, 0.0, 0.0], [0.0, 0.0, 0.0]], "action_params_change": 0, "value_params_change": 0.3473544459279232}
{"iterations": 1, "type_itr": 0, "sub_iteration": 8, "sub_it_time": 0.12210679054260254, "total_time": 1.3169207572937012, "value_loss": 5.167799949645996, "action_loss": -0.9084361791610718, "action_probs": [[0.00941813051052409, 0.030853309063396322, 0.22444811837875633, 0.735280442047323], [0.12462625838833878, 0.3260272277475547, 0.15191938526559276, 0.39742712859851376], [0.9791839710518435, 0.013857927980035089, 0.006861000470963932, 9.710049715731197e-05], [0.23218011433304397, 0.6434938145363281, 0.03296437230574829, 0.09136169882487956], [0.0012084205919863865, 0.0005009303117802102, 0.7057386371031902, 0.2925520119930432], [0.41888366379872394, 0.08099865672759099, 0.4190808862531577, 0.08103679322052745], [0.025761060784200766, 0.011705623908298655, 0.6618114051446556, 0.3007219101628449], [0.20760826150698816, 0.010625021530601077, 0.7437052073520631, 0.0380615096103477], [0.030983095455524474, 0.13422538477262597, 0.1565562815349138, 0.6782352382369358], [0.9341659934274653, 0.0649552762248628, 0.0008216019747767438, 5.712837289517534e-05], [0.019659565156821577, 0.8292789967594062, 0.0034982533694636686, 0.14756318471430838], [0.12123664310999767, 0.004632275457531972, 0.8419609793829079, 0.03217010204956262], [0.5447931177667152, 0.014698591425776526, 0.42893555205219813, 0.011572738755310237], [0.4204949021696711, 0.0003120068010730859, 0.578763648974757, 0.000429442054498764], [0.1557246742297222, 0.009771919146112303, 0.7852292816990214, 0.04927412492514397], [0.5896107281004522, 0.07112100072378642, 0.3027495179401837, 0.036518753235577836]], "state_values": [4.94156301545667, -3.0315490657040365, -3.433495142676492, 4.192540094165931, 1.9893900724044644, 0.2536519558600295, -2.19381757631141, -3.2759421237614768, 0.0936810230884117, 2.96244219162309, 0.6272143783682768, 4.800041240323179, -1.2019579279554196, -0.10364180133906456, 1.2046375329616992, -3.0656872593314928], "value_grad": [0.7880406379699707, 0.11880016326904297, 0.28511953353881836, 0.6652798652648926, -0.5702409744262695, 0.3009605407714844, -1.338479995727539, 0.3564000129699707, 0.12275981903076172, -0.33660078048706055, 2.1304800510406494, -1.5483593940734863, 0.2732396125793457, -0.546480655670166, -1.2275996208190918, -0.23760032653808594], "action_grad": [[0.0, 0.0, 0.0], [0.0, 0.0, 0.0], [0.0, 0.0, 0.0], [0.0, 0.0, 0.0], [0.0, 0.0, 0.0], [0.0, 0.0, 0.0], [0.0, 0.0, 0.0], [0.0, 0.0, 0.0], [0.0, 0.0, 0.0], [0.0, 0.0, 0.0], [0.0, 0.0, 0.0], [0.0, 0.0, 0.0], [0.0, 0.0, 0.0], [0.0, 0.0, 0.0], [0.0, 0.0, 0.0], [0.0, 0.0, 0.0]], "action_params_change": 0, "value_params_change": 0.37451870079229543}
{"iterations": 1, "type_itr": 0, "sub_iteration": 9, "sub_it_time": 0.12124323844909668, "total_time": 1.439946174621582, "value_loss": 5.005440711975098, "action_loss": -0.9520832300186157, "action_probs": [[0.00941813051052409, 0.030853309063396322, 0.22444811837875633, 0.735280442047323], [0.12462625838833878, 0.3260272277475547, 0.15191938526559276, 0.39742712859851376], [0.9791839710518435, 0.013857927980035089, 0.006861000470963932, 9.710049715731197e-05], [0.23218011433304397, 0.6434938145363281, 0.03296437230574829, 0.09136169882487956], [0.0012084205919863865, 0.0005009303117802102, 0.7057386371031902, 0.2925520119930432], [0.41888366379872394, 0.08099865672759099, 0.4190808862531577, 0.08103679322052745], [0.025761060784200766, 0.011705623908298655, 0.6618114051446556, 0.3007219101628449], [0.20760826150698816, 0.010625021530601077, 0.7437052073520631, 0.0380615096103477], [0.030983095455524474, 0.13422538477262597, 0.1565562815349138, 0.6782352382369358], [0.9341659934274653, 0.0649552762248628, 0.0008216019747767438, 5.712837289517534e-05], [0.019659565156821577, 0.8292789967594062, 0.0034982533694636686, 0.14756318471430838], [0.12123664310999767, 0.004632275457531972, 0.8419609793829079, 0.03217010204956262], [0.5447931177667152, 0.014698591425776526, 0.42893555205219813, 0.011572738755310237], [0.4204949021696711, 0.0003120068010730859, 0.578763648974757, 0.000429442054498764], [0.1557246742297222, 0.009771919146112303, 0.7852292816990214, 0.04927412492514397], [0.5896107281004522, 0.07112100072378642, 0.3027495179401837, 0.036518753235577836]], "state_values": [4.95705838259057, -3.3332200642800647, -3.343515535452022, 4.254418589898526, 1.481535376295705, 0.07648162872193541, -1.2889560855742455, -3.6351441885868265, -0.4412594502220263, 3.4230148522069683, 1.2137132874285395, 4.878916979596524, -0.9676053639768006, -0.01862217450695526, 0.92264746219262, -2.9390896490216383], "value_grad": [-1.2315607070922852, 1.2830400466918945, 1.069200038909912, 1.2909598350524902, 1.4810400009155273, -0.29304027557373047, -1.0612802505493164, 0.815760612487793, -0.22967958450317383, -0.007920265197753906, 1.314720630645752, 0.3168010711669922, 1.077120304107666, -0.32868051528930664, 0.2415599822998047, -1.3661994934082031], "action_grad": [[0.0, 0.0, 0.0], [0.0, 0.0, 0.0], [0.0, 0.0, 0.0], [0.0, 0.0, 0.0], [0.0, 0.0, 0.0], [0.0, 0.0, 0.0], [0.0, 0.0, 0.0], [0.0, 0.0, 0.0], [0.0, 0.0, 0.0], [0.0, 0.0, 0.0], [0.0, 0.0, 0.0], [0.0, 0.0, 0.0], [0.0, 0.0, 0.0], [0.0, 0.0, 0.0], [0.0, 0.0, 0.0], [0.0, 0.0, 0.0]], "action_params_change": 0, "value_params_change": 0.3869734970467449}
{"iterations": 1, "type_itr": 0, "sub_iteration": 10, "sub_it_time": 0.12514638900756836, "total_time": 1.5666511058807373, "value_loss": 5.1163201332092285, "action_loss": -0.992289125919342, "action_probs": [[0.00941813051052409, 0.030853309063396322, 0.22444811837875633, 0.735280442047323], [0.12462625838833878, 0.3260272277475547, 0.15191938526559276, 0.39742712859851376], [0.9791839710518435, 0.013857927980035089, 0.006861000470963932, 9.710049715731197e-05], [0.23218011433304397, 0.6434938145363281, 0.03296437230574829, 0.09136169882487956], [0.0012084205919863865, 0.0005009303117802102, 0.7057386371031902, 0.2925520119930432], [0.41888366379872394, 0.08099865672759099, 0.4190808862531577, 0.08103679322052745], [0.025761060784200766, 0.011705623908298655, 0.6618114051446556, 0.3007219101628449], [0.20760826150698816, 0.010625021530601077, 0.7437052073520631, 0.0380615096103477], [0.030983095455524474, 0.13422538477262597, 0.1565562815349138, 0.6782352382369358], [0.9341659934274653, 0.0649552762248628, 0.0008216019747767438, 5.712837289517534e-05], [0.019659565156821577, 0.8292789967594062, 0.0034982533694636686, 0.14756318471430838], [0.12123664310999767, 0.004632275457531972, 0.8419609793829079, 0.03217010204956262], [0.5447931177667152, 0.014698591425776526, 0.42893555205219813, 0.011572738755310237], [0.4204949021696711, 0.0003120068010730859, 0.578763648974757, 0.000429442054498764], [0.1557246742297222, 0.009771919146112303, 0.7852292816990214, 0.04927412492514397], [0.5896107281004522, 0.07112100072378642, 0.3027495179401837, 0.036518753235577836]], "state_values": [4.934957448417534, -3.4721302181533797, -3.2137977379159204, 4.361709738407088, 0.834046524599875, 0.1692862869180302, -0.8311380069378603, -3.7729447320234364, -0.7125185025005273, 3.4653438068848863, 1.932463104429037, 4.947138253095417, -0.7568667567023406, -0.04549632747921366, 0.485569206547348, -2.897726670209158], "value_grad": [-0.8712000846862793, 1.069200038909912, 0.4474797248840332, -0.6375598907470703, 1.1602802276611328, -1.1484007835388184, 2.1780009269714355, -0.847440242767334, -1.302840232849121, 1.8453607559204102, 1.7859606742858887, -0.40392017364501953, -0.007920265197753906, 0.38411951065063477, -1.1048402786254883, 0.5544004440307617], "action_grad": [[0.0, 0.0, 0.0], [0.0, 0.0, 0.0], [0.0, 0.0, 0.0], [0.0, 0.0, 0.0], [0.0, 0.0, 0.0], [0.0, 0.0, 0.0], [0.0, 0.0, 0.0], [0.0, 0.0, 0.0], [0.0, 0.0, 0.0], [0.0, 0.0, 0.0], [0.0, 0.0, 0.0], [0.0, 0.0, 0.0], [0.0, 0.0, 0.0], [0.0, 0.0, 0.0], [0.0, 0.0, 0.0], [0.0, 0.0, 0.0]], "action_params_change": 0, "value_params_change": 0.30326716621176386}
{"iterations": 1, "type_itr": 0, "sub_iteration": 11, "sub_it_time": 0.12401461601257324, "total_time": 1.6922225952148438, "value_loss": 5.045040130615234, "action_loss": -1.0147464275360107, "action_probs": [[0.00941813051052409, 0.030853309063396322, 0.22444811837875633, 0.735280442047323], [0.12462625838833878, 0.3260272277475547, 0.15191938526559276, 0.39742712859851376], [0.9791839710518435, 0.013857927980035089, 0.006861000470963932, 9.710049715731197e-05], [0.23218011433304397, 0.6434938145363281, 0.03296437230574829, 0.09136169882487956], [0.0012084205919863865, 0.0005009303117802102, 0.7057386371031902, 0.2925520119930432], [0.41888366379872394, 0.08099865672759099, 0.4190808862531577, 0.08103679322052745], [0.025761060784200766, 0.011705623908298655, 0.6618114051446556, 0.3007219101628449], [0.20760826150698816, 0.010625021530601077, 0.7437052073520631, 0.0380615096103477], [0.030983095455524474, 0.13422538477262597, 0.1565562815349138, 0.6782352382369358], [0.9341659934274653, 0.0649552762248628, 0.0008216019747767438, 5.712837289517534e-05], [0.019659565156821577, 0.8292789967594062, 0.0034982533694636686, 0.14756318471430838], [0.12123664310999767, 0.004632275457531972, 0.8419609793829079, 0.03217010204956262], [0.5447931177667152, 0.014698591425776526, 0.42893555205219813, 0.011572738755310237], [0.4204949021696711, 0.0003120068010730859, 0.578763648974757, 0.000429442054498764], [0.1557246742297222, 0.009771919146112303, 0.7852292816990214, 0.04927412492514397], [0.5896107281004522, 0.07112100072378642, 0.3027495179401837, 0.036518753235577836]], "state_values": [4.983539297002644, -3.422900436799965, -2.945317027069296, 4.526152239265635, 0.12299876336178704, 0.24775087451347, -0.36132877074524666, -3.876369012680598, -1.0963515982571563, 3.3232055981535127, 2.6396632726556546, 4.993264491889937, -0.6833174516663078, 0.06605332960046158, 0.34947091539585584, -2.598871972043721], "value_grad": [2.9224791526794434, 1.7384400367736816, 1.4691600799560547, -1.0850391387939453, 0.7325997352600098, 0.02375936508178711, -0.40392065048217773, -0.09504032135009766, 1.120680809020996, 1.3265995979309082, 0.8355598449707031, -0.613800048828125, -0.7642803192138672, -0.5227189064025879, 1.3978800773620605, -2.3364005088806152], "action_grad": [[0.0, 0.0, 0.0], [0.0, 0.0, 0.0], [0.0, 0.0, 0.0], [0.0, 0.0, 0.0], [0.0, 0.0, 0.0], [0.0, 0.0, 0.0], [0.0, 0.0, 0.0], [0.0, 0.0, 0.0], [0.0, 0.0, 0.0], [0.0, 0.0, 0.0], [0.0, 0.0, 0.0], [0.0, 0.0, 0.0], [0.0, 0.0, 0.0], [0.0, 0.0, 0.0], [0.0, 0.0, 0.0], [0.0, 0.0, 0.0]], "action_params_change": 0, "value_params_change": 0.31867769434530535}
{"iterations": 1, "type_itr": 0, "sub_iteration": 12, "sub_it_time": 0.12307453155517578, "total_time": 1.8168437480926514, "value_loss": 4.886639595031738, "action_loss": -1.0638266801834106, "action_probs": [[0.00941813051052409, 0.030853309063396322, 0.22444811837875633, 0.735280442047323], [0.12462625838833878, 0.3260272277475547, 0.15191938526559276, 0.39742712859851376], [0.9791839710518435, 0.013857927980035089, 0.006861000470963932, 9.710049715731197e-05], [0.23218011433304397, 0.6434938145363281, 0.03296437230574829, 0.09136169882487956], [0.0012084205919863865, 0.0005009303117802102, 0.7057386371031902, 0.2925520119930432], [0.41888366379872394, 0.08099865672759099, 0.4190808862531577, 0.08103679322052745], [0.025761060784200766, 0.011705623908298655, 0.6618114051446556, 0.3007219101628449], [0.20760826150698816, 0.010625021530601077, 0.7437052073520631, 0.0380615096103477], [0.030983095455524474, 0.13422538477262597, 0.1565562815349138, 0.6782352382369358], [0.9341659934274653, 0.0649552762248628, 0.0008216019747767438, 5.712837289517534e-05], [0.019659565156821577, 0.8292789967594062, 0.0034982533694636686, 0.14756318471430838], [0.12123664310999767, 0.004632275457531972, 0.8419609793829079, 0.03217010204956262], [0.5447931177667152, 0.014698591425776526, 0.42893555205219813, 0.011572738755310237], [0.4204949021696711, 0.0003120068010730859, 0.578763648974757, 0.000429442054498764], [0.1557246742297222, 0.009771919146112303, 0.7852292816990214, 0.04927412492514397], [0.5896107281004522, 0.07112100072378642, 0.3027495179401837, 0.036518753235577836]], "state_values": [4.998353443491411, -3.3882380484092023, -2.569900167166893, 4.700623938376623, -0.23947154588524358, -0.038665352360241705, 0.046466043131027195, -3.936824487841003, -1.3328869807471144, 3.163726908147281, 3.2683398384394087, 4.996218950684052, -0.37086901142592577, 0.2923676742767353, 0.13085971290507545, -2.1204049899721436], "value_grad": [-0.49499940872192383, -0.10692024230957031, 1.1919596195220947, -0.875159740447998, -1.4137194156646729, 2.0196003913879395, 0.13859939575195312, -0.1900796890258789, -0.764279842376709, 0.19404029846191406, 0.4316396713256836, -0.14256000518798828, 1.8612003326416016, -0.5068798065185547, -0.5979604721069336, -2.00376033782959], "action_grad": [[0.0, 0.0, 0.0], [0.0, 0.0, 0.0], [0.0, 0.0, 0.0], [0.0, 0.0, 0.0], [0.0, 0.0, 0.0], [0.0, 0.0, 0.0], [0.0, 0.0, 0.0], [0.0, 0.0, 0.0], [0.0, 0.0, 0.0], [0.0, 0.0, 0.0], [0.0, 0.0, 0.0], [0.0, 0.0, 0.0], [0.0, 0.0, 0.0], [0.0, 0.0, 0.0], [0.0, 0.0, 0.0], [0.0, 0.0, 0.0]], "action_params_change": 0, "value_params_change": 0.31251329642458714}
{"iterations": 1, "type_itr": 0, "sub_iteration": 13, "sub_it_time": 0.12214016914367676, "total_time": 1.940537929534912, "value_loss": 5.215320110321045, "action_loss": -1.080669641494751, "action_probs": [[0.00941813051052409, 0.030853309063396322, 0.22444811837875633, 0.735280442047323], [0.12462625838833878, 0.3260272277475547, 0.15191938526559276, 0.39742712859851376], [0.9791839710518435, 0.013857927980035089, 0.006861000470963932, 9.710049715731197e-05], [0.23218011433304397, 0.6434938145363281, 0.03296437230574829, 0.09136169882487956], [0.0012084205919863865, 0.0005009303117802102, 0.7057386371031902, 0.2925520119930432], [0.41888366379872394, 0.08099865672759099, 0.4190808862531577, 0.08103679322052745], [0.025761060784200766, 0.011705623908298655, 0.6618114051446556, 0.3007219101628449], [0.20760826150698816, 0.010625021530601077, 0.7437052073520631, 0.0380615096103477], [0.030983095455524474, 0.13422538477262597, 0.1565562815349138, 0.6782352382369358], [0.9341659934274653, 0.0649552762248628, 0.0008216019747767438, 5.712837289517534e-05], [0.019659565156821577, 0.8292789967594062, 0.0034982533694636686, 0.14756318471430838], [0.12123664310999767, 0.004632275457531972, 0.8419609793829079, 0.03217010204956262], [0.5447931177667152, 0.014698591425776526, 0.42893555205219813, 0.011572738755310237], [0.4204949021696711, 0.0003120068010730859, 0.578763648974757, 0.000429442054498764], [0.1557246742297222, 0.009771919146112303, 0.7852292816990214, 0.04927412492514397], [0.5896107281004522, 0.07112100072378642, 0.3027495179401837, 0.036518753235577836]], "state_values": [4.9952470006849845, -3.3275402239707734, -2.222402023098624, 4.812644958537828, -0.49339882084095227, -0.3579050276204942, 0.4760066434860528, -3.7823665557513966, -1.6351233022854579, 2.983956297321026, 3.6790963457399006, 4.94390563336597, -0.05318363949164825, 0.5848855615336658, -0.17708995034747638, -1.7977083824016162], "value_grad": [0.6098403930664062, 0.30096006393432617, -0.0831599235534668, 0.27719974517822266, -0.431640625, 0.3643198013305664, -0.4791603088378906, -1.4889607429504395, 0.7444801330566406, 0.21384048461914062, -0.776160717010498, -0.7207207679748535, 0.25343990325927734, -0.3643198013305664, -0.7088394165039062, 1.0533595085144043], "action_grad": [[0.0, 0.0, 0.0], [0.0, 0.0, 0.0], [0.0, 0.0, 0.0], [0.0, 0.0, 0.0], [0.0, 0.0, 0.0], [0.0, 0.0, 0.0], [0.0, 0.0, 0.0], [0.0, 0.0, 0.0], [0.0, 0.0, 0.0], [0.0, 0.0, 0.0], [0.0, 0.0, 0.0], [0.0, 0.0, 0.0], [0.0, 0.0, 0.0], [0.0, 0.0, 0.0], [0.0, 0.0, 0.0], [0.0, 0.0, 0.0]], "action_params_change": 0, "value_params_change": 0.22890912808314612}
