{"iterations": 0, "type_itr": 0, "sub_iteration": 0, "sub_it_time": 0, "total_time": 0, "value_loss": 0, "action_loss": 0, "action_probs": [[0.5493918799118658, 0.21625308996433248, 0.16816247168362672, 0.06619255844017512], [0.34191870338714325, 0.2644964739133028, 0.2219172891571874, 0.17166753354236652], [0.0233780684909128, 0.8198085914265045, 0.00434778344939479, 0.15246555663318792], [0.24891621286078439, 0.24285452157632337, 0.25724691444629233, 0.25098235111659994], [0.009137661037082384, 0.29580936100071464, 0.0208270881708958, 0.6742258897913073], [0.08432841536389625, 0.3019179151478384, 0.1339996532864135, 0.4797540162018517], [0.01879923123247769, 0.11817679563234346, 0.11844545064919396, 0.7445785224859848], [0.7225646262967593, 0.16666316742644982, 0.09001076934103458, 0.020761436935756182], [0.9481783524912354, 0.02351228066146078, 0.027624356869897143, 0.0006850099774065213], [0.22361841098067625, 0.7536938747805831, 0.0051911663045338926, 0.017496547934206762], [3.298619807366491e-05, 0.004873477372874754, 0.006690022664965479, 0.9884035137640861], [0.04092582825701804, 0.8283353439705952, 0.006155336258980552, 0.12458349151340631], [0.5095490184839938, 0.21590186735349343, 0.19284038985720864, 0.08170872430530422], [0.20232997152527263, 0.035451939797308575, 0.6485756772681146, 0.1136424114093042], [0.9893535438150917, 0.0007959790302040592, 0.009842558377719843, 7.918776984427043e-06], [0.014195872650473172, 0.4237141849343078, 0.018221452333492965, 0.543868490081726]], "state_values": [0.37288194618248677, 4.922137234043962, 3.8484387085757183, -4.964171791550538, 4.101600087268884, -0.5603602460550856, 3.7342471700425013, -1.7528503870268448, -1.8927642873244472, 1.1064534720650947, 0.2266727378822284, 1.8829735415970927, 4.999530041589742, -0.5630051388469137, -1.3956557174215425, -2.367865106174058], "value_grad": [0.0, 0.0, 0.0, 0.0, 0.0, 0.0, 0.0, 0.0, 0.0, 0.0, 0.0, 0.0, 0.0, 0.0, 0.0, 0.0], "action_grad": [[0.0, 0.0, 0.0], [0.0, 0.0, 0.0], [0.0, 0.0, 0.0], [0.0, 0.0, 0.0], [0.0, 0.0, 0.0], [0.0, 0.0, 0.0], [0.0, 0.0, 0.0], [0.0, 0.0, 0.0], [0.0, 0.0, 0.0], [0.0, 0.0, 0.0], [0.0, 0.0, 0.0], [0.0, 0.0, 0.0], [0.0, 0.0, 0.0], [0.0, 0.0, 0.0], [0.0, 0.0, 0.0], [0.0, 0.0, 0.0]], "action_params_change": 0, "value_params_change": 0}
{"iterations": 1, "type_itr": 0, "sub_iteration": 0, "sub_it_time": 0.28746938705444336, "total_time": 0.2890152931213379, "value_loss": 8.3951997756958, "action_loss": -0.5104701519012451, "action_probs": [[0.5493918799118658, 0.21625308996433248, 0.16816247168362672, 0.06619255844017512], [0.34191870338714325, 0.2644964739133028, 0.2219172891571874, 0.17166753354236652], [0.0233780684909128, 0.8198085914265045, 0.00434778344939479, 0.15246555663318792], [0.24891621286078439, 0.24285452157632337, 0.25724691444629233, 0.25098235111659994], [0.009137661037082384, 0.29580936100071464, 0.0208270881708958, 0.6742258897913073], [0.08432841536389625, 0.3019179151478384, 0.1339996532864135, 0.4797540162018517], [0.01879923123247769, 0.11817679563234346, 0.11844545064919396, 0.7445785224859848], [0.7225646262967593, 0.16666316742644982, 0.09001076934103458, 0.020761436935756182], [0.9481783524912354, 0.02351228066146078, 0.027624356869897143, 0.0006850099774065213], [0.22361841098067625, 0.7536938747805831, 0.0051911663045338926, 0.017496547934206762], [3.298619807366491e-05, 0.004873477372874754, 0.006690022664965479, 0.9884035137640861], [0.04092582825701804, 0.8283353439705952, 0.006155336258980552, 0.12458349151340631], [0.5095490184839938, 0.21590186735349343, 0.19284038985720864, 0.08170872430530422], [0.20232997152527263, 0.035451939797308575, 0.6485756772681146, 0.1136424114093042], [0.9893535438150917, 0.0007959790302040592, 0.009842558377719843, 7.918776984427043e-06], [0.014195872650473172, 0.4237141849343078, 0.018221452333492965, 0.543868490081726]], "state_values": [1.5948648524333078, 4.551662532920534, 2.9390612570215757, -4.957670004853134, 3.266633762462816, 0.6862866610502601, 2.79554876118662, -0.5398443716148837, -0.6889624552690222, 2.2784078131612384, 1.4553739757940436, 2.970384421938733, 4.827146755152495, 0.6836500153450693, -2.540120064897482, -1.2047431084775977], "value_grad": [-0.07009124755859375, 0.3072967529296875, 0.3492717742919922, 0.03445243835449219, -0.6593399047851562, 1.1614675521850586, 0.7211170196533203, 0.23918437957763672, -1.9146599769592285, 0.06731986999511719, -0.5108394622802734, 0.09266281127929688, -0.46133947372436523, 1.186812400817871, -0.1987934112548828, 0.6201362609863281], "action_grad": [[0.0, 0.0, 0.0], [0.0, 0.0, 0.0], [0.0, 0.0, 0.0], [0.0, 0.0, 0.0], [0.0, 0.0, 0.0], [0.0, 0.0, 0.0], [0.0, 0.0, 0.0], [0.0, 0.0, 0.0], [0.0, 0.0, 0.0], [0.0, 0.0, 0.0], [0.0, 0.0, 0.0], [0.0, 0.0, 0.0], [0.0, 0.0, 0.0], [0.0, 0.0, 0.0], [0.0, 0.0, 0.0], [0.0, 0.0, 0.0]], "action_params_change": 0, "value_params_change": 0.49999999738857026}
{"iterations": 1, "type_itr": 0, "sub_iteration": 1, "sub_it_time": 0.28145885467529297, "total_time": 0.5720846652984619, "value_loss": 4.917924404144287, "action_loss": -0.8960122466087341, "action_probs": [[0.5493918799118658, 0.21625308996433248, 0.16816247168362672, 0.06619255844017512], [0.34191870338714325, 0.2644964739133028, 0.2219172891571874, 0.17166753354236652], [0.0233780684909128, 0.8198085914265045, 0.00434778344939479, 0.15246555663318792], [0.24891621286078439, 0.24285452157632337, 0.25724691444629233, 0.25098235111659994], [0.009137661037082384, 0.29580936100071464, 0.0208270881708958, 0.6742258897913073], [0.08432841536389625, 0.3019179151478384, 0.1339996532864135, 0.4797540162018517], [0.01879923123247769, 0.11817679563234346, 0.11844545064919396, 0.7445785224859848], [0.7225646262967593, 0.16666316742644982, 0.09001076934103458, 0.020761436935756182], [0.9481783524912354, 0.02351228066146078, 0.027624356869897143, 0.0006850099774065213], [0.22361841098067625, 0.7536938747805831, 0.0051911663045338926, 0.017496547934206762], [3.298619807366491e-05, 0.004873477372874754, 0.006690022664965479, 0.9884035137640861], [0.04092582825701804, 0.8283353439705952, 0.006155336258980552, 0.12458349151340631], [0.5095490184839938, 0.21590186735349343, 0.19284038985720864, 0.08170872430530422], [0.20232997152527263, 0.035451939797308575, 0.6485756772681146, 0.1136424114093042], [0.9893535438150917, 0.0007959790302040592, 0.009842558377719843, 7.918776984427043e-06], [0.014195872650473172, 0.4237141849343078, 0.018221452333492965, 0.543868490081726]], "state_values": [2.6797809500572165, 3.9580577716100054, 1.9341772594627247, -4.798974150929813, 2.2292303814687666, 1.8885061673378494, 1.6853477275533641, -0.20791751473645173, 0.5289785752735777, 1.5975316615293809, 1.4431729720306035, 2.351522897161933, 4.358215275899542, 1.8410210492330814, -1.8890574619906952, -0.3722813612038493], "value_grad": [-0.1417675018310547, 0.8858523368835449, 0.165924072265625, -0.002376079559326172, -0.8308086395263672, 1.107612133026123, 0.6799321174621582, -0.11959218978881836, -1.3555073738098145, -0.3227396011352539, 0.46925973892211914, -0.42886829376220703, -0.6553792953491211, 0.7242836952209473, 0.8981285095214844, 0.00435638427734375], "action_grad": [[0.0, 0.0, 0.0], [0.0, 0.0, 0.0], [0.0, 0.0, 0.0], [0.0, 0.0, 0.0], [0.0, 0.0, 0.0], [0.0, 0.0, 0.0], [0.0, 0.0, 0.0], [0.0, 0.0, 0.0], [0.0, 0.0, 0.0], [0.0, 0.0, 0.0], [0.0, 0.0, 0.0], [0.0, 0.0, 0.0], [0.0, 0.0, 0.0], [0.0, 0.0, 0.0], [0.0, 0.0, 0.0], [0.0, 0.0, 0.0]], "action_params_change": 0, "value_params_change": 0.49970220604111604}
{"iterations": 1, "type_itr": 0, "sub_iteration": 2, "sub_it_time": 0.2915220260620117, "total_time": 0.8652474880218506, "value_loss": 2.4876720905303955, "action_loss": -0.9324691295623779, "action_probs": [[0.5493918799118658, 0.21625308996433248, 0.16816247168362672, 0.06619255844017512], [0.34191870338714325, 0.2644964739133028, 0.2219172891571874, 0.17166753354236652], [0.0233780684909128, 0.8198085914265045, 0.00434778344939479, 0.15246555663318792], [0.24891621286078439, 0.24285452157632337, 0.25724691444629233, 0.25098235111659994], [0.009137661037082384, 0.29580936100071464, 0.0208270881708958, 0.6742258897913073], [0.08432841536389625, 0.3019179151478384, 0.1339996532864135, 0.4797540162018517], [0.01879923123247769, 0.11817679563234346, 0.11844545064919396, 0.7445785224859848], [0.7225646262967593, 0.16666316742644982, 0.09001076934103458, 0.020761436935756182], [0.9481783524912354, 0.02351228066146078, 0.027624356869897143, 0.0006850099774065213], [0.22361841098067625, 0.7536938747805831, 0.0051911663045338926, 0.017496547934206762], [3.298619807366491e-05, 0.004873477372874754, 0.006690022664965479, 0.9884035137640861], [0.04092582825701804, 0.8283353439705952, 0.006155336258980552, 0.12458349151340631], [0.5095490184839938, 0.21590186735349343, 0.19284038985720864, 0.08170872430530422], [0.20232997152527263, 0.035451939797308575, 0.6485756772681146, 0.1136424114093042], [0.9893535438150917, 0.0007959790302040592, 0.009842558377719843, 7.918776984427043e-06], [0.014195872650473172, 0.4237141849343078, 0.018221452333492965, 0.543868490081726]], "state_values": [2.6018739676198495, 3.3704941031052194, 0.785105886072046, -4.500885644722228, 1.329046454961741, 2.7740461251561928, 0.46727340697954617, 0.6140145424974618, 1.6542768784947666, 1.0114325058883433, 0.9206281611377597, 2.3265114179151367, 3.620059305455414, 2.4400734988683235, -0.9867637229322671, 0.21788285766343254], "value_grad": [0.2150280475616455, -0.026531457901000977, 0.36867618560791016, 0.6189479827880859, 0.0003960132598876953, 0.08157610893249512, 0.8886246681213379, 0.48470401763916016, -0.8284320831298828, -0.015048027038574219, 0.6165721416473389, 0.2922482490539551, -0.5587563514709473, -0.40946412086486816, 0.7710120677947998, -0.04672813415527344], "action_grad": [[0.0, 0.0, 0.0], [0.0, 0.0, 0.0], [0.0, 0.0, 0.0], [0.0, 0.0, 0.0], [0.0, 0.0, 0.0], [0.0, 0.0, 0.0], [0.0, 0.0, 0.0], [0.0, 0.0, 0.0], [0.0, 0.0, 0.0], [0.0, 0.0, 0.0], [0.0, 0.0, 0.0], [0.0, 0.0, 0.0], [0.0, 0.0, 0.0], [0.0, 0.0, 0.0], [0.0, 0.0, 0.0], [0.0, 0.0, 0.0]], "action_params_change": 0, "value_params_change": 0.5004225942074028}
{"iterations": 1, "type_itr": 0, "sub_iteration": 3, "sub_it_time": 0.2844536304473877, "total_time": 1.151343822479248, "value_loss": 1.7483400106430054, "action_loss": -0.9297707080841064, "action_probs": [[0.5493918799118658, 0.21625308996433248, 0.16816247168362672, 0.06619255844017512], [0.34191870338714325, 0.2644964739133028, 0.2219172891571874, 0.17166753354236652], [0.0233780684909128, 0.8198085914265045, 0.00434778344939479, 0.15246555663318792], [0.24891621286078439, 0.24285452157632337, 0.25724691444629233, 0.25098235111659994], [0.009137661037082384, 0.29580936100071464, 0.0208270881708958, 0.6742258897913073], [0.08432841536389625, 0.3019179151478384, 0.1339996532864135, 0.4797540162018517], [0.01879923123247769, 0.11817679563234346, 0.11844545064919396, 0.7445785224859848], [0.7225646262967593, 0.16666316742644982, 0.09001076934103458, 0.020761436935756182], [0.9481783524912354, 0.02351228066146078, 0.027624356869897143, 0.0006850099774065213], [0.22361841098067625, 0.7536938747805831, 0.0051911663045338926, 0.017496547934206762], [3.298619807366491e-05, 0.004873477372874754, 0.006690022664965479, 0.9884035137640861], [0.04092582825701804, 0.8283353439705952, 0.006155336258980552, 0.12458349151340631], [0.5095490184839938, 0.21590186735349343, 0.19284038985720864, 0.08170872430530422], [0.20232997152527263, 0.035451939797308575, 0.6485756772681146, 0.1136424114093042], [0.9893535438150917, 0.0007959790302040592, 0.009842558377719843, 7.918776984427043e-06], [0.014195872650473172, 0.4237141849343078, 0.018221452333492965, 0.543868490081726]], "state_values": [2.0767045298316424, 2.6081791390340774, -0.42383216690788955, -4.0128313903970785, 0.6302894786942125, 3.2691028459029225, -0.3871872697410926, 0.7614491201103639, 2.5158115339606244, 0.16712584884684248, 0.4874706065091843, 2.1455394391559066, 2.696643806697979, 2.793976905311957, -0.04508114850955254, 1.0227887674333724], "value_grad": [0.302939772605896, 0.4470839500427246, 0.49895989894866943, 0.3326401710510254, 0.1077120304107666, -0.3999602794647217, -0.27640795707702637, -0.3765960931777954, -0.011088013648986816, -0.28432798385620117, -0.003960251808166504, -0.13464021682739258, -0.3338280916213989, -0.24354016780853271, 0.3567960262298584, 0.43243205547332764], "action_grad": [[0.0, 0.0, 0.0], [0.0, 0.0, 0.0], [0.0, 0.0, 0.0], [0.0, 0.0, 0.0], [0.0, 0.0, 0.0], [0.0, 0.0, 0.0], [0.0, 0.0, 0.0], [0.0, 0.0, 0.0], [0.0, 0.0, 0.0], [0.0, 0.0, 0.0], [0.0, 0.0, 0.0], [0.0, 0.0, 0.0], [0.0, 0.0, 0.0], [0.0, 0.0, 0.0], [0.0, 0.0, 0.0], [0.0, 0.0, 0.0]], "action_params_change": 0, "value_params_change": 0.4850839240489333}
{"iterations": 1, "type_itr": 0, "sub_iteration": 4, "sub_it_time": 0.2825155258178711, "total_time": 1.4355361461639404, "value_loss": 1.7499239444732666, "action_loss": -0.7911690473556519, "action_probs": [[0.5493918799118658, 0.21625308996433248, 0.16816247168362672, 0.06619255844017512], [0.34191870338714325, 0.2644964739133028, 0.2219172891571874, 0.17166753354236652], [0.0233780684909128, 0.8198085914265045, 0.00434778344939479, 0.15246555663318792], [0.24891621286078439, 0.24285452157632337, 0.25724691444629233, 0.25098235111659994], [0.009137661037082384, 0.29580936100071464, 0.0208270881708958, 0.6742258897913073], [0.08432841536389625, 0.3019179151478384, 0.1339996532864135, 0.4797540162018517], [0.01879923123247769, 0.11817679563234346, 0.11844545064919396, 0.7445785224859848], [0.7225646262967593, 0.16666316742644982, 0.09001076934103458, 0.020761436935756182], [0.9481783524912354, 0.02351228066146078, 0.027624356869897143, 0.0006850099774065213], [0.22361841098067625, 0.7536938747805831, 0.0051911663045338926, 0.017496547934206762], [3.298619807366491e-05, 0.004873477372874754, 0.006690022664965479, 0.9884035137640861], [0.04092582825701804, 0.8283353439705952, 0.006155336258980552, 0.12458349151340631], [0.5095490184839938, 0.21590186735349343, 0.19284038985720864, 0.08170872430530422], [0.20232997152527263, 0.035451939797308575, 0.6485756772681146, 0.1136424114093042], [0.9893535438150917, 0.0007959790302040592, 0.009842558377719843, 7.918776984427043e-06], [0.014195872650473172, 0.4237141849343078, 0.018221452333492965, 0.543868490081726]], "state_values": [1.7693646697786338, 1.8148089799990987, -1.5837210180721624, -3.34502718385358, 0.2873073353689413, 3.40234345208783, -0.7366049980810442, 0.8815684682747605, 3.10185759629978, 0.27059911510742657, 0.473660091503479, 1.803671058643462, 1.5987969332795933, 2.9166174449625264, 0.9417088348613425, 1.7656436678199081], "value_grad": [-0.09504008293151855, 0.1318678855895996, 0.241163969039917, 0.281951904296875, 0.3714480400085449, -0.794376015663147, -0.6609240770339966, -0.003960013389587402, 0.3187800645828247, 0.567863941192627, -0.4815361499786377, -0.17542791366577148, -0.7619038820266724, -0.42134416103363037, 0.4795558452606201, 0.10612797737121582], "action_grad": [[0.0, 0.0, 0.0], [0.0, 0.0, 0.0], [0.0, 0.0, 0.0], [0.0, 0.0, 0.0], [0.0, 0.0, 0.0], [0.0, 0.0, 0.0], [0.0, 0.0, 0.0], [0.0, 0.0, 0.0], [0.0, 0.0, 0.0], [0.0, 0.0, 0.0], [0.0, 0.0, 0.0], [0.0, 0.0, 0.0], [0.0, 0.0, 0.0], [0.0, 0.0, 0.0], [0.0, 0.0, 0.0], [0.0, 0.0, 0.0]], "action_params_change": 0, "value_params_change": 0.4883285396013628}
{"iterations": 1, "type_itr": 0, "sub_iteration": 5, "sub_it_time": 0.2840909957885742, "total_time": 1.7212858200073242, "value_loss": 2.587860107421875, "action_loss": -0.7732211947441101, "action_probs": [[0.5493918799118658, 0.21625308996433248, 0.16816247168362672, 0.06619255844017512], [0.34191870338714325, 0.2644964739133028, 0.2219172891571874, 0.17166753354236652], [0.0233780684909128, 0.8198085914265045, 0.00434778344939479, 0.15246555663318792], [0.24891621286078439, 0.24285452157632337, 0.25724691444629233, 0.25098235111659994], [0.009137661037082384, 0.29580936100071464, 0.0208270881708958, 0.6742258897913073], [0.08432841536389625, 0.3019179151478384, 0.1339996532864135, 0.4797540162018517], [0.01879923123247769, 0.11817679563234346, 0.11844545064919396, 0.7445785224859848], [0.7225646262967593, 0.16666316742644982, 0.09001076934103458, 0.020761436935756182], [0.9481783524912354, 0.02351228066146078, 0.027624356869897143, 0.0006850099774065213], [0.22361841098067625, 0.7536938747805831, 0.0051911663045338926, 0.017496547934206762], [3.298619807366491e-05, 0.004873477372874754, 0.006690022664965479, 0.9884035137640861], [0.04092582825701804, 0.8283353439705952, 0.006155336258980552, 0.12458349151340631], [0.5095490184839938, 0.21590186735349343, 0.19284038985720864, 0.08170872430530422], [0.20232997152527263, 0.035451939797308575, 0.6485756772681146, 0.1136424114093042], [0.9893535438150917, 0.0007959790302040592, 0.009842558377719843, 7.918776984427043e-06], [0.014195872650473172, 0.4237141849343078, 0.018221452333492965, 0.543868490081726]], "state_values": [1.5160801607990084, 0.9465180905312837, -1.9528946843320336, -2.478175478765793, 0.4100340755452337, 3.2786568476530875, -0.5460186159635321, 0.9150277384801259, 3.331342989226312, 0.20597886230780144, 0.5815141694586633, 1.4032868601212392, 0.590259811680382, 2.811538393626419, 1.73008562532446, 2.3975795604269896], "value_grad": [-0.011879682540893555, 0.2748239040374756, -0.611027717590332, 0.7040884494781494, 0.7698237895965576, -0.9603004455566406, -1.2846238613128662, -0.07246828079223633, 1.0913758277893066, -0.17067599296569824, -0.19562435150146484, -0.09424805641174316, 0.03168010711669922, -0.6248881816864014, -0.07167625427246094, 0.03405618667602539], "action_grad": [[0.0, 0.0, 0.0], [0.0, 0.0, 0.0], [0.0, 0.0, 0.0], [0.0, 0.0, 0.0], [0.0, 0.0, 0.0], [0.0, 0.0, 0.0], [0.0, 0.0, 0.0], [0.0, 0.0, 0.0], [0.0, 0.0, 0.0], [0.0, 0.0, 0.0], [0.0, 0.0, 0.0], [0.0, 0.0, 0.0], [0.0, 0.0, 0.0], [0.0, 0.0, 0.0], [0.0, 0.0, 0.0], [0.0, 0.0, 0.0]], "action_params_change": 0, "value_params_change": 0.4286079143850898}
{"iterations": 1, "type_itr": 0, "sub_iteration": 6, "sub_it_time": 0.28258371353149414, "total_time": 2.0056369304656982, "value_loss": 2.5284600257873535, "action_loss": -0.7726959586143494, "action_probs": [[0.5493918799118658, 0.21625308996433248, 0.16816247168362672, 0.06619255844017512], [0.34191870338714325, 0.2644964739133028, 0.2219172891571874, 0.17166753354236652], [0.0233780684909128, 0.8198085914265045, 0.00434778344939479, 0.15246555663318792], [0.24891621286078439, 0.24285452157632337, 0.25724691444629233, 0.25098235111659994], [0.009137661037082384, 0.29580936100071464, 0.0208270881708958, 0.6742258897913073], [0.08432841536389625, 0.3019179151478384, 0.1339996532864135, 0.4797540162018517], [0.01879923123247769, 0.11817679563234346, 0.11844545064919396, 0.7445785224859848], [0.7225646262967593, 0.16666316742644982, 0.09001076934103458, 0.020761436935756182], [0.9481783524912354, 0.02351228066146078, 0.027624356869897143, 0.0006850099774065213], [0.22361841098067625, 0.7536938747805831, 0.0051911663045338926, 0.017496547934206762], [3.298619807366491e-05, 0.004873477372874754, 0.006690022664965479, 0.9884035137640861], [0.04092582825701804, 0.8283353439705952, 0.006155336258980552, 0.12458349151340631], [0.5095490184839938, 0.21590186735349343, 0.19284038985720864, 0.08170872430530422], [0.20232997152527263, 0.035451939797308575, 0.6485756772681146, 0.1136424114093042], [0.9893535438150917, 0.0007959790302040592, 0.009842558377719843, 7.918776984427043e-06], [0.014195872650473172, 0.4237141849343078, 0.018221452333492965, 0.543868490081726]], "state_values": [0.9671425223233184, 0.2163328987198622, -1.899088928212974, -1.4777264041437086, 0.7715174858193964, 2.9312301229342705, -0.12092464432949332, 0.9273572509206469, 3.3752155065623306, -0.15739585759392527, 0.6156183289769191, 1.061544743718791, 0.0722508431676246, 2.517070819773264, 2.335693061749901, 2.4752126733300237], "value_grad": [0.31046390533447266, -0.08870387077331543, -0.6427078247070312, 0.3631319999694824, 0.6335999965667725, -1.202652096748352, -0.9555480480194092, -0.01821589469909668, 0.8616960048675537, -0.42055225372314453, 0.10098004341125488, 0.01504826545715332, 0.6514198780059814, -0.6914157867431641, -0.10533595085144043, -0.5971677303314209], "action_grad": [[0.0, 0.0, 0.0], [0.0, 0.0, 0.0], [0.0, 0.0, 0.0], [0.0, 0.0, 0.0], [0.0, 0.0, 0.0], [0.0, 0.0, 0.0], [0.0, 0.0, 0.0], [0.0, 0.0, 0.0], [0.0, 0.0, 0.0], [0.0, 0.0, 0.0], [0.0, 0.0, 0.0], [0.0, 0.0, 0.0], [0.0, 0.0, 0.0], [0.0, 0.0, 0.0], [0.0, 0.0, 0.0], [0.0, 0.0, 0.0]], "action_params_change": 0, "value_params_change": 0.43707932517665427}
{"iterations": 1, "type_itr": 0, "sub_iteration": 7, "sub_it_time": 0.28171205520629883, "total_time": 2.28898024559021, "value_loss": 2.0778121948242188, "action_loss": -0.7024262547492981, "action_probs": [[0.5493918799118658, 0.21625308996433248, 0.16816247168362672, 0.06619255844017512], [0.34191870338714325, 0.2644964739133028, 0.2219172891571874, 0.17166753354236652], [0.0233780684909128, 0.8198085914265045, 0.00434778344939479, 0.15246555663318792], [0.24891621286078439, 0.24285452157632337, 0.25724691444629233, 0.25098235111659994], [0.009137661037082384, 0.29580936100071464, 0.0208270881708958, 0.6742258897913073], [0.08432841536389625, 0.3019179151478384, 0.1339996532864135, 0.4797540162018517], [0.01879923123247769, 0.11817679563234346, 0.11844545064919396, 0.7445785224859848], [0.7225646262967593, 0.16666316742644982, 0.09001076934103458, 0.020761436935756182], [0.9481783524912354, 0.02351228066146078, 0.027624356869897143, 0.0006850099774065213], [0.22361841098067625, 0.7536938747805831, 0.0051911663045338926, 0.017496547934206762], [3.298619807366491e-05, 0.004873477372874754, 0.006690022664965479, 0.9884035137640861], [0.04092582825701804, 0.8283353439705952, 0.006155336258980552, 0.12458349151340631], [0.5095490184839938, 0.21590186735349343, 0.19284038985720864, 0.08170872430530422], [0.20232997152527263, 0.035451939797308575, 0.6485756772681146, 0.1136424114093042], [0.9893535438150917, 0.0007959790302040592, 0.009842558377719843, 7.918776984427043e-06], [0.014195872650473172, 0.4237141849343078, 0.018221452333492965, 0.543868490081726]], "state_values": [0.5049165557124233, -0.3042492446625031, -1.588187544517567, -0.3765215781834199, 1.241779674665044, 2.4364725601330757, 0.3017358636379688, 1.1887456926260311, 3.2859167330585155, -0.4487972225682957, 0.6618509334936431, 0.4565342722997048, -0.13927867192592674, 2.1112822311404833, 2.5753611031996915, 2.3890873596361413], "value_grad": [-0.02653193473815918, -0.2071080207824707, -0.6106321811676025, 1.0585081577301025, 0.43401598930358887, -0.9175319671630859, -0.17186427116394043, 0.3068997859954834, 0.8153641223907471, 0.038411855697631836, -0.028116226196289062, -0.41104793548583984, 0.5377681255340576, -0.4831197261810303, -0.6126120090484619, -0.2831399440765381], "action_grad": [[0.0, 0.0, 0.0], [0.0, 0.0, 0.0], [0.0, 0.0, 0.0], [0.0, 0.0, 0.0], [0.0, 0.0, 0.0], [0.0, 0.0, 0.0], [0.0, 0.0, 0.0], [0.0, 0.0, 0.0], [0.0, 0.0, 0.0], [0.0, 0.0, 0.0], [0.0, 0.0, 0.0], [0.0, 0.0, 0.0], [0.0, 0.0, 0.0], [0.0, 0.0, 0.0], [0.0, 0.0, 0.0], [0.0, 0.0, 0.0]], "action_params_change": 0, "value_params_change": 0.44930115359079004}
{"iterations": 1, "type_itr": 0, "sub_iteration": 8, "sub_it_time": 0.28232264518737793, "total_time": 2.573045253753662, "value_loss": 1.8857522010803223, "action_loss": -0.6675087213516235, "action_probs": [[0.5493918799118658, 0.21625308996433248, 0.16816247168362672, 0.06619255844017512], [0.34191870338714325, 0.2644964739133028, 0.2219172891571874, 0.17166753354236652], [0.0233780684909128, 0.8198085914265045, 0.00434778344939479, 0.15246555663318792], [0.24891621286078439, 0.24285452157632337, 0.25724691444629233, 0.25098235111659994], [0.009137661037082384, 0.29580936100071464, 0.0208270881708958, 0.6742258897913073], [0.08432841536389625, 0.3019179151478384, 0.1339996532864135, 0.4797540162018517], [0.01879923123247769, 0.11817679563234346, 0.11844545064919396, 0.7445785224859848], [0.7225646262967593, 0.16666316742644982, 0.09001076934103458, 0.020761436935756182], [0.9481783524912354, 0.02351228066146078, 0.027624356869897143, 0.0006850099774065213], [0.22361841098067625, 0.7536938747805831, 0.0051911663045338926, 0.017496547934206762], [3.298619807366491e-05, 0.004873477372874754, 0.006690022664965479, 0.9884035137640861], [0.04092582825701804, 0.8283353439705952, 0.006155336258980552, 0.12458349151340631], [0.5095490184839938, 0.21590186735349343, 0.19284038985720864, 0.08170872430530422], [0.20232997152527263, 0.035451939797308575, 0.6485756772681146, 0.1136424114093042], [0.9893535438150917, 0.0007959790302040592, 0.009842558377719843, 7.918776984427043e-06], [0.014195872650473172, 0.4237141849343078, 0.018221452333492965, 0.543868490081726]], "state_values": [0.18139167000411546, -0.981012392316987, -1.1937645008317197, 0.7852326886648336, 1.743815845296376, 1.7754663198832221, 0.761591700669021, 1.4376035320484353, 3.064127800154897, -0.8466866189209916, 0.7797799292146714, 0.2963734889475092, -0.14231180869558852, 1.5448906284905437, 2.696507514493519, 2.072792558527054], "value_grad": [-0.0740518569946289, 0.5361837148666382, -0.26967573165893555, 0.766260027885437, 0.27680397033691406, -1.1872080564498901, -0.3338279724121094, 0.0249483585357666, 0.950003981590271, -0.2146320343017578, -0.13741183280944824, 0.4150078296661377, 0.46331989765167236, -0.7638839483261108, -0.2411642074584961, -0.5096521377563477], "action_grad": [[0.0, 0.0, 0.0], [0.0, 0.0, 0.0], [0.0, 0.0, 0.0], [0.0, 0.0, 0.0], [0.0, 0.0, 0.0], [0.0, 0.0, 0.0], [0.0, 0.0, 0.0], [0.0, 0.0, 0.0], [0.0, 0.0, 0.0], [0.0, 0.0, 0.0], [0.0, 0.0, 0.0], [0.0, 0.0, 0.0], [0.0, 0.0, 0.0], [0.0, 0.0, 0.0], [0.0, 0.0, 0.0], [0.0, 0.0, 0.0]], "action_params_change": 0, "value_params_change": 0.4661500702525796}
{"iterations": 1, "type_itr": 0, "sub_iteration": 9, "sub_it_time": 0.30167222023010254, "total_time": 2.8763980865478516, "value_loss": 1.9118880033493042, "action_loss": -0.6575114727020264, "action_probs": [[0.5493918799118658, 0.21625308996433248, 0.16816247168362672, 0.06619255844017512], [0.34191870338714325, 0.2644964739133028, 0.2219172891571874, 0.17166753354236652], [0.0233780684909128, 0.8198085914265045, 0.00434778344939479, 0.15246555663318792], [0.24891621286078439, 0.24285452157632337, 0.25724691444629233, 0.25098235111659994], [0.009137661037082384, 0.29580936100071464, 0.0208270881708958, 0.6742258897913073], [0.08432841536389625, 0.3019179151478384, 0.1339996532864135, 0.4797540162018517], [0.01879923123247769, 0.11817679563234346, 0.11844545064919396, 0.7445785224859848], [0.7225646262967593, 0.16666316742644982, 0.09001076934103458, 0.020761436935756182], [0.9481783524912354, 0.02351228066146078, 0.027624356869897143, 0.0006850099774065213], [0.22361841098067625, 0.7536938747805831, 0.0051911663045338926, 0.017496547934206762], [3.298619807366491e-05, 0.004873477372874754, 0.006690022664965479, 0.9884035137640861], [0.04092582825701804, 0.8283353439705952, 0.006155336258980552, 0.12458349151340631], [0.5095490184839938, 0.21590186735349343, 0.19284038985720864, 0.08170872430530422], [0.20232997152527263, 0.035451939797308575, 0.6485756772681146, 0.1136424114093042], [0.9893535438150917, 0.0007959790302040592, 0.009842558377719843, 7.918776984427043e-06], [0.014195872650473172, 0.4237141849343078, 0.018221452333492965, 0.543868490081726]], "state_values": [0.32015657552753096, -1.3936451253028572, -0.594444461992737, 1.9390519425069324, 2.0291802371424237, 1.1120126534695858, 1.1531164745271647, 1.478581591428002, 2.7170269955985957, -0.7427206769455499, 0.7931505054867748, 0.04373074224043848, 0.21807295478185984, 0.8908797161769043, 2.6103879765283966, 1.6615354500398711], "value_grad": [-0.40114808082580566, -0.34095609188079834, -0.7242839336395264, 1.0723679065704346, -0.39837610721588135, -0.20552420616149902, 0.05068778991699219, -0.22611594200134277, 0.9777240753173828, 0.7124038934707642, 0.16433990001678467, -0.1544400453567505, 1.1971080303192139, -0.5033160448074341, -0.5833081007003784, -0.26056790351867676], "action_grad": [[0.0, 0.0, 0.0], [0.0, 0.0, 0.0], [0.0, 0.0, 0.0], [0.0, 0.0, 0.0], [0.0, 0.0, 0.0], [0.0, 0.0, 0.0], [0.0, 0.0, 0.0], [0.0, 0.0, 0.0], [0.0, 0.0, 0.0], [0.0, 0.0, 0.0], [0.0, 0.0, 0.0], [0.0, 0.0, 0.0], [0.0, 0.0, 0.0], [0.0, 0.0, 0.0], [0.0, 0.0, 0.0], [0.0, 0.0, 0.0]], "action_params_change": 0, "value_params_change": 0.48111102990174714}
{"iterations": 1, "type_itr": 0, "sub_iteration": 10, "sub_it_time": 0.28213047981262207, "total_time": 3.1602015495300293, "value_loss": 1.3325400352478027, "action_loss": -0.7026797533035278, "action_probs": [[0.5493918799118658, 0.21625308996433248, 0.16816247168362672, 0.06619255844017512], [0.34191870338714325, 0.2644964739133028, 0.2219172891571874, 0.17166753354236652], [0.0233780684909128, 0.8198085914265045, 0.00434778344939479, 0.15246555663318792], [0.24891621286078439, 0.24285452157632337, 0.25724691444629233, 0.25098235111659994], [0.009137661037082384, 0.29580936100071464, 0.0208270881708958, 0.6742258897913073], [0.08432841536389625, 0.3019179151478384, 0.1339996532864135, 0.4797540162018517], [0.01879923123247769, 0.11817679563234346, 0.11844545064919396, 0.7445785224859848], [0.7225646262967593, 0.16666316742644982, 0.09001076934103458, 0.020761436935756182], [0.9481783524912354, 0.02351228066146078, 0.027624356869897143, 0.0006850099774065213], [0.22361841098067625, 0.7536938747805831, 0.0051911663045338926, 0.017496547934206762], [3.298619807366491e-05, 0.004873477372874754, 0.006690022664965479, 0.9884035137640861], [0.04092582825701804, 0.8283353439705952, 0.006155336258980552, 0.12458349151340631], [0.5095490184839938, 0.21590186735349343, 0.19284038985720864, 0.08170872430530422], [0.20232997152527263, 0.035451939797308575, 0.6485756772681146, 0.1136424114093042], [0.9893535438150917, 0.0007959790302040592, 0.009842558377719843, 7.918776984427043e-06], [0.014195872650473172, 0.4237141849343078, 0.018221452333492965, 0.543868490081726]], "state_values": [0.521210379902937, -1.8154926859081764, 0.07932880982128833, 2.8637688872236593, 2.222831255915529, 0.42092413512357796, 1.4318896072439862, 1.7159430304765901, 2.23491742573916, -0.659151962527413, 0.6782699911523334, -0.3126779149766312, 0.6290759536083431, 0.2654321673696454, 2.4040766374431444, 1.1422848922466862], "value_grad": [-0.08632802963256836, 0.14255988597869873, -0.3789719343185425, -0.06454801559448242, -0.165924072265625, -0.39996016025543213, 0.2482919692993164, 0.294228196144104, 1.1131559610366821, -0.018612027168273926, 0.2360159158706665, -0.19324803352355957, 0.3136317729949951, -0.08830809593200684, -0.41302812099456787, -0.3140280246734619], "action_grad": [[0.0, 0.0, 0.0], [0.0, 0.0, 0.0], [0.0, 0.0, 0.0], [0.0, 0.0, 0.0], [0.0, 0.0, 0.0], [0.0, 0.0, 0.0], [0.0, 0.0, 0.0], [0.0, 0.0, 0.0], [0.0, 0.0, 0.0], [0.0, 0.0, 0.0], [0.0, 0.0, 0.0], [0.0, 0.0, 0.0], [0.0, 0.0, 0.0], [0.0, 0.0, 0.0], [0.0, 0.0, 0.0], [0.0, 0.0, 0.0]], "action_params_change": 0, "value_params_change": 0.42321285892008653}
{"iterations": 1, "type_itr": 0, "sub_iteration": 11, "sub_it_time": 0.27995967864990234, "total_time": 3.441960096359253, "value_loss": 1.1004841327667236, "action_loss": -0.703621506690979, "action_probs": [[0.5493918799118658, 0.21625308996433248, 0.16816247168362672, 0.06619255844017512], [0.34191870338714325, 0.2644964739133028, 0.2219172891571874, 0.17166753354236652], [0.0233780684909128, 0.8198085914265045, 0.00434778344939479, 0.15246555663318792], [0.24891621286078439, 0.24285452157632337, 0.25724691444629233, 0.25098235111659994], [0.009137661037082384, 0.29580936100071464, 0.0208270881708958, 0.6742258897913073], [0.08432841536389625, 0.3019179151478384, 0.1339996532864135, 0.4797540162018517], [0.01879923123247769, 0.11817679563234346, 0.11844545064919396, 0.7445785224859848], [0.7225646262967593, 0.16666316742644982, 0.09001076934103458, 0.020761436935756182], [0.9481783524912354, 0.02351228066146078, 0.027624356869897143, 0.0006850099774065213], [0.22361841098067625, 0.7536938747805831, 0.0051911663045338926, 0.017496547934206762], [3.298619807366491e-05, 0.004873477372874754, 0.006690022664965479, 0.9884035137640861], [0.04092582825701804, 0.8283353439705952, 0.006155336258980552, 0.12458349151340631], [0.5095490184839938, 0.21590186735349343, 0.19284038985720864, 0.08170872430530422], [0.20232997152527263, 0.035451939797308575, 0.6485756772681146, 0.1136424114093042], [0.9893535438150917, 0.0007959790302040592, 0.009842558377719843, 7.918776984427043e-06], [0.014195872650473172, 0.4237141849343078, 0.018221452333492965, 0.543868490081726]], "state_values": [0.7168353858639119, -1.9086930696759696, 0.6052865432529023, 3.6589154361870135, 2.164300571128618, -0.2746142751896415, 1.5944876206374834, 1.8365250262719464, 1.725737193048422, -0.6004788779271919, 0.3293750496377033, -0.4915852422015457, 0.9333290905035568, -0.10589228012837251, 2.095923040048243, 0.5292934925930386], "value_grad": [-0.01742422580718994, -0.6145919561386108, 0.19760394096374512, 0.4260960817337036, -0.7195320129394531, -0.3401639461517334, 0.32432401180267334, -0.12988793849945068, 0.333035945892334, -0.03128409385681152, 0.5227199196815491, 0.1944359540939331, -0.20592010021209717, 0.6134041547775269, -0.38491201400756836, -0.3112560510635376], "action_grad": [[0.0, 0.0, 0.0], [0.0, 0.0, 0.0], [0.0, 0.0, 0.0], [0.0, 0.0, 0.0], [0.0, 0.0, 0.0], [0.0, 0.0, 0.0], [0.0, 0.0, 0.0], [0.0, 0.0, 0.0], [0.0, 0.0, 0.0], [0.0, 0.0, 0.0], [0.0, 0.0, 0.0], [0.0, 0.0, 0.0], [0.0, 0.0, 0.0], [0.0, 0.0, 0.0], [0.0, 0.0, 0.0], [0.0, 0.0, 0.0]], "action_params_change": 0, "value_params_change": 0.42214650111390206}
{"iterations": 1, "type_itr": 0, "sub_iteration": 12, "sub_it_time": 0.282562255859375, "total_time": 3.726377248764038, "value_loss": 1.3357081413269043, "action_loss": -0.7045271396636963, "action_probs": [[0.5493918799118658, 0.21625308996433248, 0.16816247168362672, 0.06619255844017512], [0.34191870338714325, 0.2644964739133028, 0.2219172891571874, 0.17166753354236652], [0.0233780684909128, 0.8198085914265045, 0.00434778344939479, 0.15246555663318792], [0.24891621286078439, 0.24285452157632337, 0.25724691444629233, 0.25098235111659994], [0.009137661037082384, 0.29580936100071464, 0.0208270881708958, 0.6742258897913073], [0.08432841536389625, 0.3019179151478384, 0.1339996532864135, 0.4797540162018517], [0.01879923123247769, 0.11817679563234346, 0.11844545064919396, 0.7445785224859848], [0.7225646262967593, 0.16666316742644982, 0.09001076934103458, 0.020761436935756182], [0.9481783524912354, 0.02351228066146078, 0.027624356869897143, 0.0006850099774065213], [0.22361841098067625, 0.7536938747805831, 0.0051911663045338926, 0.017496547934206762], [3.298619807366491e-05, 0.004873477372874754, 0.006690022664965479, 0.9884035137640861], [0.04092582825701804, 0.8283353439705952, 0.006155336258980552, 0.12458349151340631], [0.5095490184839938, 0.21590186735349343, 0.19284038985720864, 0.08170872430530422], [0.20232997152527263, 0.035451939797308575, 0.6485756772681146, 0.1136424114093042], [0.9893535438150917, 0.0007959790302040592, 0.009842558377719843, 7.918776984427043e-06], [0.014195872650473172, 0.4237141849343078, 0.018221452333492965, 0.543868490081726]], "state_values": [0.5373514554767655, -1.6586798374063645, 1.1926411646289619, 4.289960653496771, 2.0089328761443808, -0.8104113659806249, 1.6646138687405678, 1.8030704655824887, 1.1057443566952248, -0.6837074782617403, 0.07516228802114569, -0.7107400494054595, 1.0042799085253697, -0.2850170192755376, 1.67600107947658, -0.15223093474311666], "value_grad": [0.4340158700942993, -0.9785161018371582, -0.36154818534851074, 0.41619622707366943, -0.34333205223083496, 0.39679205417633057, 0.2966040372848511, -0.2126520872116089, 0.993564248085022, -0.2605680227279663, -0.12315607070922852, -0.08751606941223145, -0.6791400909423828, 0.5357879400253296, -0.44470810890197754, -0.28749608993530273], "action_grad": [[0.0, 0.0, 0.0], [0.0, 0.0, 0.0], [0.0, 0.0, 0.0], [0.0, 0.0, 0.0], [0.0, 0.0, 0.0], [0.0, 0.0, 0.0], [0.0, 0.0, 0.0], [0.0, 0.0, 0.0], [0.0, 0.0, 0.0], [0.0, 0.0, 0.0], [0.0, 0.0, 0.0], [0.0, 0.0, 0.0], [0.0, 0.0, 0.0], [0.0, 0.0, 0.0], [0.0, 0.0, 0.0], [0.0, 0.0, 0.0]], "action_params_change": 0, "value_params_change": 0.4208266644287839}
{"iterations": 1, "type_itr": 0, "sub_iteration": 13, "sub_it_time": 0.286088228225708, "total_time": 4.014184474945068, "value_loss": 1.652508020401001, "action_loss": -0.6256546974182129, "action_probs": [[0.5493918799118658, 0.21625308996433248, 0.16816247168362672, 0.06619255844017512], [0.34191870338714325, 0.2644964739133028, 0.2219172891571874, 0.17166753354236652], [0.0233780684909128, 0.8198085914265045, 0.00434778344939479, 0.15246555663318792], [0.24891621286078439, 0.24285452157632337, 0.25724691444629233, 0.25098235111659994], [0.009137661037082384, 0.29580936100071464, 0.0208270881708958, 0.6742258897913073], [0.08432841536389625, 0.3019179151478384, 0.1339996532864135, 0.4797540162018517], [0.01879923123247769, 0.11817679563234346, 0.11844545064919396, 0.7445785224859848], [0.7225646262967593, 0.16666316742644982, 0.09001076934103458, 0.020761436935756182], [0.9481783524912354, 0.02351228066146078, 0.027624356869897143, 0.0006850099774065213], [0.22361841098067625, 0.7536938747805831, 0.0051911663045338926, 0.017496547934206762], [3.298619807366491e-05, 0.004873477372874754, 0.006690022664965479, 0.9884035137640861], [0.04092582825701804, 0.8283353439705952, 0.006155336258980552, 0.12458349151340631], [0.5095490184839938, 0.21590186735349343, 0.19284038985720864, 0.08170872430530422], [0.20232997152527263, 0.035451939797308575, 0.6485756772681146, 0.1136424114093042], [0.9893535438150917, 0.0007959790302040592, 0.009842558377719843, 7.918776984427043e-06], [0.014195872650473172, 0.4237141849343078, 0.018221452333492965, 0.543868490081726]], "state_values": [0.29515867102050813, -1.1893733145458274, 1.660329450138445, 4.7303018416341365, 1.7194618889356703, -1.2360652289962264, 1.5074521103575031, 1.5530036087876662, 0.5043462689038323, -0.8496125333598392, -0.4027813619300937, -1.1262015769086988, 0.9719491368076532, -0.2783298980755534, 1.257836595317257, -0.4154825148700961], "value_grad": [0.1073160171508789, -0.8771400451660156, 0.13424408435821533, 0.40312790870666504, -0.5120279788970947, 0.24274802207946777, 0.9278279542922974, -0.3647162914276123, 0.1536480188369751, -0.17978417873382568, 0.6248881816864014, -0.38095200061798096, -0.349668025970459, 0.6189479827880859, -0.08197212219238281, 0.6700321435928345], "action_grad": [[0.0, 0.0, 0.0], [0.0, 0.0, 0.0], [0.0, 0.0, 0.0], [0.0, 0.0, 0.0], [0.0, 0.0, 0.0], [0.0, 0.0, 0.0], [0.0, 0.0, 0.0], [0.0, 0.0, 0.0], [0.0, 0.0, 0.0], [0.0, 0.0, 0.0], [0.0, 0.0, 0.0], [0.0, 0.0, 0.0], [0.0, 0.0, 0.0], [0.0, 0.0, 0.0], [0.0, 0.0, 0.0], [0.0, 0.0, 0.0]], "action_params_change": 0, "value_params_change": 0.4190081268931074}
