{"iterations": 0, "type_itr": 0, "sub_iteration": 0, "sub_it_time": 0, "total_time": 0, "value_loss": 0, "action_loss": 0, "action_probs": [[0.07197092399713219, 0.8347340766724175, 0.007405415544378868, 0.0858895837860714], [0.03687932229256014, 0.015290101119516236, 0.6700351858716833, 0.27779539071624026], [0.1982314517821207, 0.548874267555041, 0.06710107968075349, 0.18579320098208488], [0.5885841326503898, 0.05101736913178839, 0.33165156256040285, 0.028746935657418926], [0.9002854566777672, 0.008732140954213794, 0.0901084136092754, 0.0008739887587436806], [0.8067469120160963, 0.05077647841480907, 0.1340401510757992, 0.00843645849329544], [0.3336927481930307, 0.412151674748864, 0.11370987081003062, 0.1404457062480745], [0.20893536541033475, 0.5842012129464708, 0.0544938737797178, 0.15236954786347684], [0.5074449717264055, 0.039955075280678556, 0.419564396469426, 0.033035556523489856], [0.05685236339318747, 0.18367901155647226, 0.17950916493169725, 0.5799594601186429], [0.00028056488029043713, 0.001198421951239645, 0.18942016423315233, 0.8091008489353175], [0.32813211462457853, 0.07272201883834985, 0.49045022551468, 0.10869564102239174], [0.899683610100222, 0.0061581107726035944, 0.0935181704860487, 0.0006401086411256987], [0.26059362391769036, 0.10635812133953029, 0.44956412103327886, 0.1834841337095004], [0.0361267081536412, 0.0016021608419500386, 0.9214081746933042, 0.04086295631110476], [0.10563172537513596, 0.17454063752320256, 0.2713923475291025, 0.4484352895725588]], "state_values": [-4.6521431977780665, 3.237008479639274, 4.8452411959831965, 4.3435617177644845, 4.490772657949972, 2.179841297562763, 2.6613673164424094, 4.97754065431072, -2.5494583168305307, 4.996455210154221, 1.7861555096101995, 4.449556040730663, 0.5418302566846728, 2.909965998308602, -2.7466976573819317, -1.738764563134293], "value_grad": [0.0, 0.0, 0.0, 0.0, 0.0, 0.0, 0.0, 0.0, 0.0, 0.0, 0.0, 0.0, 0.0, 0.0, 0.0, 0.0], "action_grad": [[0.0, 0.0, 0.0], [0.0, 0.0, 0.0], [0.0, 0.0, 0.0], [0.0, 0.0, 0.0], [0.0, 0.0, 0.0], [0.0, 0.0, 0.0], [0.0, 0.0, 0.0], [0.0, 0.0, 0.0], [0.0, 0.0, 0.0], [0.0, 0.0, 0.0], [0.0, 0.0, 0.0], [0.0, 0.0, 0.0], [0.0, 0.0, 0.0], [0.0, 0.0, 0.0], [0.0, 0.0, 0.0], [0.0, 0.0, 0.0]], "action_params_change": 0, "value_params_change": 0}
{"iterations": 1, "type_itr": 0, "sub_iteration": 0, "sub_it_time": 0.10735130310058594, "total_time": 0.10872626304626465, "value_loss": 6.732000827789307, "action_loss": -1.3039753437042236, "action_probs": [[0.07197092399713219, 0.8347340766724175, 0.007405415544378868, 0.0858895837860714], [0.03687932229256014, 0.015290101119516236, 0.6700351858716833, 0.27779539071624026], [0.1982314517821207, 0.548874267555041, 0.06710107968075349, 0.18579320098208488], [0.5885841326503898, 0.05101736913178839, 0.33165156256040285, 0.028746935657418926], [0.9002854566777672, 0.008732140954213794, 0.0901084136092754, 0.0008739887587436806], [0.8067469120160963, 0.05077647841480907, 0.1340401510757992, 0.00843645849329544], [0.3336927481930307, 0.412151674748864, 0.11370987081003062, 0.1404457062480745], [0.20893536541033475, 0.5842012129464708, 0.0544938737797178, 0.15236954786347684], [0.5074449717264055, 0.039955075280678556, 0.419564396469426, 0.033035556523489856], [0.05685236339318747, 0.18367901155647226, 0.17950916493169725, 0.5799594601186429], [0.00028056488029043713, 0.001198421951239645, 0.18942016423315233, 0.8091008489353175], [0.32813211462457853, 0.07272201883834985, 0.49045022551468, 0.10869564102239174], [0.899683610100222, 0.0061581107726035944, 0.0935181704860487, 0.0006401086411256987], [0.26059362391769036, 0.10635812133953029, 0.44956412103327886, 0.1834841337095004], [0.0361267081536412, 0.0016021608419500386, 0.9214081746933042, 0.04086295631110476], [0.10563172537513596, 0.17454063752320256, 0.2713923475291025, 0.4484352895725588]], "state_values": [-4.960853834149904, 3.237008479639274, 4.999999244954814, 4.821247753714637, 3.8072726392096334, 0.9988044496907778, 1.5314049386926345, 4.939917163157901, -3.5343340394320926, 4.887699520617587, 0.5752319446696271, 3.7469835820414965, 1.7547211245292589, 3.825438847565917, -1.62765668680467, -2.844523291813042], "value_grad": [-4.751999378204346, 0.0, 9.899999618530273, 4.751999855041504, -19.800003051757812, -16.631999969482422, -10.296001434326172, 10.692000389099121, -11.088001251220703, -1.9799985885620117, -25.740001678466797, 9.503999710083008, -5.54400110244751, 13.46399974822998, -7.5239996910095215, -7.920001029968262], "action_grad": [[0.0, 0.0, 0.0], [0.0, 0.0, 0.0], [0.0, 0.0, 0.0], [0.0, 0.0, 0.0], [0.0, 0.0, 0.0], [0.0, 0.0, 0.0], [0.0, 0.0, 0.0], [0.0, 0.0, 0.0], [0.0, 0.0, 0.0], [0.0, 0.0, 0.0], [0.0, 0.0, 0.0], [0.0, 0.0, 0.0], [0.0, 0.0, 0.0], [0.0, 0.0, 0.0], [0.0, 0.0, 0.0], [0.0, 0.0, 0.0]], "action_params_change": 0, "value_params_change": 0.4999999998057496}
{"iterations": 1, "type_itr": 0, "sub_iteration": 1, "sub_it_time": 0.1051788330078125, "total_time": 0.2154226303100586, "value_loss": -1.5840001106262207, "action_loss": -1.503193736076355, "action_probs": [[0.07197092399713219, 0.8347340766724175, 0.007405415544378868, 0.0858895837860714], [0.03687932229256014, 0.015290101119516236, 0.6700351858716833, 0.27779539071624026], [0.1982314517821207, 0.548874267555041, 0.06710107968075349, 0.18579320098208488], [0.5885841326503898, 0.05101736913178839, 0.33165156256040285, 0.028746935657418926], [0.9002854566777672, 0.008732140954213794, 0.0901084136092754, 0.0008739887587436806], [0.8067469120160963, 0.05077647841480907, 0.1340401510757992, 0.00843645849329544], [0.3336927481930307, 0.412151674748864, 0.11370987081003062, 0.1404457062480745], [0.20893536541033475, 0.5842012129464708, 0.0544938737797178, 0.15236954786347684], [0.5074449717264055, 0.039955075280678556, 0.419564396469426, 0.033035556523489856], [0.05685236339318747, 0.18367901155647226, 0.17950916493169725, 0.5799594601186429], [0.00028056488029043713, 0.001198421951239645, 0.18942016423315233, 0.8091008489353175], [0.32813211462457853, 0.07272201883834985, 0.49045022551468, 0.10869564102239174], [0.899683610100222, 0.0061581107726035944, 0.0935181704860487, 0.0006401086411256987], [0.26059362391769036, 0.10635812133953029, 0.44956412103327886, 0.1834841337095004], [0.0361267081536412, 0.0016021608419500386, 0.9214081746933042, 0.04086295631110476], [0.10563172537513596, 0.17454063752320256, 0.2713923475291025, 0.4484352895725588]], "state_values": [-4.875114146695352, 2.476308717660872, 4.947750605099962, 4.981604044977905, 3.0733398083566086, -0.10835520266526151, 2.017857636392938, 4.80758099363322, -3.3086856715690574, 4.524058580208761, -0.6399074907454162, 3.236423700264444, 1.941717375767987, 4.116469898577975, -0.7249150521397193, -3.7692917587497465], "value_grad": [10.295999526977539, -0.7920007705688477, -1.1880006790161133, 0.3959989547729492, -4.355999946594238, -6.336000442504883, 23.76000213623047, -2.37600040435791, 16.632001876831055, -6.335999965667725, -17.81999969482422, -1.1880011558532715, 3.564000129699707, -4.7519989013671875, -0.7919998168945312, -11.08799934387207], "action_grad": [[0.0, 0.0, 0.0], [0.0, 0.0, 0.0], [0.0, 0.0, 0.0], [0.0, 0.0, 0.0], [0.0, 0.0, 0.0], [0.0, 0.0, 0.0], [0.0, 0.0, 0.0], [0.0, 0.0, 0.0], [0.0, 0.0, 0.0], [0.0, 0.0, 0.0], [0.0, 0.0, 0.0], [0.0, 0.0, 0.0], [0.0, 0.0, 0.0], [0.0, 0.0, 0.0], [0.0, 0.0, 0.0], [0.0, 0.0, 0.0]], "action_params_change": 0, "value_params_change": 0.4974829006009127}
{"iterations": 1, "type_itr": 0, "sub_iteration": 2, "sub_it_time": 0.10582470893859863, "total_time": 0.322735071182251, "value_loss": 12.275999069213867, "action_loss": -1.6299693584442139, "action_probs": [[0.07197092399713219, 0.8347340766724175, 0.007405415544378868, 0.0858895837860714], [0.03687932229256014, 0.015290101119516236, 0.6700351858716833, 0.27779539071624026], [0.1982314517821207, 0.548874267555041, 0.06710107968075349, 0.18579320098208488], [0.5885841326503898, 0.05101736913178839, 0.33165156256040285, 0.028746935657418926], [0.9002854566777672, 0.008732140954213794, 0.0901084136092754, 0.0008739887587436806], [0.8067469120160963, 0.05077647841480907, 0.1340401510757992, 0.00843645849329544], [0.3336927481930307, 0.412151674748864, 0.11370987081003062, 0.1404457062480745], [0.20893536541033475, 0.5842012129464708, 0.0544938737797178, 0.15236954786347684], [0.5074449717264055, 0.039955075280678556, 0.419564396469426, 0.033035556523489856], [0.05685236339318747, 0.18367901155647226, 0.17950916493169725, 0.5799594601186429], [0.00028056488029043713, 0.001198421951239645, 0.18942016423315233, 0.8091008489353175], [0.32813211462457853, 0.07272201883834985, 0.49045022551468, 0.10869564102239174], [0.899683610100222, 0.0061581107726035944, 0.0935181704860487, 0.0006401086411256987], [0.26059362391769036, 0.10635812133953029, 0.44956412103327886, 0.1834841337095004], [0.0361267081536412, 0.0016021608419500386, 0.9214081746933042, 0.04086295631110476], [0.10563172537513596, 0.17454063752320256, 0.2713923475291025, 0.4484352895725588]], "state_values": [-4.612107991110167, 2.7036159570925773, 4.844950756990436, 4.950907268897617, 2.6082407564092507, -0.07804163478543015, 2.682901348729714, 4.595037305448215, -3.2606447882142127, 3.9145070724097977, -1.7953943155489325, 3.3786626187006563, 1.5278002870436593, 4.538517687357943, -0.6182771426952071, -4.315734585851399], "value_grad": [14.256000518798828, 1.1879987716674805, -0.3959999084472656, -7.127999782562256, 5.1479997634887695, 20.195999145507812, 15.444002151489258, 2.375999927520752, -4.355998992919922, -9.50400161743164, -15.04800033569336, -9.900001525878906, 6.335999965667725, 17.423999786376953, 5.54400110244751, 0.39600181579589844], "action_grad": [[0.0, 0.0, 0.0], [0.0, 0.0, 0.0], [0.0, 0.0, 0.0], [0.0, 0.0, 0.0], [0.0, 0.0, 0.0], [0.0, 0.0, 0.0], [0.0, 0.0, 0.0], [0.0, 0.0, 0.0], [0.0, 0.0, 0.0], [0.0, 0.0, 0.0], [0.0, 0.0, 0.0], [0.0, 0.0, 0.0], [0.0, 0.0, 0.0], [0.0, 0.0, 0.0], [0.0, 0.0, 0.0], [0.0, 0.0, 0.0]], "action_params_change": 0, "value_params_change": 0.47789454676163334}
{"iterations": 1, "type_itr": 0, "sub_iteration": 3, "sub_it_time": 0.10555481910705566, "total_time": 0.4297757148742676, "value_loss": -7.127999782562256, "action_loss": -1.0866461992263794, "action_probs": [[0.07197092399713219, 0.8347340766724175, 0.007405415544378868, 0.0858895837860714], [0.03687932229256014, 0.015290101119516236, 0.6700351858716833, 0.27779539071624026], [0.1982314517821207, 0.548874267555041, 0.06710107968075349, 0.18579320098208488], [0.5885841326503898, 0.05101736913178839, 0.33165156256040285, 0.028746935657418926], [0.9002854566777672, 0.008732140954213794, 0.0901084136092754, 0.0008739887587436806], [0.8067469120160963, 0.05077647841480907, 0.1340401510757992, 0.00843645849329544], [0.3336927481930307, 0.412151674748864, 0.11370987081003062, 0.1404457062480745], [0.20893536541033475, 0.5842012129464708, 0.0544938737797178, 0.15236954786347684], [0.5074449717264055, 0.039955075280678556, 0.419564396469426, 0.033035556523489856], [0.05685236339318747, 0.18367901155647226, 0.17950916493169725, 0.5799594601186429], [0.00028056488029043713, 0.001198421951239645, 0.18942016423315233, 0.8091008489353175], [0.32813211462457853, 0.07272201883834985, 0.49045022551468, 0.10869564102239174], [0.899683610100222, 0.0061581107726035944, 0.0935181704860487, 0.0006401086411256987], [0.26059362391769036, 0.10635812133953029, 0.44956412103327886, 0.1834841337095004], [0.0361267081536412, 0.0016021608419500386, 0.9214081746933042, 0.04086295631110476], [0.10563172537513596, 0.17454063752320256, 0.2713923475291025, 0.4484352895725588]], "state_values": [-4.175205219109426, 2.1306196347847326, 4.739996415864473, 4.811997727319423, 2.504175726093374, -0.249728017889315, 3.231902955139443, 4.403913586716179, -2.9252970630677693, 3.2215406786066474, -2.6322346882848113, 3.535601909813728, 0.7384652778133877, 4.8308745595274445, -0.8876979571265213, -4.570547420332247], "value_grad": [7.5240020751953125, -5.940000057220459, -0.7920007705688477, -8.712000846862793, 9.50400161743164, -7.52400016784668, 2.7719998359680176, -1.1879997253417969, 12.67199993133545, -0.7919988632202148, 1.9800004959106445, -1.1880016326904297, 18.61199951171875, 5.940000057220459, 5.1479997634887695, 3.5640006065368652], "action_grad": [[0.0, 0.0, 0.0], [0.0, 0.0, 0.0], [0.0, 0.0, 0.0], [0.0, 0.0, 0.0], [0.0, 0.0, 0.0], [0.0, 0.0, 0.0], [0.0, 0.0, 0.0], [0.0, 0.0, 0.0], [0.0, 0.0, 0.0], [0.0, 0.0, 0.0], [0.0, 0.0, 0.0], [0.0, 0.0, 0.0], [0.0, 0.0, 0.0], [0.0, 0.0, 0.0], [0.0, 0.0, 0.0], [0.0, 0.0, 0.0]], "action_params_change": 0, "value_params_change": 0.39839505258643215}
{"iterations": 1, "type_itr": 0, "sub_iteration": 4, "sub_it_time": 0.10447573661804199, "total_time": 0.5359160900115967, "value_loss": 1.9800000190734863, "action_loss": -0.9960923194885254, "action_probs": [[0.07197092399713219, 0.8347340766724175, 0.007405415544378868, 0.0858895837860714], [0.03687932229256014, 0.015290101119516236, 0.6700351858716833, 0.27779539071624026], [0.1982314517821207, 0.548874267555041, 0.06710107968075349, 0.18579320098208488], [0.5885841326503898, 0.05101736913178839, 0.33165156256040285, 0.028746935657418926], [0.9002854566777672, 0.008732140954213794, 0.0901084136092754, 0.0008739887587436806], [0.8067469120160963, 0.05077647841480907, 0.1340401510757992, 0.00843645849329544], [0.3336927481930307, 0.412151674748864, 0.11370987081003062, 0.1404457062480745], [0.20893536541033475, 0.5842012129464708, 0.0544938737797178, 0.15236954786347684], [0.5074449717264055, 0.039955075280678556, 0.419564396469426, 0.033035556523489856], [0.05685236339318747, 0.18367901155647226, 0.17950916493169725, 0.5799594601186429], [0.00028056488029043713, 0.001198421951239645, 0.18942016423315233, 0.8091008489353175], [0.32813211462457853, 0.07272201883834985, 0.49045022551468, 0.10869564102239174], [0.899683610100222, 0.0061581107726035944, 0.0935181704860487, 0.0006401086411256987], [0.26059362391769036, 0.10635812133953029, 0.44956412103327886, 0.1834841337095004], [0.0361267081536412, 0.0016021608419500386, 0.9214081746933042, 0.04086295631110476], [0.10563172537513596, 0.17454063752320256, 0.2713923475291025, 0.4484352895725588]], "state_values": [-3.575252670799013, 1.3183912450476398, 4.539651133416581, 4.529628717421946, 2.7018113006052733, -0.7641582707472501, 3.700893042465143, 4.408848806529521, -2.991811042675386, 2.325149575930202, -3.021796781529727, 3.944251925576043, 0.18077354865532166, 4.983848048939306, -1.1853542768734204, -4.841136322256108], "value_grad": [6.336000919342041, -10.691998481750488, 3.960000514984131, -5.940000534057617, 12.2760009765625, -20.195999145507812, 3.5640010833740234, -6.336000442504883, -16.236000061035156, -10.296000480651855, 14.256000518798828, -14.256000518798828, -3.5640010833740234, 7.5240020751953125, 1.1879992485046387, -15.84000015258789], "action_grad": [[0.0, 0.0, 0.0], [0.0, 0.0, 0.0], [0.0, 0.0, 0.0], [0.0, 0.0, 0.0], [0.0, 0.0, 0.0], [0.0, 0.0, 0.0], [0.0, 0.0, 0.0], [0.0, 0.0, 0.0], [0.0, 0.0, 0.0], [0.0, 0.0, 0.0], [0.0, 0.0, 0.0], [0.0, 0.0, 0.0], [0.0, 0.0, 0.0], [0.0, 0.0, 0.0], [0.0, 0.0, 0.0], [0.0, 0.0, 0.0]], "action_params_change": 0, "value_params_change": 0.43289972294410384}
{"iterations": 1, "type_itr": 0, "sub_iteration": 5, "sub_it_time": 0.10506582260131836, "total_time": 0.6424765586853027, "value_loss": 2.375999927520752, "action_loss": -1.0866461992263794, "action_probs": [[0.07197092399713219, 0.8347340766724175, 0.007405415544378868, 0.0858895837860714], [0.03687932229256014, 0.015290101119516236, 0.6700351858716833, 0.27779539071624026], [0.1982314517821207, 0.548874267555041, 0.06710107968075349, 0.18579320098208488], [0.5885841326503898, 0.05101736913178839, 0.33165156256040285, 0.028746935657418926], [0.9002854566777672, 0.008732140954213794, 0.0901084136092754, 0.0008739887587436806], [0.8067469120160963, 0.05077647841480907, 0.1340401510757992, 0.00843645849329544], [0.3336927481930307, 0.412151674748864, 0.11370987081003062, 0.1404457062480745], [0.20893536541033475, 0.5842012129464708, 0.0544938737797178, 0.15236954786347684], [0.5074449717264055, 0.039955075280678556, 0.419564396469426, 0.033035556523489856], [0.05685236339318747, 0.18367901155647226, 0.17950916493169725, 0.5799594601186429], [0.00028056488029043713, 0.001198421951239645, 0.18942016423315233, 0.8091008489353175], [0.32813211462457853, 0.07272201883834985, 0.49045022551468, 0.10869564102239174], [0.899683610100222, 0.0061581107726035944, 0.0935181704860487, 0.0006401086411256987], [0.26059362391769036, 0.10635812133953029, 0.44956412103327886, 0.1834841337095004], [0.0361267081536412, 0.0016021608419500386, 0.9214081746933042, 0.04086295631110476], [0.10563172537513596, 0.17454063752320256, 0.2713923475291025, 0.4484352895725588]], "state_values": [-3.3126724775469314, 0.37727347974266556, 4.446182523319739, 4.072085330598134, 3.1080243016078746, -0.8245994092484099, 3.974133409585242, 4.521293483175893, -3.0272114764637124, 1.266322330248776, -3.4558095211419166, 3.9080787167976996, -0.3261520171175549, 4.999625635216234, -1.0135709313613364, -4.889868181273812], "value_grad": [-12.67199993133545, -5.940001010894775, -3.9600014686584473, -6.335999011993408, 15.048002243041992, 19.799999237060547, -5.940000057220459, -5.148001670837402, 1.1880006790161133, -10.296000480651855, -10.692001342773438, 18.612003326416016, 0.7920007705688477, -10.295999526977539, -7.920000076293945, 14.652000427246094], "action_grad": [[0.0, 0.0, 0.0], [0.0, 0.0, 0.0], [0.0, 0.0, 0.0], [0.0, 0.0, 0.0], [0.0, 0.0, 0.0], [0.0, 0.0, 0.0], [0.0, 0.0, 0.0], [0.0, 0.0, 0.0], [0.0, 0.0, 0.0], [0.0, 0.0, 0.0], [0.0, 0.0, 0.0], [0.0, 0.0, 0.0], [0.0, 0.0, 0.0], [0.0, 0.0, 0.0], [0.0, 0.0, 0.0], [0.0, 0.0, 0.0]], "action_params_change": 0, "value_params_change": 0.45523029153728123}
{"iterations": 1, "type_itr": 0, "sub_iteration": 6, "sub_it_time": 0.10735011100769043, "total_time": 0.7513365745544434, "value_loss": 15.84000015258789, "action_loss": -0.6882092356681824, "action_probs": [[0.07197092399713219, 0.8347340766724175, 0.007405415544378868, 0.0858895837860714], [0.03687932229256014, 0.015290101119516236, 0.6700351858716833, 0.27779539071624026], [0.1982314517821207, 0.548874267555041, 0.06710107968075349, 0.18579320098208488], [0.5885841326503898, 0.05101736913178839, 0.33165156256040285, 0.028746935657418926], [0.9002854566777672, 0.008732140954213794, 0.0901084136092754, 0.0008739887587436806], [0.8067469120160963, 0.05077647841480907, 0.1340401510757992, 0.00843645849329544], [0.3336927481930307, 0.412151674748864, 0.11370987081003062, 0.1404457062480745], [0.20893536541033475, 0.5842012129464708, 0.0544938737797178, 0.15236954786347684], [0.5074449717264055, 0.039955075280678556, 0.419564396469426, 0.033035556523489856], [0.05685236339318747, 0.18367901155647226, 0.17950916493169725, 0.5799594601186429], [0.00028056488029043713, 0.001198421951239645, 0.18942016423315233, 0.8091008489353175], [0.32813211462457853, 0.07272201883834985, 0.49045022551468, 0.10869564102239174], [0.899683610100222, 0.0061581107726035944, 0.0935181704860487, 0.0006401086411256987], [0.26059362391769036, 0.10635812133953029, 0.44956412103327886, 0.1834841337095004], [0.0361267081536412, 0.0016021608419500386, 0.9214081746933042, 0.04086295631110476], [0.10563172537513596, 0.17454063752320256, 0.2713923475291025, 0.4484352895725588]], "state_values": [-2.942934092235179, 0.37151031850601257, 4.266986954012696, 3.419121730906617, 3.3211152222881792, -0.7966019916956374, 4.197873854738052, 4.529382927030208, -3.1052250058402215, 0.5773353235100783, -3.722492165640189, 3.986664347189166, -0.6045535768126595, 4.966519427970104, -0.6908844982536293, -4.939157146022416], "value_grad": [6.732001304626465, 17.82000160217285, 3.5640010833740234, -7.5239996910095215, -7.128000259399414, 5.1479997634887695, 0.7919988632202148, 4.356000900268555, -2.772000789642334, 7.127999782562256, 6.732000350952148, -7.920001029968262, -5.148000717163086, 5.148000240325928, -3.9600000381469727, -3.56400203704834], "action_grad": [[0.0, 0.0, 0.0], [0.0, 0.0, 0.0], [0.0, 0.0, 0.0], [0.0, 0.0, 0.0], [0.0, 0.0, 0.0], [0.0, 0.0, 0.0], [0.0, 0.0, 0.0], [0.0, 0.0, 0.0], [0.0, 0.0, 0.0], [0.0, 0.0, 0.0], [0.0, 0.0, 0.0], [0.0, 0.0, 0.0], [0.0, 0.0, 0.0], [0.0, 0.0, 0.0], [0.0, 0.0, 0.0], [0.0, 0.0, 0.0]], "action_params_change": 0, "value_params_change": 0.3974653938077257}
{"iterations": 1, "type_itr": 0, "sub_iteration": 7, "sub_it_time": 0.10391688346862793, "total_time": 0.8567256927490234, "value_loss": 3.563999891281128, "action_loss": -1.41264009475708, "action_probs": [[0.07197092399713219, 0.8347340766724175, 0.007405415544378868, 0.0858895837860714], [0.03687932229256014, 0.015290101119516236, 0.6700351858716833, 0.27779539071624026], [0.1982314517821207, 0.548874267555041, 0.06710107968075349, 0.18579320098208488], [0.5885841326503898, 0.05101736913178839, 0.33165156256040285, 0.028746935657418926], [0.9002854566777672, 0.008732140954213794, 0.0901084136092754, 0.0008739887587436806], [0.8067469120160963, 0.05077647841480907, 0.1340401510757992, 0.00843645849329544], [0.3336927481930307, 0.412151674748864, 0.11370987081003062, 0.1404457062480745], [0.20893536541033475, 0.5842012129464708, 0.0544938737797178, 0.15236954786347684], [0.5074449717264055, 0.039955075280678556, 0.419564396469426, 0.033035556523489856], [0.05685236339318747, 0.18367901155647226, 0.17950916493169725, 0.5799594601186429], [0.00028056488029043713, 0.001198421951239645, 0.18942016423315233, 0.8091008489353175], [0.32813211462457853, 0.07272201883834985, 0.49045022551468, 0.10869564102239174], [0.899683610100222, 0.0061581107726035944, 0.0935181704860487, 0.0006401086411256987], [0.26059362391769036, 0.10635812133953029, 0.44956412103327886, 0.1834841337095004], [0.0361267081536412, 0.0016021608419500386, 0.9214081746933042, 0.04086295631110476], [0.10563172537513596, 0.17454063752320256, 0.2713923475291025, 0.4484352895725588]], "state_values": [-2.5164144192520914, 0.504586577423328, 4.269341289845499, 2.664928977705136, 3.4125962552682134, -0.6938838754723382, 4.206555365449221, 4.608058460141188, -3.217864883344777, -0.21894769548199203, -3.8139482204891775, 3.936409482595473, -0.954242054145446, 4.942908333988014, -0.9206717440055077, -4.9811200226434655], "value_grad": [3.9599995613098145, 5.148000240325928, -6.336000442504883, -2.3759994506835938, -5.939999580383301, 5.148000240325928, -16.236000061035156, -4.3560004234313965, -2.772001266479492, -7.52400016784668, 12.275999069213867, 9.108000755310059, 3.960000991821289, -11.484000205993652, 13.860000610351562, -4.751999855041504], "action_grad": [[0.0, 0.0, 0.0], [0.0, 0.0, 0.0], [0.0, 0.0, 0.0], [0.0, 0.0, 0.0], [0.0, 0.0, 0.0], [0.0, 0.0, 0.0], [0.0, 0.0, 0.0], [0.0, 0.0, 0.0], [0.0, 0.0, 0.0], [0.0, 0.0, 0.0], [0.0, 0.0, 0.0], [0.0, 0.0, 0.0], [0.0, 0.0, 0.0], [0.0, 0.0, 0.0], [0.0, 0.0, 0.0], [0.0, 0.0, 0.0]], "action_params_change": 0, "value_params_change": 0.38173152936338406}
{"iterations": 1, "type_itr": 0, "sub_iteration": 8, "sub_it_time": 0.1049184799194336, "total_time": 0.9631435871124268, "value_loss": 12.672000885009766, "action_loss": -0.887427806854248, "action_probs": [[0.07197092399713219, 0.8347340766724175, 0.007405415544378868, 0.0858895837860714], [0.03687932229256014, 0.015290101119516236, 0.6700351858716833, 0.27779539071624026], [0.1982314517821207, 0.548874267555041, 0.06710107968075349, 0.18579320098208488], [0.5885841326503898, 0.05101736913178839, 0.33165156256040285, 0.028746935657418926], [0.9002854566777672, 0.008732140954213794, 0.0901084136092754, 0.0008739887587436806], [0.8067469120160963, 0.05077647841480907, 0.1340401510757992, 0.00843645849329544], [0.3336927481930307, 0.412151674748864, 0.11370987081003062, 0.1404457062480745], [0.20893536541033475, 0.5842012129464708, 0.0544938737797178, 0.15236954786347684], [0.5074449717264055, 0.039955075280678556, 0.419564396469426, 0.033035556523489856], [0.05685236339318747, 0.18367901155647226, 0.17950916493169725, 0.5799594601186429], [0.00028056488029043713, 0.001198421951239645, 0.18942016423315233, 0.8091008489353175], [0.32813211462457853, 0.07272201883834985, 0.49045022551468, 0.10869564102239174], [0.899683610100222, 0.0061581107726035944, 0.0935181704860487, 0.0006401086411256987], [0.26059362391769036, 0.10635812133953029, 0.44956412103327886, 0.1834841337095004], [0.0361267081536412, 0.0016021608419500386, 0.9214081746933042, 0.04086295631110476], [0.10563172537513596, 0.17454063752320256, 0.2713923475291025, 0.4484352895725588]], "state_values": [-2.2605789836031414, 0.4569732110330632, 4.262119252042557, 1.734052142588068, 3.259167866493558, -0.4195655192513634, 4.322150564666296, 4.759309901206849, -3.1669716480973658, -0.8128303882996788, -3.9355137682969885, 3.760556551241649, -1.4421885136861268, 4.901495725702462, -1.2258714950068672, -4.999456696763563], "value_grad": [-6.336000442504883, -6.336000442504883, 0.3959999084472656, -9.90000057220459, -17.81999969482422, 13.068000793457031, 12.672000885009766, -7.9200005531311035, 9.503999710083008, 3.564000129699707, -4.751999855041504, 10.692000389099121, 7.920001029968262, 3.960000514984131, 3.564000129699707, -10.295998573303223], "action_grad": [[0.0, 0.0, 0.0], [0.0, 0.0, 0.0], [0.0, 0.0, 0.0], [0.0, 0.0, 0.0], [0.0, 0.0, 0.0], [0.0, 0.0, 0.0], [0.0, 0.0, 0.0], [0.0, 0.0, 0.0], [0.0, 0.0, 0.0], [0.0, 0.0, 0.0], [0.0, 0.0, 0.0], [0.0, 0.0, 0.0], [0.0, 0.0, 0.0], [0.0, 0.0, 0.0], [0.0, 0.0, 0.0], [0.0, 0.0, 0.0]], "action_params_change": 0, "value_params_change": 0.4159142498427353}
{"iterations": 1, "type_itr": 0, "sub_iteration": 9, "sub_it_time": 0.10488176345825195, "total_time": 1.069502353668213, "value_loss": 4.751999855041504, "action_loss": -0.45276927947998047, "action_probs": [[0.07197092399713219, 0.8347340766724175, 0.007405415544378868, 0.0858895837860714], [0.03687932229256014, 0.015290101119516236, 0.6700351858716833, 0.27779539071624026], [0.1982314517821207, 0.548874267555041, 0.06710107968075349, 0.18579320098208488], [0.5885841326503898, 0.05101736913178839, 0.33165156256040285, 0.028746935657418926], [0.9002854566777672, 0.008732140954213794, 0.0901084136092754, 0.0008739887587436806], [0.8067469120160963, 0.05077647841480907, 0.1340401510757992, 0.00843645849329544], [0.3336927481930307, 0.412151674748864, 0.11370987081003062, 0.1404457062480745], [0.20893536541033475, 0.5842012129464708, 0.0544938737797178, 0.15236954786347684], [0.5074449717264055, 0.039955075280678556, 0.419564396469426, 0.033035556523489856], [0.05685236339318747, 0.18367901155647226, 0.17950916493169725, 0.5799594601186429], [0.00028056488029043713, 0.001198421951239645, 0.18942016423315233, 0.8091008489353175], [0.32813211462457853, 0.07272201883834985, 0.49045022551468, 0.10869564102239174], [0.899683610100222, 0.0061581107726035944, 0.0935181704860487, 0.0006401086411256987], [0.26059362391769036, 0.10635812133953029, 0.44956412103327886, 0.1834841337095004], [0.0361267081536412, 0.0016021608419500386, 0.9214081746933042, 0.04086295631110476], [0.10563172537513596, 0.17454063752320256, 0.2713923475291025, 0.4484352895725588]], "state_values": [-2.161607692427822, 0.8578767168322003, 4.043599806759384, 0.9457334225983041, 3.133186902563429, -0.09718282617721628, 4.435925399204867, 4.788468427768943, -3.042930761345519, -1.277715358553442, -4.173599973714532, 3.3881945650413092, -1.7236282045639468, 4.859036587144275, -0.9968136406672921, -4.991924914936423], "value_grad": [-6.336000442504883, 24.552001953125, 11.088001251220703, 3.168001174926758, 1.187997817993164, 5.54400110244751, 2.3759984970092773, 7.9199981689453125, 5.148001194000244, 1.9799985885620117, -19.00800323486328, 20.196001052856445, -5.54400110244751, -0.7920002937316895, -20.195999145507812, 10.692000389099121], "action_grad": [[0.0, 0.0, 0.0], [0.0, 0.0, 0.0], [0.0, 0.0, 0.0], [0.0, 0.0, 0.0], [0.0, 0.0, 0.0], [0.0, 0.0, 0.0], [0.0, 0.0, 0.0], [0.0, 0.0, 0.0], [0.0, 0.0, 0.0], [0.0, 0.0, 0.0], [0.0, 0.0, 0.0], [0.0, 0.0, 0.0], [0.0, 0.0, 0.0], [0.0, 0.0, 0.0], [0.0, 0.0, 0.0], [0.0, 0.0, 0.0]], "action_params_change": 0, "value_params_change": 0.3277505077509102}
{"iterations": 1, "type_itr": 0, "sub_iteration": 10, "sub_it_time": 0.10530519485473633, "total_time": 1.176964521408081, "value_loss": 7.52400016784668, "action_loss": -0.3259938359260559, "action_probs": [[0.07197092399713219, 0.8347340766724175, 0.007405415544378868, 0.0858895837860714], [0.03687932229256014, 0.015290101119516236, 0.6700351858716833, 0.27779539071624026], [0.1982314517821207, 0.548874267555041, 0.06710107968075349, 0.18579320098208488], [0.5885841326503898, 0.05101736913178839, 0.33165156256040285, 0.028746935657418926], [0.9002854566777672, 0.008732140954213794, 0.0901084136092754, 0.0008739887587436806], [0.8067469120160963, 0.05077647841480907, 0.1340401510757992, 0.00843645849329544], [0.3336927481930307, 0.412151674748864, 0.11370987081003062, 0.1404457062480745], [0.20893536541033475, 0.5842012129464708, 0.0544938737797178, 0.15236954786347684], [0.5074449717264055, 0.039955075280678556, 0.419564396469426, 0.033035556523489856], [0.05685236339318747, 0.18367901155647226, 0.17950916493169725, 0.5799594601186429], [0.00028056488029043713, 0.001198421951239645, 0.18942016423315233, 0.8091008489353175], [0.32813211462457853, 0.07272201883834985, 0.49045022551468, 0.10869564102239174], [0.899683610100222, 0.0061581107726035944, 0.0935181704860487, 0.0006401086411256987], [0.26059362391769036, 0.10635812133953029, 0.44956412103327886, 0.1834841337095004], [0.0361267081536412, 0.0016021608419500386, 0.9214081746933042, 0.04086295631110476], [0.10563172537513596, 0.17454063752320256, 0.2713923475291025, 0.4484352895725588]], "state_values": [-2.0006125838284246, 1.2124693195810468, 4.160654007646446, 0.5625088209581957, 2.9912047314985677, 0.07742178786491277, 4.558131951595496, 4.841780638530988, -2.8389769653676487, -1.5191557447129327, -4.435393327093357, 3.0318282365403353, -2.1241414626252566, 4.792885919701465, -0.8569132457244665, -4.961689114618799], "value_grad": [3.564000129699707, 0.0, -19.007999420166016, 9.899999618530273, -1.9799995422363281, -7.920001029968262, 4.3560028076171875, -3.5640010833740234, 5.939999580383301, 5.940000534057617, -13.067999839782715, -0.7920007705688477, 7.52400016784668, 3.960000514984131, 3.167999267578125, -7.920000076293945], "action_grad": [[0.0, 0.0, 0.0], [0.0, 0.0, 0.0], [0.0, 0.0, 0.0], [0.0, 0.0, 0.0], [0.0, 0.0, 0.0], [0.0, 0.0, 0.0], [0.0, 0.0, 0.0], [0.0, 0.0, 0.0], [0.0, 0.0, 0.0], [0.0, 0.0, 0.0], [0.0, 0.0, 0.0], [0.0, 0.0, 0.0], [0.0, 0.0, 0.0], [0.0, 0.0, 0.0], [0.0, 0.0, 0.0], [0.0, 0.0, 0.0]], "action_params_change": 0, "value_params_change": 0.2067071877077824}
{"iterations": 1, "type_itr": 0, "sub_iteration": 11, "sub_it_time": 0.10463500022888184, "total_time": 1.28306245803833, "value_loss": 4.751999855041504, "action_loss": -0.7606523633003235, "action_probs": [[0.07197092399713219, 0.8347340766724175, 0.007405415544378868, 0.0858895837860714], [0.03687932229256014, 0.015290101119516236, 0.6700351858716833, 0.27779539071624026], [0.1982314517821207, 0.548874267555041, 0.06710107968075349, 0.18579320098208488], [0.5885841326503898, 0.05101736913178839, 0.33165156256040285, 0.028746935657418926], [0.9002854566777672, 0.008732140954213794, 0.0901084136092754, 0.0008739887587436806], [0.8067469120160963, 0.05077647841480907, 0.1340401510757992, 0.00843645849329544], [0.3336927481930307, 0.412151674748864, 0.11370987081003062, 0.1404457062480745], [0.20893536541033475, 0.5842012129464708, 0.0544938737797178, 0.15236954786347684], [0.5074449717264055, 0.039955075280678556, 0.419564396469426, 0.033035556523489856], [0.05685236339318747, 0.18367901155647226, 0.17950916493169725, 0.5799594601186429], [0.00028056488029043713, 0.001198421951239645, 0.18942016423315233, 0.8091008489353175], [0.32813211462457853, 0.07272201883834985, 0.49045022551468, 0.10869564102239174], [0.899683610100222, 0.0061581107726035944, 0.0935181704860487, 0.0006401086411256987], [0.26059362391769036, 0.10635812133953029, 0.44956412103327886, 0.1834841337095004], [0.0361267081536412, 0.0016021608419500386, 0.9214081746933042, 0.04086295631110476], [0.10563172537513596, 0.17454063752320256, 0.2713923475291025, 0.4484352895725588]], "state_values": [-1.7975975394038108, 1.4229154536225184, 4.278943900855959, 0.040028196321652984, 2.8440664977802053, 0.2829852581069428, 4.569310204640881, 4.863554738111808, -2.5754433932788556, -1.9472025708076308, -4.653492910666626, 2.705155743102832, -2.3134666888120314, 4.699455470387373, -0.796941516781484, -4.898789375896135], "value_grad": [2.772000312805176, -5.939999580383301, -1.5840001106262207, -7.523998737335205, -1.1879997253417969, 3.56400203704834, -13.860001564025879, 2.771998882293701, 4.751999855041504, -10.295999526977539, -5.147998809814453, -1.1879997253417969, -7.1280012130737305, 3.5640015602111816, 3.1680006980895996, -4.751999378204346], "action_grad": [[0.0, 0.0, 0.0], [0.0, 0.0, 0.0], [0.0, 0.0, 0.0], [0.0, 0.0, 0.0], [0.0, 0.0, 0.0], [0.0, 0.0, 0.0], [0.0, 0.0, 0.0], [0.0, 0.0, 0.0], [0.0, 0.0, 0.0], [0.0, 0.0, 0.0], [0.0, 0.0, 0.0], [0.0, 0.0, 0.0], [0.0, 0.0, 0.0], [0.0, 0.0, 0.0], [0.0, 0.0, 0.0], [0.0, 0.0, 0.0]], "action_params_change": 0, "value_params_change": 0.2106806547567368}
{"iterations": 1, "type_itr": 0, "sub_iteration": 12, "sub_it_time": 0.10459375381469727, "total_time": 1.389129877090454, "value_loss": 13.067999839782715, "action_loss": -0.36221539974212646, "action_probs": [[0.07197092399713219, 0.8347340766724175, 0.007405415544378868, 0.0858895837860714], [0.03687932229256014, 0.015290101119516236, 0.6700351858716833, 0.27779539071624026], [0.1982314517821207, 0.548874267555041, 0.06710107968075349, 0.18579320098208488], [0.5885841326503898, 0.05101736913178839, 0.33165156256040285, 0.028746935657418926], [0.9002854566777672, 0.008732140954213794, 0.0901084136092754, 0.0008739887587436806], [0.8067469120160963, 0.05077647841480907, 0.1340401510757992, 0.00843645849329544], [0.3336927481930307, 0.412151674748864, 0.11370987081003062, 0.1404457062480745], [0.20893536541033475, 0.5842012129464708, 0.0544938737797178, 0.15236954786347684], [0.5074449717264055, 0.039955075280678556, 0.419564396469426, 0.033035556523489856], [0.05685236339318747, 0.18367901155647226, 0.17950916493169725, 0.5799594601186429], [0.00028056488029043713, 0.001198421951239645, 0.18942016423315233, 0.8091008489353175], [0.32813211462457853, 0.07272201883834985, 0.49045022551468, 0.10869564102239174], [0.899683610100222, 0.0061581107726035944, 0.0935181704860487, 0.0006401086411256987], [0.26059362391769036, 0.10635812133953029, 0.44956412103327886, 0.1834841337095004], [0.0361267081536412, 0.0016021608419500386, 0.9214081746933042, 0.04086295631110476], [0.10563172537513596, 0.17454063752320256, 0.2713923475291025, 0.4484352895725588]], "state_values": [-1.50138195201654, 1.4521472554375903, 4.233551603011999, -0.5494551824340829, 2.6020966946280195, 0.5003022216101006, 4.5452711879287895, 4.761880636217701, -2.450076831099622, -2.310661066093673, -4.795987147232641, 2.395834656649021, -2.319995695707691, 4.722893144287139, -0.7839015464922184, -4.856483977987076], "value_grad": [5.544000625610352, -9.503999710083008, 12.672001838684082, -5.1479997634887695, -7.920001029968262, 2.37600040435791, -5.544000625610352, 20.195999145507812, -7.127999782562256, 0.3959999084472656, 2.772001266479492, 0.0, -7.9200029373168945, -17.423999786376953, 1.9800004959106445, 7.920000076293945], "action_grad": [[0.0, 0.0, 0.0], [0.0, 0.0, 0.0], [0.0, 0.0, 0.0], [0.0, 0.0, 0.0], [0.0, 0.0, 0.0], [0.0, 0.0, 0.0], [0.0, 0.0, 0.0], [0.0, 0.0, 0.0], [0.0, 0.0, 0.0], [0.0, 0.0, 0.0], [0.0, 0.0, 0.0], [0.0, 0.0, 0.0], [0.0, 0.0, 0.0], [0.0, 0.0, 0.0], [0.0, 0.0, 0.0], [0.0, 0.0, 0.0]], "action_params_change": 0, "value_params_change": 0.23623829329474333}
{"iterations": 1, "type_itr": 0, "sub_iteration": 13, "sub_it_time": 0.10542726516723633, "total_time": 1.4961326122283936, "value_loss": 11.088001251220703, "action_loss": -0.18110769987106323, "action_probs": [[0.07197092399713219, 0.8347340766724175, 0.007405415544378868, 0.0858895837860714], [0.03687932229256014, 0.015290101119516236, 0.6700351858716833, 0.27779539071624026], [0.1982314517821207, 0.548874267555041, 0.06710107968075349, 0.18579320098208488], [0.5885841326503898, 0.05101736913178839, 0.33165156256040285, 0.028746935657418926], [0.9002854566777672, 0.008732140954213794, 0.0901084136092754, 0.0008739887587436806], [0.8067469120160963, 0.05077647841480907, 0.1340401510757992, 0.00843645849329544], [0.3336927481930307, 0.412151674748864, 0.11370987081003062, 0.1404457062480745], [0.20893536541033475, 0.5842012129464708, 0.0544938737797178, 0.15236954786347684], [0.5074449717264055, 0.039955075280678556, 0.419564396469426, 0.033035556523489856], [0.05685236339318747, 0.18367901155647226, 0.17950916493169725, 0.5799594601186429], [0.00028056488029043713, 0.001198421951239645, 0.18942016423315233, 0.8091008489353175], [0.32813211462457853, 0.07272201883834985, 0.49045022551468, 0.10869564102239174], [0.899683610100222, 0.0061581107726035944, 0.0935181704860487, 0.0006401086411256987], [0.26059362391769036, 0.10635812133953029, 0.44956412103327886, 0.1834841337095004], [0.0361267081536412, 0.0016021608419500386, 0.9214081746933042, 0.04086295631110476], [0.10563172537513596, 0.17454063752320256, 0.2713923475291025, 0.4484352895725588]], "state_values": [-1.5234897711553455, 1.2125706627521946, 4.168790495306698, -1.15676880324935, 2.3534297315438555, 0.6241878315322862, 4.467623640269316, 4.742620447301935, -2.4316091126548462, -2.6010971596782473, -4.875255316694386, 1.9883755621570196, -2.1821647532615596, 4.72775361043424, -0.8213195442283662, -4.800026577309875], "value_grad": [-14.256000518798828, -18.216001510620117, 1.9800004959106445, -3.5640006065368652, -1.5840015411376953, -5.148001670837402, -8.711999893188477, -12.671998977661133, -5.940000057220459, 1.187997817993164, 6.336000442504883, 8.711999893188477, -7.5239996910095215, 2.772001266479492, 2.3759984970092773, -2.3759994506835938], "action_grad": [[0.0, 0.0, 0.0], [0.0, 0.0, 0.0], [0.0, 0.0, 0.0], [0.0, 0.0, 0.0], [0.0, 0.0, 0.0], [0.0, 0.0, 0.0], [0.0, 0.0, 0.0], [0.0, 0.0, 0.0], [0.0, 0.0, 0.0], [0.0, 0.0, 0.0], [0.0, 0.0, 0.0], [0.0, 0.0, 0.0], [0.0, 0.0, 0.0], [0.0, 0.0, 0.0], [0.0, 0.0, 0.0], [0.0, 0.0, 0.0]], "action_params_change": 0, "value_params_change": 0.24671108822007337}
