{"iterations": 0, "type_itr": 0, "sub_iteration": 0, "sub_it_time": 0, "total_time": 0, "value_loss": 0, "action_loss": 0, "action_probs": [[0.29019852041426186, 0.07697942124051925, 0.5001499387181364, 0.13267211962708256], [0.13624072549201335, 0.7190938848389042, 0.023042815529790518, 0.12162257413929183], [0.012046164384356751, 0.02732439051965514, 0.2939227104188083, 0.6667067346771798], [0.011285232579641955, 0.2789903938366203, 0.027592411812928087, 0.6821319617708096], [0.13196928908979103, 0.15490161471040037, 0.3280609452127753, 0.38506815098703323], [0.04662366541510625, 0.16009639935557288, 0.1789164410415519, 0.6143634941877689], [0.32070982658626795, 0.040389572090979244, 0.5674384997777988, 0.07146210154495414], [0.008637619975822328, 0.12562756020994678, 0.05569491928619133, 0.8100399005280396], [0.930256009304737, 0.016649265499061386, 0.052161170172364074, 0.000933555023837446], [0.14309045389520067, 0.10291160197914884, 0.4385731967869993, 0.3154247473386513], [0.3215140037789697, 0.37375020278286536, 0.140920277670517, 0.16381551576764794], [0.14510113772753977, 0.013805750080622509, 0.7680193678021559, 0.07307374438968185], [0.12190650615751365, 0.23063173975697912, 0.22389003526818388, 0.4235717188173233], [0.0271924187882176, 0.24524904476880743, 0.07261771449028727, 0.6549408219526877], [0.12653115237073276, 0.07935376463330623, 0.4880410766782292, 0.30607400631773196], [0.12634916593637627, 0.13102955070730354, 0.3645584257402757, 0.37806285761604463]], "state_values": [-0.8392339135007053, 3.9135502796412203, 4.93388101038666, 0.3129876294851066, 4.451707471262685, -3.082544486731489, 4.829403302504851, 4.805175602715773, -1.9568942246223084, 0.7768003194046266, 4.844615647247766, 4.504481849691137, 1.1364792289954535, 4.664107758267615, 4.557733513065842, 2.6657650165410827], "value_grad": [0.0, 0.0, 0.0, 0.0, 0.0, 0.0, 0.0, 0.0, 0.0, 0.0, 0.0, 0.0, 0.0, 0.0, 0.0, 0.0], "action_grad": [[0.0, 0.0, 0.0], [0.0, 0.0, 0.0], [0.0, 0.0, 0.0], [0.0, 0.0, 0.0], [0.0, 0.0, 0.0], [0.0, 0.0, 0.0], [0.0, 0.0, 0.0], [0.0, 0.0, 0.0], [0.0, 0.0, 0.0], [0.0, 0.0, 0.0], [0.0, 0.0, 0.0], [0.0, 0.0, 0.0], [0.0, 0.0, 0.0], [0.0, 0.0, 0.0], [0.0, 0.0, 0.0], [0.0, 0.0, 0.0]], "action_params_change": 0, "value_params_change": 0}
{"iterations": 1, "type_itr": 0, "sub_iteration": 0, "sub_it_time": 0.11513471603393555, "total_time": 0.11661481857299805, "value_loss": 7.801200866699219, "action_loss": -2.0718722343444824, "action_probs": [[0.29019852041426186, 0.07697942124051925, 0.5001499387181364, 0.13267211962708256], [0.13624072549201335, 0.7190938848389042, 0.023042815529790518, 0.12162257413929183], [0.012046164384356751, 0.02732439051965514, 0.2939227104188083, 0.6667067346771798], [0.011285232579641955, 0.2789903938366203, 0.027592411812928087, 0.6821319617708096], [0.13196928908979103, 0.15490161471040037, 0.3280609452127753, 0.38506815098703323], [0.04662366541510625, 0.16009639935557288, 0.1789164410415519, 0.6143634941877689], [0.32070982658626795, 0.040389572090979244, 0.5674384997777988, 0.07146210154495414], [0.008637619975822328, 0.12562756020994678, 0.05569491928619133, 0.8100399005280396], [0.930256009304737, 0.016649265499061386, 0.052161170172364074, 0.000933555023837446], [0.14309045389520067, 0.10291160197914884, 0.4385731967869993, 0.3154247473386513], [0.3215140037789697, 0.37375020278286536, 0.140920277670517, 0.16381551576764794], [0.14510113772753977, 0.013805750080622509, 0.7680193678021559, 0.07307374438968185], [0.12190650615751365, 0.23063173975697912, 0.22389003526818388, 0.4235717188173233], [0.0271924187882176, 0.24524904476880743, 0.07261771449028727, 0.6549408219526877], [0.12653115237073276, 0.07935376463330623, 0.4880410766782292, 0.30607400631773196], [0.12634916593637627, 0.13102955070730354, 0.3645584257402757, 0.37806285761604463]], "state_values": [0.4063261391174582, 4.5617919119975285, 4.981005455006715, 1.5378514153055198, 4.8765215375581175, -2.012750680919713, 4.999641572183877, 4.99773912975071, -3.034401389425792, -0.46934830120397253, 4.38801656457116, 4.901357376477037, -0.10349288570468378, 4.073365885846423, 4.924702897226223, 3.6294348864275334], "value_grad": [-1.1484003067016602, 4.078799724578857, -0.9503998756408691, 3.0491995811462402, -2.019598960876465, 0.43560028076171875, 1.5840015411376953, -0.7523984909057617, 0.47519969940185547, 1.1484003067016602, 3.286799430847168, -2.0196003913879395, -1.6235995292663574, -2.138400077819824, -7.20720100402832, 3.2076010704040527], "action_grad": [[0.0, 0.0, 0.0], [0.0, 0.0, 0.0], [0.0, 0.0, 0.0], [0.0, 0.0, 0.0], [0.0, 0.0, 0.0], [0.0, 0.0, 0.0], [0.0, 0.0, 0.0], [0.0, 0.0, 0.0], [0.0, 0.0, 0.0], [0.0, 0.0, 0.0], [0.0, 0.0, 0.0], [0.0, 0.0, 0.0], [0.0, 0.0, 0.0], [0.0, 0.0, 0.0], [0.0, 0.0, 0.0], [0.0, 0.0, 0.0]], "action_params_change": 0, "value_params_change": 0.4999999993062493}
{"iterations": 1, "type_itr": 0, "sub_iteration": 1, "sub_it_time": 0.11227035522460938, "total_time": 0.23045897483825684, "value_loss": 6.454800128936768, "action_loss": -2.207702875137329, "action_probs": [[0.29019852041426186, 0.07697942124051925, 0.5001499387181364, 0.13267211962708256], [0.13624072549201335, 0.7190938848389042, 0.023042815529790518, 0.12162257413929183], [0.012046164384356751, 0.02732439051965514, 0.2939227104188083, 0.6667067346771798], [0.011285232579641955, 0.2789903938366203, 0.027592411812928087, 0.6821319617708096], [0.13196928908979103, 0.15490161471040037, 0.3280609452127753, 0.38506815098703323], [0.04662366541510625, 0.16009639935557288, 0.1789164410415519, 0.6143634941877689], [0.32070982658626795, 0.040389572090979244, 0.5674384997777988, 0.07146210154495414], [0.008637619975822328, 0.12562756020994678, 0.05569491928619133, 0.8100399005280396], [0.930256009304737, 0.016649265499061386, 0.052161170172364074, 0.000933555023837446], [0.14309045389520067, 0.10291160197914884, 0.4385731967869993, 0.3154247473386513], [0.3215140037789697, 0.37375020278286536, 0.140920277670517, 0.16381551576764794], [0.14510113772753977, 0.013805750080622509, 0.7680193678021559, 0.07307374438968185], [0.12190650615751365, 0.23063173975697912, 0.22389003526818388, 0.4235717188173233], [0.0271924187882176, 0.24524904476880743, 0.07261771449028727, 0.6549408219526877], [0.12653115237073276, 0.07935376463330623, 0.4880410766782292, 0.30607400631773196], [0.12634916593637627, 0.13102955070730354, 0.3645584257402757, 0.37806285761604463]], "state_values": [1.5094280532415774, 4.6992952602644085, 4.999330899962501, 2.643607706753801, 4.937715572846169, -0.9468600888115183, 4.859736104071781, 4.9587920798924685, -2.320726947842308, -1.6812990941187795, 4.415625160531613, 4.820820019262169, -1.2934737368421365, 3.237777751746016, 4.954219864606732, 3.552650001350235], "value_grad": [-3.9600000381469727, -1.9007995128631592, 2.1780004501342773, 2.1780004501342773, 1.029599666595459, 1.584000587463379, 2.098799705505371, 1.623600959777832, -5.029200077056885, 1.584000587463379, -3.2472007274627686, 3.2472004890441895, -3.2868003845214844, -1.7820005416870117, 4.712399482727051, -3.445199966430664], "action_grad": [[0.0, 0.0, 0.0], [0.0, 0.0, 0.0], [0.0, 0.0, 0.0], [0.0, 0.0, 0.0], [0.0, 0.0, 0.0], [0.0, 0.0, 0.0], [0.0, 0.0, 0.0], [0.0, 0.0, 0.0], [0.0, 0.0, 0.0], [0.0, 0.0, 0.0], [0.0, 0.0, 0.0], [0.0, 0.0, 0.0], [0.0, 0.0, 0.0], [0.0, 0.0, 0.0], [0.0, 0.0, 0.0], [0.0, 0.0, 0.0]], "action_params_change": 0, "value_params_change": 0.4987944256510864}
{"iterations": 1, "type_itr": 0, "sub_iteration": 2, "sub_it_time": 0.11323738098144531, "total_time": 0.3453254699707031, "value_loss": 3.9600000381469727, "action_loss": -2.321800708770752, "action_probs": [[0.29019852041426186, 0.07697942124051925, 0.5001499387181364, 0.13267211962708256], [0.13624072549201335, 0.7190938848389042, 0.023042815529790518, 0.12162257413929183], [0.012046164384356751, 0.02732439051965514, 0.2939227104188083, 0.6667067346771798], [0.011285232579641955, 0.2789903938366203, 0.027592411812928087, 0.6821319617708096], [0.13196928908979103, 0.15490161471040037, 0.3280609452127753, 0.38506815098703323], [0.04662366541510625, 0.16009639935557288, 0.1789164410415519, 0.6143634941877689], [0.32070982658626795, 0.040389572090979244, 0.5674384997777988, 0.07146210154495414], [0.008637619975822328, 0.12562756020994678, 0.05569491928619133, 0.8100399005280396], [0.930256009304737, 0.016649265499061386, 0.052161170172364074, 0.000933555023837446], [0.14309045389520067, 0.10291160197914884, 0.4385731967869993, 0.3154247473386513], [0.3215140037789697, 0.37375020278286536, 0.140920277670517, 0.16381551576764794], [0.14510113772753977, 0.013805750080622509, 0.7680193678021559, 0.07307374438968185], [0.12190650615751365, 0.23063173975697912, 0.22389003526818388, 0.4235717188173233], [0.0271924187882176, 0.24524904476880743, 0.07261771449028727, 0.6549408219526877], [0.12653115237073276, 0.07935376463330623, 0.4880410766782292, 0.30607400631773196], [0.12634916593637627, 0.13102955070730354, 0.3645584257402757, 0.37806285761604463]], "state_values": [2.5062903008798947, 4.57613516053946, 4.938931731664955, 3.3811697834457455, 4.8295401239412055, 0.22063182079285978, 4.7334049622429, 4.785913186850242, -1.4486885688652549, -1.6960017125355271, 4.653964424241499, 4.88916722770556, -2.1086937311723473, 3.2014581737268, 4.99498104684389, 3.5634743429767335], "value_grad": [-1.5047998428344727, -4.118401527404785, 1.108799934387207, -0.07919979095458984, 3.3264000415802, 1.7820000648498535, -1.4652009010314941, 1.7028007507324219, -2.5343995094299316, -2.2968006134033203, -4.197600364685059, -3.0492000579833984, 0.27719998359680176, 3.0888009071350098, -3.7224011421203613, 0.5939998626708984], "action_grad": [[0.0, 0.0, 0.0], [0.0, 0.0, 0.0], [0.0, 0.0, 0.0], [0.0, 0.0, 0.0], [0.0, 0.0, 0.0], [0.0, 0.0, 0.0], [0.0, 0.0, 0.0], [0.0, 0.0, 0.0], [0.0, 0.0, 0.0], [0.0, 0.0, 0.0], [0.0, 0.0, 0.0], [0.0, 0.0, 0.0], [0.0, 0.0, 0.0], [0.0, 0.0, 0.0], [0.0, 0.0, 0.0], [0.0, 0.0, 0.0]], "action_params_change": 0, "value_params_change": 0.46932649809768456}
{"iterations": 1, "type_itr": 0, "sub_iteration": 3, "sub_it_time": 0.1118013858795166, "total_time": 0.45870280265808105, "value_loss": 1.6631999015808105, "action_loss": -2.1497483253479004, "action_probs": [[0.29019852041426186, 0.07697942124051925, 0.5001499387181364, 0.13267211962708256], [0.13624072549201335, 0.7190938848389042, 0.023042815529790518, 0.12162257413929183], [0.012046164384356751, 0.02732439051965514, 0.2939227104188083, 0.6667067346771798], [0.011285232579641955, 0.2789903938366203, 0.027592411812928087, 0.6821319617708096], [0.13196928908979103, 0.15490161471040037, 0.3280609452127753, 0.38506815098703323], [0.04662366541510625, 0.16009639935557288, 0.1789164410415519, 0.6143634941877689], [0.32070982658626795, 0.040389572090979244, 0.5674384997777988, 0.07146210154495414], [0.008637619975822328, 0.12562756020994678, 0.05569491928619133, 0.8100399005280396], [0.930256009304737, 0.016649265499061386, 0.052161170172364074, 0.000933555023837446], [0.14309045389520067, 0.10291160197914884, 0.4385731967869993, 0.3154247473386513], [0.3215140037789697, 0.37375020278286536, 0.140920277670517, 0.16381551576764794], [0.14510113772753977, 0.013805750080622509, 0.7680193678021559, 0.07307374438968185], [0.12190650615751365, 0.23063173975697912, 0.22389003526818388, 0.4235717188173233], [0.0271924187882176, 0.24524904476880743, 0.07261771449028727, 0.6549408219526877], [0.12653115237073276, 0.07935376463330623, 0.4880410766782292, 0.30607400631773196], [0.12634916593637627, 0.13102955070730354, 0.3645584257402757, 0.37806285761604463]], "state_values": [2.9891281948514, 4.366205703651046, 4.849687291289899, 3.9888964707701455, 4.592517108247565, 0.600307626315995, 4.780375911299837, 4.415839798398909, -0.4086139359906626, -2.0016336145705873, 4.792357725898936, 4.953210714003598, -2.9634185738227123, 3.381693201288173, 4.9920777969035965, 3.5892482344616456], "value_grad": [1.6632001399993896, -1.8612003326416016, -0.43559980392456055, 0.8712000846862793, 2.217600107192993, -1.6631994247436523, -2.3364005088806152, 4.039201259613037, -5.2667999267578125, 1.4651994705200195, 0.3564000129699707, -0.9503998756408691, -2.455199956893921, 1.7028000354766846, -1.8612000942230225, 0.1584005355834961], "action_grad": [[0.0, 0.0, 0.0], [0.0, 0.0, 0.0], [0.0, 0.0, 0.0], [0.0, 0.0, 0.0], [0.0, 0.0, 0.0], [0.0, 0.0, 0.0], [0.0, 0.0, 0.0], [0.0, 0.0, 0.0], [0.0, 0.0, 0.0], [0.0, 0.0, 0.0], [0.0, 0.0, 0.0], [0.0, 0.0, 0.0], [0.0, 0.0, 0.0], [0.0, 0.0, 0.0], [0.0, 0.0, 0.0], [0.0, 0.0, 0.0]], "action_params_change": 0, "value_params_change": 0.42427751592402885}
{"iterations": 1, "type_itr": 0, "sub_iteration": 4, "sub_it_time": 0.11194586753845215, "total_time": 0.5724973678588867, "value_loss": 3.0887999534606934, "action_loss": -1.9885625839233398, "action_probs": [[0.29019852041426186, 0.07697942124051925, 0.5001499387181364, 0.13267211962708256], [0.13624072549201335, 0.7190938848389042, 0.023042815529790518, 0.12162257413929183], [0.012046164384356751, 0.02732439051965514, 0.2939227104188083, 0.6667067346771798], [0.011285232579641955, 0.2789903938366203, 0.027592411812928087, 0.6821319617708096], [0.13196928908979103, 0.15490161471040037, 0.3280609452127753, 0.38506815098703323], [0.04662366541510625, 0.16009639935557288, 0.1789164410415519, 0.6143634941877689], [0.32070982658626795, 0.040389572090979244, 0.5674384997777988, 0.07146210154495414], [0.008637619975822328, 0.12562756020994678, 0.05569491928619133, 0.8100399005280396], [0.930256009304737, 0.016649265499061386, 0.052161170172364074, 0.000933555023837446], [0.14309045389520067, 0.10291160197914884, 0.4385731967869993, 0.3154247473386513], [0.3215140037789697, 0.37375020278286536, 0.140920277670517, 0.16381551576764794], [0.14510113772753977, 0.013805750080622509, 0.7680193678021559, 0.07307374438968185], [0.12190650615751365, 0.23063173975697912, 0.22389003526818388, 0.4235717188173233], [0.0271924187882176, 0.24524904476880743, 0.07261771449028727, 0.6549408219526877], [0.12653115237073276, 0.07935376463330623, 0.4880410766782292, 0.30607400631773196], [0.12634916593637627, 0.13102955070730354, 0.3645584257402757, 0.37806285761604463]], "state_values": [3.4150046837970773, 4.028481626243977, 4.9394403160292155, 4.4380861589311165, 4.224401295942094, 0.8541222060256964, 4.6925488498175785, 3.8850028388089677, 0.15283283326747718, -2.618579228220994, 4.946552578199811, 4.957000012668662, -3.237679828711408, 3.6163173596615605, 4.89666270290546, 3.497332577091361], "value_grad": [-0.47520017623901367, -2.5739996433258057, -5.504400253295898, 0.47520017623901367, 1.4651994705200195, -0.27720022201538086, 2.5739998817443848, 1.187999963760376, 3.247199773788452, 3.8411998748779297, -5.266800403594971, 2.0591983795166016, 2.772000312805176, 0.8712003231048584, -6.494399070739746, -1.1484003067016602], "action_grad": [[0.0, 0.0, 0.0], [0.0, 0.0, 0.0], [0.0, 0.0, 0.0], [0.0, 0.0, 0.0], [0.0, 0.0, 0.0], [0.0, 0.0, 0.0], [0.0, 0.0, 0.0], [0.0, 0.0, 0.0], [0.0, 0.0, 0.0], [0.0, 0.0, 0.0], [0.0, 0.0, 0.0], [0.0, 0.0, 0.0], [0.0, 0.0, 0.0], [0.0, 0.0, 0.0], [0.0, 0.0, 0.0], [0.0, 0.0, 0.0]], "action_params_change": 0, "value_params_change": 0.38537363672886205}
{"iterations": 1, "type_itr": 0, "sub_iteration": 5, "sub_it_time": 0.1124413013458252, "total_time": 0.6866378784179688, "value_loss": 5.029200077056885, "action_loss": -2.126204490661621, "action_probs": [[0.29019852041426186, 0.07697942124051925, 0.5001499387181364, 0.13267211962708256], [0.13624072549201335, 0.7190938848389042, 0.023042815529790518, 0.12162257413929183], [0.012046164384356751, 0.02732439051965514, 0.2939227104188083, 0.6667067346771798], [0.011285232579641955, 0.2789903938366203, 0.027592411812928087, 0.6821319617708096], [0.13196928908979103, 0.15490161471040037, 0.3280609452127753, 0.38506815098703323], [0.04662366541510625, 0.16009639935557288, 0.1789164410415519, 0.6143634941877689], [0.32070982658626795, 0.040389572090979244, 0.5674384997777988, 0.07146210154495414], [0.008637619975822328, 0.12562756020994678, 0.05569491928619133, 0.8100399005280396], [0.930256009304737, 0.016649265499061386, 0.052161170172364074, 0.000933555023837446], [0.14309045389520067, 0.10291160197914884, 0.4385731967869993, 0.3154247473386513], [0.3215140037789697, 0.37375020278286536, 0.140920277670517, 0.16381551576764794], [0.14510113772753977, 0.013805750080622509, 0.7680193678021559, 0.07307374438968185], [0.12190650615751365, 0.23063173975697912, 0.22389003526818388, 0.4235717188173233], [0.0271924187882176, 0.24524904476880743, 0.07261771449028727, 0.6549408219526877], [0.12653115237073276, 0.07935376463330623, 0.4880410766782292, 0.30607400631773196], [0.12634916593637627, 0.13102955070730354, 0.3645584257402757, 0.37806285761604463]], "state_values": [3.295271928395002, 3.5683359807580772, 4.974527103094251, 4.759925340022498, 4.0640330946201955, 1.514547039108735, 4.596698131766644, 3.7341088422720063, 0.8061660830699681, -2.861129977956773, 4.998420759857133, 4.886421714772843, -3.2937683217298024, 3.63843706323063, 4.677237962984469, 3.1948982519703453], "value_grad": [5.187600135803223, -2.177999973297119, 1.0295994281768799, 0.7523999214172363, -2.613600492477417, 5.583600044250488, 0.1584000587463379, -3.9600002765655518, -2.613600730895996, -2.217599868774414, 0.11880016326904297, 4.712399959564209, 1.7820005416870117, -1.7423999309539795, -3.2472009658813477, -2.613600015640259], "action_grad": [[0.0, 0.0, 0.0], [0.0, 0.0, 0.0], [0.0, 0.0, 0.0], [0.0, 0.0, 0.0], [0.0, 0.0, 0.0], [0.0, 0.0, 0.0], [0.0, 0.0, 0.0], [0.0, 0.0, 0.0], [0.0, 0.0, 0.0], [0.0, 0.0, 0.0], [0.0, 0.0, 0.0], [0.0, 0.0, 0.0], [0.0, 0.0, 0.0], [0.0, 0.0, 0.0], [0.0, 0.0, 0.0], [0.0, 0.0, 0.0]], "action_params_change": 0, "value_params_change": 0.3350204753602152}
{"iterations": 1, "type_itr": 0, "sub_iteration": 6, "sub_it_time": 0.11271429061889648, "total_time": 0.8009974956512451, "value_loss": 5.3856000900268555, "action_loss": -2.0899829864501953, "action_probs": [[0.29019852041426186, 0.07697942124051925, 0.5001499387181364, 0.13267211962708256], [0.13624072549201335, 0.7190938848389042, 0.023042815529790518, 0.12162257413929183], [0.012046164384356751, 0.02732439051965514, 0.2939227104188083, 0.6667067346771798], [0.011285232579641955, 0.2789903938366203, 0.027592411812928087, 0.6821319617708096], [0.13196928908979103, 0.15490161471040037, 0.3280609452127753, 0.38506815098703323], [0.04662366541510625, 0.16009639935557288, 0.1789164410415519, 0.6143634941877689], [0.32070982658626795, 0.040389572090979244, 0.5674384997777988, 0.07146210154495414], [0.008637619975822328, 0.12562756020994678, 0.05569491928619133, 0.8100399005280396], [0.930256009304737, 0.016649265499061386, 0.052161170172364074, 0.000933555023837446], [0.14309045389520067, 0.10291160197914884, 0.4385731967869993, 0.3154247473386513], [0.3215140037789697, 0.37375020278286536, 0.140920277670517, 0.16381551576764794], [0.14510113772753977, 0.013805750080622509, 0.7680193678021559, 0.07307374438968185], [0.12190650615751365, 0.23063173975697912, 0.22389003526818388, 0.4235717188173233], [0.0271924187882176, 0.24524904476880743, 0.07261771449028727, 0.6549408219526877], [0.12653115237073276, 0.07935376463330623, 0.4880410766782292, 0.30607400631773196], [0.12634916593637627, 0.13102955070730354, 0.3645584257402757, 0.37806285761604463]], "state_values": [3.375765435233375, 3.1210645082830544, 4.979043341327471, 4.951014262595489, 4.044365067238185, 2.2969151397423015, 4.695622240524631, 3.538679470593889, 1.5710080416066614, -2.896617702316243, 4.9834712370939975, 4.877945371494882, -3.208005720940198, 3.5772620512019904, 4.331556401087275, 2.702397849269189], "value_grad": [-2.8512001037597656, 0.1979994773864746, 1.8611998558044434, 0.9107999801635742, -1.8611996173858643, 4.316400527954102, -4.316400051116943, 0.8316001892089844, -4.118400573730469, -1.8215997219085693, -0.03960013389587402, -3.5640010833740234, 1.5840001106262207, -0.9107999801635742, -2.653200387954712, -2.9304003715515137], "action_grad": [[0.0, 0.0, 0.0], [0.0, 0.0, 0.0], [0.0, 0.0, 0.0], [0.0, 0.0, 0.0], [0.0, 0.0, 0.0], [0.0, 0.0, 0.0], [0.0, 0.0, 0.0], [0.0, 0.0, 0.0], [0.0, 0.0, 0.0], [0.0, 0.0, 0.0], [0.0, 0.0, 0.0], [0.0, 0.0, 0.0], [0.0, 0.0, 0.0], [0.0, 0.0, 0.0], [0.0, 0.0, 0.0], [0.0, 0.0, 0.0]], "action_params_change": 0, "value_params_change": 0.34209244075820283}
{"iterations": 1, "type_itr": 0, "sub_iteration": 7, "sub_it_time": 0.11440277099609375, "total_time": 0.916999340057373, "value_loss": 9.939600944519043, "action_loss": -2.1986474990844727, "action_probs": [[0.29019852041426186, 0.07697942124051925, 0.5001499387181364, 0.13267211962708256], [0.13624072549201335, 0.7190938848389042, 0.023042815529790518, 0.12162257413929183], [0.012046164384356751, 0.02732439051965514, 0.2939227104188083, 0.6667067346771798], [0.011285232579641955, 0.2789903938366203, 0.027592411812928087, 0.6821319617708096], [0.13196928908979103, 0.15490161471040037, 0.3280609452127753, 0.38506815098703323], [0.04662366541510625, 0.16009639935557288, 0.1789164410415519, 0.6143634941877689], [0.32070982658626795, 0.040389572090979244, 0.5674384997777988, 0.07146210154495414], [0.008637619975822328, 0.12562756020994678, 0.05569491928619133, 0.8100399005280396], [0.930256009304737, 0.016649265499061386, 0.052161170172364074, 0.000933555023837446], [0.14309045389520067, 0.10291160197914884, 0.4385731967869993, 0.3154247473386513], [0.3215140037789697, 0.37375020278286536, 0.140920277670517, 0.16381551576764794], [0.14510113772753977, 0.013805750080622509, 0.7680193678021559, 0.07307374438968185], [0.12190650615751365, 0.23063173975697912, 0.22389003526818388, 0.4235717188173233], [0.0271924187882176, 0.24524904476880743, 0.07261771449028727, 0.6549408219526877], [0.12653115237073276, 0.07935376463330623, 0.4880410766782292, 0.30607400631773196], [0.12634916593637627, 0.13102955070730354, 0.3645584257402757, 0.37806285761604463]], "state_values": [3.260250893943575, 3.017887447135639, 4.997017219394692, 4.991234621630401, 3.828583242181234, 2.856791084191582, 4.8443645270605, 3.374170083421552, 2.0913446804413476, -2.641981768761656, 4.909046401608352, 4.895636426564828, -2.8873404730320824, 3.2663655103112728, 3.848784013400258, 2.0090924409197797], "value_grad": [3.2076001167297363, 4.395600318908691, -2.8115999698638916, -1.9800000190734863, 3.563999652862549, -1.069200038909912, -3.4055991172790527, -0.23760032653808594, 1.9403996467590332, -3.801600217819214, -1.108799934387207, -1.5444002151489258, 3.4452009201049805, -3.60360050201416, -3.2076003551483154, -3.9995999336242676], "action_grad": [[0.0, 0.0, 0.0], [0.0, 0.0, 0.0], [0.0, 0.0, 0.0], [0.0, 0.0, 0.0], [0.0, 0.0, 0.0], [0.0, 0.0, 0.0], [0.0, 0.0, 0.0], [0.0, 0.0, 0.0], [0.0, 0.0, 0.0], [0.0, 0.0, 0.0], [0.0, 0.0, 0.0], [0.0, 0.0, 0.0], [0.0, 0.0, 0.0], [0.0, 0.0, 0.0], [0.0, 0.0, 0.0], [0.0, 0.0, 0.0]], "action_params_change": 0, "value_params_change": 0.3386190179970352}
{"iterations": 1, "type_itr": 0, "sub_iteration": 8, "sub_it_time": 0.11194658279418945, "total_time": 1.0305156707763672, "value_loss": 0.8315999507904053, "action_loss": -2.21494722366333, "action_probs": [[0.29019852041426186, 0.07697942124051925, 0.5001499387181364, 0.13267211962708256], [0.13624072549201335, 0.7190938848389042, 0.023042815529790518, 0.12162257413929183], [0.012046164384356751, 0.02732439051965514, 0.2939227104188083, 0.6667067346771798], [0.011285232579641955, 0.2789903938366203, 0.027592411812928087, 0.6821319617708096], [0.13196928908979103, 0.15490161471040037, 0.3280609452127753, 0.38506815098703323], [0.04662366541510625, 0.16009639935557288, 0.1789164410415519, 0.6143634941877689], [0.32070982658626795, 0.040389572090979244, 0.5674384997777988, 0.07146210154495414], [0.008637619975822328, 0.12562756020994678, 0.05569491928619133, 0.8100399005280396], [0.930256009304737, 0.016649265499061386, 0.052161170172364074, 0.000933555023837446], [0.14309045389520067, 0.10291160197914884, 0.4385731967869993, 0.3154247473386513], [0.3215140037789697, 0.37375020278286536, 0.140920277670517, 0.16381551576764794], [0.14510113772753977, 0.013805750080622509, 0.7680193678021559, 0.07307374438968185], [0.12190650615751365, 0.23063173975697912, 0.22389003526818388, 0.4235717188173233], [0.0271924187882176, 0.24524904476880743, 0.07261771449028727, 0.6549408219526877], [0.12653115237073276, 0.07935376463330623, 0.4880410766782292, 0.30607400631773196], [0.12634916593637627, 0.13102955070730354, 0.3645584257402757, 0.37806285761604463]], "state_values": [3.1573830281687103, 2.919910065582283, 4.997738675724698, 4.99571657504299, 3.459470404201122, 3.18382903777308, 4.958337898147461, 3.0547590631311405, 2.390311084155553, -2.5220758806429497, 4.7419304719434745, 4.918888612447806, -2.7145268122508823, 2.8347316007726486, 3.3553950423279537, 1.2641680753602293], "value_grad": [-0.039600372314453125, -0.07919931411743164, -0.8316001892089844, 1.187999963760376, 3.1679999828338623, -1.9799995422363281, -2.177999973297119, 2.5739998817443848, 2.455199718475342, 1.4651999473571777, -2.8116002082824707, -0.6335999965667725, -1.5840001106262207, -1.9404003620147705, 0.7523996829986572, -1.22760009765625], "action_grad": [[0.0, 0.0, 0.0], [0.0, 0.0, 0.0], [0.0, 0.0, 0.0], [0.0, 0.0, 0.0], [0.0, 0.0, 0.0], [0.0, 0.0, 0.0], [0.0, 0.0, 0.0], [0.0, 0.0, 0.0], [0.0, 0.0, 0.0], [0.0, 0.0, 0.0], [0.0, 0.0, 0.0], [0.0, 0.0, 0.0], [0.0, 0.0, 0.0], [0.0, 0.0, 0.0], [0.0, 0.0, 0.0], [0.0, 0.0, 0.0]], "action_params_change": 0, "value_params_change": 0.31578785909840956}
{"iterations": 1, "type_itr": 0, "sub_iteration": 9, "sub_it_time": 0.11159420013427734, "total_time": 1.1436870098114014, "value_loss": 3.880800247192383, "action_loss": -1.9831293821334839, "action_probs": [[0.29019852041426186, 0.07697942124051925, 0.5001499387181364, 0.13267211962708256], [0.13624072549201335, 0.7190938848389042, 0.023042815529790518, 0.12162257413929183], [0.012046164384356751, 0.02732439051965514, 0.2939227104188083, 0.6667067346771798], [0.011285232579641955, 0.2789903938366203, 0.027592411812928087, 0.6821319617708096], [0.13196928908979103, 0.15490161471040037, 0.3280609452127753, 0.38506815098703323], [0.04662366541510625, 0.16009639935557288, 0.1789164410415519, 0.6143634941877689], [0.32070982658626795, 0.040389572090979244, 0.5674384997777988, 0.07146210154495414], [0.008637619975822328, 0.12562756020994678, 0.05569491928619133, 0.8100399005280396], [0.930256009304737, 0.016649265499061386, 0.052161170172364074, 0.000933555023837446], [0.14309045389520067, 0.10291160197914884, 0.4385731967869993, 0.3154247473386513], [0.3215140037789697, 0.37375020278286536, 0.140920277670517, 0.16381551576764794], [0.14510113772753977, 0.013805750080622509, 0.7680193678021559, 0.07307374438968185], [0.12190650615751365, 0.23063173975697912, 0.22389003526818388, 0.4235717188173233], [0.0271924187882176, 0.24524904476880743, 0.07261771449028727, 0.6549408219526877], [0.12653115237073276, 0.07935376463330623, 0.4880410766782292, 0.30607400631773196], [0.12634916593637627, 0.13102955070730354, 0.3645584257402757, 0.37806285761604463]], "state_values": [2.7657832835209057, 2.713972439581319, 4.942028150857722, 4.986530997448227, 2.9569018474284907, 3.6308860779282432, 4.992994331521006, 2.510735718340966, 2.4159192414329835, -2.678168422992084, 4.627350313031407, 4.894746157447152, -2.6228208832207875, 2.7337252500157354, 2.7545426286528163, 0.6745674217011254], "value_grad": [7.088400363922119, -2.0592000484466553, -6.019200325012207, -2.098799705505371, 2.6531996726989746, 4.355999946594238, 1.8215998411178589, 4.910400390625, 4.474800109863281, 3.9203991889953613, 3.365999937057495, 3.2868001461029053, -0.8712000846862793, 3.682800054550171, -3.0492000579833984, 1.188000202178955], "action_grad": [[0.0, 0.0, 0.0], [0.0, 0.0, 0.0], [0.0, 0.0, 0.0], [0.0, 0.0, 0.0], [0.0, 0.0, 0.0], [0.0, 0.0, 0.0], [0.0, 0.0, 0.0], [0.0, 0.0, 0.0], [0.0, 0.0, 0.0], [0.0, 0.0, 0.0], [0.0, 0.0, 0.0], [0.0, 0.0, 0.0], [0.0, 0.0, 0.0], [0.0, 0.0, 0.0], [0.0, 0.0, 0.0], [0.0, 0.0, 0.0]], "action_params_change": 0, "value_params_change": 0.3044215124829095}
{"iterations": 1, "type_itr": 0, "sub_iteration": 10, "sub_it_time": 0.11364531517028809, "total_time": 1.25892972946167, "value_loss": 6.296401023864746, "action_loss": -1.9088753461837769, "action_probs": [[0.29019852041426186, 0.07697942124051925, 0.5001499387181364, 0.13267211962708256], [0.13624072549201335, 0.7190938848389042, 0.023042815529790518, 0.12162257413929183], [0.012046164384356751, 0.02732439051965514, 0.2939227104188083, 0.6667067346771798], [0.011285232579641955, 0.2789903938366203, 0.027592411812928087, 0.6821319617708096], [0.13196928908979103, 0.15490161471040037, 0.3280609452127753, 0.38506815098703323], [0.04662366541510625, 0.16009639935557288, 0.1789164410415519, 0.6143634941877689], [0.32070982658626795, 0.040389572090979244, 0.5674384997777988, 0.07146210154495414], [0.008637619975822328, 0.12562756020994678, 0.05569491928619133, 0.8100399005280396], [0.930256009304737, 0.016649265499061386, 0.052161170172364074, 0.000933555023837446], [0.14309045389520067, 0.10291160197914884, 0.4385731967869993, 0.3154247473386513], [0.3215140037789697, 0.37375020278286536, 0.140920277670517, 0.16381551576764794], [0.14510113772753977, 0.013805750080622509, 0.7680193678021559, 0.07307374438968185], [0.12190650615751365, 0.23063173975697912, 0.22389003526818388, 0.4235717188173233], [0.0271924187882176, 0.24524904476880743, 0.07261771449028727, 0.6549408219526877], [0.12653115237073276, 0.07935376463330623, 0.4880410766782292, 0.30607400631773196], [0.12634916593637627, 0.13102955070730354, 0.3645584257402757, 0.37806285761604463]], "state_values": [2.3585031345345064, 2.4589457518881783, 4.912953017997339, 4.9638789192778985, 2.3737453244264293, 3.9642582494325853, 4.99782100535489, 2.0973511184679783, 2.340024122733748, -2.911431017478564, 4.506506684500966, 4.843765723716233, -2.4523443510163654, 2.365185666229089, 2.5048774245723004, -0.09445281609017263], "value_grad": [0.7128002643585205, -1.1087994575500488, 5.3856000900268555, 0.791999340057373, 1.5048003196716309, -0.5148003101348877, 2.7719998359680176, -1.5839998722076416, 2.098799705505371, 1.6631994247436523, -0.03960084915161133, 1.7027997970581055, 1.187999963760376, -5.029200077056885, 7.44480037689209, -4.514400482177734], "action_grad": [[0.0, 0.0, 0.0], [0.0, 0.0, 0.0], [0.0, 0.0, 0.0], [0.0, 0.0, 0.0], [0.0, 0.0, 0.0], [0.0, 0.0, 0.0], [0.0, 0.0, 0.0], [0.0, 0.0, 0.0], [0.0, 0.0, 0.0], [0.0, 0.0, 0.0], [0.0, 0.0, 0.0], [0.0, 0.0, 0.0], [0.0, 0.0, 0.0], [0.0, 0.0, 0.0], [0.0, 0.0, 0.0], [0.0, 0.0, 0.0]], "action_params_change": 0, "value_params_change": 0.30843566987011695}
{"iterations": 1, "type_itr": 0, "sub_iteration": 11, "sub_it_time": 0.1147301197052002, "total_time": 1.375284194946289, "value_loss": 3.76200008392334, "action_loss": -1.8527318239212036, "action_probs": [[0.29019852041426186, 0.07697942124051925, 0.5001499387181364, 0.13267211962708256], [0.13624072549201335, 0.7190938848389042, 0.023042815529790518, 0.12162257413929183], [0.012046164384356751, 0.02732439051965514, 0.2939227104188083, 0.6667067346771798], [0.011285232579641955, 0.2789903938366203, 0.027592411812928087, 0.6821319617708096], [0.13196928908979103, 0.15490161471040037, 0.3280609452127753, 0.38506815098703323], [0.04662366541510625, 0.16009639935557288, 0.1789164410415519, 0.6143634941877689], [0.32070982658626795, 0.040389572090979244, 0.5674384997777988, 0.07146210154495414], [0.008637619975822328, 0.12562756020994678, 0.05569491928619133, 0.8100399005280396], [0.930256009304737, 0.016649265499061386, 0.052161170172364074, 0.000933555023837446], [0.14309045389520067, 0.10291160197914884, 0.4385731967869993, 0.3154247473386513], [0.3215140037789697, 0.37375020278286536, 0.140920277670517, 0.16381551576764794], [0.14510113772753977, 0.013805750080622509, 0.7680193678021559, 0.07307374438968185], [0.12190650615751365, 0.23063173975697912, 0.22389003526818388, 0.4235717188173233], [0.0271924187882176, 0.24524904476880743, 0.07261771449028727, 0.6549408219526877], [0.12653115237073276, 0.07935376463330623, 0.4880410766782292, 0.30607400631773196], [0.12634916593637627, 0.13102955070730354, 0.3645584257402757, 0.37806285761604463]], "state_values": [2.025782454228573, 2.40647549699655, 4.859126582396985, 4.968987367847342, 1.7108860748522883, 4.250030844163818, 4.99995160835875, 2.104775634230039, 2.250543315533066, -3.2489015911459767, 4.468025170559316, 4.8392640250516035, -2.3261278423913607, 1.983153843040941, 2.2367960535087277, -0.5053089375041177], "value_grad": [-0.9899997711181641, 2.9700002670288086, -1.8612003326416016, -2.2176008224487305, 1.6235995292663574, 0.6336007118225098, -0.27720022201538086, -6.098400115966797, 0.43560004234313965, 2.7323999404907227, 2.7323994636535645, -2.7323994636535645, -0.39600038528442383, -0.5939993858337402, -1.0296006202697754, 3.643199920654297], "action_grad": [[0.0, 0.0, 0.0], [0.0, 0.0, 0.0], [0.0, 0.0, 0.0], [0.0, 0.0, 0.0], [0.0, 0.0, 0.0], [0.0, 0.0, 0.0], [0.0, 0.0, 0.0], [0.0, 0.0, 0.0], [0.0, 0.0, 0.0], [0.0, 0.0, 0.0], [0.0, 0.0, 0.0], [0.0, 0.0, 0.0], [0.0, 0.0, 0.0], [0.0, 0.0, 0.0], [0.0, 0.0, 0.0], [0.0, 0.0, 0.0]], "action_params_change": 0, "value_params_change": 0.2908917757516587}
{"iterations": 1, "type_itr": 0, "sub_iteration": 12, "sub_it_time": 0.11559104919433594, "total_time": 1.4926164150238037, "value_loss": 1.148400068283081, "action_loss": -1.586503505706787, "action_probs": [[0.29019852041426186, 0.07697942124051925, 0.5001499387181364, 0.13267211962708256], [0.13624072549201335, 0.7190938848389042, 0.023042815529790518, 0.12162257413929183], [0.012046164384356751, 0.02732439051965514, 0.2939227104188083, 0.6667067346771798], [0.011285232579641955, 0.2789903938366203, 0.027592411812928087, 0.6821319617708096], [0.13196928908979103, 0.15490161471040037, 0.3280609452127753, 0.38506815098703323], [0.04662366541510625, 0.16009639935557288, 0.1789164410415519, 0.6143634941877689], [0.32070982658626795, 0.040389572090979244, 0.5674384997777988, 0.07146210154495414], [0.008637619975822328, 0.12562756020994678, 0.05569491928619133, 0.8100399005280396], [0.930256009304737, 0.016649265499061386, 0.052161170172364074, 0.000933555023837446], [0.14309045389520067, 0.10291160197914884, 0.4385731967869993, 0.3154247473386513], [0.3215140037789697, 0.37375020278286536, 0.140920277670517, 0.16381551576764794], [0.14510113772753977, 0.013805750080622509, 0.7680193678021559, 0.07307374438968185], [0.12190650615751365, 0.23063173975697912, 0.22389003526818388, 0.4235717188173233], [0.0271924187882176, 0.24524904476880743, 0.07261771449028727, 0.6549408219526877], [0.12653115237073276, 0.07935376463330623, 0.4880410766782292, 0.30607400631773196], [0.12634916593637627, 0.13102955070730354, 0.3645584257402757, 0.37806285761604463]], "state_values": [1.7707869356509118, 2.440177267246618, 4.817993532649075, 4.958712490194808, 0.9907983067608322, 4.514314111623457, 4.992617843933922, 1.8352865957639748, 2.0227636953308687, -3.455410486933167, 4.322358508302938, 4.855168002426153, -2.0750580424005136, 1.8276151203619675, 1.982170072759871, -0.8225506548966286], "value_grad": [-1.0296001434326172, 1.4255990982055664, 1.1879997253417969, 1.187999963760376, 1.425600290298462, 1.6235997676849365, -2.653200387954712, 6.019200325012207, 3.2076005935668945, -1.5047996044158936, -4.078800201416016, -1.267199993133545, 1.8611998558044434, 3.0491998195648193, -0.1583998203277588, 0.791999340057373], "action_grad": [[0.0, 0.0, 0.0], [0.0, 0.0, 0.0], [0.0, 0.0, 0.0], [0.0, 0.0, 0.0], [0.0, 0.0, 0.0], [0.0, 0.0, 0.0], [0.0, 0.0, 0.0], [0.0, 0.0, 0.0], [0.0, 0.0, 0.0], [0.0, 0.0, 0.0], [0.0, 0.0, 0.0], [0.0, 0.0, 0.0], [0.0, 0.0, 0.0], [0.0, 0.0, 0.0], [0.0, 0.0, 0.0], [0.0, 0.0, 0.0]], "action_params_change": 0, "value_params_change": 0.29950603156901145}
{"iterations": 1, "type_itr": 0, "sub_iteration": 13, "sub_it_time": 0.11178088188171387, "total_time": 1.6059949398040771, "value_loss": 5.425200462341309, "action_loss": -1.3981515169143677, "action_probs": [[0.29019852041426186, 0.07697942124051925, 0.5001499387181364, 0.13267211962708256], [0.13624072549201335, 0.7190938848389042, 0.023042815529790518, 0.12162257413929183], [0.012046164384356751, 0.02732439051965514, 0.2939227104188083, 0.6667067346771798], [0.011285232579641955, 0.2789903938366203, 0.027592411812928087, 0.6821319617708096], [0.13196928908979103, 0.15490161471040037, 0.3280609452127753, 0.38506815098703323], [0.04662366541510625, 0.16009639935557288, 0.1789164410415519, 0.6143634941877689], [0.32070982658626795, 0.040389572090979244, 0.5674384997777988, 0.07146210154495414], [0.008637619975822328, 0.12562756020994678, 0.05569491928619133, 0.8100399005280396], [0.930256009304737, 0.016649265499061386, 0.052161170172364074, 0.000933555023837446], [0.14309045389520067, 0.10291160197914884, 0.4385731967869993, 0.3154247473386513], [0.3215140037789697, 0.37375020278286536, 0.140920277670517, 0.16381551576764794], [0.14510113772753977, 0.013805750080622509, 0.7680193678021559, 0.07307374438968185], [0.12190650615751365, 0.23063173975697912, 0.22389003526818388, 0.4235717188173233], [0.0271924187882176, 0.24524904476880743, 0.07261771449028727, 0.6549408219526877], [0.12653115237073276, 0.07935376463330623, 0.4880410766782292, 0.30607400631773196], [0.12634916593637627, 0.13102955070730354, 0.3645584257402757, 0.37806285761604463]], "state_values": [1.5821291298645366, 2.61177361591097, 4.7986233186806135, 4.976672438267391, 0.37135556556560834, 4.658593644003875, 4.987586323325379, 1.3676589341436851, 1.7513361794775875, -3.3986474703217557, 4.092309254185086, 4.916610620402143, -1.5612318471284106, 1.7690178728797523, 1.7647365724412296, -1.120807440693054], "value_grad": [-0.8711998462677002, 2.653200626373291, 1.386000156402588, -2.3760006427764893, -0.6732001304626465, -1.9404001235961914, 2.5739998817443848, 5.5836005210876465, 1.3067998886108398, -4.98960018157959, -2.8908004760742188, -4.0391998291015625, 5.029199600219727, 1.386000156402588, 0.47519969940185547, -0.23760128021240234], "action_grad": [[0.0, 0.0, 0.0], [0.0, 0.0, 0.0], [0.0, 0.0, 0.0], [0.0, 0.0, 0.0], [0.0, 0.0, 0.0], [0.0, 0.0, 0.0], [0.0, 0.0, 0.0], [0.0, 0.0, 0.0], [0.0, 0.0, 0.0], [0.0, 0.0, 0.0], [0.0, 0.0, 0.0], [0.0, 0.0, 0.0], [0.0, 0.0, 0.0], [0.0, 0.0, 0.0], [0.0, 0.0, 0.0], [0.0, 0.0, 0.0]], "action_params_change": 0, "value_params_change": 0.25028085264176303}
