{"iterations": 0, "type_itr": 0, "sub_iteration": 0, "sub_it_time": 0, "total_time": 0, "value_loss": 0, "action_loss": 0, "action_probs": [[0.0845948986996878, 0.9133753373148813, 0.0001720569136585895, 0.0018577070717723028], [0.00014237700438135873, 0.029776493443198788, 0.00461639236930916, 0.9654647371831108], [0.07640376844880856, 0.3181729717747486, 0.11723098155069758, 0.48819227822574546], [0.2916711844945607, 0.38736612133410936, 0.13786513404189557, 0.18309756012943434], [0.040459529786494634, 0.005498093535488338, 0.8399064870336478, 0.11413588964436916], [0.0027099326646791875, 0.0024750073056291665, 0.5199446554689661, 0.47487040456072566], [0.004113220064528756, 0.07093888151256468, 0.05069164186600174, 0.8742562565569048], [0.11574726175370784, 0.031987082424291366, 0.6677351600063169, 0.18453049581568384], [0.41656587774150194, 0.19877436667564127, 0.2604024849178874, 0.12425727066496928], [0.9062270461685735, 0.035375000495777686, 0.05620400352901946, 0.0021939498066292674], [0.7688242426976409, 0.20294630780642736, 0.022333960541635146, 0.005895488954296469], [0.8321464141953521, 0.1253140587867097, 0.03697188120914396, 0.005567645808794247], [0.004954688112531575, 0.00013621661115108713, 0.9682884546009012, 0.026620640675415978], [0.6365988153932083, 0.007909122423388442, 0.35112961747888, 0.00436244470452347], [0.32346783408830837, 0.08657624603538015, 0.465393290283333, 0.12456262959297836], [0.006765546222659414, 0.18467237539923811, 0.028575133227579357, 0.7799869451505232]], "state_values": [-3.133708460654741, 0.6209100503969431, 1.3004109845511571, -3.122410483554768, 4.911359168792959, 3.035162746631739, 2.5383611538971116, -4.847308513828724, 4.171763299191418, -4.040264341175959, -0.9430622245517832, -2.9280526077069267, 4.052488211617893, 0.6179248053869052, 0.18687078480804778, 0.17732297499376193], "value_grad": [0.0, 0.0, 0.0, 0.0, 0.0, 0.0, 0.0, 0.0, 0.0, 0.0, 0.0, 0.0, 0.0, 0.0, 0.0, 0.0], "action_grad": [[0.0, 0.0, 0.0], [0.0, 0.0, 0.0], [0.0, 0.0, 0.0], [0.0, 0.0, 0.0], [0.0, 0.0, 0.0], [0.0, 0.0, 0.0], [0.0, 0.0, 0.0], [0.0, 0.0, 0.0], [0.0, 0.0, 0.0], [0.0, 0.0, 0.0], [0.0, 0.0, 0.0], [0.0, 0.0, 0.0], [0.0, 0.0, 0.0], [0.0, 0.0, 0.0], [0.0, 0.0, 0.0], [0.0, 0.0, 0.0]], "action_params_change": 0, "value_params_change": 0}
{"iterations": 1, "type_itr": 0, "sub_iteration": 0, "sub_it_time": 0.10187816619873047, "total_time": 0.1031961441040039, "value_loss": 5.391525496011282, "action_loss": 0.4232361981533975, "action_probs": [[0.0845948986996878, 0.9133753373148813, 0.0001720569136585895, 0.0018577070717723028], [0.00014237700438135873, 0.029776493443198788, 0.00461639236930916, 0.9654647371831108], [0.07640376844880856, 0.3181729717747486, 0.11723098155069758, 0.48819227822574546], [0.2916711844945607, 0.38736612133410936, 0.13786513404189557, 0.18309756012943434], [0.040459529786494634, 0.005498093535488338, 0.8399064870336478, 0.11413588964436916], [0.0027099326646791875, 0.0024750073056291665, 0.5199446554689661, 0.47487040456072566], [0.004113220064528756, 0.07093888151256468, 0.05069164186600174, 0.8742562565569048], [0.11574726175370784, 0.031987082424291366, 0.6677351600063169, 0.18453049581568384], [0.41656587774150194, 0.19877436667564127, 0.2604024849178874, 0.12425727066496928], [0.9062270461685735, 0.035375000495777686, 0.05620400352901946, 0.0021939498066292674], [0.7688242426976409, 0.20294630780642736, 0.022333960541635146, 0.005895488954296469], [0.8321464141953521, 0.1253140587867097, 0.03697188120914396, 0.005567645808794247], [0.004954688112531575, 0.00013621661115108713, 0.9682884546009012, 0.026620640675415978], [0.6365988153932083, 0.007909122423388442, 0.35112961747888, 0.00436244470452347], [0.32346783408830837, 0.08657624603538015, 0.465393290283333, 0.12456262959297836], [0.006765546222659414, 0.18467237539923811, 0.028575133227579357, 0.7799869451505232]], "state_values": [-2.0723698011575458, -0.6258370340325694, 0.06553479699824474, -2.059181468974799, 4.526782579927395, 1.957775759611523, 1.3936948956403137, -4.393247377877094, 3.3601896128041013, -3.185921674740292, 0.30107252022230035, -1.8343075679826901, 3.2019319114997526, -0.6288217517983865, -1.055093996594041, -1.0644310685862282], "value_grad": [0.1447011096957871, -0.12958592923508494, 0.39273035633926945, 0.5181281121052619, 0.249753224947872, -0.8214074863751186, -1.2183365651799756, 0.07044433476282119, -0.5245162267601629, 0.14104425069471738, 0.2684518493536876, 0.14064708195254028, -0.14012534211074623, 0.5008263780169617, 0.10063641998206307, -0.09639022451821155], "action_grad": [[0.0, 0.0, 0.0], [0.0, 0.0, 0.0], [0.0, 0.0, 0.0], [0.0, 0.0, 0.0], [0.0, 0.0, 0.0], [0.0, 0.0, 0.0], [0.0, 0.0, 0.0], [0.0, 0.0, 0.0], [0.0, 0.0, 0.0], [0.0, 0.0, 0.0], [0.0, 0.0, 0.0], [0.0, 0.0, 0.0], [0.0, 0.0, 0.0], [0.0, 0.0, 0.0], [0.0, 0.0, 0.0], [0.0, 0.0, 0.0]], "action_params_change": 0, "value_params_change": 0.4999999958960437}
{"iterations": 1, "type_itr": 0, "sub_iteration": 1, "sub_it_time": 0.0990912914276123, "total_time": 0.2102196216583252, "value_loss": 3.178552430015669, "action_loss": 0.4332277169829212, "action_probs": [[0.0845948986996878, 0.9133753373148813, 0.0001720569136585895, 0.0018577070717723028], [0.00014237700438135873, 0.029776493443198788, 0.00461639236930916, 0.9654647371831108], [0.07640376844880856, 0.3181729717747486, 0.11723098155069758, 0.48819227822574546], [0.2916711844945607, 0.38736612133410936, 0.13786513404189557, 0.18309756012943434], [0.040459529786494634, 0.005498093535488338, 0.8399064870336478, 0.11413588964436916], [0.0027099326646791875, 0.0024750073056291665, 0.5199446554689661, 0.47487040456072566], [0.004113220064528756, 0.07093888151256468, 0.05069164186600174, 0.8742562565569048], [0.11574726175370784, 0.031987082424291366, 0.6677351600063169, 0.18453049581568384], [0.41656587774150194, 0.19877436667564127, 0.2604024849178874, 0.12425727066496928], [0.9062270461685735, 0.035375000495777686, 0.05620400352901946, 0.0021939498066292674], [0.7688242426976409, 0.20294630780642736, 0.022333960541635146, 0.005895488954296469], [0.8321464141953521, 0.1253140587867097, 0.03697188120914396, 0.005567645808794247], [0.004954688112531575, 0.00013621661115108713, 0.9682884546009012, 0.026620640675415978], [0.6365988153932083, 0.007909122423388442, 0.35112961747888, 0.00436244470452347], [0.32346783408830837, 0.08657624603538015, 0.465393290283333, 0.12456262959297836], [0.006765546222659414, 0.18467237539923811, 0.028575133227579357, 0.7799869451505232]], "state_values": [-0.9003740135568438, -0.17177975231990245, -0.9139501558535912, -0.8666328184042561, 3.8909706455683497, 0.7834306850411681, 0.19665524050980515, -3.6849125605266435, 2.339939602777787, -2.1327135454975448, 0.016127606965605154, -0.6531903809695176, 2.1518336424632607, -1.6604926836719602, -0.5206021260573183, -1.4509012029871906], "value_grad": [0.11176017464708732, 0.25808543140319884, 0.06831453548917032, 0.5470990698313027, 0.5157075639688995, -0.5993129011527945, -0.8283076253617154, 0.12430213738012785, -0.5202564335003843, 0.1455044016010647, -0.38560730529004683, 0.10111905533829413, -0.14254059623061233, 0.14405270523729374, -0.24448667227334964, 0.04167496944937854], "action_grad": [[0.0, 0.0, 0.0], [0.0, 0.0, 0.0], [0.0, 0.0, 0.0], [0.0, 0.0, 0.0], [0.0, 0.0, 0.0], [0.0, 0.0, 0.0], [0.0, 0.0, 0.0], [0.0, 0.0, 0.0], [0.0, 0.0, 0.0], [0.0, 0.0, 0.0], [0.0, 0.0, 0.0], [0.0, 0.0, 0.0], [0.0, 0.0, 0.0], [0.0, 0.0, 0.0], [0.0, 0.0, 0.0], [0.0, 0.0, 0.0]], "action_params_change": 0, "value_params_change": 0.5005238148999962}
{"iterations": 1, "type_itr": 0, "sub_iteration": 2, "sub_it_time": 0.1024627685546875, "total_time": 0.3240799903869629, "value_loss": 1.6687679200909338, "action_loss": 0.2783264871942563, "action_probs": [[0.0845948986996878, 0.9133753373148813, 0.0001720569136585895, 0.0018577070717723028], [0.00014237700438135873, 0.029776493443198788, 0.00461639236930916, 0.9654647371831108], [0.07640376844880856, 0.3181729717747486, 0.11723098155069758, 0.48819227822574546], [0.2916711844945607, 0.38736612133410936, 0.13786513404189557, 0.18309756012943434], [0.040459529786494634, 0.005498093535488338, 0.8399064870336478, 0.11413588964436916], [0.0027099326646791875, 0.0024750073056291665, 0.5199446554689661, 0.47487040456072566], [0.004113220064528756, 0.07093888151256468, 0.05069164186600174, 0.8742562565569048], [0.11574726175370784, 0.031987082424291366, 0.6677351600063169, 0.18453049581568384], [0.41656587774150194, 0.19877436667564127, 0.2604024849178874, 0.12425727066496928], [0.9062270461685735, 0.035375000495777686, 0.05620400352901946, 0.0021939498066292674], [0.7688242426976409, 0.20294630780642736, 0.022333960541635146, 0.005895488954296469], [0.8321464141953521, 0.1253140587867097, 0.03697188120914396, 0.005567645808794247], [0.004954688112531575, 0.00013621661115108713, 0.9682884546009012, 0.026620640675415978], [0.6365988153932083, 0.007909122423388442, 0.35112961747888, 0.00436244470452347], [0.32346783408830837, 0.08657624603538015, 0.465393290283333, 0.12456262959297836], [0.006765546222659414, 0.18467237539923811, 0.028575133227579357, 0.7799869451505232]], "state_values": [0.2300415554488075, 0.014126028868618825, -0.9165093585805398, 0.37844778512313304, 3.0221415876845, -0.24761172141887106, -0.9287815347220477, -2.7503110733509892, 1.205002354778538, -0.962723222912736, -0.4741374459330164, 0.44026092256390587, 0.9879000758931447, -1.9638757310334047, -0.3231422882686142, -0.8834802341539347], "value_grad": [0.0524824461081419, -0.05872854188636878, -0.3778051344104574, 0.5216920165250731, 0.6482636684262362, -0.1205736449594692, -0.4460129538306441, 0.14759323573190897, -0.35931511261894933, 0.11430748967567106, -0.17947256759818275, 0.03837524162742589, -0.10793869585328153, -0.2919313273512891, 0.07063983019939646, 0.21649859323263354], "action_grad": [[0.0, 0.0, 0.0], [0.0, 0.0, 0.0], [0.0, 0.0, 0.0], [0.0, 0.0, 0.0], [0.0, 0.0, 0.0], [0.0, 0.0, 0.0], [0.0, 0.0, 0.0], [0.0, 0.0, 0.0], [0.0, 0.0, 0.0], [0.0, 0.0, 0.0], [0.0, 0.0, 0.0], [0.0, 0.0, 0.0], [0.0, 0.0, 0.0], [0.0, 0.0, 0.0], [0.0, 0.0, 0.0], [0.0, 0.0, 0.0]], "action_params_change": 0, "value_params_change": 0.49993674586961223}
{"iterations": 1, "type_itr": 0, "sub_iteration": 3, "sub_it_time": 0.1011197566986084, "total_time": 0.43310093879699707, "value_loss": 0.9625672412384294, "action_loss": 0.06476842875255413, "action_probs": [[0.0845948986996878, 0.9133753373148813, 0.0001720569136585895, 0.0018577070717723028], [0.00014237700438135873, 0.029776493443198788, 0.00461639236930916, 0.9654647371831108], [0.07640376844880856, 0.3181729717747486, 0.11723098155069758, 0.48819227822574546], [0.2916711844945607, 0.38736612133410936, 0.13786513404189557, 0.18309756012943434], [0.040459529786494634, 0.005498093535488338, 0.8399064870336478, 0.11413588964436916], [0.0027099326646791875, 0.0024750073056291665, 0.5199446554689661, 0.47487040456072566], [0.004113220064528756, 0.07093888151256468, 0.05069164186600174, 0.8742562565569048], [0.11574726175370784, 0.031987082424291366, 0.6677351600063169, 0.18453049581568384], [0.41656587774150194, 0.19877436667564127, 0.2604024849178874, 0.12425727066496928], [0.9062270461685735, 0.035375000495777686, 0.05620400352901946, 0.0021939498066292674], [0.7688242426976409, 0.20294630780642736, 0.022333960541635146, 0.005895488954296469], [0.8321464141953521, 0.1253140587867097, 0.03697188120914396, 0.005567645808794247], [0.004954688112531575, 0.00013621661115108713, 0.9682884546009012, 0.026620640675415978], [0.6365988153932083, 0.007909122423388442, 0.35112961747888, 0.00436244470452347], [0.32346783408830837, 0.08657624603538015, 0.465393290283333, 0.12456262959297836], [0.006765546222659414, 0.18467237539923811, 0.028575133227579357, 0.7799869451505232]], "state_values": [1.0968932324277862, -0.1271737485578624, -0.46707869976153416, 1.5907094666110801, 1.9599387962408632, -0.8395601489186952, -1.8286064758791087, -1.6396056794285965, 0.14423794034074974, 0.18444959981876263, -0.7473512865305673, 1.2114343497237323, -0.13000593502992008, -1.737640031120369, -0.5808427858658246, -0.08951779011765816], "value_grad": [-0.013617437480414551, -0.123856371652866, -0.4418508259975341, 0.4546202546494721, 0.6308709474070222, 0.3150748983751417, -0.024494909463148806, 0.13610743411813853, -0.09230965337712149, 0.05598185206756923, 0.08503947002497436, -0.02598778271609592, -0.04266708458151269, -0.4746819637075117, 0.17714819498854362, 0.15797289320133556], "action_grad": [[0.0, 0.0, 0.0], [0.0, 0.0, 0.0], [0.0, 0.0, 0.0], [0.0, 0.0, 0.0], [0.0, 0.0, 0.0], [0.0, 0.0, 0.0], [0.0, 0.0, 0.0], [0.0, 0.0, 0.0], [0.0, 0.0, 0.0], [0.0, 0.0, 0.0], [0.0, 0.0, 0.0], [0.0, 0.0, 0.0], [0.0, 0.0, 0.0], [0.0, 0.0, 0.0], [0.0, 0.0, 0.0], [0.0, 0.0, 0.0]], "action_params_change": 0, "value_params_change": 0.4966730884104784}
{"iterations": 1, "type_itr": 0, "sub_iteration": 4, "sub_it_time": 0.1047964096069336, "total_time": 0.5486516952514648, "value_loss": 0.8172090321942864, "action_loss": -0.1411772233244621, "action_probs": [[0.0845948986996878, 0.9133753373148813, 0.0001720569136585895, 0.0018577070717723028], [0.00014237700438135873, 0.029776493443198788, 0.00461639236930916, 0.9654647371831108], [0.07640376844880856, 0.3181729717747486, 0.11723098155069758, 0.48819227822574546], [0.2916711844945607, 0.38736612133410936, 0.13786513404189557, 0.18309756012943434], [0.040459529786494634, 0.005498093535488338, 0.8399064870336478, 0.11413588964436916], [0.0027099326646791875, 0.0024750073056291665, 0.5199446554689661, 0.47487040456072566], [0.004113220064528756, 0.07093888151256468, 0.05069164186600174, 0.8742562565569048], [0.11574726175370784, 0.031987082424291366, 0.6677351600063169, 0.18453049581568384], [0.41656587774150194, 0.19877436667564127, 0.2604024849178874, 0.12425727066496928], [0.9062270461685735, 0.035375000495777686, 0.05620400352901946, 0.0021939498066292674], [0.7688242426976409, 0.20294630780642736, 0.022333960541635146, 0.005895488954296469], [0.8321464141953521, 0.1253140587867097, 0.03697188120914396, 0.005567645808794247], [0.004954688112531575, 0.00013621661115108713, 0.9682884546009012, 0.026620640675415978], [0.6365988153932083, 0.007909122423388442, 0.35112961747888, 0.00436244470452347], [0.32346783408830837, 0.08657624603538015, 0.465393290283333, 0.12456262959297836], [0.006765546222659414, 0.18467237539923811, 0.028575133227579357, 0.7799869451505232]], "state_values": [1.565873649387603, -0.17729678831879764, 0.16385405900281302, 2.6855519737657567, 0.785081528726206, -0.9942300842385049, -2.3782820694328057, -0.4483124721380232, -0.6047790474095985, 1.1175873913875727, -0.7227794106768473, 1.5661442583844294, -0.9606202318598924, -1.2223099111505742, -0.8972713799434981, 0.534451537742079], "value_grad": [-0.06341662050718688, 0.03232134030867284, -0.32037888776519863, 0.3641353397608773, 0.461069308033631, 0.515914921458409, 0.37868648310918895, 0.0917877884289825, 0.16997978590556084, -0.010922731022883436, 0.19366526670544448, -0.06964861251089727, 0.03524047058287927, -0.4851090816092495, 0.050157405523826304, -0.02043063311377402], "action_grad": [[0.0, 0.0, 0.0], [0.0, 0.0, 0.0], [0.0, 0.0, 0.0], [0.0, 0.0, 0.0], [0.0, 0.0, 0.0], [0.0, 0.0, 0.0], [0.0, 0.0, 0.0], [0.0, 0.0, 0.0], [0.0, 0.0, 0.0], [0.0, 0.0, 0.0], [0.0, 0.0, 0.0], [0.0, 0.0, 0.0], [0.0, 0.0, 0.0], [0.0, 0.0, 0.0], [0.0, 0.0, 0.0], [0.0, 0.0, 0.0]], "action_params_change": 0, "value_params_change": 0.49024504878492303}
{"iterations": 1, "type_itr": 0, "sub_iteration": 5, "sub_it_time": 0.10149812698364258, "total_time": 0.6580724716186523, "value_loss": 1.057461415910854, "action_loss": -0.3276470966595058, "action_probs": [[0.0845948986996878, 0.9133753373148813, 0.0001720569136585895, 0.0018577070717723028], [0.00014237700438135873, 0.029776493443198788, 0.00461639236930916, 0.9654647371831108], [0.07640376844880856, 0.3181729717747486, 0.11723098155069758, 0.48819227822574546], [0.2916711844945607, 0.38736612133410936, 0.13786513404189557, 0.18309756012943434], [0.040459529786494634, 0.005498093535488338, 0.8399064870336478, 0.11413588964436916], [0.0027099326646791875, 0.0024750073056291665, 0.5199446554689661, 0.47487040456072566], [0.004113220064528756, 0.07093888151256468, 0.05069164186600174, 0.8742562565569048], [0.11574726175370784, 0.031987082424291366, 0.6677351600063169, 0.18453049581568384], [0.41656587774150194, 0.19877436667564127, 0.2604024849178874, 0.12425727066496928], [0.9062270461685735, 0.035375000495777686, 0.05620400352901946, 0.0021939498066292674], [0.7688242426976409, 0.20294630780642736, 0.022333960541635146, 0.005895488954296469], [0.8321464141953521, 0.1253140587867097, 0.03697188120914396, 0.005567645808794247], [0.004954688112531575, 0.00013621661115108713, 0.9682884546009012, 0.026620640675415978], [0.6365988153932083, 0.007909122423388442, 0.35112961747888, 0.00436244470452347], [0.32346783408830837, 0.08657624603538015, 0.465393290283333, 0.12456262959297836], [0.006765546222659414, 0.18467237539923811, 0.028575133227579357, 0.7799869451505232]], "state_values": [1.6808436360957075, 0.09725841615357673, 0.8212974705335163, 3.593496895838723, -0.35041295088512225, -0.8618762815497616, -2.5669243575150813, 0.6621192794930391, -0.9772711630077101, 1.7063226283181712, -0.5269389384258741, 1.5822721065692902, -1.3607288631771162, -0.5454048929880569, -0.8958570346271393, 0.6384279634955474], "value_grad": [-0.08812321606961615, 0.1749361097115445, -0.15363336090962365, 0.26926000818479956, 0.16882527194130392, 0.5134971924289657, 0.6926571334044482, 0.0264592342960428, 0.31489736651165834, -0.06455080399379276, 0.1532572877408509, -0.08813678870449504, 0.09818545454048166, -0.3962456627452793, -0.13993332974050676, -0.18305790749907191], "action_grad": [[0.0, 0.0, 0.0], [0.0, 0.0, 0.0], [0.0, 0.0, 0.0], [0.0, 0.0, 0.0], [0.0, 0.0, 0.0], [0.0, 0.0, 0.0], [0.0, 0.0, 0.0], [0.0, 0.0, 0.0], [0.0, 0.0, 0.0], [0.0, 0.0, 0.0], [0.0, 0.0, 0.0], [0.0, 0.0, 0.0], [0.0, 0.0, 0.0], [0.0, 0.0, 0.0], [0.0, 0.0, 0.0], [0.0, 0.0, 0.0]], "action_params_change": 0, "value_params_change": 0.469844597023396}
{"iterations": 1, "type_itr": 0, "sub_iteration": 6, "sub_it_time": 0.10419225692749023, "total_time": 0.7736504077911377, "value_loss": 1.3330638901667053, "action_loss": -0.4897547903238462, "action_probs": [[0.0845948986996878, 0.9133753373148813, 0.0001720569136585895, 0.0018577070717723028], [0.00014237700438135873, 0.029776493443198788, 0.00461639236930916, 0.9654647371831108], [0.07640376844880856, 0.3181729717747486, 0.11723098155069758, 0.48819227822574546], [0.2916711844945607, 0.38736612133410936, 0.13786513404189557, 0.18309756012943434], [0.040459529786494634, 0.005498093535488338, 0.8399064870336478, 0.11413588964436916], [0.0027099326646791875, 0.0024750073056291665, 0.5199446554689661, 0.47487040456072566], [0.004113220064528756, 0.07093888151256468, 0.05069164186600174, 0.8742562565569048], [0.11574726175370784, 0.031987082424291366, 0.6677351600063169, 0.18453049581568384], [0.41656587774150194, 0.19877436667564127, 0.2604024849178874, 0.12425727066496928], [0.9062270461685735, 0.035375000495777686, 0.05620400352901946, 0.0021939498066292674], [0.7688242426976409, 0.20294630780642736, 0.022333960541635146, 0.005895488954296469], [0.8321464141953521, 0.1253140587867097, 0.03697188120914396, 0.005567645808794247], [0.004954688112531575, 0.00013621661115108713, 0.9682884546009012, 0.026620640675415978], [0.6365988153932083, 0.007909122423388442, 0.35112961747888, 0.00436244470452347], [0.32346783408830837, 0.08657624603538015, 0.465393290283333, 0.12456262959297836], [0.006765546222659414, 0.18467237539923811, 0.028575133227579357, 0.7799869451505232]], "state_values": [1.5372282116449403, 0.5798964588659306, 1.4023122582763274, 4.273536622349369, -1.2380332257778968, -0.566786864010053, -2.4576850678486926, 1.5094053398232041, -1.0629064107222017, 1.9610242907763236, -0.2857369413744874, 1.3605157717586767, -1.3974342200161027, 0.1917671068492209, -0.5608984738124124, 0.3933705587078487], "value_grad": [-0.09380717362187041, 0.16940742266299713, -0.02393758605968843, 0.1845449570325468, -0.15993831694992533, 0.3967397465791134, 0.9060827928388736, -0.038890521858920835, 0.3353327390095393, -0.09504365443489027, 0.063572825055906, -0.08894408186921599, 0.12657975545330036, -0.24999674844112207, -0.22545081143637336, -0.20405009683405817], "action_grad": [[0.0, 0.0, 0.0], [0.0, 0.0, 0.0], [0.0, 0.0, 0.0], [0.0, 0.0, 0.0], [0.0, 0.0, 0.0], [0.0, 0.0, 0.0], [0.0, 0.0, 0.0], [0.0, 0.0, 0.0], [0.0, 0.0, 0.0], [0.0, 0.0, 0.0], [0.0, 0.0, 0.0], [0.0, 0.0, 0.0], [0.0, 0.0, 0.0], [0.0, 0.0, 0.0], [0.0, 0.0, 0.0], [0.0, 0.0, 0.0]], "action_params_change": 0, "value_params_change": 0.4461136046853855}
{"iterations": 1, "type_itr": 0, "sub_iteration": 7, "sub_it_time": 0.09960150718688965, "total_time": 0.8894162178039551, "value_loss": 1.4624878009422588, "action_loss": -0.619668100189823, "action_probs": [[0.0845948986996878, 0.9133753373148813, 0.0001720569136585895, 0.0018577070717723028], [0.00014237700438135873, 0.029776493443198788, 0.00461639236930916, 0.9654647371831108], [0.07640376844880856, 0.3181729717747486, 0.11723098155069758, 0.48819227822574546], [0.2916711844945607, 0.38736612133410936, 0.13786513404189557, 0.18309756012943434], [0.040459529786494634, 0.005498093535488338, 0.8399064870336478, 0.11413588964436916], [0.0027099326646791875, 0.0024750073056291665, 0.5199446554689661, 0.47487040456072566], [0.004113220064528756, 0.07093888151256468, 0.05069164186600174, 0.8742562565569048], [0.11574726175370784, 0.031987082424291366, 0.6677351600063169, 0.18453049581568384], [0.41656587774150194, 0.19877436667564127, 0.2604024849178874, 0.12425727066496928], [0.9062270461685735, 0.035375000495777686, 0.05620400352901946, 0.0021939498066292674], [0.7688242426976409, 0.20294630780642736, 0.022333960541635146, 0.005895488954296469], [0.8321464141953521, 0.1253140587867097, 0.03697188120914396, 0.005567645808794247], [0.004954688112531575, 0.00013621661115108713, 0.9682884546009012, 0.026620640675415978], [0.6365988153932083, 0.007909122423388442, 0.35112961747888, 0.00436244470452347], [0.32346783408830837, 0.08657624603538015, 0.465393290283333, 0.12456262959297836], [0.006765546222659414, 0.18467237539923811, 0.028575133227579357, 0.7799869451505232]], "state_values": [1.2126625978948073, 1.072470265620952, 1.8612390681914206, 4.717967300298587, -1.7603569459202715, -0.20507702976587794, -2.1122160202875246, 2.0153319402823158, -0.9607742802389422, 1.953702045501261, -0.08880698217067352, 0.9789272129022052, -1.1842201095697358, 0.8831540691041173, -0.03325845320825673, 0.010735239431878733], "value_grad": [-0.08668148274687781, 0.049905436806121806, 0.04956224728379377, 0.11685780340272611, -0.4097291820729363, 0.22937829343343674, 1.0324546536003636, -0.0852718091129614, 0.28778965448523053, -0.10689623009640448, -0.014880046195091312, -0.07757984284395825, 0.1255634901854421, -0.07731576566130638, -0.1927720250836038, -0.11670864860916708], "action_grad": [[0.0, 0.0, 0.0], [0.0, 0.0, 0.0], [0.0, 0.0, 0.0], [0.0, 0.0, 0.0], [0.0, 0.0, 0.0], [0.0, 0.0, 0.0], [0.0, 0.0, 0.0], [0.0, 0.0, 0.0], [0.0, 0.0, 0.0], [0.0, 0.0, 0.0], [0.0, 0.0, 0.0], [0.0, 0.0, 0.0], [0.0, 0.0, 0.0], [0.0, 0.0, 0.0], [0.0, 0.0, 0.0], [0.0, 0.0, 0.0]], "action_params_change": 0, "value_params_change": 0.41666756779259906}
{"iterations": 1, "type_itr": 0, "sub_iteration": 8, "sub_it_time": 0.10357165336608887, "total_time": 0.9955658912658691, "value_loss": 1.4323881820804614, "action_loss": -0.7088810649870977, "action_probs": [[0.0845948986996878, 0.9133753373148813, 0.0001720569136585895, 0.0018577070717723028], [0.00014237700438135873, 0.029776493443198788, 0.00461639236930916, 0.9654647371831108], [0.07640376844880856, 0.3181729717747486, 0.11723098155069758, 0.48819227822574546], [0.2916711844945607, 0.38736612133410936, 0.13786513404189557, 0.18309756012943434], [0.040459529786494634, 0.005498093535488338, 0.8399064870336478, 0.11413588964436916], [0.0027099326646791875, 0.0024750073056291665, 0.5199446554689661, 0.47487040456072566], [0.004113220064528756, 0.07093888151256468, 0.05069164186600174, 0.8742562565569048], [0.11574726175370784, 0.031987082424291366, 0.6677351600063169, 0.18453049581568384], [0.41656587774150194, 0.19877436667564127, 0.2604024849178874, 0.12425727066496928], [0.9062270461685735, 0.035375000495777686, 0.05620400352901946, 0.0021939498066292674], [0.7688242426976409, 0.20294630780642736, 0.022333960541635146, 0.005895488954296469], [0.8321464141953521, 0.1253140587867097, 0.03697188120914396, 0.005567645808794247], [0.004954688112531575, 0.00013621661115108713, 0.9682884546009012, 0.026620640675415978], [0.6365988153932083, 0.007909122423388442, 0.35112961747888, 0.00436244470452347], [0.32346783408830837, 0.08657624603538015, 0.465393290283333, 0.12456262959297836], [0.006765546222659414, 0.18467237539923811, 0.028575133227579357, 0.7799869451505232]], "state_values": [0.7706391283031208, 1.3463184197135902, 2.1967961887157985, 4.946967640866518, -1.9523301303777258, 0.1424198443670325, -1.5774407467875036, 2.219083785322928, -0.744783275616713, 1.749178895340092, 0.02948255109767053, 0.5051856175413677, -0.8126169363929713, 1.4313459825273214, 0.5297876965244673, -0.2977948208407881], "value_grad": [-0.06971481711356464, -0.10122127791565583, 0.08015918640133579, 0.06581583400074353, -0.5367514209099773, 0.057734619359842476, 1.0612007988161085, -0.10929440912978139, 0.21564272602861867, -0.10656921988618429, -0.05227698996216712, -0.05688689489746013, 0.10325800828093801, 0.08667211644873718, -0.07785174847580789, 0.020962302299266877], "action_grad": [[0.0, 0.0, 0.0], [0.0, 0.0, 0.0], [0.0, 0.0, 0.0], [0.0, 0.0, 0.0], [0.0, 0.0, 0.0], [0.0, 0.0, 0.0], [0.0, 0.0, 0.0], [0.0, 0.0, 0.0], [0.0, 0.0, 0.0], [0.0, 0.0, 0.0], [0.0, 0.0, 0.0], [0.0, 0.0, 0.0], [0.0, 0.0, 0.0], [0.0, 0.0, 0.0], [0.0, 0.0, 0.0], [0.0, 0.0, 0.0]], "action_params_change": 0, "value_params_change": 0.3834001732820449}
{"iterations": 1, "type_itr": 0, "sub_iteration": 9, "sub_it_time": 0.09994626045227051, "total_time": 1.111485481262207, "value_loss": 1.2790355649528173, "action_loss": -0.7533842396852519, "action_probs": [[0.0845948986996878, 0.9133753373148813, 0.0001720569136585895, 0.0018577070717723028], [0.00014237700438135873, 0.029776493443198788, 0.00461639236930916, 0.9654647371831108], [0.07640376844880856, 0.3181729717747486, 0.11723098155069758, 0.48819227822574546], [0.2916711844945607, 0.38736612133410936, 0.13786513404189557, 0.18309756012943434], [0.040459529786494634, 0.005498093535488338, 0.8399064870336478, 0.11413588964436916], [0.0027099326646791875, 0.0024750073056291665, 0.5199446554689661, 0.47487040456072566], [0.004113220064528756, 0.07093888151256468, 0.05069164186600174, 0.8742562565569048], [0.11574726175370784, 0.031987082424291366, 0.6677351600063169, 0.18453049581568384], [0.41656587774150194, 0.19877436667564127, 0.2604024849178874, 0.12425727066496928], [0.9062270461685735, 0.035375000495777686, 0.05620400352901946, 0.0021939498066292674], [0.7688242426976409, 0.20294630780642736, 0.022333960541635146, 0.005895488954296469], [0.8321464141953521, 0.1253140587867097, 0.03697188120914396, 0.005567645808794247], [0.004954688112531575, 0.00013621661115108713, 0.9682884546009012, 0.026620640675415978], [0.6365988153932083, 0.007909122423388442, 0.35112961747888, 0.00436244470452347], [0.32346783408830837, 0.08657624603538015, 0.465393290283333, 0.12456262959297836], [0.006765546222659414, 0.18467237539923811, 0.028575133227579357, 0.7799869451505232]], "state_values": [0.27419201756007044, 1.3292544298893036, 2.4199872412160026, 4.998022308872068, -1.893850660918166, 0.4095174351372973, -0.8988739772196309, 2.1881667657437034, -0.4730816656154561, 1.3970161011747584, 0.08754715432144329, 0.009221676721786063, -0.36578718821418593, 1.7802764658251031, 0.9401968178259732, -0.35797897351543756], "value_grad": [-0.04512109314168433, -0.1870421430243403, 0.09719094266710471, 0.02690291836732106, -0.5701934113889362, -0.09510637176592862, 0.9704509947651494, -0.11783869395412738, 0.1360607542750778, -0.0971036290226337, -0.04461307963123562, -0.029783248774340132, 0.0647811955525821, 0.21375954275041598, 0.06552658533004663, 0.14477823940764778], "action_grad": [[0.0, 0.0, 0.0], [0.0, 0.0, 0.0], [0.0, 0.0, 0.0], [0.0, 0.0, 0.0], [0.0, 0.0, 0.0], [0.0, 0.0, 0.0], [0.0, 0.0, 0.0], [0.0, 0.0, 0.0], [0.0, 0.0, 0.0], [0.0, 0.0, 0.0], [0.0, 0.0, 0.0], [0.0, 0.0, 0.0], [0.0, 0.0, 0.0], [0.0, 0.0, 0.0], [0.0, 0.0, 0.0], [0.0, 0.0, 0.0]], "action_params_change": 0, "value_params_change": 0.34780537891306745}
{"iterations": 1, "type_itr": 0, "sub_iteration": 10, "sub_it_time": 0.10099053382873535, "total_time": 1.2155039310455322, "value_loss": 1.0414235583872997, "action_loss": -0.7541076302284657, "action_probs": [[0.0845948986996878, 0.9133753373148813, 0.0001720569136585895, 0.0018577070717723028], [0.00014237700438135873, 0.029776493443198788, 0.00461639236930916, 0.9654647371831108], [0.07640376844880856, 0.3181729717747486, 0.11723098155069758, 0.48819227822574546], [0.2916711844945607, 0.38736612133410936, 0.13786513404189557, 0.18309756012943434], [0.040459529786494634, 0.005498093535488338, 0.8399064870336478, 0.11413588964436916], [0.0027099326646791875, 0.0024750073056291665, 0.5199446554689661, 0.47487040456072566], [0.004113220064528756, 0.07093888151256468, 0.05069164186600174, 0.8742562565569048], [0.11574726175370784, 0.031987082424291366, 0.6677351600063169, 0.18453049581568384], [0.41656587774150194, 0.19877436667564127, 0.2604024849178874, 0.12425727066496928], [0.9062270461685735, 0.035375000495777686, 0.05620400352901946, 0.0021939498066292674], [0.7688242426976409, 0.20294630780642736, 0.022333960541635146, 0.005895488954296469], [0.8321464141953521, 0.1253140587867097, 0.03697188120914396, 0.005567645808794247], [0.004954688112531575, 0.00013621661115108713, 0.9682884546009012, 0.026620640675415978], [0.6365988153932083, 0.007909122423388442, 0.35112961747888, 0.00436244470452347], [0.32346783408830837, 0.08657624603538015, 0.465393290283333, 0.12456262959297836], [0.006765546222659414, 0.18467237539923811, 0.028575133227579357, 0.7799869451505232]], "state_values": [-0.20898638679473114, 1.0988661264937694, 2.540314039124285, 4.916117273263765, -1.6502581629471837, 0.5549801539264012, -0.13411917426180944, 1.9753923101758812, -0.19581385390426484, 0.9419925820339617, 0.12404953727599112, -0.43678898365302776, 0.06754382126525377, 1.91936201833316, 1.0917683566709222, -0.162284806327405], "value_grad": [-0.016223704914876125, -0.18188208862117605, 0.11332334623915252, -0.005123501540987174, -0.5409460149639097, -0.2094421798749484, 0.7510032072048588, -0.11659058908151398, 0.05646279782876884, -0.0794878080679089, -0.014734458262642747, -0.0005464600104598816, 0.016989195557242764, 0.30200840721080313, 0.16398396699512352, 0.1954922162692223], "action_grad": [[0.0, 0.0, 0.0], [0.0, 0.0, 0.0], [0.0, 0.0, 0.0], [0.0, 0.0, 0.0], [0.0, 0.0, 0.0], [0.0, 0.0, 0.0], [0.0, 0.0, 0.0], [0.0, 0.0, 0.0], [0.0, 0.0, 0.0], [0.0, 0.0, 0.0], [0.0, 0.0, 0.0], [0.0, 0.0, 0.0], [0.0, 0.0, 0.0], [0.0, 0.0, 0.0], [0.0, 0.0, 0.0], [0.0, 0.0, 0.0]], "action_params_change": 0, "value_params_change": 0.3106101550327288}
{"iterations": 1, "type_itr": 0, "sub_iteration": 11, "sub_it_time": 0.09860587120056152, "total_time": 1.3220016956329346, "value_loss": 0.7852921264127616, "action_loss": -0.7164277545935067, "action_probs": [[0.0845948986996878, 0.9133753373148813, 0.0001720569136585895, 0.0018577070717723028], [0.00014237700438135873, 0.029776493443198788, 0.00461639236930916, 0.9654647371831108], [0.07640376844880856, 0.3181729717747486, 0.11723098155069758, 0.48819227822574546], [0.2916711844945607, 0.38736612133410936, 0.13786513404189557, 0.18309756012943434], [0.040459529786494634, 0.005498093535488338, 0.8399064870336478, 0.11413588964436916], [0.0027099326646791875, 0.0024750073056291665, 0.5199446554689661, 0.47487040456072566], [0.004113220064528756, 0.07093888151256468, 0.05069164186600174, 0.8742562565569048], [0.11574726175370784, 0.031987082424291366, 0.6677351600063169, 0.18453049581568384], [0.41656587774150194, 0.19877436667564127, 0.2604024849178874, 0.12425727066496928], [0.9062270461685735, 0.035375000495777686, 0.05620400352901946, 0.0021939498066292674], [0.7688242426976409, 0.20294630780642736, 0.022333960541635146, 0.005895488954296469], [0.8321464141953521, 0.1253140587867097, 0.03697188120914396, 0.005567645808794247], [0.004954688112531575, 0.00013621661115108713, 0.9682884546009012, 0.026620640675415978], [0.6365988153932083, 0.007909122423388442, 0.35112961747888, 0.00436244470452347], [0.32346783408830837, 0.08657624603538015, 0.465393290283333, 0.12456262959297836], [0.006765546222659414, 0.18467237539923811, 0.028575133227579357, 0.7799869451505232]], "state_values": [-0.6137507213843271, 0.7616438615461099, 2.5671185313928278, 4.747119885342409, -1.2729935848396994, 0.5697297773245298, 0.6402509036205369, 1.619956152572418, 0.044323647958771396, 0.43299584408303443, 0.16996790443750717, -0.7718284033373017, 0.40284527194803593, 1.861288510186312, 1.018817442460875, 0.19580009659242], "value_grad": [0.012373356846621553, -0.11337200045717688, 0.12461217759804366, -0.03411587505889668, -0.4627335506987802, -0.26827913896231526, 0.424280756395069, -0.10753539407123613, -0.016599073705456435, -0.05482128117656693, 0.012474956552628091, 0.025784423053698213, -0.029208871228083577, 0.3621628777808791, 0.1823537091941153, 0.16071419364187156], "action_grad": [[0.0, 0.0, 0.0], [0.0, 0.0, 0.0], [0.0, 0.0, 0.0], [0.0, 0.0, 0.0], [0.0, 0.0, 0.0], [0.0, 0.0, 0.0], [0.0, 0.0, 0.0], [0.0, 0.0, 0.0], [0.0, 0.0, 0.0], [0.0, 0.0, 0.0], [0.0, 0.0, 0.0], [0.0, 0.0, 0.0], [0.0, 0.0, 0.0], [0.0, 0.0, 0.0], [0.0, 0.0, 0.0], [0.0, 0.0, 0.0]], "action_params_change": 0, "value_params_change": 0.31045955484076604}
{"iterations": 1, "type_itr": 0, "sub_iteration": 12, "sub_it_time": 0.10410904884338379, "total_time": 1.4371445178985596, "value_loss": 0.6075787351415806, "action_loss": -0.6510355748320747, "action_probs": [[0.0845948986996878, 0.9133753373148813, 0.0001720569136585895, 0.0018577070717723028], [0.00014237700438135873, 0.029776493443198788, 0.00461639236930916, 0.9654647371831108], [0.07640376844880856, 0.3181729717747486, 0.11723098155069758, 0.48819227822574546], [0.2916711844945607, 0.38736612133410936, 0.13786513404189557, 0.18309756012943434], [0.040459529786494634, 0.005498093535488338, 0.8399064870336478, 0.11413588964436916], [0.0027099326646791875, 0.0024750073056291665, 0.5199446554689661, 0.47487040456072566], [0.004113220064528756, 0.07093888151256468, 0.05069164186600174, 0.8742562565569048], [0.11574726175370784, 0.031987082424291366, 0.6677351600063169, 0.18453049581568384], [0.41656587774150194, 0.19877436667564127, 0.2604024849178874, 0.12425727066496928], [0.9062270461685735, 0.035375000495777686, 0.05620400352901946, 0.0021939498066292674], [0.7688242426976409, 0.20294630780642736, 0.022333960541635146, 0.005895488954296469], [0.8321464141953521, 0.1253140587867097, 0.03697188120914396, 0.005567645808794247], [0.004954688112531575, 0.00013621661115108713, 0.9682884546009012, 0.026620640675415978], [0.6365988153932083, 0.007909122423388442, 0.35112961747888, 0.00436244470452347], [0.32346783408830837, 0.08657624603538015, 0.465393290283333, 0.12456262959297836], [0.006765546222659414, 0.18467237539923811, 0.028575133227579357, 0.7799869451505232]], "state_values": [-0.8926402854685176, 0.4369487186697918, 2.512097536194036, 4.533829905716536, -0.81188260593654, 0.47171003342990636, 1.3353468017291248, 1.1582761677891786, 0.21568047113035946, -0.07461732966466096, 0.23880307880111354, -0.9616013196986758, 0.5888135448574509, 1.6256302504420708, 0.8088144700602211, 0.5919915500647618], "value_grad": [0.0360947850158968, -0.014886481305962374, 0.12544344363059545, -0.0618724821182044, -0.3429895121024754, -0.2666606902743539, 0.04652490735434789, -0.09081784872276677, -0.07647038020780639, -0.025562206849570224, 0.026157133840150282, 0.04518902711081796, -0.06228511847939355, 0.39820085508442293, 0.13567951874969097, 0.065465110681179], "action_grad": [[0.0, 0.0, 0.0], [0.0, 0.0, 0.0], [0.0, 0.0, 0.0], [0.0, 0.0, 0.0], [0.0, 0.0, 0.0], [0.0, 0.0, 0.0], [0.0, 0.0, 0.0], [0.0, 0.0, 0.0], [0.0, 0.0, 0.0], [0.0, 0.0, 0.0], [0.0, 0.0, 0.0], [0.0, 0.0, 0.0], [0.0, 0.0, 0.0], [0.0, 0.0, 0.0], [0.0, 0.0, 0.0], [0.0, 0.0, 0.0]], "action_params_change": 0, "value_params_change": 0.2838958374862881}
{"iterations": 1, "type_itr": 0, "sub_iteration": 13, "sub_it_time": 0.10088396072387695, "total_time": 1.5457007884979248, "value_loss": 0.5656655466011333, "action_loss": -0.5702152720931031, "action_probs": [[0.0845948986996878, 0.9133753373148813, 0.0001720569136585895, 0.0018577070717723028], [0.00014237700438135873, 0.029776493443198788, 0.00461639236930916, 0.9654647371831108], [0.07640376844880856, 0.3181729717747486, 0.11723098155069758, 0.48819227822574546], [0.2916711844945607, 0.38736612133410936, 0.13786513404189557, 0.18309756012943434], [0.040459529786494634, 0.005498093535488338, 0.8399064870336478, 0.11413588964436916], [0.0027099326646791875, 0.0024750073056291665, 0.5199446554689661, 0.47487040456072566], [0.004113220064528756, 0.07093888151256468, 0.05069164186600174, 0.8742562565569048], [0.11574726175370784, 0.031987082424291366, 0.6677351600063169, 0.18453049581568384], [0.41656587774150194, 0.19877436667564127, 0.2604024849178874, 0.12425727066496928], [0.9062270461685735, 0.035375000495777686, 0.05620400352901946, 0.0021939498066292674], [0.7688242426976409, 0.20294630780642736, 0.022333960541635146, 0.005895488954296469], [0.8321464141953521, 0.1253140587867097, 0.03697188120914396, 0.005567645808794247], [0.004954688112531575, 0.00013621661115108713, 0.9682884546009012, 0.026620640675415978], [0.6365988153932083, 0.007909122423388442, 0.35112961747888, 0.00436244470452347], [0.32346783408830837, 0.08657624603538015, 0.465393290283333, 0.12456262959297836], [0.006765546222659414, 0.18467237539923811, 0.028575133227579357, 0.7799869451505232]], "state_values": [-1.0255792732243787, 0.230337068076983, 2.392543806973477, 4.313460309831584, -0.3226977519668006, 0.29704808978869274, 1.874674197578777, 0.6323504188372704, 0.30168480378929025, -0.5247002927333995, 0.3260489274989132, -1.0012729692246105, 0.6202647024426031, 1.2356799234592852, 0.558942771544427, 0.8860567325527424], "value_grad": [0.05204656174848832, 0.07203926396372606, 0.11004389404792636, -0.0884113136389213, -0.19295939710796584, -0.2092681897541434, -0.30969185624540074, -0.06677040322767935, -0.11671362404003527, 0.004421204139884005, 0.023880657248033343, 0.055919121255503024, -0.07649223376909464, 0.40469256826303657, 0.05514291135440519, -0.050850915263277896], "action_grad": [[0.0, 0.0, 0.0], [0.0, 0.0, 0.0], [0.0, 0.0, 0.0], [0.0, 0.0, 0.0], [0.0, 0.0, 0.0], [0.0, 0.0, 0.0], [0.0, 0.0, 0.0], [0.0, 0.0, 0.0], [0.0, 0.0, 0.0], [0.0, 0.0, 0.0], [0.0, 0.0, 0.0], [0.0, 0.0, 0.0], [0.0, 0.0, 0.0], [0.0, 0.0, 0.0], [0.0, 0.0, 0.0], [0.0, 0.0, 0.0]], "action_params_change": 0, "value_params_change": 0.22795168405655453}
