{"iterations": 0, "type_itr": 0, "sub_iteration": 0, "sub_it_time": 0, "total_time": 0, "value_loss": 0, "action_loss": 0, "action_probs": [[0.3368665879591564, 0.3754734560361352, 0.13603478940800315, 0.1516251665967053], [0.3248164648697968, 0.004308199787635807, 0.6620936629624032, 0.008781672380164106], [0.03578502717558532, 0.14288523262863054, 0.16450027612446028, 0.6568294640713237], [0.0799993919065988, 0.059361006160413746, 0.4940474177769561, 0.3665921841560314], [0.08161298857729184, 0.06463359393948939, 0.4764375803508885, 0.3773158371323303], [0.3788962180840714, 0.5668315817697376, 0.02174360464572608, 0.03252859550046499], [0.7418656458489684, 0.10565510326296478, 0.1334706177485014, 0.019008633139565162], [0.09462671573336491, 0.00941961888464776, 0.8148403604569672, 0.08111330492502022], [0.045217398827436174, 0.37368732772098584, 0.06272456496945454, 0.5183707084821234], [0.012341982370447483, 0.1558876238784986, 0.06102193166133016, 0.7707484620897239], [0.0013763985120897404, 0.008929666263438685, 0.13217588764838298, 0.8575180475760885], [0.33265094945657847, 0.0053741408908780505, 0.6514504056074671, 0.010524504045076146], [0.10625626558916258, 0.00830572314419293, 0.8212439180579229, 0.0641940932087215], [0.056124818551991494, 0.5897476004865471, 0.03077286727199876, 0.32335471368946284], [0.12217101655439787, 0.34305346916753954, 0.1404355751102957, 0.394339939167767], [0.6912850571130362, 0.2749454216630157, 0.024160245325264222, 0.009609275898683978]], "state_values": [2.8404650790243897, 3.866255590120961, 0.9973805132959023, 4.1678532804651045, -0.5550275253482584, 3.5914979073213256, -0.6119036983265139, 2.9822239257307532, 4.994580554663633, -4.2455971686401925, 1.0700283198669045, 0.9078865258190351, -3.7880684621830674, -4.977253752461635, 1.9449369670802674, 2.023269269902546], "value_grad": [0.0, 0.0, 0.0, 0.0, 0.0, 0.0, 0.0, 0.0, 0.0, 0.0, 0.0, 0.0, 0.0, 0.0, 0.0, 0.0], "action_grad": [[0.0, 0.0, 0.0], [0.0, 0.0, 0.0], [0.0, 0.0, 0.0], [0.0, 0.0, 0.0], [0.0, 0.0, 0.0], [0.0, 0.0, 0.0], [0.0, 0.0, 0.0], [0.0, 0.0, 0.0], [0.0, 0.0, 0.0], [0.0, 0.0, 0.0], [0.0, 0.0, 0.0], [0.0, 0.0, 0.0], [0.0, 0.0, 0.0], [0.0, 0.0, 0.0], [0.0, 0.0, 0.0], [0.0, 0.0, 0.0]], "action_params_change": 0, "value_params_change": 0}
{"iterations": 1, "type_itr": 0, "sub_iteration": 0, "sub_it_time": 0.3552274703979492, "total_time": 0.3568413257598877, "value_loss": 8.331082186663885, "action_loss": -0.7743327563499106, "action_probs": [[0.3368665879591564, 0.3754734560361352, 0.13603478940800315, 0.1516251665967053], [0.3248164648697968, 0.004308199787635807, 0.6620936629624032, 0.008781672380164106], [0.03578502717558532, 0.14288523262863054, 0.16450027612446028, 0.6568294640713237], [0.0799993919065988, 0.059361006160413746, 0.4940474177769561, 0.3665921841560314], [0.08161298857729184, 0.06463359393948939, 0.4764375803508885, 0.3773158371323303], [0.3788962180840714, 0.5668315817697376, 0.02174360464572608, 0.03252859550046499], [0.7418656458489684, 0.10565510326296478, 0.1334706177485014, 0.019008633139565162], [0.09462671573336491, 0.00941961888464776, 0.8148403604569672, 0.08111330492502022], [0.045217398827436174, 0.37368732772098584, 0.06272456496945454, 0.5183707084821234], [0.012341982370447483, 0.1558876238784986, 0.06102193166133016, 0.7707484620897239], [0.0013763985120897404, 0.008929666263438685, 0.13217588764838298, 0.8575180475760885], [0.33265094945657847, 0.0053741408908780505, 0.6514504056074671, 0.010524504045076146], [0.10625626558916258, 0.00830572314419293, 0.8212439180579229, 0.0641940932087215], [0.056124818551991494, 0.5897476004865471, 0.03077286727199876, 0.32335471368946284], [0.12217101655439787, 0.34305346916753954, 0.1404355751102957, 0.394339939167767], [0.6912850571130362, 0.2749454216630157, 0.024160245325264222, 0.009609275898683978]], "state_values": [3.7701850940622723, 2.9616689483902254, 2.1785333763206514, 4.721630420486358, 0.691601682186564, 2.6192102923809406, 0.6348402914283995, 1.896614871014876, 4.781731876585346, -3.460216868702788, -0.1715972904880615, -0.33679366090906127, -2.8628997959812534, -4.704662856319192, 0.7448776767209683, 0.8291533677883024], "value_grad": [-206.40694637619546, -0.2844901106979716, -0.5689578895080718, 0.1327609799804712, -1.2327430794420176, 1.0052055412662657, 0.9672297870037401, -0.13275934988677562, 0.1138030891057511, 206.4448780080094, -0.6448215500180243, 0.05689592630503704, -0.815544418238253, -0.13276739052554554, 0.8913798042878991, 0.24655103748778018], "action_grad": [[0.0, 0.0, 0.0], [0.0, 0.0, 0.0], [0.0, 0.0, 0.0], [0.0, 0.0, 0.0], [0.0, 0.0, 0.0], [0.0, 0.0, 0.0], [0.0, 0.0, 0.0], [0.0, 0.0, 0.0], [0.0, 0.0, 0.0], [0.0, 0.0, 0.0], [0.0, 0.0, 0.0], [0.0, 0.0, 0.0], [0.0, 0.0, 0.0], [0.0, 0.0, 0.0], [0.0, 0.0, 0.0], [0.0, 0.0, 0.0]], "action_params_change": 0, "value_params_change": 0.49999999997578026}
{"iterations": 1, "type_itr": 0, "sub_iteration": 1, "sub_it_time": 0.3563101291656494, "total_time": 0.714838981628418, "value_loss": 5.181770664369881, "action_loss": -0.7379968175515543, "action_probs": [[0.3368665879591564, 0.3754734560361352, 0.13603478940800315, 0.1516251665967053], [0.3248164648697968, 0.004308199787635807, 0.6620936629624032, 0.008781672380164106], [0.03578502717558532, 0.14288523262863054, 0.16450027612446028, 0.6568294640713237], [0.0799993919065988, 0.059361006160413746, 0.4940474177769561, 0.3665921841560314], [0.08161298857729184, 0.06463359393948939, 0.4764375803508885, 0.3773158371323303], [0.3788962180840714, 0.5668315817697376, 0.02174360464572608, 0.03252859550046499], [0.7418656458489684, 0.10565510326296478, 0.1334706177485014, 0.019008633139565162], [0.09462671573336491, 0.00941961888464776, 0.8148403604569672, 0.08111330492502022], [0.045217398827436174, 0.37368732772098584, 0.06272456496945454, 0.5183707084821234], [0.012341982370447483, 0.1558876238784986, 0.06102193166133016, 0.7707484620897239], [0.0013763985120897404, 0.008929666263438685, 0.13217588764838298, 0.8575180475760885], [0.33265094945657847, 0.0053741408908780505, 0.6514504056074671, 0.010524504045076146], [0.10625626558916258, 0.00830572314419293, 0.8212439180579229, 0.0641940932087215], [0.056124818551991494, 0.5897476004865471, 0.03077286727199876, 0.32335471368946284], [0.12217101655439787, 0.34305346916753954, 0.1404355751102957, 0.394339939167767], [0.6912850571130362, 0.2749454216630157, 0.024160245325264222, 0.009609275898683978]], "state_values": [4.264628679843399, 1.940472958225886, 3.0843819740551526, 4.976263784412818, 1.8599306071087283, 3.3587099620991436, -0.28945680527232986, 0.7016357809078244, 4.364846180299913, -2.8095031225822216, -1.2985369075541817, -0.8332241231507149, -1.7586369306701928, -4.3100723892870505, -0.485161858693222, -0.39770854846474823], "value_grad": [0.15181054433724217, -0.15180937819955798, -0.17078400095016644, 0.07590565878807531, -0.8159610377840005, -202.95404916020635, -203.27665261747254, -0.11385615084841483, 0.6262392548937559, 0.13283371824651002, -0.2846384968169886, -0.01897590141573069, -0.8539303996239109, -203.29562886328517, 0.7021098242692005, 0.1897592557946366], "action_grad": [[0.0, 0.0, 0.0], [0.0, 0.0, 0.0], [0.0, 0.0, 0.0], [0.0, 0.0, 0.0], [0.0, 0.0, 0.0], [0.0, 0.0, 0.0], [0.0, 0.0, 0.0], [0.0, 0.0, 0.0], [0.0, 0.0, 0.0], [0.0, 0.0, 0.0], [0.0, 0.0, 0.0], [0.0, 0.0, 0.0], [0.0, 0.0, 0.0], [0.0, 0.0, 0.0], [0.0, 0.0, 0.0], [0.0, 0.0, 0.0]], "action_params_change": 0, "value_params_change": 0.5004670403120759}
{"iterations": 1, "type_itr": 0, "sub_iteration": 2, "sub_it_time": 0.37578415870666504, "total_time": 1.0923511981964111, "value_loss": 4.100037579844575, "action_loss": -0.6566310471945809, "action_probs": [[0.3368665879591564, 0.3754734560361352, 0.13603478940800315, 0.1516251665967053], [0.3248164648697968, 0.004308199787635807, 0.6620936629624032, 0.008781672380164106], [0.03578502717558532, 0.14288523262863054, 0.16450027612446028, 0.6568294640713237], [0.0799993919065988, 0.059361006160413746, 0.4940474177769561, 0.3665921841560314], [0.08161298857729184, 0.06463359393948939, 0.4764375803508885, 0.3773158371323303], [0.3788962180840714, 0.5668315817697376, 0.02174360464572608, 0.03252859550046499], [0.7418656458489684, 0.10565510326296478, 0.1334706177485014, 0.019008633139565162], [0.09462671573336491, 0.00941961888464776, 0.8148403604569672, 0.08111330492502022], [0.045217398827436174, 0.37368732772098584, 0.06272456496945454, 0.5183707084821234], [0.012341982370447483, 0.1558876238784986, 0.06102193166133016, 0.7707484620897239], [0.0013763985120897404, 0.008929666263438685, 0.13217588764838298, 0.8575180475760885], [0.33265094945657847, 0.0053741408908780505, 0.6514504056074671, 0.010524504045076146], [0.10625626558916258, 0.00830572314419293, 0.8212439180579229, 0.0641940932087215], [0.056124818551991494, 0.5897476004865471, 0.03077286727199876, 0.32335471368946284], [0.12217101655439787, 0.34305346916753954, 0.1404355751102957, 0.394339939167767], [0.6912850571130362, 0.2749454216630157, 0.024160245325264222, 0.009609275898683978]], "state_values": [4.565573651539773, 1.798559503559776, 3.389149770950159, 4.972667429017134, 2.8530629661021107, 4.069054877933376, -0.9966695593586555, -0.09538049299351654, 3.9061253612671223, -2.25103442619094, -2.126383583056267, -0.03872675685760821, -0.5542813041155048, -3.900667853738302, -1.6376419457432454, -1.3785940124221554], "value_grad": [0.11387319576505206, 0.284678024742143, 0.2846809559112211, 0.018978923072433318, -0.45548430361300074, -201.64453252134948, 0.5503762360932338, -202.34676057672576, 0.0, 0.13285057822541102, 0.0, -202.34676057672564, -0.7211862377390243, -0.588349887558941, 0.4554833509855536, 0.0189784970054232], "action_grad": [[0.0, 0.0, 0.0], [0.0, 0.0, 0.0], [0.0, 0.0, 0.0], [0.0, 0.0, 0.0], [0.0, 0.0, 0.0], [0.0, 0.0, 0.0], [0.0, 0.0, 0.0], [0.0, 0.0, 0.0], [0.0, 0.0, 0.0], [0.0, 0.0, 0.0], [0.0, 0.0, 0.0], [0.0, 0.0, 0.0], [0.0, 0.0, 0.0], [0.0, 0.0, 0.0], [0.0, 0.0, 0.0], [0.0, 0.0, 0.0]], "action_params_change": 0, "value_params_change": 0.4966623630819984}
{"iterations": 1, "type_itr": 0, "sub_iteration": 3, "sub_it_time": 0.349149227142334, "total_time": 1.4431378841400146, "value_loss": 3.834328779107484, "action_loss": -0.7189588938388674, "action_probs": [[0.3368665879591564, 0.3754734560361352, 0.13603478940800315, 0.1516251665967053], [0.3248164648697968, 0.004308199787635807, 0.6620936629624032, 0.008781672380164106], [0.03578502717558532, 0.14288523262863054, 0.16450027612446028, 0.6568294640713237], [0.0799993919065988, 0.059361006160413746, 0.4940474177769561, 0.3665921841560314], [0.08161298857729184, 0.06463359393948939, 0.4764375803508885, 0.3773158371323303], [0.3788962180840714, 0.5668315817697376, 0.02174360464572608, 0.03252859550046499], [0.7418656458489684, 0.10565510326296478, 0.1334706177485014, 0.019008633139565162], [0.09462671573336491, 0.00941961888464776, 0.8148403604569672, 0.08111330492502022], [0.045217398827436174, 0.37368732772098584, 0.06272456496945454, 0.5183707084821234], [0.012341982370447483, 0.1558876238784986, 0.06102193166133016, 0.7707484620897239], [0.0013763985120897404, 0.008929666263438685, 0.13217588764838298, 0.8575180475760885], [0.33265094945657847, 0.0053741408908780505, 0.6514504056074671, 0.010524504045076146], [0.10625626558916258, 0.00830572314419293, 0.8212439180579229, 0.0641940932087215], [0.056124818551991494, 0.5897476004865471, 0.03077286727199876, 0.32335471368946284], [0.12217101655439787, 0.34305346916753954, 0.1404355751102957, 0.394339939167767], [0.6912850571130362, 0.2749454216630157, 0.024160245325264222, 0.009609275898683978]], "state_values": [4.511019751812196, 2.2037488324365797, 3.2935899971336657, 4.8431753527552575, 3.4226016642755392, 4.512636428500729, -1.5589841762538161, -0.7473502755098792, 3.2194105697150603, -1.7645856150449033, -2.3865649969169946, 0.6137239638791959, 0.6406493837834344, -3.5027733418860225, -2.587207231783615, -1.5992981452217958], "value_grad": [201.89126697710836, 0.4554972007893441, 0.43652362976614434, -0.01897943481050124, -202.06207962081453, 0.9299983074792668, 0.7401834072242743, 0.0, 0.8540770685544161, 0.11387476761453375, 0.37958250579827224, 0.0, -0.47447577683144493, -0.6453010980011036, 0.15183243003608382, -0.2277486380762479], "action_grad": [[0.0, 0.0, 0.0], [0.0, 0.0, 0.0], [0.0, 0.0, 0.0], [0.0, 0.0, 0.0], [0.0, 0.0, 0.0], [0.0, 0.0, 0.0], [0.0, 0.0, 0.0], [0.0, 0.0, 0.0], [0.0, 0.0, 0.0], [0.0, 0.0, 0.0], [0.0, 0.0, 0.0], [0.0, 0.0, 0.0], [0.0, 0.0, 0.0], [0.0, 0.0, 0.0], [0.0, 0.0, 0.0], [0.0, 0.0, 0.0]], "action_params_change": 0, "value_params_change": 0.4791353253132389}
{"iterations": 1, "type_itr": 0, "sub_iteration": 4, "sub_it_time": 0.36173105239868164, "total_time": 1.8066315650939941, "value_loss": 3.701471758362104, "action_loss": -0.7812524820730233, "action_probs": [[0.3368665879591564, 0.3754734560361352, 0.13603478940800315, 0.1516251665967053], [0.3248164648697968, 0.004308199787635807, 0.6620936629624032, 0.008781672380164106], [0.03578502717558532, 0.14288523262863054, 0.16450027612446028, 0.6568294640713237], [0.0799993919065988, 0.059361006160413746, 0.4940474177769561, 0.3665921841560314], [0.08161298857729184, 0.06463359393948939, 0.4764375803508885, 0.3773158371323303], [0.3788962180840714, 0.5668315817697376, 0.02174360464572608, 0.03252859550046499], [0.7418656458489684, 0.10565510326296478, 0.1334706177485014, 0.019008633139565162], [0.09462671573336491, 0.00941961888464776, 0.8148403604569672, 0.08111330492502022], [0.045217398827436174, 0.37368732772098584, 0.06272456496945454, 0.5183707084821234], [0.012341982370447483, 0.1558876238784986, 0.06102193166133016, 0.7707484620897239], [0.0013763985120897404, 0.008929666263438685, 0.13217588764838298, 0.8575180475760885], [0.33265094945657847, 0.0053741408908780505, 0.6514504056074671, 0.010524504045076146], [0.10625626558916258, 0.00830572314419293, 0.8212439180579229, 0.0641940932087215], [0.056124818551991494, 0.5897476004865471, 0.03077286727199876, 0.32335471368946284], [0.12217101655439787, 0.34305346916753954, 0.1404355751102957, 0.394339939167767], [0.6912850571130362, 0.2749454216630157, 0.024160245325264222, 0.009609275898683978]], "state_values": [4.46240707228119, 2.7789363058739243, 2.9704698579028452, 4.745662230503433, 3.846985749992988, 4.780057819253308, -2.0154828786158943, -1.2887535845120248, 2.3308286150948914, -1.9099021588261806, -2.255075277781374, 1.157337111218733, 1.699716721029613, -2.859644472584244, -3.2342858891915998, -1.324163619741863], "value_grad": [0.11387796315506993, 0.36060649996558203, 0.41754941983312754, -0.0569389308046393, 0.05693840999016375, 0.7591953706340933, 0.8540707088795334, 0.03795854806092569, 0.7402029839966113, -201.85330821391813, 0.4934647176267326, 0.037958548060793795, -0.18979273332565283, -202.10003757984472, -0.15183504927201996, -0.32264854093544804], "action_grad": [[0.0, 0.0, 0.0], [0.0, 0.0, 0.0], [0.0, 0.0, 0.0], [0.0, 0.0, 0.0], [0.0, 0.0, 0.0], [0.0, 0.0, 0.0], [0.0, 0.0, 0.0], [0.0, 0.0, 0.0], [0.0, 0.0, 0.0], [0.0, 0.0, 0.0], [0.0, 0.0, 0.0], [0.0, 0.0, 0.0], [0.0, 0.0, 0.0], [0.0, 0.0, 0.0], [0.0, 0.0, 0.0], [0.0, 0.0, 0.0]], "action_params_change": 0, "value_params_change": 0.4367471410600978}
{"iterations": 1, "type_itr": 0, "sub_iteration": 5, "sub_it_time": 0.39356279373168945, "total_time": 2.201803207397461, "value_loss": 3.7963698039278877, "action_loss": -0.8106561398943415, "action_probs": [[0.3368665879591564, 0.3754734560361352, 0.13603478940800315, 0.1516251665967053], [0.3248164648697968, 0.004308199787635807, 0.6620936629624032, 0.008781672380164106], [0.03578502717558532, 0.14288523262863054, 0.16450027612446028, 0.6568294640713237], [0.0799993919065988, 0.059361006160413746, 0.4940474177769561, 0.3665921841560314], [0.08161298857729184, 0.06463359393948939, 0.4764375803508885, 0.3773158371323303], [0.3788962180840714, 0.5668315817697376, 0.02174360464572608, 0.03252859550046499], [0.7418656458489684, 0.10565510326296478, 0.1334706177485014, 0.019008633139565162], [0.09462671573336491, 0.00941961888464776, 0.8148403604569672, 0.08111330492502022], [0.045217398827436174, 0.37368732772098584, 0.06272456496945454, 0.5183707084821234], [0.012341982370447483, 0.1558876238784986, 0.06102193166133016, 0.7707484620897239], [0.0013763985120897404, 0.008929666263438685, 0.13217588764838298, 0.8575180475760885], [0.33265094945657847, 0.0053741408908780505, 0.6514504056074671, 0.010524504045076146], [0.10625626558916258, 0.00830572314419293, 0.8212439180579229, 0.0641940932087215], [0.056124818551991494, 0.5897476004865471, 0.03077286727199876, 0.32335471368946284], [0.12217101655439787, 0.34305346916753954, 0.1404355751102957, 0.394339939167767], [0.6912850571130362, 0.2749454216630157, 0.024160245325264222, 0.009609275898683978]], "state_values": [4.418649170160388, 3.3550989575960517, 2.4203273761848534, 4.746233026775252, 4.165265726524253, 4.927207592007725, -2.3909917184835203, -1.742733706213949, 1.3061157774859886, -1.6631062823795295, -1.9163788104279997, 1.6145372223739116, 2.4955566389424275, -2.239304172699901, -3.56727982370609, -0.7870397550573534], "value_grad": [0.1138769241431472, 0.20877100577588337, 202.08105861908572, -0.07591780938198056, 0.18979380897318343, 0.5504143971131246, 0.9299809095515861, 0.07591651232454577, 0.531418500391267, 202.04310058520556, 0.3985635461372734, 0.07591636471805208, 0.13285402358662868, -0.6073376846550742, -0.39856582148260333, -0.30366602138587684], "action_grad": [[0.0, 0.0, 0.0], [0.0, 0.0, 0.0], [0.0, 0.0, 0.0], [0.0, 0.0, 0.0], [0.0, 0.0, 0.0], [0.0, 0.0, 0.0], [0.0, 0.0, 0.0], [0.0, 0.0, 0.0], [0.0, 0.0, 0.0], [0.0, 0.0, 0.0], [0.0, 0.0, 0.0], [0.0, 0.0, 0.0], [0.0, 0.0, 0.0], [0.0, 0.0, 0.0], [0.0, 0.0, 0.0], [0.0, 0.0, 0.0]], "action_params_change": 0, "value_params_change": 0.44132533413264285}
{"iterations": 1, "type_itr": 0, "sub_iteration": 6, "sub_it_time": 0.3504638671875, "total_time": 2.5540270805358887, "value_loss": -198.00000000000009, "action_loss": 9.055385138137419, "action_probs": [[0.3368665879591564, 0.3754734560361352, 0.13603478940800315, 0.1516251665967053], [0.3248164648697968, 0.004308199787635807, 0.6620936629624032, 0.008781672380164106], [0.03578502717558532, 0.14288523262863054, 0.16450027612446028, 0.6568294640713237], [0.0799993919065988, 0.059361006160413746, 0.4940474177769561, 0.3665921841560314], [0.08161298857729184, 0.06463359393948939, 0.4764375803508885, 0.3773158371323303], [0.3788962180840714, 0.5668315817697376, 0.02174360464572608, 0.03252859550046499], [0.7418656458489684, 0.10565510326296478, 0.1334706177485014, 0.019008633139565162], [0.09462671573336491, 0.00941961888464776, 0.8148403604569672, 0.08111330492502022], [0.045217398827436174, 0.37368732772098584, 0.06272456496945454, 0.5183707084821234], [0.012341982370447483, 0.1558876238784986, 0.06102193166133016, 0.7707484620897239], [0.0013763985120897404, 0.008929666263438685, 0.13217588764838298, 0.8575180475760885], [0.33265094945657847, 0.0053741408908780505, 0.6514504056074671, 0.010524504045076146], [0.10625626558916258, 0.00830572314419293, 0.8212439180579229, 0.0641940932087215], [0.056124818551991494, 0.5897476004865471, 0.03077286727199876, 0.32335471368946284], [0.12217101655439787, 0.34305346916753954, 0.1404355751102957, 0.394339939167767], [0.6912850571130362, 0.2749454216630157, 0.024160245325264222, 0.009609275898683978]], "state_values": [4.37900314358564, 3.8201956961494754, 1.905201710095346, 4.802807805520588, 4.404123585257474, 4.999866616171305, -2.2233226143351317, -2.126068189676428, 0.6797141305847736, -1.4435910567419894, -1.4527227955313817, 2.0017156476988354, 1.9337371115706343, -1.6578066161702452, -3.6497180255887, -1.4028141030591446], "value_grad": [0.11387342345506823, 0.037957425311078374, 0.17080753245615288, -0.056936655459243646, 0.30366243696090667, -201.75841068916677, 202.70734347378797, 0.11387133656375781, 202.38471737113852, 0.09489268218256974, 0.30365750142079406, 0.09489268218279001, 202.42267400433778, -0.5314016167718614, -0.5503863910278683, 202.19493181485078], "action_grad": [[0.0, 0.0, 0.0], [0.0, 0.0, 0.0], [0.0, 0.0, 0.0], [0.0, 0.0, 0.0], [0.0, 0.0, 0.0], [0.0, 0.0, 0.0], [0.0, 0.0, 0.0], [0.0, 0.0, 0.0], [0.0, 0.0, 0.0], [0.0, 0.0, 0.0], [0.0, 0.0, 0.0], [0.0, 0.0, 0.0], [0.0, 0.0, 0.0], [0.0, 0.0, 0.0], [0.0, 0.0, 0.0], [0.0, 0.0, 0.0]], "action_params_change": 0, "value_params_change": 0.327080532814887}
{"iterations": 1, "type_itr": 0, "sub_iteration": 7, "sub_it_time": 0.35314202308654785, "total_time": 2.9089531898498535, "value_loss": 3.967184072880925, "action_loss": 9.055385138137419, "action_probs": [[0.3368665879591564, 0.3754734560361352, 0.13603478940800315, 0.1516251665967053], [0.3248164648697968, 0.004308199787635807, 0.6620936629624032, 0.008781672380164106], [0.03578502717558532, 0.14288523262863054, 0.16450027612446028, 0.6568294640713237], [0.0799993919065988, 0.059361006160413746, 0.4940474177769561, 0.3665921841560314], [0.08161298857729184, 0.06463359393948939, 0.4764375803508885, 0.3773158371323303], [0.3788962180840714, 0.5668315817697376, 0.02174360464572608, 0.03252859550046499], [0.7418656458489684, 0.10565510326296478, 0.1334706177485014, 0.019008633139565162], [0.09462671573336491, 0.00941961888464776, 0.8148403604569672, 0.08111330492502022], [0.045217398827436174, 0.37368732772098584, 0.06272456496945454, 0.5183707084821234], [0.012341982370447483, 0.1558876238784986, 0.06102193166133016, 0.7707484620897239], [0.0013763985120897404, 0.008929666263438685, 0.13217588764838298, 0.8575180475760885], [0.33265094945657847, 0.0053741408908780505, 0.6514504056074671, 0.010524504045076146], [0.10625626558916258, 0.00830572314419293, 0.8212439180579229, 0.0641940932087215], [0.056124818551991494, 0.5897476004865471, 0.03077286727199876, 0.32335471368946284], [0.12217101655439787, 0.34305346916753954, 0.1404355751102957, 0.394339939167767], [0.6912850571130362, 0.2749454216630157, 0.024160245325264222, 0.009609275898683978]], "state_values": [4.342920457971017, 4.137389191378524, 1.4304909855899637, 4.594154689958574, 4.582811281725954, 4.953246753895784, -2.0711521722248554, -2.451588143807103, 0.11806679849973804, -1.2473434475126854, -0.9411683269358626, 2.331357455046218, 1.4120518604914936, -0.8725443592370992, -3.199816222018432, -1.9263027332633769], "value_grad": [0.1138749879778338, -0.07591621641370505, -0.09489404395590828, 201.967184072881, 0.3036677759168631, 0.0189795400201902, 0.8730306219460151, 0.11387319576511779, -0.037957502603407356, 0.09489404395606282, 0.17080927545723057, 0.1138729670283416, 0.30366182978747736, -202.28982508588402, -202.28982508588402, -0.39855492111565205], "action_grad": [[0.0, 0.0, 0.0], [0.0, 0.0, 0.0], [0.0, 0.0, 0.0], [0.0, 0.0, 0.0], [0.0, 0.0, 0.0], [0.0, 0.0, 0.0], [0.0, 0.0, 0.0], [0.0, 0.0, 0.0], [0.0, 0.0, 0.0], [0.0, 0.0, 0.0], [0.0, 0.0, 0.0], [0.0, 0.0, 0.0], [0.0, 0.0, 0.0], [0.0, 0.0, 0.0], [0.0, 0.0, 0.0], [0.0, 0.0, 0.0]], "action_params_change": 0, "value_params_change": 0.3251021348552037}
{"iterations": 1, "type_itr": 0, "sub_iteration": 8, "sub_it_time": 0.3585193157196045, "total_time": 3.2691729068756104, "value_loss": 3.8533082139180515, "action_loss": -0.8677089593529912, "action_probs": [[0.3368665879591564, 0.3754734560361352, 0.13603478940800315, 0.1516251665967053], [0.3248164648697968, 0.004308199787635807, 0.6620936629624032, 0.008781672380164106], [0.03578502717558532, 0.14288523262863054, 0.16450027612446028, 0.6568294640713237], [0.0799993919065988, 0.059361006160413746, 0.4940474177769561, 0.3665921841560314], [0.08161298857729184, 0.06463359393948939, 0.4764375803508885, 0.3773158371323303], [0.3788962180840714, 0.5668315817697376, 0.02174360464572608, 0.03252859550046499], [0.7418656458489684, 0.10565510326296478, 0.1334706177485014, 0.019008633139565162], [0.09462671573336491, 0.00941961888464776, 0.8148403604569672, 0.08111330492502022], [0.045217398827436174, 0.37368732772098584, 0.06272456496945454, 0.5183707084821234], [0.012341982370447483, 0.1558876238784986, 0.06102193166133016, 0.7707484620897239], [0.0013763985120897404, 0.008929666263438685, 0.13217588764838298, 0.8575180475760885], [0.33265094945657847, 0.0053741408908780505, 0.6514504056074671, 0.010524504045076146], [0.10625626558916258, 0.00830572314419293, 0.8212439180579229, 0.0641940932087215], [0.056124818551991494, 0.5897476004865471, 0.03077286727199876, 0.32335471368946284], [0.12217101655439787, 0.34305346916753954, 0.1404355751102957, 0.394339939167767], [0.6912850571130362, 0.2749454216630157, 0.024160245325264222, 0.009609275898683978]], "state_values": [4.309973629155228, 3.7655017635433796, 0.9976591366194701, 4.611044811611871, 4.715469132474051, 4.825569124846356, -1.934088492929151, -2.7292610763316505, -0.38137931069945813, -1.0712523726843284, -0.4364527000325668, 2.613295433161013, 0.9334296729146242, -0.15549759566026336, -2.7576276087209632, -2.3698456274580275], "value_grad": [0.11387628817501749, -201.9482048532, -0.30366424173380313, -201.9292255972279, 0.3226515515315449, -0.22775673344459335, 0.0, 0.13285376588573428, -0.20876897138858475, 0.07591606741161439, 0.07591606741143853, 0.11387454620471704, 0.2657067391303958, 0.0, -0.6073365317155006, -0.550394006004939], "action_grad": [[0.0, 0.0, 0.0], [0.0, 0.0, 0.0], [0.0, 0.0, 0.0], [0.0, 0.0, 0.0], [0.0, 0.0, 0.0], [0.0, 0.0, 0.0], [0.0, 0.0, 0.0], [0.0, 0.0, 0.0], [0.0, 0.0, 0.0], [0.0, 0.0, 0.0], [0.0, 0.0, 0.0], [0.0, 0.0, 0.0], [0.0, 0.0, 0.0], [0.0, 0.0, 0.0], [0.0, 0.0, 0.0], [0.0, 0.0, 0.0]], "action_params_change": 0, "value_params_change": 0.28860485996766094}
{"iterations": 1, "type_itr": 0, "sub_iteration": 9, "sub_it_time": 0.35650110244750977, "total_time": 3.627281665802002, "value_loss": 3.8722876133097586, "action_loss": -0.8461020069796006, "action_probs": [[0.3368665879591564, 0.3754734560361352, 0.13603478940800315, 0.1516251665967053], [0.3248164648697968, 0.004308199787635807, 0.6620936629624032, 0.008781672380164106], [0.03578502717558532, 0.14288523262863054, 0.16450027612446028, 0.6568294640713237], [0.0799993919065988, 0.059361006160413746, 0.4940474177769561, 0.3665921841560314], [0.08161298857729184, 0.06463359393948939, 0.4764375803508885, 0.3773158371323303], [0.3788962180840714, 0.5668315817697376, 0.02174360464572608, 0.03252859550046499], [0.7418656458489684, 0.10565510326296478, 0.1334706177485014, 0.019008633139565162], [0.09462671573336491, 0.00941961888464776, 0.8148403604569672, 0.08111330492502022], [0.045217398827436174, 0.37368732772098584, 0.06272456496945454, 0.5183707084821234], [0.012341982370447483, 0.1558876238784986, 0.06102193166133016, 0.7707484620897239], [0.0013763985120897404, 0.008929666263438685, 0.13217588764838298, 0.8575180475760885], [0.33265094945657847, 0.0053741408908780505, 0.6514504056074671, 0.010524504045076146], [0.10625626558916258, 0.00830572314419293, 0.8212439180579229, 0.0641940932087215], [0.056124818551991494, 0.5897476004865471, 0.03077286727199876, 0.32335471368946284], [0.12217101655439787, 0.34305346916753954, 0.1404355751102957, 0.394339939167767], [0.6912850571130362, 0.2749454216630157, 0.024160245325264222, 0.009609275898683978]], "state_values": [4.279795542753857, 3.183586371162123, 0.6059659512946056, 4.625904184901456, 4.64503912713069, 4.644521813079088, -1.8088749934256474, -3.2366143845582007, -0.8229915747223803, -0.9128057659074668, -0.0035988826710292706, 2.8553349486522577, 0.4977478609579351, 0.4871763047464907, -2.333073301740495, -2.7448313333300134], "value_grad": [0.13285529377344085, -202.00514240267202, -0.4744729634157938, -0.09489645957116633, 201.9482048532, -0.4175524599248557, 0.7212036614951862, -201.967184072881, -0.3606002047027177, 0.056936882102457176, -0.03795788383136678, 0.1328535069636505, 0.2467264739919921, 0.2657051672809132, -0.5503950736224916, -0.6642685302439024], "action_grad": [[0.0, 0.0, 0.0], [0.0, 0.0, 0.0], [0.0, 0.0, 0.0], [0.0, 0.0, 0.0], [0.0, 0.0, 0.0], [0.0, 0.0, 0.0], [0.0, 0.0, 0.0], [0.0, 0.0, 0.0], [0.0, 0.0, 0.0], [0.0, 0.0, 0.0], [0.0, 0.0, 0.0], [0.0, 0.0, 0.0], [0.0, 0.0, 0.0], [0.0, 0.0, 0.0], [0.0, 0.0, 0.0], [0.0, 0.0, 0.0]], "action_params_change": 0, "value_params_change": 0.3250567631219745}
{"iterations": 1, "type_itr": 0, "sub_iteration": 10, "sub_it_time": 0.3555779457092285, "total_time": 3.9846842288970947, "value_loss": 3.967184072880925, "action_loss": -0.7899014924504605, "action_probs": [[0.3368665879591564, 0.3754734560361352, 0.13603478940800315, 0.1516251665967053], [0.3248164648697968, 0.004308199787635807, 0.6620936629624032, 0.008781672380164106], [0.03578502717558532, 0.14288523262863054, 0.16450027612446028, 0.6568294640713237], [0.0799993919065988, 0.059361006160413746, 0.4940474177769561, 0.3665921841560314], [0.08161298857729184, 0.06463359393948939, 0.4764375803508885, 0.3773158371323303], [0.3788962180840714, 0.5668315817697376, 0.02174360464572608, 0.03252859550046499], [0.7418656458489684, 0.10565510326296478, 0.1334706177485014, 0.019008633139565162], [0.09462671573336491, 0.00941961888464776, 0.8148403604569672, 0.08111330492502022], [0.045217398827436174, 0.37368732772098584, 0.06272456496945454, 0.5183707084821234], [0.012341982370447483, 0.1558876238784986, 0.06102193166133016, 0.7707484620897239], [0.0013763985120897404, 0.008929666263438685, 0.13217588764838298, 0.8575180475760885], [0.33265094945657847, 0.0053741408908780505, 0.6514504056074671, 0.010524504045076146], [0.10625626558916258, 0.00830572314419293, 0.8212439180579229, 0.0641940932087215], [0.056124818551991494, 0.5897476004865471, 0.03077286727199876, 0.32335471368946284], [0.12217101655439787, 0.34305346916753954, 0.1404355751102957, 0.394339939167767], [0.6912850571130362, 0.2749454216630157, 0.024160245325264222, 0.009609275898683978]], "state_values": [4.065468488126453, 2.5902496930865877, 0.2533770622143802, 4.639029369176292, 4.575266602352353, 4.430090133845042, -1.6942958132048456, -3.6472405174121483, -1.2119511481465783, -0.769895605001569, 0.30803174162649355, 3.0638433977946176, 0.10335070961907555, 1.055765576446894, -1.9316969928316712, -3.303285331892816], "value_grad": [202.08105861908572, -0.018978923072323184, -0.5883404763743774, -0.05693732910901561, 0.36060649996558203, -0.5883622628025189, 0.6263016958202354, 0.1518315318364829, -0.47446915113771926, 0.05693631156898871, -0.13285112171371516, 0.13285245906403897, 0.1897875060392913, 0.4934474068461201, -0.5314091572203861, 201.70147175836206], "action_grad": [[0.0, 0.0, 0.0], [0.0, 0.0, 0.0], [0.0, 0.0, 0.0], [0.0, 0.0, 0.0], [0.0, 0.0, 0.0], [0.0, 0.0, 0.0], [0.0, 0.0, 0.0], [0.0, 0.0, 0.0], [0.0, 0.0, 0.0], [0.0, 0.0, 0.0], [0.0, 0.0, 0.0], [0.0, 0.0, 0.0], [0.0, 0.0, 0.0], [0.0, 0.0, 0.0], [0.0, 0.0, 0.0], [0.0, 0.0, 0.0]], "action_params_change": 0, "value_params_change": 0.2913279942477751}
{"iterations": 1, "type_itr": 0, "sub_iteration": 11, "sub_it_time": 0.3535194396972656, "total_time": 4.339931964874268, "value_loss": 4.232889240161838, "action_loss": -0.7129006978562954, "action_probs": [[0.3368665879591564, 0.3754734560361352, 0.13603478940800315, 0.1516251665967053], [0.3248164648697968, 0.004308199787635807, 0.6620936629624032, 0.008781672380164106], [0.03578502717558532, 0.14288523262863054, 0.16450027612446028, 0.6568294640713237], [0.0799993919065988, 0.059361006160413746, 0.4940474177769561, 0.3665921841560314], [0.08161298857729184, 0.06463359393948939, 0.4764375803508885, 0.3773158371323303], [0.3788962180840714, 0.5668315817697376, 0.02174360464572608, 0.03252859550046499], [0.7418656458489684, 0.10565510326296478, 0.1334706177485014, 0.019008633139565162], [0.09462671573336491, 0.00941961888464776, 0.8148403604569672, 0.08111330492502022], [0.045217398827436174, 0.37368732772098584, 0.06272456496945454, 0.5183707084821234], [0.012341982370447483, 0.1558876238784986, 0.06102193166133016, 0.7707484620897239], [0.0013763985120897404, 0.008929666263438685, 0.13217588764838298, 0.8575180475760885], [0.33265094945657847, 0.0053741408908780505, 0.6514504056074671, 0.010524504045076146], [0.10625626558916258, 0.00830572314419293, 0.8212439180579229, 0.0641940932087215], [0.056124818551991494, 0.5897476004865471, 0.03077286727199876, 0.32335471368946284], [0.12217101655439787, 0.34305346916753954, 0.1404355751102957, 0.394339939167767], [0.6912850571130362, 0.2749454216630157, 0.024160245325264222, 0.009609275898683978]], "state_values": [3.851490388153226, 2.009715489695547, -0.06279720001744452, 4.650696801271059, 4.36056015402571, 4.196649810352539, -1.5893458193481003, -3.9763587251203925, -1.8568625601193067, -0.9547953868139462, 0.490918810042254, 3.2439860169155814, -0.25228292965537913, 1.5541876551705394, -1.5564798877296828, -3.748952218358497], "value_grad": [0.1328500298526354, 0.09489168332043096, -0.6642372094783839, -0.07591438233308256, 202.36573899399667, -0.7022183849007484, 0.5313927060447581, 0.15182813097664294, 202.13799538812833, -202.42267400433778, -0.17080392870206573, 0.15182749449586108, 0.1328475017298123, 0.6642386384127947, -0.4365016590172255, -0.7970988284194362], "action_grad": [[0.0, 0.0, 0.0], [0.0, 0.0, 0.0], [0.0, 0.0, 0.0], [0.0, 0.0, 0.0], [0.0, 0.0, 0.0], [0.0, 0.0, 0.0], [0.0, 0.0, 0.0], [0.0, 0.0, 0.0], [0.0, 0.0, 0.0], [0.0, 0.0, 0.0], [0.0, 0.0, 0.0], [0.0, 0.0, 0.0], [0.0, 0.0, 0.0], [0.0, 0.0, 0.0], [0.0, 0.0, 0.0], [0.0, 0.0, 0.0]], "action_params_change": 0, "value_params_change": 0.2713160356556772}
{"iterations": 1, "type_itr": 0, "sub_iteration": 12, "sub_it_time": 0.34945225715637207, "total_time": 4.691031217575073, "value_loss": 4.631432542878138, "action_loss": -0.5908066579481652, "action_probs": [[0.3368665879591564, 0.3754734560361352, 0.13603478940800315, 0.1516251665967053], [0.3248164648697968, 0.004308199787635807, 0.6620936629624032, 0.008781672380164106], [0.03578502717558532, 0.14288523262863054, 0.16450027612446028, 0.6568294640713237], [0.0799993919065988, 0.059361006160413746, 0.4940474177769561, 0.3665921841560314], [0.08161298857729184, 0.06463359393948939, 0.4764375803508885, 0.3773158371323303], [0.3788962180840714, 0.5668315817697376, 0.02174360464572608, 0.03252859550046499], [0.7418656458489684, 0.10565510326296478, 0.1334706177485014, 0.019008633139565162], [0.09462671573336491, 0.00941961888464776, 0.8148403604569672, 0.08111330492502022], [0.045217398827436174, 0.37368732772098584, 0.06272456496945454, 0.5183707084821234], [0.012341982370447483, 0.1558876238784986, 0.06102193166133016, 0.7707484620897239], [0.0013763985120897404, 0.008929666263438685, 0.13217588764838298, 0.8575180475760885], [0.33265094945657847, 0.0053741408908780505, 0.6514504056074671, 0.010524504045076146], [0.10625626558916258, 0.00830572314419293, 0.8212439180579229, 0.0641940932087215], [0.056124818551991494, 0.5897476004865471, 0.03077286727199876, 0.32335471368946284], [0.12217101655439787, 0.34305346916753954, 0.1404355751102957, 0.394339939167767], [0.6912850571130362, 0.2749454216630157, 0.024160245325264222, 0.009609275898683978]], "state_values": [3.6421456887801513, 1.4570048448423913, -0.34549515599164465, 4.661114684091246, 4.131924255909264, 3.9544128580811786, -1.4932193432772445, -4.237589973683284, -2.408099568613152, -1.1202542492742047, 0.5407219685509299, 3.4000661895161417, -0.5722377026054813, 1.9880728106631045, -1.2086071867913009, -4.098948545092659], "value_grad": [0.1518211695171221, 0.20875047987912954, -0.7211351076478056, -0.07591075888081633, 0.5124026708109302, -0.8350289724354054, 0.4175013915839356, 0.1518211695171221, -0.664208899691455, 0.05693181750679077, -0.20874998857096916, 0.15182012478412243, 0.13284090548093896, 0.8729589520195855, -0.3415920685918872, -0.7970660399191347], "action_grad": [[0.0, 0.0, 0.0], [0.0, 0.0, 0.0], [0.0, 0.0, 0.0], [0.0, 0.0, 0.0], [0.0, 0.0, 0.0], [0.0, 0.0, 0.0], [0.0, 0.0, 0.0], [0.0, 0.0, 0.0], [0.0, 0.0, 0.0], [0.0, 0.0, 0.0], [0.0, 0.0, 0.0], [0.0, 0.0, 0.0], [0.0, 0.0, 0.0], [0.0, 0.0, 0.0], [0.0, 0.0, 0.0], [0.0, 0.0, 0.0]], "action_params_change": 0, "value_params_change": 0.24403075262562668}
{"iterations": 1, "type_itr": 0, "sub_iteration": 13, "sub_it_time": 0.35680603981018066, "total_time": 5.049520254135132, "value_loss": 5.067910750784722, "action_loss": -0.47814151256723764, "action_probs": [[0.3368665879591564, 0.3754734560361352, 0.13603478940800315, 0.1516251665967053], [0.3248164648697968, 0.004308199787635807, 0.6620936629624032, 0.008781672380164106], [0.03578502717558532, 0.14288523262863054, 0.16450027612446028, 0.6568294640713237], [0.0799993919065988, 0.059361006160413746, 0.4940474177769561, 0.3665921841560314], [0.08161298857729184, 0.06463359393948939, 0.4764375803508885, 0.3773158371323303], [0.3788962180840714, 0.5668315817697376, 0.02174360464572608, 0.03252859550046499], [0.7418656458489684, 0.10565510326296478, 0.1334706177485014, 0.019008633139565162], [0.09462671573336491, 0.00941961888464776, 0.8148403604569672, 0.08111330492502022], [0.045217398827436174, 0.37368732772098584, 0.06272456496945454, 0.5183707084821234], [0.012341982370447483, 0.1558876238784986, 0.06102193166133016, 0.7707484620897239], [0.0013763985120897404, 0.008929666263438685, 0.13217588764838298, 0.8575180475760885], [0.33265094945657847, 0.0053741408908780505, 0.6514504056074671, 0.010524504045076146], [0.10625626558916258, 0.00830572314419293, 0.8212439180579229, 0.0641940932087215], [0.056124818551991494, 0.5897476004865471, 0.03077286727199876, 0.32335471368946284], [0.12217101655439787, 0.34305346916753954, 0.1404355751102957, 0.394339939167767], [0.6912850571130362, 0.2749454216630157, 0.024160245325264222, 0.009609275898683978]], "state_values": [3.440269485524177, 1.3779663085279539, -0.5975851748890527, 4.670453002814557, 3.89788287634849, 3.71060022486871, -1.7540437885442564, -4.442810169895264, -2.8742435184554234, -1.2685535482872095, 0.4844673147011709, 3.535655067987977, -0.8596905811018573, 2.3638949559052644, -0.8881069941169039, -4.369297794237846], "value_grad": [0.15181283893639907, 203.4474370627885, -0.7970028054386527, -0.07590679771511244, 0.6072586276406202, -0.9108897183476588, -203.10586424350643, 0.13283705843197957, -0.740082545692502, 0.05692873726338821, -0.18976269365873044, 0.15181245999186377, 0.13283371824651002, 1.0057501733726149, -0.2466918102156468, -0.7400990188173076], "action_grad": [[0.0, 0.0, 0.0], [0.0, 0.0, 0.0], [0.0, 0.0, 0.0], [0.0, 0.0, 0.0], [0.0, 0.0, 0.0], [0.0, 0.0, 0.0], [0.0, 0.0, 0.0], [0.0, 0.0, 0.0], [0.0, 0.0, 0.0], [0.0, 0.0, 0.0], [0.0, 0.0, 0.0], [0.0, 0.0, 0.0], [0.0, 0.0, 0.0], [0.0, 0.0, 0.0], [0.0, 0.0, 0.0], [0.0, 0.0, 0.0]], "action_params_change": 0, "value_params_change": 0.21983409202306525}
