{"iterations": 0, "type_itr": 0, "sub_iteration": 0, "sub_it_time": 0, "total_time": 0, "value_loss": 0, "action_loss": 0, "action_probs": [[0.22786476175485637, 0.2517025055110748, 0.24728184917616042, 0.27315088355790834], [0.4576314297409288, 0.3087460707809801, 0.1395043544245489, 0.09411814505354232], [0.19605331940595438, 0.7427698338518643, 0.012775487942509493, 0.04840135879967188], [0.0028425878106095818, 0.1982366237369701, 0.01129406902592752, 0.7876267194264929], [0.39751828172690507, 0.45740089123273125, 0.06745933756164173, 0.07762148947872195], [0.902694605621291, 0.05141200983717772, 0.043420420724613606, 0.0024729638169176823], [0.03326838748518518, 0.31640083879810316, 0.0618740642507089, 0.5884567094660028], [0.0953804812050054, 0.7576740371952907, 0.016430052761650268, 0.13051542883805362], [0.059555599813463124, 0.8472294773057707, 0.006122146012113698, 0.08709277686865234], [0.004248908353561924, 0.01860771960462118, 0.18164501971559294, 0.7954983523262241], [0.12243782086144077, 0.0005393824164584197, 0.8731761433361388, 0.003846653385962164], [0.08920894275283345, 0.4205333474738848, 0.08579898667196659, 0.40445872310131514], [0.8164535009100009, 0.0879665892472216, 0.08628352339478902, 0.00929638644798843], [0.6782726060372979, 0.10528002636352492, 0.18736497590669401, 0.029082391692483073], [0.06169508848193809, 0.840180569233918, 0.006712444146440797, 0.09141189813770319], [0.274792334831128, 0.6200622359854833, 0.03228810459755217, 0.07285732458583652]], "state_values": [4.680947539830079, 0.45777103556232324, 1.476557785195337, 2.7318227089185383, 3.7739884699105164, 4.995127521543723, 0.5241889181497583, 4.7598146246131545, 3.290245523370036, 4.467400246656507, -4.517532126908812, 3.641707697555775, -2.9765543916831714, 1.4959565762628377, 4.782580902908897, 4.502374200198062], "value_grad": [0.0, 0.0, 0.0, 0.0, 0.0, 0.0, 0.0, 0.0, 0.0, 0.0, 0.0, 0.0, 0.0, 0.0, 0.0, 0.0], "action_grad": [[0.0, 0.0, 0.0], [0.0, 0.0, 0.0], [0.0, 0.0, 0.0], [0.0, 0.0, 0.0], [0.0, 0.0, 0.0], [0.0, 0.0, 0.0], [0.0, 0.0, 0.0], [0.0, 0.0, 0.0], [0.0, 0.0, 0.0], [0.0, 0.0, 0.0], [0.0, 0.0, 0.0], [0.0, 0.0, 0.0], [0.0, 0.0, 0.0], [0.0, 0.0, 0.0], [0.0, 0.0, 0.0], [0.0, 0.0, 0.0]], "action_params_change": 0, "value_params_change": 0}
{"iterations": 1, "type_itr": 0, "sub_iteration": 0, "sub_it_time": 0.1307375431060791, "total_time": 0.13230299949645996, "value_loss": 9.139680862426758, "action_loss": -2.522286891937256, "action_probs": [[0.22786476175485637, 0.2517025055110748, 0.24728184917616042, 0.27315088355790834], [0.4576314297409288, 0.3087460707809801, 0.1395043544245489, 0.09411814505354232], [0.19605331940595438, 0.7427698338518643, 0.012775487942509493, 0.04840135879967188], [0.0028425878106095818, 0.1982366237369701, 0.01129406902592752, 0.7876267194264929], [0.39751828172690507, 0.45740089123273125, 0.06745933756164173, 0.07762148947872195], [0.902694605621291, 0.05141200983717772, 0.043420420724613606, 0.0024729638169176823], [0.03326838748518518, 0.31640083879810316, 0.0618740642507089, 0.5884567094660028], [0.0953804812050054, 0.7576740371952907, 0.016430052761650268, 0.13051542883805362], [0.059555599813463124, 0.8472294773057707, 0.006122146012113698, 0.08709277686865234], [0.004248908353561924, 0.01860771960462118, 0.18164501971559294, 0.7954983523262241], [0.12243782086144077, 0.0005393824164584197, 0.8731761433361388, 0.003846653385962164], [0.08920894275283345, 0.4205333474738848, 0.08579898667196659, 0.40445872310131514], [0.8164535009100009, 0.0879665892472216, 0.08628352339478902, 0.00929638644798843], [0.6782726060372979, 0.10528002636352492, 0.18736497590669401, 0.029082391692483073], [0.06169508848193809, 0.840180569233918, 0.006712444146440797, 0.09141189813770319], [0.274792334831128, 0.6200622359854833, 0.03228810459755217, 0.07285732458583652]], "state_values": [4.100621121583202, -0.7882843761904302, 0.2488052325647367, 1.6108341753476842, 2.845231735427023, 4.894438985562554, 1.7380961452785633, 4.990635437206607, 2.2565147668123284, 3.772970455786915, -3.8469378026970786, 2.6808722319022036, -1.890080736588352, 2.629806712673026, 4.2730890211643455, 4.900396224865691], "value_grad": [1.3107609748840332, 1.172159194946289, 1.0216798782348633, -0.3247213363647461, -0.36036014556884766, -1.275120735168457, -2.6215195655822754, 1.188000202178955, 1.0573196411132812, -0.348480224609375, -2.0552401542663574, -0.3563995361328125, 1.987919807434082, -1.9205989837646484, -0.9147605895996094, -0.6019201278686523], "action_grad": [[0.0, 0.0, 0.0], [0.0, 0.0, 0.0], [0.0, 0.0, 0.0], [0.0, 0.0, 0.0], [0.0, 0.0, 0.0], [0.0, 0.0, 0.0], [0.0, 0.0, 0.0], [0.0, 0.0, 0.0], [0.0, 0.0, 0.0], [0.0, 0.0, 0.0], [0.0, 0.0, 0.0], [0.0, 0.0, 0.0], [0.0, 0.0, 0.0], [0.0, 0.0, 0.0], [0.0, 0.0, 0.0], [0.0, 0.0, 0.0]], "action_params_change": 0, "value_params_change": 0.49999999809270923}
{"iterations": 1, "type_itr": 0, "sub_iteration": 1, "sub_it_time": 0.1258242130279541, "total_time": 0.2596766948699951, "value_loss": 6.514200210571289, "action_loss": -2.2201993465423584, "action_probs": [[0.22786476175485637, 0.2517025055110748, 0.24728184917616042, 0.27315088355790834], [0.4576314297409288, 0.3087460707809801, 0.1395043544245489, 0.09411814505354232], [0.19605331940595438, 0.7427698338518643, 0.012775487942509493, 0.04840135879967188], [0.0028425878106095818, 0.1982366237369701, 0.01129406902592752, 0.7876267194264929], [0.39751828172690507, 0.45740089123273125, 0.06745933756164173, 0.07762148947872195], [0.902694605621291, 0.05141200983717772, 0.043420420724613606, 0.0024729638169176823], [0.03326838748518518, 0.31640083879810316, 0.0618740642507089, 0.5884567094660028], [0.0953804812050054, 0.7576740371952907, 0.016430052761650268, 0.13051542883805362], [0.059555599813463124, 0.8472294773057707, 0.006122146012113698, 0.08709277686865234], [0.004248908353561924, 0.01860771960462118, 0.18164501971559294, 0.7954983523262241], [0.12243782086144077, 0.0005393824164584197, 0.8731761433361388, 0.003846653385962164], [0.08920894275283345, 0.4205333474738848, 0.08579898667196659, 0.40445872310131514], [0.8164535009100009, 0.0879665892472216, 0.08628352339478902, 0.00929638644798843], [0.6782726060372979, 0.10528002636352492, 0.18736497590669401, 0.029082391692483073], [0.06169508848193809, 0.840180569233918, 0.006712444146440797, 0.09141189813770319], [0.274792334831128, 0.6200622359854833, 0.03228810459755217, 0.07285732458583652]], "state_values": [3.3484336807184674, -0.9756397078981415, 0.07157436221790506, 0.3991593349781313, 2.915564322962907, 4.489127362550101, 2.6548185264951334, 4.959208249189236, 2.1716637921126747, 4.237646110864692, -3.0537355728789017, 2.753289088948185, -0.8831211595447075, 3.2216543066029746, 3.505314297113482, 4.97062716456022], "value_grad": [0.5702404975891113, -0.7682409286499023, -0.6850805282592773, -0.47519969940185547, 0.3722400665283203, -1.306800365447998, -0.5979595184326172, 0.14652013778686523, -0.8157601356506348, 2.1106796264648438, -0.7444791793823242, 0.36827898025512695, 0.5345993041992188, 0.20988082885742188, -0.7682404518127441, 0.22571945190429688], "action_grad": [[0.0, 0.0, 0.0], [0.0, 0.0, 0.0], [0.0, 0.0, 0.0], [0.0, 0.0, 0.0], [0.0, 0.0, 0.0], [0.0, 0.0, 0.0], [0.0, 0.0, 0.0], [0.0, 0.0, 0.0], [0.0, 0.0, 0.0], [0.0, 0.0, 0.0], [0.0, 0.0, 0.0], [0.0, 0.0, 0.0], [0.0, 0.0, 0.0], [0.0, 0.0, 0.0], [0.0, 0.0, 0.0], [0.0, 0.0, 0.0]], "action_params_change": 0, "value_params_change": 0.5002821581078263}
{"iterations": 1, "type_itr": 0, "sub_iteration": 2, "sub_it_time": 0.12676119804382324, "total_time": 0.38818955421447754, "value_loss": 4.795559883117676, "action_loss": -2.1633315086364746, "action_probs": [[0.22786476175485637, 0.2517025055110748, 0.24728184917616042, 0.27315088355790834], [0.4576314297409288, 0.3087460707809801, 0.1395043544245489, 0.09411814505354232], [0.19605331940595438, 0.7427698338518643, 0.012775487942509493, 0.04840135879967188], [0.0028425878106095818, 0.1982366237369701, 0.01129406902592752, 0.7876267194264929], [0.39751828172690507, 0.45740089123273125, 0.06745933756164173, 0.07762148947872195], [0.902694605621291, 0.05141200983717772, 0.043420420724613606, 0.0024729638169176823], [0.03326838748518518, 0.31640083879810316, 0.0618740642507089, 0.5884567094660028], [0.0953804812050054, 0.7576740371952907, 0.016430052761650268, 0.13051542883805362], [0.059555599813463124, 0.8472294773057707, 0.006122146012113698, 0.08709277686865234], [0.004248908353561924, 0.01860771960462118, 0.18164501971559294, 0.7954983523262241], [0.12243782086144077, 0.0005393824164584197, 0.8731761433361388, 0.003846653385962164], [0.08920894275283345, 0.4205333474738848, 0.08579898667196659, 0.40445872310131514], [0.8164535009100009, 0.0879665892472216, 0.08628352339478902, 0.00929638644798843], [0.6782726060372979, 0.10528002636352492, 0.18736497590669401, 0.029082391692483073], [0.06169508848193809, 0.840180569233918, 0.006712444146440797, 0.09141189813770319], [0.274792334831128, 0.6200622359854833, 0.03228810459755217, 0.07285732458583652]], "state_values": [2.68656028788349, -0.5551712955133689, 0.1160087084002341, 0.8762077229421482, 2.5222965099922012, 4.056703202832895, 3.3243625355741773, 4.760607581975223, 1.9828947119802485, 4.471994331482129, -2.0690289096652563, 2.5317391757944256, 0.035100700728002754, 3.353832510670442, 2.5331877174705224, 4.856135821789851], "value_grad": [-0.083160400390625, -1.263239860534668, -0.2811603546142578, 1.8691205978393555, -0.44351911544799805, 0.2653193473815918, -0.16235971450805664, 0.3247203826904297, 0.22968053817749023, -0.32076025009155273, -1.4335198402404785, -0.22572040557861328, 0.31283998489379883, 0.8989195823669434, -0.6811203956604004, 2.098799705505371], "action_grad": [[0.0, 0.0, 0.0], [0.0, 0.0, 0.0], [0.0, 0.0, 0.0], [0.0, 0.0, 0.0], [0.0, 0.0, 0.0], [0.0, 0.0, 0.0], [0.0, 0.0, 0.0], [0.0, 0.0, 0.0], [0.0, 0.0, 0.0], [0.0, 0.0, 0.0], [0.0, 0.0, 0.0], [0.0, 0.0, 0.0], [0.0, 0.0, 0.0], [0.0, 0.0, 0.0], [0.0, 0.0, 0.0], [0.0, 0.0, 0.0]], "action_params_change": 0, "value_params_change": 0.49121325156557516}
{"iterations": 1, "type_itr": 0, "sub_iteration": 3, "sub_it_time": 0.12619519233703613, "total_time": 0.515894889831543, "value_loss": 4.557960033416748, "action_loss": -2.1452207565307617, "action_probs": [[0.22786476175485637, 0.2517025055110748, 0.24728184917616042, 0.27315088355790834], [0.4576314297409288, 0.3087460707809801, 0.1395043544245489, 0.09411814505354232], [0.19605331940595438, 0.7427698338518643, 0.012775487942509493, 0.04840135879967188], [0.0028425878106095818, 0.1982366237369701, 0.01129406902592752, 0.7876267194264929], [0.39751828172690507, 0.45740089123273125, 0.06745933756164173, 0.07762148947872195], [0.902694605621291, 0.05141200983717772, 0.043420420724613606, 0.0024729638169176823], [0.03326838748518518, 0.31640083879810316, 0.0618740642507089, 0.5884567094660028], [0.0953804812050054, 0.7576740371952907, 0.016430052761650268, 0.13051542883805362], [0.059555599813463124, 0.8472294773057707, 0.006122146012113698, 0.08709277686865234], [0.004248908353561924, 0.01860771960462118, 0.18164501971559294, 0.7954983523262241], [0.12243782086144077, 0.0005393824164584197, 0.8731761433361388, 0.003846653385962164], [0.08920894275283345, 0.4205333474738848, 0.08579898667196659, 0.40445872310131514], [0.8164535009100009, 0.0879665892472216, 0.08628352339478902, 0.00929638644798843], [0.6782726060372979, 0.10528002636352492, 0.18736497590669401, 0.029082391692483073], [0.06169508848193809, 0.840180569233918, 0.006712444146440797, 0.09141189813770319], [0.274792334831128, 0.6200622359854833, 0.03228810459755217, 0.07285732458583652]], "state_values": [1.8226394929942547, 0.1358949342103418, -0.2945397881877846, 1.6265898308470574, 2.2883440417446064, 3.771109181873113, 3.564889293449999, 4.617332993178389, 1.8932384633390098, 4.578466817337967, -0.9430195676264952, 2.753878925604175, 0.6893037396929996, 3.239158225282163, 1.5513139056240064, 4.62350318019205], "value_grad": [0.9543595314025879, -1.2513597011566162, 0.958320140838623, 1.722599983215332, 0.10692024230957031, 0.534599781036377, 1.1959197521209717, -0.5108401775360107, -0.13463973999023438, -0.4078800678253174, -1.611720323562622, 0.4158003330230713, -0.26927995681762695, 0.9068400859832764, -0.1504802703857422, 0.7682399749755859], "action_grad": [[0.0, 0.0, 0.0], [0.0, 0.0, 0.0], [0.0, 0.0, 0.0], [0.0, 0.0, 0.0], [0.0, 0.0, 0.0], [0.0, 0.0, 0.0], [0.0, 0.0, 0.0], [0.0, 0.0, 0.0], [0.0, 0.0, 0.0], [0.0, 0.0, 0.0], [0.0, 0.0, 0.0], [0.0, 0.0, 0.0], [0.0, 0.0, 0.0], [0.0, 0.0, 0.0], [0.0, 0.0, 0.0], [0.0, 0.0, 0.0]], "action_params_change": 0, "value_params_change": 0.47378051559296175}
{"iterations": 1, "type_itr": 0, "sub_iteration": 4, "sub_it_time": 0.1269383430480957, "total_time": 0.6447432041168213, "value_loss": 2.30076003074646, "action_loss": -2.1531896591186523, "action_probs": [[0.22786476175485637, 0.2517025055110748, 0.24728184917616042, 0.27315088355790834], [0.4576314297409288, 0.3087460707809801, 0.1395043544245489, 0.09411814505354232], [0.19605331940595438, 0.7427698338518643, 0.012775487942509493, 0.04840135879967188], [0.0028425878106095818, 0.1982366237369701, 0.01129406902592752, 0.7876267194264929], [0.39751828172690507, 0.45740089123273125, 0.06745933756164173, 0.07762148947872195], [0.902694605621291, 0.05141200983717772, 0.043420420724613606, 0.0024729638169176823], [0.03326838748518518, 0.31640083879810316, 0.0618740642507089, 0.5884567094660028], [0.0953804812050054, 0.7576740371952907, 0.016430052761650268, 0.13051542883805362], [0.059555599813463124, 0.8472294773057707, 0.006122146012113698, 0.08709277686865234], [0.004248908353561924, 0.01860771960462118, 0.18164501971559294, 0.7954983523262241], [0.12243782086144077, 0.0005393824164584197, 0.8731761433361388, 0.003846653385962164], [0.08920894275283345, 0.4205333474738848, 0.08579898667196659, 0.40445872310131514], [0.8164535009100009, 0.0879665892472216, 0.08628352339478902, 0.00929638644798843], [0.6782726060372979, 0.10528002636352492, 0.18736497590669401, 0.029082391692483073], [0.06169508848193809, 0.840180569233918, 0.006712444146440797, 0.09141189813770319], [0.274792334831128, 0.6200622359854833, 0.03228810459755217, 0.07285732458583652]], "state_values": [1.2634932199945923, 0.8722194786477337, -0.19925549850051527, 2.3103532663015214, 1.703292720860701, 3.3070459870995785, 3.6306493496826047, 4.727362118729284, 1.4788103599121964, 4.773563376849428, 0.23481031673641664, 2.6397821315994023, 1.4901429748604214, 3.1843978847302603, 1.456226360225829, 4.257853107662858], "value_grad": [-0.518760085105896, -0.6019198894500732, -1.07315993309021, 0.36828017234802246, -0.6771600246429443, -0.993959903717041, 0.7880399227142334, -1.6592400074005127, 0.883080244064331, 1.4849998950958252, -3.2353200912475586, -0.38411974906921387, 1.2117598056793213, -0.19403982162475586, 1.5443999767303467, 0.7127997875213623], "action_grad": [[0.0, 0.0, 0.0], [0.0, 0.0, 0.0], [0.0, 0.0, 0.0], [0.0, 0.0, 0.0], [0.0, 0.0, 0.0], [0.0, 0.0, 0.0], [0.0, 0.0, 0.0], [0.0, 0.0, 0.0], [0.0, 0.0, 0.0], [0.0, 0.0, 0.0], [0.0, 0.0, 0.0], [0.0, 0.0, 0.0], [0.0, 0.0, 0.0], [0.0, 0.0, 0.0], [0.0, 0.0, 0.0], [0.0, 0.0, 0.0]], "action_params_change": 0, "value_params_change": 0.4734393896431457}
{"iterations": 1, "type_itr": 0, "sub_iteration": 5, "sub_it_time": 0.12651538848876953, "total_time": 0.7728109359741211, "value_loss": 2.1740400791168213, "action_loss": -2.2370424270629883, "action_probs": [[0.22786476175485637, 0.2517025055110748, 0.24728184917616042, 0.27315088355790834], [0.4576314297409288, 0.3087460707809801, 0.1395043544245489, 0.09411814505354232], [0.19605331940595438, 0.7427698338518643, 0.012775487942509493, 0.04840135879967188], [0.0028425878106095818, 0.1982366237369701, 0.01129406902592752, 0.7876267194264929], [0.39751828172690507, 0.45740089123273125, 0.06745933756164173, 0.07762148947872195], [0.902694605621291, 0.05141200983717772, 0.043420420724613606, 0.0024729638169176823], [0.03326838748518518, 0.31640083879810316, 0.0618740642507089, 0.5884567094660028], [0.0953804812050054, 0.7576740371952907, 0.016430052761650268, 0.13051542883805362], [0.059555599813463124, 0.8472294773057707, 0.006122146012113698, 0.08709277686865234], [0.004248908353561924, 0.01860771960462118, 0.18164501971559294, 0.7954983523262241], [0.12243782086144077, 0.0005393824164584197, 0.8731761433361388, 0.003846653385962164], [0.08920894275283345, 0.4205333474738848, 0.08579898667196659, 0.40445872310131514], [0.8164535009100009, 0.0879665892472216, 0.08628352339478902, 0.00929638644798843], [0.6782726060372979, 0.10528002636352492, 0.18736497590669401, 0.029082391692483073], [0.06169508848193809, 0.840180569233918, 0.006712444146440797, 0.09141189813770319], [0.274792334831128, 0.6200622359854833, 0.03228810459755217, 0.07285732458583652]], "state_values": [0.602598145982621, 1.2343164339480555, 0.1355020828214301, 2.820734978461476, 1.5639913211930656, 2.6129326581870935, 3.4723047298034397, 4.733382784958982, 0.9441573319172141, 4.924455876454731, 1.4237056540861128, 2.7304382193648298, 1.8261764162854985, 2.9020262114754813, 1.218891653071217, 3.6887779761379154], "value_grad": [0.5385599136352539, 0.8711998462677002, -0.8276399374008179, -0.18216001987457275, 0.5623199939727783, -2.2492802143096924, 1.5602400302886963, 0.8078398704528809, 0.48708009719848633, 0.7524003982543945, -2.4829204082489014, 0.2811601161956787, -1.1602799892425537, 1.2078001499176025, -0.5346001386642456, 1.7740801572799683], "action_grad": [[0.0, 0.0, 0.0], [0.0, 0.0, 0.0], [0.0, 0.0, 0.0], [0.0, 0.0, 0.0], [0.0, 0.0, 0.0], [0.0, 0.0, 0.0], [0.0, 0.0, 0.0], [0.0, 0.0, 0.0], [0.0, 0.0, 0.0], [0.0, 0.0, 0.0], [0.0, 0.0, 0.0], [0.0, 0.0, 0.0], [0.0, 0.0, 0.0], [0.0, 0.0, 0.0], [0.0, 0.0, 0.0], [0.0, 0.0, 0.0]], "action_params_change": 0, "value_params_change": 0.48351405380731327}
{"iterations": 1, "type_itr": 0, "sub_iteration": 6, "sub_it_time": 0.12704253196716309, "total_time": 0.901442289352417, "value_loss": 2.4274799823760986, "action_loss": -2.114070177078247, "action_probs": [[0.22786476175485637, 0.2517025055110748, 0.24728184917616042, 0.27315088355790834], [0.4576314297409288, 0.3087460707809801, 0.1395043544245489, 0.09411814505354232], [0.19605331940595438, 0.7427698338518643, 0.012775487942509493, 0.04840135879967188], [0.0028425878106095818, 0.1982366237369701, 0.01129406902592752, 0.7876267194264929], [0.39751828172690507, 0.45740089123273125, 0.06745933756164173, 0.07762148947872195], [0.902694605621291, 0.05141200983717772, 0.043420420724613606, 0.0024729638169176823], [0.03326838748518518, 0.31640083879810316, 0.0618740642507089, 0.5884567094660028], [0.0953804812050054, 0.7576740371952907, 0.016430052761650268, 0.13051542883805362], [0.059555599813463124, 0.8472294773057707, 0.006122146012113698, 0.08709277686865234], [0.004248908353561924, 0.01860771960462118, 0.18164501971559294, 0.7954983523262241], [0.12243782086144077, 0.0005393824164584197, 0.8731761433361388, 0.003846653385962164], [0.08920894275283345, 0.4205333474738848, 0.08579898667196659, 0.40445872310131514], [0.8164535009100009, 0.0879665892472216, 0.08628352339478902, 0.00929638644798843], [0.6782726060372979, 0.10528002636352492, 0.18736497590669401, 0.029082391692483073], [0.06169508848193809, 0.840180569233918, 0.006712444146440797, 0.09141189813770319], [0.274792334831128, 0.6200622359854833, 0.03228810459755217, 0.07285732458583652]], "state_values": [-0.13683869910083332, 1.3628679794738778, 0.695057243684407, 3.3419471180081888, 1.4390748050450006, 1.9073530642943874, 3.3458161991161943, 4.788399035857091, 0.35727993889201376, 4.9878682081372006, 2.2666681899180103, 2.40869269216734, 2.1001867248924846, 2.7246289990773063, 1.1483080212012398, 2.9849041232354705], "value_grad": [0.5425200462341309, 0.7286399602890015, -1.1484001874923706, 0.6890403032302856, -0.003960132598876953, -0.1940401792526245, -0.12672030925750732, -0.6138001680374146, 0.3247199058532715, -0.1584000587463379, 1.0335599184036255, -0.82368004322052, -0.05544006824493408, -0.38808000087738037, 0.4752002954483032, 0.7128002643585205], "action_grad": [[0.0, 0.0, 0.0], [0.0, 0.0, 0.0], [0.0, 0.0, 0.0], [0.0, 0.0, 0.0], [0.0, 0.0, 0.0], [0.0, 0.0, 0.0], [0.0, 0.0, 0.0], [0.0, 0.0, 0.0], [0.0, 0.0, 0.0], [0.0, 0.0, 0.0], [0.0, 0.0, 0.0], [0.0, 0.0, 0.0], [0.0, 0.0, 0.0], [0.0, 0.0, 0.0], [0.0, 0.0, 0.0], [0.0, 0.0, 0.0]], "action_params_change": 0, "value_params_change": 0.3800142474368793}
{"iterations": 1, "type_itr": 0, "sub_iteration": 7, "sub_it_time": 0.12712836265563965, "total_time": 1.0300953388214111, "value_loss": 1.5285600423812866, "action_loss": -2.1191413402557373, "action_probs": [[0.22786476175485637, 0.2517025055110748, 0.24728184917616042, 0.27315088355790834], [0.4576314297409288, 0.3087460707809801, 0.1395043544245489, 0.09411814505354232], [0.19605331940595438, 0.7427698338518643, 0.012775487942509493, 0.04840135879967188], [0.0028425878106095818, 0.1982366237369701, 0.01129406902592752, 0.7876267194264929], [0.39751828172690507, 0.45740089123273125, 0.06745933756164173, 0.07762148947872195], [0.902694605621291, 0.05141200983717772, 0.043420420724613606, 0.0024729638169176823], [0.03326838748518518, 0.31640083879810316, 0.0618740642507089, 0.5884567094660028], [0.0953804812050054, 0.7576740371952907, 0.016430052761650268, 0.13051542883805362], [0.059555599813463124, 0.8472294773057707, 0.006122146012113698, 0.08709277686865234], [0.004248908353561924, 0.01860771960462118, 0.18164501971559294, 0.7954983523262241], [0.12243782086144077, 0.0005393824164584197, 0.8731761433361388, 0.003846653385962164], [0.08920894275283345, 0.4205333474738848, 0.08579898667196659, 0.40445872310131514], [0.8164535009100009, 0.0879665892472216, 0.08628352339478902, 0.00929638644798843], [0.6782726060372979, 0.10528002636352492, 0.18736497590669401, 0.029082391692483073], [0.06169508848193809, 0.840180569233918, 0.006712444146440797, 0.09141189813770319], [0.274792334831128, 0.6200622359854833, 0.03228810459755217, 0.07285732458583652]], "state_values": [-1.0239155354857552, 1.3382569360336753, 1.217413307938356, 3.643405205775078, 1.4767337053421263, 1.462268512478928, 3.246344980101139, 4.842668958419287, -0.012283765783413609, 4.993805469476289, 2.983030439684573, 1.7841734049616789, 2.398789365190668, 2.468935127095572, 1.329627005978077, 2.090885276792878], "value_grad": [1.4612400531768799, 0.6019196510314941, -0.14652001857757568, -0.66131991147995, 0.28115999698638916, 1.0137600898742676, -0.11088013648986816, -0.1663200855255127, -0.3960001468658447, -1.5404402017593384, -0.3762003183364868, -1.4335200786590576, 0.3207598924636841, 0.4910399913787842, 0.9464401006698608, 2.415600061416626], "action_grad": [[0.0, 0.0, 0.0], [0.0, 0.0, 0.0], [0.0, 0.0, 0.0], [0.0, 0.0, 0.0], [0.0, 0.0, 0.0], [0.0, 0.0, 0.0], [0.0, 0.0, 0.0], [0.0, 0.0, 0.0], [0.0, 0.0, 0.0], [0.0, 0.0, 0.0], [0.0, 0.0, 0.0], [0.0, 0.0, 0.0], [0.0, 0.0, 0.0], [0.0, 0.0, 0.0], [0.0, 0.0, 0.0], [0.0, 0.0, 0.0]], "action_params_change": 0, "value_params_change": 0.41658981250543103}
{"iterations": 1, "type_itr": 0, "sub_iteration": 8, "sub_it_time": 0.12663936614990234, "total_time": 1.1586439609527588, "value_loss": 0.7999200224876404, "action_loss": -1.9624831676483154, "action_probs": [[0.22786476175485637, 0.2517025055110748, 0.24728184917616042, 0.27315088355790834], [0.4576314297409288, 0.3087460707809801, 0.1395043544245489, 0.09411814505354232], [0.19605331940595438, 0.7427698338518643, 0.012775487942509493, 0.04840135879967188], [0.0028425878106095818, 0.1982366237369701, 0.01129406902592752, 0.7876267194264929], [0.39751828172690507, 0.45740089123273125, 0.06745933756164173, 0.07762148947872195], [0.902694605621291, 0.05141200983717772, 0.043420420724613606, 0.0024729638169176823], [0.03326838748518518, 0.31640083879810316, 0.0618740642507089, 0.5884567094660028], [0.0953804812050054, 0.7576740371952907, 0.016430052761650268, 0.13051542883805362], [0.059555599813463124, 0.8472294773057707, 0.006122146012113698, 0.08709277686865234], [0.004248908353561924, 0.01860771960462118, 0.18164501971559294, 0.7954983523262241], [0.12243782086144077, 0.0005393824164584197, 0.8731761433361388, 0.003846653385962164], [0.08920894275283345, 0.4205333474738848, 0.08579898667196659, 0.40445872310131514], [0.8164535009100009, 0.0879665892472216, 0.08628352339478902, 0.00929638644798843], [0.6782726060372979, 0.10528002636352492, 0.18736497590669401, 0.029082391692483073], [0.06169508848193809, 0.840180569233918, 0.006712444146440797, 0.09141189813770319], [0.274792334831128, 0.6200622359854833, 0.03228810459755217, 0.07285732458583652]], "state_values": [-1.7745626001218076, 1.4958129333445855, 1.7349404350444766, 3.941728424560218, 1.1093813433078588, 0.8685569607975029, 3.041115593565573, 4.885305197392974, 0.12074128255150514, 4.99711638382866, 3.460911273641254, 1.0349940171176892, 2.721579335420919, 2.100605674173135, 1.4802969234257477, 1.164083525071466], "value_grad": [-0.043560147285461426, -0.8514000177383423, -0.28511977195739746, 0.40788018703460693, -1.0256400108337402, -1.2592798471450806, 0.8672399520874023, -0.019800007343292236, -1.4453999996185303, -0.047519803047180176, 0.9583200216293335, -0.6652799844741821, 0.3643200397491455, 0.7167600393295288, -0.03564012050628662, 0.40392041206359863], "action_grad": [[0.0, 0.0, 0.0], [0.0, 0.0, 0.0], [0.0, 0.0, 0.0], [0.0, 0.0, 0.0], [0.0, 0.0, 0.0], [0.0, 0.0, 0.0], [0.0, 0.0, 0.0], [0.0, 0.0, 0.0], [0.0, 0.0, 0.0], [0.0, 0.0, 0.0], [0.0, 0.0, 0.0], [0.0, 0.0, 0.0], [0.0, 0.0, 0.0], [0.0, 0.0, 0.0], [0.0, 0.0, 0.0], [0.0, 0.0, 0.0]], "action_params_change": 0, "value_params_change": 0.392929147223553}
{"iterations": 1, "type_itr": 0, "sub_iteration": 9, "sub_it_time": 0.1274738311767578, "total_time": 1.2877237796783447, "value_loss": 2.2413599491119385, "action_loss": -1.875732421875, "action_probs": [[0.22786476175485637, 0.2517025055110748, 0.24728184917616042, 0.27315088355790834], [0.4576314297409288, 0.3087460707809801, 0.1395043544245489, 0.09411814505354232], [0.19605331940595438, 0.7427698338518643, 0.012775487942509493, 0.04840135879967188], [0.0028425878106095818, 0.1982366237369701, 0.01129406902592752, 0.7876267194264929], [0.39751828172690507, 0.45740089123273125, 0.06745933756164173, 0.07762148947872195], [0.902694605621291, 0.05141200983717772, 0.043420420724613606, 0.0024729638169176823], [0.03326838748518518, 0.31640083879810316, 0.0618740642507089, 0.5884567094660028], [0.0953804812050054, 0.7576740371952907, 0.016430052761650268, 0.13051542883805362], [0.059555599813463124, 0.8472294773057707, 0.006122146012113698, 0.08709277686865234], [0.004248908353561924, 0.01860771960462118, 0.18164501971559294, 0.7954983523262241], [0.12243782086144077, 0.0005393824164584197, 0.8731761433361388, 0.003846653385962164], [0.08920894275283345, 0.4205333474738848, 0.08579898667196659, 0.40445872310131514], [0.8164535009100009, 0.0879665892472216, 0.08628352339478902, 0.00929638644798843], [0.6782726060372979, 0.10528002636352492, 0.18736497590669401, 0.029082391692483073], [0.06169508848193809, 0.840180569233918, 0.006712444146440797, 0.09141189813770319], [0.274792334831128, 0.6200622359854833, 0.03228810459755217, 0.07285732458583652]], "state_values": [-2.1918875490879004, 1.7815700349513992, 2.278417441015139, 4.176788541513549, 0.5419961016426085, 0.4561592201646938, 2.811184113686249, 4.962056272859612, 0.3234441414817494, 4.996661548558009, 3.81886234345443, 0.39250583462286737, 2.841960401218618, 1.5271890589665804, 1.4309894553046418, 0.22222756561044885], "value_grad": [-0.8672397136688232, -0.7721999883651733, -0.4831199645996094, -0.027720093727111816, -0.7761598825454712, 0.7009199857711792, 0.28512001037597656, -1.4453999996185303, -0.32471978664398193, 1.7265599966049194, 0.304919958114624, 0.15047991275787354, -0.8276400566101074, 1.528559684753418, -0.7642800807952881, 0.5544002056121826], "action_grad": [[0.0, 0.0, 0.0], [0.0, 0.0, 0.0], [0.0, 0.0, 0.0], [0.0, 0.0, 0.0], [0.0, 0.0, 0.0], [0.0, 0.0, 0.0], [0.0, 0.0, 0.0], [0.0, 0.0, 0.0], [0.0, 0.0, 0.0], [0.0, 0.0, 0.0], [0.0, 0.0, 0.0], [0.0, 0.0, 0.0], [0.0, 0.0, 0.0], [0.0, 0.0, 0.0], [0.0, 0.0, 0.0], [0.0, 0.0, 0.0]], "action_params_change": 0, "value_params_change": 0.38102563544195256}
{"iterations": 1, "type_itr": 0, "sub_iteration": 10, "sub_it_time": 0.1288437843322754, "total_time": 1.4181947708129883, "value_loss": 1.9958401918411255, "action_loss": -1.7859030961990356, "action_probs": [[0.22786476175485637, 0.2517025055110748, 0.24728184917616042, 0.27315088355790834], [0.4576314297409288, 0.3087460707809801, 0.1395043544245489, 0.09411814505354232], [0.19605331940595438, 0.7427698338518643, 0.012775487942509493, 0.04840135879967188], [0.0028425878106095818, 0.1982366237369701, 0.01129406902592752, 0.7876267194264929], [0.39751828172690507, 0.45740089123273125, 0.06745933756164173, 0.07762148947872195], [0.902694605621291, 0.05141200983717772, 0.043420420724613606, 0.0024729638169176823], [0.03326838748518518, 0.31640083879810316, 0.0618740642507089, 0.5884567094660028], [0.0953804812050054, 0.7576740371952907, 0.016430052761650268, 0.13051542883805362], [0.059555599813463124, 0.8472294773057707, 0.006122146012113698, 0.08709277686865234], [0.004248908353561924, 0.01860771960462118, 0.18164501971559294, 0.7954983523262241], [0.12243782086144077, 0.0005393824164584197, 0.8731761433361388, 0.003846653385962164], [0.08920894275283345, 0.4205333474738848, 0.08579898667196659, 0.40445872310131514], [0.8164535009100009, 0.0879665892472216, 0.08628352339478902, 0.00929638644798843], [0.6782726060372979, 0.10528002636352492, 0.18736497590669401, 0.029082391692483073], [0.06169508848193809, 0.840180569233918, 0.006712444146440797, 0.09141189813770319], [0.274792334831128, 0.6200622359854833, 0.03228810459755217, 0.07285732458583652]], "state_values": [-2.667859150346799, 1.894952144714301, 2.7638880183845775, 4.3820550977775286, -0.15885109203070552, 0.19665478733152855, 2.526718991202309, 4.99859798563561, 0.34284010456017755, 4.965948908480764, 3.9474266839352596, 0.4870539251681404, 3.1064476747745573, 0.8623437018757791, 1.4022613081969135, -0.6832493213123061], "value_grad": [0.6652803421020508, 0.7009201049804688, -0.12671995162963867, 0.1742398738861084, -0.6850802898406982, 0.6454801559448242, 0.5029197931289673, -0.43560004234313965, 0.617760419845581, 0.534600019454956, 2.181960105895996, 2.3958001136779785, 1.0414799451828003, 0.8197199106216431, 0.06731998920440674, 0.38411998748779297], "action_grad": [[0.0, 0.0, 0.0], [0.0, 0.0, 0.0], [0.0, 0.0, 0.0], [0.0, 0.0, 0.0], [0.0, 0.0, 0.0], [0.0, 0.0, 0.0], [0.0, 0.0, 0.0], [0.0, 0.0, 0.0], [0.0, 0.0, 0.0], [0.0, 0.0, 0.0], [0.0, 0.0, 0.0], [0.0, 0.0, 0.0], [0.0, 0.0, 0.0], [0.0, 0.0, 0.0], [0.0, 0.0, 0.0], [0.0, 0.0, 0.0]], "action_params_change": 0, "value_params_change": 0.3630778371952461}
{"iterations": 1, "type_itr": 0, "sub_iteration": 11, "sub_it_time": 0.1260523796081543, "total_time": 1.5460524559020996, "value_loss": 1.3503599166870117, "action_loss": -1.7006012201309204, "action_probs": [[0.22786476175485637, 0.2517025055110748, 0.24728184917616042, 0.27315088355790834], [0.4576314297409288, 0.3087460707809801, 0.1395043544245489, 0.09411814505354232], [0.19605331940595438, 0.7427698338518643, 0.012775487942509493, 0.04840135879967188], [0.0028425878106095818, 0.1982366237369701, 0.01129406902592752, 0.7876267194264929], [0.39751828172690507, 0.45740089123273125, 0.06745933756164173, 0.07762148947872195], [0.902694605621291, 0.05141200983717772, 0.043420420724613606, 0.0024729638169176823], [0.03326838748518518, 0.31640083879810316, 0.0618740642507089, 0.5884567094660028], [0.0953804812050054, 0.7576740371952907, 0.016430052761650268, 0.13051542883805362], [0.059555599813463124, 0.8472294773057707, 0.006122146012113698, 0.08709277686865234], [0.004248908353561924, 0.01860771960462118, 0.18164501971559294, 0.7954983523262241], [0.12243782086144077, 0.0005393824164584197, 0.8731761433361388, 0.003846653385962164], [0.08920894275283345, 0.4205333474738848, 0.08579898667196659, 0.40445872310131514], [0.8164535009100009, 0.0879665892472216, 0.08628352339478902, 0.00929638644798843], [0.6782726060372979, 0.10528002636352492, 0.18736497590669401, 0.029082391692483073], [0.06169508848193809, 0.840180569233918, 0.006712444146440797, 0.09141189813770319], [0.274792334831128, 0.6200622359854833, 0.03228810459755217, 0.07285732458583652]], "state_values": [-2.8462164142973023, 2.133911014432185, 3.2136808330205673, 4.64243286662654, -0.732482360600768, 0.1421669461941618, 2.1080281931200213, 4.998617308985107, 0.545059542109935, 4.897250443939829, 4.010447480056984, 0.5962353043619228, 3.3828940064737645, 0.24459080846115597, 1.2295290306858353, -1.4669166122522368], "value_grad": [-1.1404800415039062, -0.7959600687026978, -0.23759984970092773, 1.623599886894226, 0.16235947608947754, 1.069199800491333, 1.152359962463379, 0.9266402721405029, -0.7761600017547607, 0.4474802017211914, 0.7484402656555176, 0.12671995162963867, 0.35243988037109375, 0.03168034553527832, -0.6573599576950073, -0.0831599235534668], "action_grad": [[0.0, 0.0, 0.0], [0.0, 0.0, 0.0], [0.0, 0.0, 0.0], [0.0, 0.0, 0.0], [0.0, 0.0, 0.0], [0.0, 0.0, 0.0], [0.0, 0.0, 0.0], [0.0, 0.0, 0.0], [0.0, 0.0, 0.0], [0.0, 0.0, 0.0], [0.0, 0.0, 0.0], [0.0, 0.0, 0.0], [0.0, 0.0, 0.0], [0.0, 0.0, 0.0], [0.0, 0.0, 0.0], [0.0, 0.0, 0.0]], "action_params_change": 0, "value_params_change": 0.3213704499791641}
{"iterations": 1, "type_itr": 0, "sub_iteration": 12, "sub_it_time": 0.12666559219360352, "total_time": 1.674358606338501, "value_loss": 2.181960105895996, "action_loss": -1.6489856243133545, "action_probs": [[0.22786476175485637, 0.2517025055110748, 0.24728184917616042, 0.27315088355790834], [0.4576314297409288, 0.3087460707809801, 0.1395043544245489, 0.09411814505354232], [0.19605331940595438, 0.7427698338518643, 0.012775487942509493, 0.04840135879967188], [0.0028425878106095818, 0.1982366237369701, 0.01129406902592752, 0.7876267194264929], [0.39751828172690507, 0.45740089123273125, 0.06745933756164173, 0.07762148947872195], [0.902694605621291, 0.05141200983717772, 0.043420420724613606, 0.0024729638169176823], [0.03326838748518518, 0.31640083879810316, 0.0618740642507089, 0.5884567094660028], [0.0953804812050054, 0.7576740371952907, 0.016430052761650268, 0.13051542883805362], [0.059555599813463124, 0.8472294773057707, 0.006122146012113698, 0.08709277686865234], [0.004248908353561924, 0.01860771960462118, 0.18164501971559294, 0.7954983523262241], [0.12243782086144077, 0.0005393824164584197, 0.8731761433361388, 0.003846653385962164], [0.08920894275283345, 0.4205333474738848, 0.08579898667196659, 0.40445872310131514], [0.8164535009100009, 0.0879665892472216, 0.08628352339478902, 0.00929638644798843], [0.6782726060372979, 0.10528002636352492, 0.18736497590669401, 0.029082391692483073], [0.06169508848193809, 0.840180569233918, 0.006712444146440797, 0.09141189813770319], [0.274792334831128, 0.6200622359854833, 0.03228810459755217, 0.07285732458583652]], "state_values": [-2.998596210721473, 2.0917245558705178, 3.6107888016737277, 4.83602765022005, -1.440918178633459, 0.11131319525028772, 1.877404376083232, 4.967049489984777, 0.8541675876577685, 4.796687744912855, 3.9748381144437808, 0.810188875061451, 3.5970680487541196, -0.15595738944603027, 1.3280155414786412, -2.0532277226208517], "value_grad": [-0.023759841918945312, 1.4691603183746338, -0.1583998203277588, 0.3959999084472656, -0.875159740447998, 0.11484003067016602, -1.029599905014038, -1.4493601322174072, -0.5702400207519531, 0.16236019134521484, 1.484999656677246, 0.6256799697875977, -0.14256000518798828, -0.803879976272583, 1.1721599102020264, -0.5979595184326172], "action_grad": [[0.0, 0.0, 0.0], [0.0, 0.0, 0.0], [0.0, 0.0, 0.0], [0.0, 0.0, 0.0], [0.0, 0.0, 0.0], [0.0, 0.0, 0.0], [0.0, 0.0, 0.0], [0.0, 0.0, 0.0], [0.0, 0.0, 0.0], [0.0, 0.0, 0.0], [0.0, 0.0, 0.0], [0.0, 0.0, 0.0], [0.0, 0.0, 0.0], [0.0, 0.0, 0.0], [0.0, 0.0, 0.0], [0.0, 0.0, 0.0]], "action_params_change": 0, "value_params_change": 0.29060772117677347}
{"iterations": 1, "type_itr": 0, "sub_iteration": 13, "sub_it_time": 0.12833237648010254, "total_time": 1.8042879104614258, "value_loss": 3.1204802989959717, "action_loss": -1.6261661052703857, "action_probs": [[0.22786476175485637, 0.2517025055110748, 0.24728184917616042, 0.27315088355790834], [0.4576314297409288, 0.3087460707809801, 0.1395043544245489, 0.09411814505354232], [0.19605331940595438, 0.7427698338518643, 0.012775487942509493, 0.04840135879967188], [0.0028425878106095818, 0.1982366237369701, 0.01129406902592752, 0.7876267194264929], [0.39751828172690507, 0.45740089123273125, 0.06745933756164173, 0.07762148947872195], [0.902694605621291, 0.05141200983717772, 0.043420420724613606, 0.0024729638169176823], [0.03326838748518518, 0.31640083879810316, 0.0618740642507089, 0.5884567094660028], [0.0953804812050054, 0.7576740371952907, 0.016430052761650268, 0.13051542883805362], [0.059555599813463124, 0.8472294773057707, 0.006122146012113698, 0.08709277686865234], [0.004248908353561924, 0.01860771960462118, 0.18164501971559294, 0.7954983523262241], [0.12243782086144077, 0.0005393824164584197, 0.8731761433361388, 0.003846653385962164], [0.08920894275283345, 0.4205333474738848, 0.08579898667196659, 0.40445872310131514], [0.8164535009100009, 0.0879665892472216, 0.08628352339478902, 0.00929638644798843], [0.6782726060372979, 0.10528002636352492, 0.18736497590669401, 0.029082391692483073], [0.06169508848193809, 0.840180569233918, 0.006712444146440797, 0.09141189813770319], [0.274792334831128, 0.6200622359854833, 0.03228810459755217, 0.07285732458583652]], "state_values": [-3.197797902389489, 1.9410414118876627, 3.9435813208279966, 4.927220640682402, -1.8331564717234334, 0.05191211581900259, 1.7006793110497798, 4.8803952842440586, 0.7979825741464679, 4.612371464286662, 3.9765163741494525, 0.9992213235226386, 3.522927348956018, -0.6024772995861696, 1.6675024900892483, -2.3452598955747774], "value_grad": [0.4158000946044922, 0.7128000259399414, -0.07128000259399414, -0.6533997058868408, 0.7325999736785889, -0.19800019264221191, -0.24155950546264648, -0.6454799175262451, 1.4770801067352295, 1.2553205490112305, -0.5543997287750244, -0.015840530395507812, -1.9997999668121338, 0.5068798065185547, 1.4414401054382324, -1.469160556793213], "action_grad": [[0.0, 0.0, 0.0], [0.0, 0.0, 0.0], [0.0, 0.0, 0.0], [0.0, 0.0, 0.0], [0.0, 0.0, 0.0], [0.0, 0.0, 0.0], [0.0, 0.0, 0.0], [0.0, 0.0, 0.0], [0.0, 0.0, 0.0], [0.0, 0.0, 0.0], [0.0, 0.0, 0.0], [0.0, 0.0, 0.0], [0.0, 0.0, 0.0], [0.0, 0.0, 0.0], [0.0, 0.0, 0.0], [0.0, 0.0, 0.0]], "action_params_change": 0, "value_params_change": 0.22040906937292426}
