{"iterations": 0, "type_itr": 0, "sub_iteration": 0, "sub_it_time": 0, "total_time": 0, "value_loss": 0, "action_loss": 0, "action_probs": [[0.02322958971792615, 0.2186616423334825, 0.07280361297785909, 0.6853051549707323], [0.03326033706786212, 0.16542684317300735, 0.1341401818158446, 0.6671726379432857], [0.445882556359183, 0.546682262127741, 0.00334005163017839, 0.004095129882897841], [0.11801240821174154, 0.3782574468680208, 0.11978645666747657, 0.3839436882527613], [0.0005613091342334367, 0.0034942847325688665, 0.13784237542306904, 0.8581020307101285], [0.033124564830800805, 0.4227901984923183, 0.039530605599213404, 0.5045546310776676], [0.11196261358910828, 0.1847345953815452, 0.2654006045468015, 0.4379021864825453], [0.7627160293750188, 0.005596967733934779, 0.22999922110883939, 0.0016877817822068546], [0.2822550560689377, 0.2741041316192641, 0.22507017970504364, 0.21857063260675463], [5.729632493340548e-10, 0.01934464760196728, 2.9045732534266698e-08, 0.9806553227793371], [0.23978819812444824, 0.0797827356657031, 0.51055600646428, 0.16987305974556868], [0.0032740413898989244, 0.13856095970381285, 0.019809410259216467, 0.8383555886470717], [0.1903126493150046, 0.17799909568272845, 0.3264035616116276, 0.30528469339063935], [0.006836074186318994, 0.00801409947503357, 0.45350023852023286, 0.5316495878184146], [0.5315318437941292, 0.2455491479909389, 0.15247902433059898, 0.07043998388433292], [0.08713594425096009, 0.24795075496858107, 0.1729040527226906, 0.4920092480577682]], "state_values": [-1.9788844985221459, 4.598703961351242, 4.419039147151593, -4.859890700767788, 0.10838008451971093, -4.595733920665729, 3.5448447335658044, -3.2248209741034572, 4.277583256126318, 1.9957904716005785, 2.413539789475021, 1.8739742916785347, -1.053735901852027, 4.694730781314387, 0.793632387267291, -2.2411022704067673], "value_grad": [0.0, 0.0, 0.0, 0.0, 0.0, 0.0, 0.0, 0.0, 0.0, 0.0, 0.0, 0.0, 0.0, 0.0, 0.0, 0.0], "action_grad": [[0.0, 0.0, 0.0], [0.0, 0.0, 0.0], [0.0, 0.0, 0.0], [0.0, 0.0, 0.0], [0.0, 0.0, 0.0], [0.0, 0.0, 0.0], [0.0, 0.0, 0.0], [0.0, 0.0, 0.0], [0.0, 0.0, 0.0], [0.0, 0.0, 0.0], [0.0, 0.0, 0.0], [0.0, 0.0, 0.0], [0.0, 0.0, 0.0], [0.0, 0.0, 0.0], [0.0, 0.0, 0.0], [0.0, 0.0, 0.0]], "action_params_change": 0, "value_params_change": 0}
{"iterations": 1, "type_itr": 0, "sub_iteration": 0, "sub_it_time": 2.5715105533599854, "total_time": 2.572946548461914, "value_loss": 11.212958094840552, "action_loss": -0.25868070923380493, "action_probs": [[0.02322958971792615, 0.2186616423334825, 0.07280361297785909, 0.6853051549707323], [0.03326033706786212, 0.16542684317300735, 0.1341401818158446, 0.6671726379432857], [0.445882556359183, 0.546682262127741, 0.00334005163017839, 0.004095129882897841], [0.11801240821174154, 0.3782574468680208, 0.11978645666747657, 0.3839436882527613], [0.0005613091342334367, 0.0034942847325688665, 0.13784237542306904, 0.8581020307101285], [0.033124564830800805, 0.4227901984923183, 0.039530605599213404, 0.5045546310776676], [0.11196261358910828, 0.1847345953815452, 0.2654006045468015, 0.4379021864825453], [0.7627160293750188, 0.005596967733934779, 0.22999922110883939, 0.0016877817822068546], [0.2822550560689377, 0.2741041316192641, 0.22507017970504364, 0.21857063260675463], [5.729632493340548e-10, 0.01934464760196728, 2.9045732534266698e-08, 0.9806553227793371], [0.23978819812444824, 0.0797827356657031, 0.51055600646428, 0.16987305974556868], [0.0032740413898989244, 0.13856095970381285, 0.019809410259216467, 0.8383555886470717], [0.1903126493150046, 0.17799909568272845, 0.3264035616116276, 0.30528469339063935], [0.006836074186318994, 0.00801409947503357, 0.45350023852023286, 0.5316495878184146], [0.5315318437941292, 0.2455491479909389, 0.15247902433059898, 0.07043998388433292], [0.08713594425096009, 0.24795075496858107, 0.1729040527226906, 0.4920092480577682]], "state_values": [-0.7813528431875427, 3.970178630927098, 3.702922093703796, -4.418020706114264, -1.131718024042805, -3.965582781791672, 2.562248635329862, -2.179222869342015, 3.5041052701886644, 0.7995449584995445, 1.255149825867531, 0.6688664371568239, 0.18825925775086758, 4.1231688627753975, 0.793632387267291, -1.065631333214139], "value_grad": [-0.1137090487632868, 0.8149963773723528, 0.6254456845818108, 0.17057616164674982, 0.03790259678553021, -1.1561815247083107, -1.2887779686194687, 0.09475884842753146, 0.7202081368080755, 0.1137090487632868, 0.246371634334416, -0.09475727890350427, 1.004426085410019, 0.49278211136983785, 0.0, 0.6822614970564498], "action_grad": [[0.0, 0.0, 0.0], [0.0, 0.0, 0.0], [0.0, 0.0, 0.0], [0.0, 0.0, 0.0], [0.0, 0.0, 0.0], [0.0, 0.0, 0.0], [0.0, 0.0, 0.0], [0.0, 0.0, 0.0], [0.0, 0.0, 0.0], [0.0, 0.0, 0.0], [0.0, 0.0, 0.0], [0.0, 0.0, 0.0], [0.0, 0.0, 0.0], [0.0, 0.0, 0.0], [0.0, 0.0, 0.0], [0.0, 0.0, 0.0]], "action_params_change": 0, "value_params_change": 0.49999999612035584}
{"iterations": 1, "type_itr": 0, "sub_iteration": 1, "sub_it_time": 4.513044595718384, "total_time": 7.087745428085327, "value_loss": 7.136066821099796, "action_loss": -0.1658120005737344, "action_probs": [[0.02322958971792615, 0.2186616423334825, 0.07280361297785909, 0.6853051549707323], [0.03326033706786212, 0.16542684317300735, 0.1341401818158446, 0.6671726379432857], [0.445882556359183, 0.546682262127741, 0.00334005163017839, 0.004095129882897841], [0.11801240821174154, 0.3782574468680208, 0.11978645666747657, 0.3839436882527613], [0.0005613091342334367, 0.0034942847325688665, 0.13784237542306904, 0.8581020307101285], [0.033124564830800805, 0.4227901984923183, 0.039530605599213404, 0.5045546310776676], [0.11196261358910828, 0.1847345953815452, 0.2654006045468015, 0.4379021864825453], [0.7627160293750188, 0.005596967733934779, 0.22999922110883939, 0.0016877817822068546], [0.2822550560689377, 0.2741041316192641, 0.22507017970504364, 0.21857063260675463], [5.729632493340548e-10, 0.01934464760196728, 2.9045732534266698e-08, 0.9806553227793371], [0.23978819812444824, 0.0797827356657031, 0.51055600646428, 0.16987305974556868], [0.0032740413898989244, 0.13856095970381285, 0.019809410259216467, 0.8383555886470717], [0.1903126493150046, 0.17799909568272845, 0.3264035616116276, 0.30528469339063935], [0.006836074186318994, 0.00801409947503357, 0.45350023852023286, 0.5316495878184146], [0.5315318437941292, 0.2455491479909389, 0.15247902433059898, 0.07043998388433292], [0.08713594425096009, 0.24795075496858107, 0.1729040527226906, 0.4920092480577682]], "state_values": [0.3804653487853347, 3.095894813773009, 2.7567994760643133, -3.720776648682449, -0.3092739986216028, -3.087818906816738, 1.423548802055621, -0.9974028780326885, 2.512306862331941, -0.3620924127119155, 0.19432253602870447, -0.5344439936709491, 1.3686386615769106, 3.298200701982965, 1.693029141721968, 0.08096380045480751], "value_grad": [-0.05690974042936592, 1.0433987257839128, 0.7777960088447662, 0.3035318886385694, -0.3414590093751606, -1.3469410633668062, -1.1951322782048637, 0.11382049038900366, 0.872647523620433, 0.05690974042936592, 0.07587978881207569, -0.1897034852171826, 0.6070359129961833, 0.6639769040494432, 0.05690953737231652, 0.3224884945164401], "action_grad": [[0.0, 0.0, 0.0], [0.0, 0.0, 0.0], [0.0, 0.0, 0.0], [0.0, 0.0, 0.0], [0.0, 0.0, 0.0], [0.0, 0.0, 0.0], [0.0, 0.0, 0.0], [0.0, 0.0, 0.0], [0.0, 0.0, 0.0], [0.0, 0.0, 0.0], [0.0, 0.0, 0.0], [0.0, 0.0, 0.0], [0.0, 0.0, 0.0], [0.0, 0.0, 0.0], [0.0, 0.0, 0.0], [0.0, 0.0, 0.0]], "action_params_change": 0, "value_params_change": 0.50053507140343}
{"iterations": 1, "type_itr": 0, "sub_iteration": 2, "sub_it_time": 4.09677267074585, "total_time": 11.186222791671753, "value_loss": 3.701471758361972, "action_loss": -0.21094724126502587, "action_probs": [[0.02322958971792615, 0.2186616423334825, 0.07280361297785909, 0.6853051549707323], [0.03326033706786212, 0.16542684317300735, 0.1341401818158446, 0.6671726379432857], [0.445882556359183, 0.546682262127741, 0.00334005163017839, 0.004095129882897841], [0.11801240821174154, 0.3782574468680208, 0.11978645666747657, 0.3839436882527613], [0.0005613091342334367, 0.0034942847325688665, 0.13784237542306904, 0.8581020307101285], [0.033124564830800805, 0.4227901984923183, 0.039530605599213404, 0.5045546310776676], [0.11196261358910828, 0.1847345953815452, 0.2654006045468015, 0.4379021864825453], [0.7627160293750188, 0.005596967733934779, 0.22999922110883939, 0.0016877817822068546], [0.2822550560689377, 0.2741041316192641, 0.22507017970504364, 0.21857063260675463], [5.729632493340548e-10, 0.01934464760196728, 2.9045732534266698e-08, 0.9806553227793371], [0.23978819812444824, 0.0797827356657031, 0.51055600646428, 0.16987305974556868], [0.0032740413898989244, 0.13856095970381285, 0.019809410259216467, 0.8383555886470717], [0.1903126493150046, 0.17799909568272845, 0.3264035616116276, 0.30528469339063935], [0.006836074186318994, 0.00801409947503357, 0.45350023852023286, 0.5316495878184146], [0.5315318437941292, 0.2455491479909389, 0.15247902433059898, 0.07043998388433292], [0.08713594425096009, 0.24795075496858107, 0.1729040527226906, 0.4920092480577682]], "state_values": [1.0084194130595416, 2.0285533538973826, 1.650632783220884, -2.81841339802649, -0.6293939113462133, -2.0162291743889784, 0.2275962542966837, 0.1848907970374503, 1.3719235039027065, -0.8536932951963305, 0.052071131634809004, -1.2975589406779329, 2.32471200866344, 2.269302223595633, 1.049723862627037, 1.0898662519944047], "value_grad": [0.03795854806092569, 0.9489786935454902, 0.5883687371230875, 0.47449011879360814, 0.5314350690822085, -1.3285713619150643, -0.8540707088795334, 0.05693787609170986, 0.7022400241038134, -0.056937876091644135, -0.20877180609798662, 0.03795854806092569, 0.17081362356445284, 0.5693865260283348, -0.3416281845950353, 0.13285478936217832], "action_grad": [[0.0, 0.0, 0.0], [0.0, 0.0, 0.0], [0.0, 0.0, 0.0], [0.0, 0.0, 0.0], [0.0, 0.0, 0.0], [0.0, 0.0, 0.0], [0.0, 0.0, 0.0], [0.0, 0.0, 0.0], [0.0, 0.0, 0.0], [0.0, 0.0, 0.0], [0.0, 0.0, 0.0], [0.0, 0.0, 0.0], [0.0, 0.0, 0.0], [0.0, 0.0, 0.0], [0.0, 0.0, 0.0], [0.0, 0.0, 0.0]], "action_params_change": 0, "value_params_change": 0.5011607382253178}
{"iterations": 1, "type_itr": 0, "sub_iteration": 3, "sub_it_time": 3.184746742248535, "total_time": 14.37265396118164, "value_loss": 1.4806611549581457, "action_loss": -0.18230426013861356, "action_probs": [[0.02322958971792615, 0.2186616423334825, 0.07280361297785909, 0.6853051549707323], [0.03326033706786212, 0.16542684317300735, 0.1341401818158446, 0.6671726379432857], [0.445882556359183, 0.546682262127741, 0.00334005163017839, 0.004095129882897841], [0.11801240821174154, 0.3782574468680208, 0.11978645666747657, 0.3839436882527613], [0.0005613091342334367, 0.0034942847325688665, 0.13784237542306904, 0.8581020307101285], [0.033124564830800805, 0.4227901984923183, 0.039530605599213404, 0.5045546310776676], [0.11196261358910828, 0.1847345953815452, 0.2654006045468015, 0.4379021864825453], [0.7627160293750188, 0.005596967733934779, 0.22999922110883939, 0.0016877817822068546], [0.2822550560689377, 0.2741041316192641, 0.22507017970504364, 0.21857063260675463], [5.729632493340548e-10, 0.01934464760196728, 2.9045732534266698e-08, 0.9806553227793371], [0.23978819812444824, 0.0797827356657031, 0.51055600646428, 0.16987305974556868], [0.0032740413898989244, 0.13856095970381285, 0.019809410259216467, 0.8383555886470717], [0.1903126493150046, 0.17799909568272845, 0.3264035616116276, 0.30528469339063935], [0.006836074186318994, 0.00801409947503357, 0.45350023852023286, 0.5316495878184146], [0.5315318437941292, 0.2455491479909389, 0.15247902433059898, 0.07043998388433292], [0.08713594425096009, 0.24795075496858107, 0.1729040527226906, 0.4920092480577682]], "state_values": [1.2999116654855023, 0.8621492272336587, 0.46033021911711053, -1.7375324746751204, -0.7151469869159066, -0.854500516458701, -0.8300428585586433, 1.1485985406742039, 0.20625772119973687, -1.0503700322928822, -0.14639570201850607, -1.640227852602527, 2.9353692652160652, 1.1389547142553562, 0.33629838642081616, 1.658412013144356], "value_grad": [0.03796464233267116, 0.6643822698593667, 0.5125227382361603, 0.5125239678367057, -0.15185844090963108, -0.8352235286156879, -0.18982304851982335, 0.0, 0.3986288403750917, -0.0379646110997911, 0.037964611099725154, 0.07592946752653051, -0.18982351177936607, 0.36066478012630765, -0.0949115661363591, -0.22778784178277278], "action_grad": [[0.0, 0.0, 0.0], [0.0, 0.0, 0.0], [0.0, 0.0, 0.0], [0.0, 0.0, 0.0], [0.0, 0.0, 0.0], [0.0, 0.0, 0.0], [0.0, 0.0, 0.0], [0.0, 0.0, 0.0], [0.0, 0.0, 0.0], [0.0, 0.0, 0.0], [0.0, 0.0, 0.0], [0.0, 0.0, 0.0], [0.0, 0.0, 0.0], [0.0, 0.0, 0.0], [0.0, 0.0, 0.0], [0.0, 0.0, 0.0]], "action_params_change": 0, "value_params_change": 0.4889206031120943}
{"iterations": 1, "type_itr": 0, "sub_iteration": 4, "sub_it_time": 2.5695741176605225, "total_time": 16.94384765625, "value_loss": 0.8732157328495787, "action_loss": -0.15192335300850326, "action_probs": [[0.02322958971792615, 0.2186616423334825, 0.07280361297785909, 0.6853051549707323], [0.03326033706786212, 0.16542684317300735, 0.1341401818158446, 0.6671726379432857], [0.445882556359183, 0.546682262127741, 0.00334005163017839, 0.004095129882897841], [0.11801240821174154, 0.3782574468680208, 0.11978645666747657, 0.3839436882527613], [0.0005613091342334367, 0.0034942847325688665, 0.13784237542306904, 0.8581020307101285], [0.033124564830800805, 0.4227901984923183, 0.039530605599213404, 0.5045546310776676], [0.11196261358910828, 0.1847345953815452, 0.2654006045468015, 0.4379021864825453], [0.7627160293750188, 0.005596967733934779, 0.22999922110883939, 0.0016877817822068546], [0.2822550560689377, 0.2741041316192641, 0.22507017970504364, 0.21857063260675463], [5.729632493340548e-10, 0.01934464760196728, 2.9045732534266698e-08, 0.9806553227793371], [0.23978819812444824, 0.0797827356657031, 0.51055600646428, 0.16987305974556868], [0.0032740413898989244, 0.13856095970381285, 0.019809410259216467, 0.8383555886470717], [0.1903126493150046, 0.17799909568272845, 0.3264035616116276, 0.30528469339063935], [0.006836074186318994, 0.00801409947503357, 0.45350023852023286, 0.5316495878184146], [0.5315318437941292, 0.2455491479909389, 0.15247902433059898, 0.07043998388433292], [0.08713594425096009, 0.24795075496858107, 0.1729040527226906, 0.4920092480577682]], "state_values": [1.1960227576840128, -0.2398051264133448, -0.6590386085783372, -0.5376591966642544, -0.6134840390992166, 0.21107848889485195, -1.55126394424799, 1.670268133650363, -0.7718388303630763, -1.0407018405222355, -0.6279438267083832, -1.6570805797481876, 3.1929673669543783, 0.11734258014625357, -0.037992390417882785, 1.7489272019714908], "value_grad": [0.07593091471628255, 0.2088099521312321, 0.18982718035386004, 0.5315165227137942, -0.17084450890654224, -0.15186174637686478, 0.3986371324856639, -0.05694817120585727, -0.03796543746657188, -0.03796543746657188, 0.18982718035386004, 0.09491366782339528, -0.4555865317307656, 0.018982723793341316, 0.11389631100407405, -0.455585627190337], "action_grad": [[0.0, 0.0, 0.0], [0.0, 0.0, 0.0], [0.0, 0.0, 0.0], [0.0, 0.0, 0.0], [0.0, 0.0, 0.0], [0.0, 0.0, 0.0], [0.0, 0.0, 0.0], [0.0, 0.0, 0.0], [0.0, 0.0, 0.0], [0.0, 0.0, 0.0], [0.0, 0.0, 0.0], [0.0, 0.0, 0.0], [0.0, 0.0, 0.0], [0.0, 0.0, 0.0], [0.0, 0.0, 0.0], [0.0, 0.0, 0.0]], "action_params_change": 0, "value_params_change": 0.49434079033787537}
{"iterations": 1, "type_itr": 0, "sub_iteration": 5, "sub_it_time": 3.0744009017944336, "total_time": 20.019861698150635, "value_loss": 1.3477834612645083, "action_loss": -0.1189364423213767, "action_probs": [[0.02322958971792615, 0.2186616423334825, 0.07280361297785909, 0.6853051549707323], [0.03326033706786212, 0.16542684317300735, 0.1341401818158446, 0.6671726379432857], [0.445882556359183, 0.546682262127741, 0.00334005163017839, 0.004095129882897841], [0.11801240821174154, 0.3782574468680208, 0.11978645666747657, 0.3839436882527613], [0.0005613091342334367, 0.0034942847325688665, 0.13784237542306904, 0.8581020307101285], [0.033124564830800805, 0.4227901984923183, 0.039530605599213404, 0.5045546310776676], [0.11196261358910828, 0.1847345953815452, 0.2654006045468015, 0.4379021864825453], [0.7627160293750188, 0.005596967733934779, 0.22999922110883939, 0.0016877817822068546], [0.2822550560689377, 0.2741041316192641, 0.22507017970504364, 0.21857063260675463], [5.729632493340548e-10, 0.01934464760196728, 2.9045732534266698e-08, 0.9806553227793371], [0.23978819812444824, 0.0797827356657031, 0.51055600646428, 0.16987305974556868], [0.0032740413898989244, 0.13856095970381285, 0.019809410259216467, 0.8383555886470717], [0.1903126493150046, 0.17799909568272845, 0.3264035616116276, 0.30528469339063935], [0.006836074186318994, 0.00801409947503357, 0.45350023852023286, 0.5316495878184146], [0.5315318437941292, 0.2455491479909389, 0.15247902433059898, 0.07043998388433292], [0.08713594425096009, 0.24795075496858107, 0.1729040527226906, 0.4920092480577682]], "state_values": [0.8367151123776857, -1.109045537305692, -1.4649326071499194, 0.7064339178270469, -0.3845234571512756, 0.986907390720667, -1.915245053146177, 1.7527175947475169, -1.3891000225626575, -0.8039036489968464, -1.1543893439497728, -1.5322818835335204, 3.166737563524707, -0.5860043268104704, -0.5097583708954678, 1.5261138972271684], "value_grad": [0.07592970203564664, -0.18982410503111158, -0.24677104506188918, 0.5125251550384906, -0.15185940127932862, 0.4555777690210736, 0.7023501667027789, -0.09491216287790105, -0.3986307201104231, -0.056947255152204335, 0.0759296444552362, 0.05694725515216037, -0.6264227317627695, -0.2657535332984764, -0.0949125074880135, -0.49354330821200043], "action_grad": [[0.0, 0.0, 0.0], [0.0, 0.0, 0.0], [0.0, 0.0, 0.0], [0.0, 0.0, 0.0], [0.0, 0.0, 0.0], [0.0, 0.0, 0.0], [0.0, 0.0, 0.0], [0.0, 0.0, 0.0], [0.0, 0.0, 0.0], [0.0, 0.0, 0.0], [0.0, 0.0, 0.0], [0.0, 0.0, 0.0], [0.0, 0.0, 0.0], [0.0, 0.0, 0.0], [0.0, 0.0, 0.0], [0.0, 0.0, 0.0]], "action_params_change": 0, "value_params_change": 0.49900255126617443}
{"iterations": 1, "type_itr": 0, "sub_iteration": 6, "sub_it_time": 3.234564781188965, "total_time": 23.256121158599854, "value_loss": 2.1260565151183592, "action_loss": -0.09028861831231043, "action_probs": [[0.02322958971792615, 0.2186616423334825, 0.07280361297785909, 0.6853051549707323], [0.03326033706786212, 0.16542684317300735, 0.1341401818158446, 0.6671726379432857], [0.445882556359183, 0.546682262127741, 0.00334005163017839, 0.004095129882897841], [0.11801240821174154, 0.3782574468680208, 0.11978645666747657, 0.3839436882527613], [0.0005613091342334367, 0.0034942847325688665, 0.13784237542306904, 0.8581020307101285], [0.033124564830800805, 0.4227901984923183, 0.039530605599213404, 0.5045546310776676], [0.11196261358910828, 0.1847345953815452, 0.2654006045468015, 0.4379021864825453], [0.7627160293750188, 0.005596967733934779, 0.22999922110883939, 0.0016877817822068546], [0.2822550560689377, 0.2741041316192641, 0.22507017970504364, 0.21857063260675463], [5.729632493340548e-10, 0.01934464760196728, 2.9045732534266698e-08, 0.9806553227793371], [0.23978819812444824, 0.0797827356657031, 0.51055600646428, 0.16987305974556868], [0.0032740413898989244, 0.13856095970381285, 0.019809410259216467, 0.8383555886470717], [0.1903126493150046, 0.17799909568272845, 0.3264035616116276, 0.30528469339063935], [0.006836074186318994, 0.00801409947503357, 0.45350023852023286, 0.5316495878184146], [0.5315318437941292, 0.2455491479909389, 0.15247902433059898, 0.07043998388433292], [0.08713594425096009, 0.24795075496858107, 0.1729040527226906, 0.4920092480577682]], "state_values": [0.45293285479812284, -1.6639389878543318, -1.8885936732651287, 1.9069373695470637, -0.1324166973939596, 1.4123996061114783, -1.9968877230750492, 1.6534811164089747, -1.623651175583878, -0.4554492958975953, -1.4804984527359635, -1.2152502993050378, 2.9239192008174983, -0.8842467303887792, -0.631523699323496, 1.0781597807838228], "value_grad": [0.018981681592759703, -0.47454192641038473, -0.49352387339344395, 0.43657809072209064, -0.05694497969592893, 0.8351938442427944, 0.8162135689864121, -0.05694504460400207, -0.6453772542558336, -0.03796334154956815, -0.07592668275029713, 0.09490840709153492, -0.70232727392154, -0.49352331312646713, 0.17083493437713093, -0.5125058395700317], "action_grad": [[0.0, 0.0, 0.0], [0.0, 0.0, 0.0], [0.0, 0.0, 0.0], [0.0, 0.0, 0.0], [0.0, 0.0, 0.0], [0.0, 0.0, 0.0], [0.0, 0.0, 0.0], [0.0, 0.0, 0.0], [0.0, 0.0, 0.0], [0.0, 0.0, 0.0], [0.0, 0.0, 0.0], [0.0, 0.0, 0.0], [0.0, 0.0, 0.0], [0.0, 0.0, 0.0], [0.0, 0.0, 0.0], [0.0, 0.0, 0.0]], "action_params_change": 0, "value_params_change": 0.49907127239738447}
{"iterations": 1, "type_itr": 0, "sub_iteration": 7, "sub_it_time": 4.583328723907471, "total_time": 27.841074466705322, "value_loss": 2.581616513913424, "action_loss": -0.12067263870206849, "action_probs": [[0.02322958971792615, 0.2186616423334825, 0.07280361297785909, 0.6853051549707323], [0.03326033706786212, 0.16542684317300735, 0.1341401818158446, 0.6671726379432857], [0.445882556359183, 0.546682262127741, 0.00334005163017839, 0.004095129882897841], [0.11801240821174154, 0.3782574468680208, 0.11978645666747657, 0.3839436882527613], [0.0005613091342334367, 0.0034942847325688665, 0.13784237542306904, 0.8581020307101285], [0.033124564830800805, 0.4227901984923183, 0.039530605599213404, 0.5045546310776676], [0.11196261358910828, 0.1847345953815452, 0.2654006045468015, 0.4379021864825453], [0.7627160293750188, 0.005596967733934779, 0.22999922110883939, 0.0016877817822068546], [0.2822550560689377, 0.2741041316192641, 0.22507017970504364, 0.21857063260675463], [5.729632493340548e-10, 0.01934464760196728, 2.9045732534266698e-08, 0.9806553227793371], [0.23978819812444824, 0.0797827356657031, 0.51055600646428, 0.16987305974556868], [0.0032740413898989244, 0.13856095970381285, 0.019809410259216467, 0.8383555886470717], [0.1903126493150046, 0.17799909568272845, 0.3264035616116276, 0.30528469339063935], [0.006836074186318994, 0.00801409947503357, 0.45350023852023286, 0.5316495878184146], [0.5315318437941292, 0.2455491479909389, 0.15247902433059898, 0.07043998388433292], [0.08713594425096009, 0.24795075496858107, 0.1729040527226906, 0.4920092480577682]], "state_values": [-0.011030301841636468, -1.9339380893805298, -1.9576722271741351, 2.9753860843093554, 0.07301925104424939, 1.543176226154265, -1.8588733054943252, 1.3208156788109036, -1.560622819107056, -0.07709295892910109, -1.4333929140610338, -0.8117155113404702, 2.502638522042026, -0.84275127363916, -0.6016967002696884, 0.4975919992624558], "value_grad": [0.03796220252589633, -0.6073966446613817, -0.7023027480620088, 0.3416602441098884, 0.018981088351257558, 0.9870189125017581, 0.8731323115336758, -0.09490569824511619, -0.7402650156738382, -0.018981088351257558, -0.22777351177572402, 0.056943342349310644, -0.7212881567688538, -0.6073950031354003, 0.09490544088413566, -0.3986033304961243], "action_grad": [[0.0, 0.0, 0.0], [0.0, 0.0, 0.0], [0.0, 0.0, 0.0], [0.0, 0.0, 0.0], [0.0, 0.0, 0.0], [0.0, 0.0, 0.0], [0.0, 0.0, 0.0], [0.0, 0.0, 0.0], [0.0, 0.0, 0.0], [0.0, 0.0, 0.0], [0.0, 0.0, 0.0], [0.0, 0.0, 0.0], [0.0, 0.0, 0.0], [0.0, 0.0, 0.0], [0.0, 0.0, 0.0], [0.0, 0.0, 0.0]], "action_params_change": 0, "value_params_change": 0.4921299451444505}
{"iterations": 1, "type_itr": 0, "sub_iteration": 8, "sub_it_time": 5.057143926620483, "total_time": 32.899901151657104, "value_loss": 2.5056907314971326, "action_loss": -0.1727561800845219, "action_probs": [[0.02322958971792615, 0.2186616423334825, 0.07280361297785909, 0.6853051549707323], [0.03326033706786212, 0.16542684317300735, 0.1341401818158446, 0.6671726379432857], [0.445882556359183, 0.546682262127741, 0.00334005163017839, 0.004095129882897841], [0.11801240821174154, 0.3782574468680208, 0.11978645666747657, 0.3839436882527613], [0.0005613091342334367, 0.0034942847325688665, 0.13784237542306904, 0.8581020307101285], [0.033124564830800805, 0.4227901984923183, 0.039530605599213404, 0.5045546310776676], [0.11196261358910828, 0.1847345953815452, 0.2654006045468015, 0.4379021864825453], [0.7627160293750188, 0.005596967733934779, 0.22999922110883939, 0.0016877817822068546], [0.2822550560689377, 0.2741041316192641, 0.22507017970504364, 0.21857063260675463], [5.729632493340548e-10, 0.01934464760196728, 2.9045732534266698e-08, 0.9806553227793371], [0.23978819812444824, 0.0797827356657031, 0.51055600646428, 0.16987305974556868], [0.0032740413898989244, 0.13856095970381285, 0.019809410259216467, 0.8383555886470717], [0.1903126493150046, 0.17799909568272845, 0.3264035616116276, 0.30528469339063935], [0.006836074186318994, 0.00801409947503357, 0.45350023852023286, 0.5316495878184146], [0.5315318437941292, 0.2455491479909389, 0.15247902433059898, 0.07043998388433292], [0.08713594425096009, 0.24795075496858107, 0.1729040527226906, 0.4920092480577682]], "state_values": [-0.4229530098948022, -1.9750872238634976, -1.7439233244679953, 3.8285295073533407, 0.20451120909106998, 1.457952290631852, -1.5650244600393346, 0.8424223097846854, -1.279715030391783, 0.3267958322239933, -1.0714312761990852, -0.36924415324396176, 1.9281196193766048, -0.5999727865341212, -0.5486902870313384, -0.13403119722112308], "value_grad": [0.0, -0.6643439793419441, -0.8351756030956454, 0.1898127705381336, 0.05694357161885222, 0.9680435740289242, 0.7782313827443539, -0.07592491244589405, -0.7402689216315395, -0.018981190597783026, -0.3036996218680179, 0.03796240632107173, -0.7023082678081471, -0.4935118061509245, 0.018981215723288702, -0.24675546189420094], "action_grad": [[0.0, 0.0, 0.0], [0.0, 0.0, 0.0], [0.0, 0.0, 0.0], [0.0, 0.0, 0.0], [0.0, 0.0, 0.0], [0.0, 0.0, 0.0], [0.0, 0.0, 0.0], [0.0, 0.0, 0.0], [0.0, 0.0, 0.0], [0.0, 0.0, 0.0], [0.0, 0.0, 0.0], [0.0, 0.0, 0.0], [0.0, 0.0, 0.0], [0.0, 0.0, 0.0], [0.0, 0.0, 0.0], [0.0, 0.0, 0.0]], "action_params_change": 0, "value_params_change": 0.4695527761650762}
{"iterations": 1, "type_itr": 0, "sub_iteration": 9, "sub_it_time": 4.39522647857666, "total_time": 37.29682946205139, "value_loss": 2.069110674343458, "action_loss": -0.23438084999126405, "action_probs": [[0.02322958971792615, 0.2186616423334825, 0.07280361297785909, 0.6853051549707323], [0.03326033706786212, 0.16542684317300735, 0.1341401818158446, 0.6671726379432857], [0.445882556359183, 0.546682262127741, 0.00334005163017839, 0.004095129882897841], [0.11801240821174154, 0.3782574468680208, 0.11978645666747657, 0.3839436882527613], [0.0005613091342334367, 0.0034942847325688665, 0.13784237542306904, 0.8581020307101285], [0.033124564830800805, 0.4227901984923183, 0.039530605599213404, 0.5045546310776676], [0.11196261358910828, 0.1847345953815452, 0.2654006045468015, 0.4379021864825453], [0.7627160293750188, 0.005596967733934779, 0.22999922110883939, 0.0016877817822068546], [0.2822550560689377, 0.2741041316192641, 0.22507017970504364, 0.21857063260675463], [5.729632493340548e-10, 0.01934464760196728, 2.9045732534266698e-08, 0.9806553227793371], [0.23978819812444824, 0.0797827356657031, 0.51055600646428, 0.16987305974556868], [0.0032740413898989244, 0.13856095970381285, 0.019809410259216467, 0.8383555886470717], [0.1903126493150046, 0.17799909568272845, 0.3264035616116276, 0.30528469339063935], [0.006836074186318994, 0.00801409947503357, 0.45350023852023286, 0.5316495878184146], [0.5315318437941292, 0.2455491479909389, 0.15247902433059898, 0.07043998388433292], [0.08713594425096009, 0.24795075496858107, 0.1729040527226906, 0.4920092480577682]], "state_values": [-0.20390123120129697, -1.8511751014096347, -1.3096264200357577, 3.4166433357005572, 0.25514667862717916, 1.2161417374605148, -1.1618361486098012, 0.2784292933714426, -0.8471417399290777, 0.6149374933064969, -0.5147523964185386, 0.14142495699012408, 1.242625044613674, -0.3121017082554446, -0.37357285435844445, -0.7229242047340116], "value_grad": [-0.20879801001367948, -0.6074179371741166, -0.8921442095607774, -200.08809264052007, 0.07592693924138905, 0.8731610253106954, 0.6453801255610112, -0.05694523618706526, -0.6453801255608795, 0.018981724341172068, -0.2657445633791249, 0.056945172849415915, -0.5694537280885716, -0.17083681095189673, 0.09490851439911596, -0.05694517284954781], "action_grad": [[0.0, 0.0, 0.0], [0.0, 0.0, 0.0], [0.0, 0.0, 0.0], [0.0, 0.0, 0.0], [0.0, 0.0, 0.0], [0.0, 0.0, 0.0], [0.0, 0.0, 0.0], [0.0, 0.0, 0.0], [0.0, 0.0, 0.0], [0.0, 0.0, 0.0], [0.0, 0.0, 0.0], [0.0, 0.0, 0.0], [0.0, 0.0, 0.0], [0.0, 0.0, 0.0], [0.0, 0.0, 0.0], [0.0, 0.0, 0.0]], "action_params_change": 0, "value_params_change": 0.28945352626032195}
{"iterations": 1, "type_itr": 0, "sub_iteration": 10, "sub_it_time": 3.668473958969116, "total_time": 40.96695899963379, "value_loss": 1.3667660274965316, "action_loss": -0.2664909907944796, "action_probs": [[0.02322958971792615, 0.2186616423334825, 0.07280361297785909, 0.6853051549707323], [0.03326033706786212, 0.16542684317300735, 0.1341401818158446, 0.6671726379432857], [0.445882556359183, 0.546682262127741, 0.00334005163017839, 0.004095129882897841], [0.11801240821174154, 0.3782574468680208, 0.11978645666747657, 0.3839436882527613], [0.0005613091342334367, 0.0034942847325688665, 0.13784237542306904, 0.8581020307101285], [0.033124564830800805, 0.4227901984923183, 0.039530605599213404, 0.5045546310776676], [0.11196261358910828, 0.1847345953815452, 0.2654006045468015, 0.4379021864825453], [0.7627160293750188, 0.005596967733934779, 0.22999922110883939, 0.0016877817822068546], [0.2822550560689377, 0.2741041316192641, 0.22507017970504364, 0.21857063260675463], [5.729632493340548e-10, 0.01934464760196728, 2.9045732534266698e-08, 0.9806553227793371], [0.23978819812444824, 0.0797827356657031, 0.51055600646428, 0.16987305974556868], [0.0032740413898989244, 0.13856095970381285, 0.019809410259216467, 0.8383555886470717], [0.1903126493150046, 0.17799909568272845, 0.3264035616116276, 0.30528469339063935], [0.006836074186318994, 0.00801409947503357, 0.45350023852023286, 0.5316495878184146], [0.5315318437941292, 0.2455491479909389, 0.15247902433059898, 0.07043998388433292], [0.08713594425096009, 0.24795075496858107, 0.1729040527226906, 0.4920092480577682]], "state_values": [0.033774145057078576, -1.6413423046372166, -0.7213815956483827, 3.00619736572882, 0.2512897257265509, 0.8686769180805455, -0.682742235118705, -0.2758750606383238, -0.32569517301444606, 0.733069704395191, 0.1065890493072613, 0.5570772676306409, 0.5037610884358307, 0.05858696019932226, -0.2420905114715327, -1.1584656571657992], "value_grad": [-0.01898240395991757, -0.37965088842509886, -0.7782792419875664, 0.2088072112972983, 0.05694721170523431, 0.702349643768605, 0.5315077579126293, -0.018982403959851624, -0.47456034764161714, 0.03796482240220245, -0.13287682527638522, -0.01898240395991757, -0.3796484543432488, -0.2847360349704964, -0.018982403959851624, 0.17084163040443157], "action_grad": [[0.0, 0.0, 0.0], [0.0, 0.0, 0.0], [0.0, 0.0, 0.0], [0.0, 0.0, 0.0], [0.0, 0.0, 0.0], [0.0, 0.0, 0.0], [0.0, 0.0, 0.0], [0.0, 0.0, 0.0], [0.0, 0.0, 0.0], [0.0, 0.0, 0.0], [0.0, 0.0, 0.0], [0.0, 0.0, 0.0], [0.0, 0.0, 0.0], [0.0, 0.0, 0.0], [0.0, 0.0, 0.0], [0.0, 0.0, 0.0]], "action_params_change": 0, "value_params_change": 0.30046746523327084}
{"iterations": 1, "type_itr": 0, "sub_iteration": 11, "sub_it_time": 3.7391715049743652, "total_time": 44.70778727531433, "value_loss": 0.8162672145889883, "action_loss": -0.2916560746111117, "action_probs": [[0.02322958971792615, 0.2186616423334825, 0.07280361297785909, 0.6853051549707323], [0.03326033706786212, 0.16542684317300735, 0.1341401818158446, 0.6671726379432857], [0.445882556359183, 0.546682262127741, 0.00334005163017839, 0.004095129882897841], [0.11801240821174154, 0.3782574468680208, 0.11978645666747657, 0.3839436882527613], [0.0005613091342334367, 0.0034942847325688665, 0.13784237542306904, 0.8581020307101285], [0.033124564830800805, 0.4227901984923183, 0.039530605599213404, 0.5045546310776676], [0.11196261358910828, 0.1847345953815452, 0.2654006045468015, 0.4379021864825453], [0.7627160293750188, 0.005596967733934779, 0.22999922110883939, 0.0016877817822068546], [0.2822550560689377, 0.2741041316192641, 0.22507017970504364, 0.21857063260675463], [5.729632493340548e-10, 0.01934464760196728, 2.9045732534266698e-08, 0.9806553227793371], [0.23978819812444824, 0.0797827356657031, 0.51055600646428, 0.16987305974556868], [0.0032740413898989244, 0.13856095970381285, 0.019809410259216467, 0.8383555886470717], [0.1903126493150046, 0.17799909568272845, 0.3264035616116276, 0.30528469339063935], [0.006836074186318994, 0.00801409947503357, 0.45350023852023286, 0.5316495878184146], [0.5315318437941292, 0.2455491479909389, 0.15247902433059898, 0.07043998388433292], [0.08713594425096009, 0.24795075496858107, 0.1729040527226906, 0.4920092480577682]], "state_values": [0.24742672646151168, -1.2966695581718235, -0.03877044420571206, 2.6081403353419437, 0.2478216749219551, 0.46242417285736076, -0.17379977226969537, -0.6733820828962022, 0.21474800521899584, 0.7075617347309426, 0.6268620326383458, 0.8041633804406387, -0.21438605703726607, 0.42217143385643924, -0.1237239909881305, -1.4157868507228542], "value_grad": [0.0, -0.6264312076225315, -0.6074480128884857, 0.2467761351806136, 0.0, 0.49355157625292645, 0.3416895988546095, 0.0379654966176699, -0.24677577451617116, 0.0379654966176699, 0.0379654966176699, -0.05694825914734736, -0.15186198298112497, -0.07593099288639094, 0.0, 0.2657585899153394], "action_grad": [[0.0, 0.0, 0.0], [0.0, 0.0, 0.0], [0.0, 0.0, 0.0], [0.0, 0.0, 0.0], [0.0, 0.0, 0.0], [0.0, 0.0, 0.0], [0.0, 0.0, 0.0], [0.0, 0.0, 0.0], [0.0, 0.0, 0.0], [0.0, 0.0, 0.0], [0.0, 0.0, 0.0], [0.0, 0.0, 0.0], [0.0, 0.0, 0.0], [0.0, 0.0, 0.0], [0.0, 0.0, 0.0], [0.0, 0.0, 0.0]], "action_params_change": 0, "value_params_change": 0.2876276348778477}
{"iterations": 1, "type_itr": 0, "sub_iteration": 12, "sub_it_time": 3.192462205886841, "total_time": 47.90191292762756, "value_loss": 0.5505066459889787, "action_loss": -0.3107453343413335, "action_probs": [[0.02322958971792615, 0.2186616423334825, 0.07280361297785909, 0.6853051549707323], [0.03326033706786212, 0.16542684317300735, 0.1341401818158446, 0.6671726379432857], [0.445882556359183, 0.546682262127741, 0.00334005163017839, 0.004095129882897841], [0.11801240821174154, 0.3782574468680208, 0.11978645666747657, 0.3839436882527613], [0.0005613091342334367, 0.0034942847325688665, 0.13784237542306904, 0.8581020307101285], [0.033124564830800805, 0.4227901984923183, 0.039530605599213404, 0.5045546310776676], [0.11196261358910828, 0.1847345953815452, 0.2654006045468015, 0.4379021864825453], [0.7627160293750188, 0.005596967733934779, 0.22999922110883939, 0.0016877817822068546], [0.2822550560689377, 0.2741041316192641, 0.22507017970504364, 0.21857063260675463], [5.729632493340548e-10, 0.01934464760196728, 2.9045732534266698e-08, 0.9806553227793371], [0.23978819812444824, 0.0797827356657031, 0.51055600646428, 0.16987305974556868], [0.0032740413898989244, 0.13856095970381285, 0.019809410259216467, 0.8383555886470717], [0.1903126493150046, 0.17799909568272845, 0.3264035616116276, 0.30528469339063935], [0.006836074186318994, 0.00801409947503357, 0.45350023852023286, 0.5316495878184146], [0.5315318437941292, 0.2455491479909389, 0.15247902433059898, 0.07043998388433292], [0.08713594425096009, 0.24795075496858107, 0.1729040527226906, 0.4920092480577682]], "state_values": [0.39793335884213654, -0.844692689506672, 0.6740143951536891, 2.2292396280732594, 0.24469511709304084, 0.05085722941437074, 0.32774130085051656, -0.9334868927578811, 0.70544048836674, 0.5583893965224722, 0.8986607480846741, 0.9467292129262086, -0.8236677389649322, 0.685131676349875, -0.042785494856071096, -1.4817381978047637], "value_grad": [0.018982861987183686, -0.5694861902712736, -0.3986400345544412, 0.2847432194576296, 0.0, 0.2277943745565406, 0.18982850209332802, 0.03796573112845669, -0.018982861987183686, 0.037965731128390745, 0.18982864866273463, -0.037965731128390745, 0.11389719198942072, 0.15186292102403032, -0.018982861987249633, 0.36067459656464385], "action_grad": [[0.0, 0.0, 0.0], [0.0, 0.0, 0.0], [0.0, 0.0, 0.0], [0.0, 0.0, 0.0], [0.0, 0.0, 0.0], [0.0, 0.0, 0.0], [0.0, 0.0, 0.0], [0.0, 0.0, 0.0], [0.0, 0.0, 0.0], [0.0, 0.0, 0.0], [0.0, 0.0, 0.0], [0.0, 0.0, 0.0], [0.0, 0.0, 0.0], [0.0, 0.0, 0.0], [0.0, 0.0, 0.0], [0.0, 0.0, 0.0]], "action_params_change": 0, "value_params_change": 0.28593737908493777}
{"iterations": 1, "type_itr": 0, "sub_iteration": 13, "sub_it_time": 4.325177431106567, "total_time": 52.228816986083984, "value_loss": 0.5315237046099919, "action_loss": -0.3194218186779951, "action_probs": [[0.02322958971792615, 0.2186616423334825, 0.07280361297785909, 0.6853051549707323], [0.03326033706786212, 0.16542684317300735, 0.1341401818158446, 0.6671726379432857], [0.445882556359183, 0.546682262127741, 0.00334005163017839, 0.004095129882897841], [0.11801240821174154, 0.3782574468680208, 0.11978645666747657, 0.3839436882527613], [0.0005613091342334367, 0.0034942847325688665, 0.13784237542306904, 0.8581020307101285], [0.033124564830800805, 0.4227901984923183, 0.039530605599213404, 0.5045546310776676], [0.11196261358910828, 0.1847345953815452, 0.2654006045468015, 0.4379021864825453], [0.7627160293750188, 0.005596967733934779, 0.22999922110883939, 0.0016877817822068546], [0.2822550560689377, 0.2741041316192641, 0.22507017970504364, 0.21857063260675463], [5.729632493340548e-10, 0.01934464760196728, 2.9045732534266698e-08, 0.9806553227793371], [0.23978819812444824, 0.0797827356657031, 0.51055600646428, 0.16987305974556868], [0.0032740413898989244, 0.13856095970381285, 0.019809410259216467, 0.8383555886470717], [0.1903126493150046, 0.17799909568272845, 0.3264035616116276, 0.30528469339063935], [0.006836074186318994, 0.00801409947503357, 0.45350023852023286, 0.5316495878184146], [0.5315318437941292, 0.2455491479909389, 0.15247902433059898, 0.07043998388433292], [0.08713594425096009, 0.24795075496858107, 0.1729040527226906, 0.4920092480577682]], "state_values": [0.4920198296945285, -0.32181444951625304, 1.2603631763257206, 1.8733279429940262, 0.2582982952910033, -0.31403508808803143, 0.7612205202709132, -1.0282667718458267, 1.0526334749281057, 0.3010896415047384, 0.9334907689797413, 0.9593908571964731, -1.2703583195648227, 0.8198305522008842, 0.08155197369354537, -1.381033989517693], "value_grad": [0.01898286914120706, -0.45558884333670613, 0.17084502242155875, 0.303726043057426, -0.018982869141273007, -0.03796573112852264, -0.07593146190787659, 0.056948607249058814, 0.3037258197137723, 0.0379657311283248, 0.22779445935740295, -0.056948607249058814, 0.30372593278144955, 0.246777373690786, 0.037965716646067404, 0.3796575328835863], "action_grad": [[0.0, 0.0, 0.0], [0.0, 0.0, 0.0], [0.0, 0.0, 0.0], [0.0, 0.0, 0.0], [0.0, 0.0, 0.0], [0.0, 0.0, 0.0], [0.0, 0.0, 0.0], [0.0, 0.0, 0.0], [0.0, 0.0, 0.0], [0.0, 0.0, 0.0], [0.0, 0.0, 0.0], [0.0, 0.0, 0.0], [0.0, 0.0, 0.0], [0.0, 0.0, 0.0], [0.0, 0.0, 0.0], [0.0, 0.0, 0.0]], "action_params_change": 0, "value_params_change": 0.23921386833555935}
