{"iterations": 0, "type_itr": 0, "sub_iteration": 0, "sub_it_time": 0, "total_time": 0, "value_loss": 0, "action_loss": 0, "action_probs": [[0.2766829836871373, 0.7214838470364296, 0.0005081382484323067, 0.001325031028000791], [0.1252555142753634, 0.053185321043465864, 0.5766887130735115, 0.2448704516076595], [0.13520502618608288, 0.08238875059578346, 0.486159372124, 0.2962468510941335], [0.8059517318556101, 0.1662400875484803, 0.023053116539043222, 0.004755064056866432], [0.0016381823789187499, 0.7987217188090506, 0.0004086247843176961, 0.1992314740277129], [0.15432036455191794, 0.7686497563884147, 0.01287937577628959, 0.06415050328337761], [0.1594233141337486, 0.13390253157557708, 0.3840791302152257, 0.32259502407544866], [0.0016185380085046853, 0.002530040430387463, 0.38852426207240826, 0.6073271594886995], [0.9961097336472942, 0.002145591468204891, 0.0017409249825944648, 3.749901906652831e-06], [0.08487052263230718, 0.0631354543455709, 0.4885557967993227, 0.36343822622279914], [0.32949411462791833, 0.0003625443783435796, 0.6694067886328015, 0.000736552360936427], [0.20429014490180888, 0.7478108633051287, 0.010277577578122317, 0.037621414214940085], [0.11023384461301136, 0.0036810072663633663, 0.8574524824494053, 0.02863266567121998], [0.051050906888965054, 0.0064331741447247, 0.8370368205471854, 0.10547909841912481], [0.9804912128786775, 0.01888523369732578, 0.0006117701243450493, 1.1783299651791872e-05], [0.14812838814546583, 0.8456956833418667, 0.0009205153730216368, 0.005255413139645748]], "state_values": [4.3322261323658715, 2.9114316006760648, 4.648100182880906, -4.9509661871379125, 2.8165170693122494, 2.8615878949853166, 4.989811171591276, 0.2432313889857536, 0.1135629550940543, 4.92473173251862, -1.5970999175865588, 4.996109262685971, 4.080998300639862, -1.3249538870017108, 3.0820809958950077, 4.8687315098592725], "value_grad": [0.0, 0.0, 0.0, 0.0, 0.0, 0.0, 0.0, 0.0, 0.0, 0.0, 0.0, 0.0, 0.0, 0.0, 0.0, 0.0], "action_grad": [[0.0, 0.0, 0.0], [0.0, 0.0, 0.0], [0.0, 0.0, 0.0], [0.0, 0.0, 0.0], [0.0, 0.0, 0.0], [0.0, 0.0, 0.0], [0.0, 0.0, 0.0], [0.0, 0.0, 0.0], [0.0, 0.0, 0.0], [0.0, 0.0, 0.0], [0.0, 0.0, 0.0], [0.0, 0.0, 0.0], [0.0, 0.0, 0.0], [0.0, 0.0, 0.0], [0.0, 0.0, 0.0], [0.0, 0.0, 0.0]], "action_params_change": 0, "value_params_change": 0}
{"iterations": 1, "type_itr": 0, "sub_iteration": 0, "sub_it_time": 0.11368846893310547, "total_time": 0.11533164978027344, "value_loss": 4.435200214385986, "action_loss": -2.21494722366333, "action_probs": [[0.2766829836871373, 0.7214838470364296, 0.0005081382484323067, 0.001325031028000791], [0.1252555142753634, 0.053185321043465864, 0.5766887130735115, 0.2448704516076595], [0.13520502618608288, 0.08238875059578346, 0.486159372124, 0.2962468510941335], [0.8059517318556101, 0.1662400875484803, 0.023053116539043222, 0.004755064056866432], [0.0016381823789187499, 0.7987217188090506, 0.0004086247843176961, 0.1992314740277129], [0.15432036455191794, 0.7686497563884147, 0.01287937577628959, 0.06415050328337761], [0.1594233141337486, 0.13390253157557708, 0.3840791302152257, 0.32259502407544866], [0.0016185380085046853, 0.002530040430387463, 0.38852426207240826, 0.6073271594886995], [0.9961097336472942, 0.002145591468204891, 0.0017409249825944648, 3.749901906652831e-06], [0.08487052263230718, 0.0631354543455709, 0.4885557967993227, 0.36343822622279914], [0.32949411462791833, 0.0003625443783435796, 0.6694067886328015, 0.000736552360936427], [0.20429014490180888, 0.7478108633051287, 0.010277577578122317, 0.037621414214940085], [0.11023384461301136, 0.0036810072663633663, 0.8574524824494053, 0.02863266567121998], [0.051050906888965054, 0.0064331741447247, 0.8370368205471854, 0.10547909841912481], [0.9804912128786775, 0.01888523369732578, 0.0006117701243450493, 1.1783299651791872e-05], [0.14812838814546583, 0.8456956833418667, 0.0009205153730216368, 0.005255413139645748]], "state_values": [4.815157232940683, 3.8265992807241442, 4.959467863247012, -4.624235386895421, 3.7510461235245387, 3.787023952149754, 4.913620992051435, 1.471225157885278, 1.3467332418982734, 4.5578020971910185, -0.3752336000668777, 4.88958315366088, 4.668842810820412, -2.4765617841773366, 2.0122118071058424, 4.998964651561965], "value_grad": [3.524400472640991, 2.415599822998047, 2.772000312805176, 1.188000202178955, 0.9899997711181641, -2.0592002868652344, 1.544400691986084, 1.8612008094787598, 2.2176003456115723, 4.672800064086914, -5.3460001945495605, -0.23760032653808594, 3.880801200866699, 2.375999927520752, 0.9504003524780273, 3.841200351715088], "action_grad": [[0.0, 0.0, 0.0], [0.0, 0.0, 0.0], [0.0, 0.0, 0.0], [0.0, 0.0, 0.0], [0.0, 0.0, 0.0], [0.0, 0.0, 0.0], [0.0, 0.0, 0.0], [0.0, 0.0, 0.0], [0.0, 0.0, 0.0], [0.0, 0.0, 0.0], [0.0, 0.0, 0.0], [0.0, 0.0, 0.0], [0.0, 0.0, 0.0], [0.0, 0.0, 0.0], [0.0, 0.0, 0.0], [0.0, 0.0, 0.0]], "action_params_change": 0, "value_params_change": 0.4999999990647215}
{"iterations": 1, "type_itr": 0, "sub_iteration": 1, "sub_it_time": 0.11276078224182129, "total_time": 0.22974038124084473, "value_loss": 7.365600109100342, "action_loss": -2.5463740825653076, "action_probs": [[0.2766829836871373, 0.7214838470364296, 0.0005081382484323067, 0.001325031028000791], [0.1252555142753634, 0.053185321043465864, 0.5766887130735115, 0.2448704516076595], [0.13520502618608288, 0.08238875059578346, 0.486159372124, 0.2962468510941335], [0.8059517318556101, 0.1662400875484803, 0.023053116539043222, 0.004755064056866432], [0.0016381823789187499, 0.7987217188090506, 0.0004086247843176961, 0.1992314740277129], [0.15432036455191794, 0.7686497563884147, 0.01287937577628959, 0.06415050328337761], [0.1594233141337486, 0.13390253157557708, 0.3840791302152257, 0.32259502407544866], [0.0016185380085046853, 0.002530040430387463, 0.38852426207240826, 0.6073271594886995], [0.9961097336472942, 0.002145591468204891, 0.0017409249825944648, 3.749901906652831e-06], [0.08487052263230718, 0.0631354543455709, 0.4885557967993227, 0.36343822622279914], [0.32949411462791833, 0.0003625443783435796, 0.6694067886328015, 0.000736552360936427], [0.20429014490180888, 0.7478108633051287, 0.010277577578122317, 0.037621414214940085], [0.11023384461301136, 0.0036810072663633663, 0.8574524824494053, 0.02863266567121998], [0.051050906888965054, 0.0064331741447247, 0.8370368205471854, 0.10547909841912481], [0.9804912128786775, 0.01888523369732578, 0.0006117701243450493, 1.1783299651791872e-05], [0.14812838814546583, 0.8456956833418667, 0.0009205153730216368, 0.005255413139645748]], "state_values": [4.98465778515425, 3.6179987677412533, 4.998628979778864, -4.540465342544496, 4.44659708550556, 3.830311888585202, 4.5314024676573625, 1.5815998803667244, 2.497472532910014, 4.471850185683768, 0.7583028161837546, 4.997284003528836, 4.88998059670668, -2.3428431807687744, 2.1175756889186648, 4.89246667935444], "value_grad": [0.5544004440307617, -3.643199920654297, -0.8712003231048584, -0.7524003982543945, 1.5048003196716309, 1.6631989479064941, 1.6236004829406738, -1.386000156402588, 2.37600040435791, -3.0095999240875244, -2.296799659729004, 4.831200122833252, -0.23759984970092773, -2.732400417327881, -1.0296001434326172, 0.43559932708740234], "action_grad": [[0.0, 0.0, 0.0], [0.0, 0.0, 0.0], [0.0, 0.0, 0.0], [0.0, 0.0, 0.0], [0.0, 0.0, 0.0], [0.0, 0.0, 0.0], [0.0, 0.0, 0.0], [0.0, 0.0, 0.0], [0.0, 0.0, 0.0], [0.0, 0.0, 0.0], [0.0, 0.0, 0.0], [0.0, 0.0, 0.0], [0.0, 0.0, 0.0], [0.0, 0.0, 0.0], [0.0, 0.0, 0.0], [0.0, 0.0, 0.0]], "action_params_change": 0, "value_params_change": 0.500601274513317}
{"iterations": 1, "type_itr": 0, "sub_iteration": 2, "sub_it_time": 0.11348319053649902, "total_time": 0.34476518630981445, "value_loss": 3.4056003093719482, "action_loss": -2.542752265930176, "action_probs": [[0.2766829836871373, 0.7214838470364296, 0.0005081382484323067, 0.001325031028000791], [0.1252555142753634, 0.053185321043465864, 0.5766887130735115, 0.2448704516076595], [0.13520502618608288, 0.08238875059578346, 0.486159372124, 0.2962468510941335], [0.8059517318556101, 0.1662400875484803, 0.023053116539043222, 0.004755064056866432], [0.0016381823789187499, 0.7987217188090506, 0.0004086247843176961, 0.1992314740277129], [0.15432036455191794, 0.7686497563884147, 0.01287937577628959, 0.06415050328337761], [0.1594233141337486, 0.13390253157557708, 0.3840791302152257, 0.32259502407544866], [0.0016185380085046853, 0.002530040430387463, 0.38852426207240826, 0.6073271594886995], [0.9961097336472942, 0.002145591468204891, 0.0017409249825944648, 3.749901906652831e-06], [0.08487052263230718, 0.0631354543455709, 0.4885557967993227, 0.36343822622279914], [0.32949411462791833, 0.0003625443783435796, 0.6694067886328015, 0.000736552360936427], [0.20429014490180888, 0.7478108633051287, 0.010277577578122317, 0.037621414214940085], [0.11023384461301136, 0.0036810072663633663, 0.8574524824494053, 0.02863266567121998], [0.051050906888965054, 0.0064331741447247, 0.8370368205471854, 0.10547909841912481], [0.9804912128786775, 0.01888523369732578, 0.0006117701243450493, 1.1783299651791872e-05], [0.14812838814546583, 0.8456956833418667, 0.0009205153730216368, 0.005255413139645748]], "state_values": [4.972181174751327, 3.807041370479924, 4.999996869925091, -4.156953236608336, 4.276511779563079, 3.8480738907561673, 3.8811672994915143, 1.329396205281432, 3.399220714420987, 4.196286676946742, 0.949837032529208, 4.99244349689402, 4.974324071981051, -2.122977201105915, 2.7067343160889155, 4.667562794876693], "value_grad": [0.8712000846862793, 3.2472004890441895, -0.9899997711181641, 2.7720000743865967, -4.118400573730469, 0.07919931411743164, 1.187999963760376, -1.108799934387207, 0.7523999214172363, 3.484800338745117, 4.593599796295166, -1.386000633239746, -0.27719974517822266, -0.5939998626708984, -1.7028000354766846, 0.3564000129699707], "action_grad": [[0.0, 0.0, 0.0], [0.0, 0.0, 0.0], [0.0, 0.0, 0.0], [0.0, 0.0, 0.0], [0.0, 0.0, 0.0], [0.0, 0.0, 0.0], [0.0, 0.0, 0.0], [0.0, 0.0, 0.0], [0.0, 0.0, 0.0], [0.0, 0.0, 0.0], [0.0, 0.0, 0.0], [0.0, 0.0, 0.0], [0.0, 0.0, 0.0], [0.0, 0.0, 0.0], [0.0, 0.0, 0.0], [0.0, 0.0, 0.0]], "action_params_change": 0, "value_params_change": 0.4914604036434954}
{"iterations": 1, "type_itr": 0, "sub_iteration": 3, "sub_it_time": 0.11526823043823242, "total_time": 0.46160435676574707, "value_loss": 6.969599723815918, "action_loss": -2.617006301879883, "action_probs": [[0.2766829836871373, 0.7214838470364296, 0.0005081382484323067, 0.001325031028000791], [0.1252555142753634, 0.053185321043465864, 0.5766887130735115, 0.2448704516076595], [0.13520502618608288, 0.08238875059578346, 0.486159372124, 0.2962468510941335], [0.8059517318556101, 0.1662400875484803, 0.023053116539043222, 0.004755064056866432], [0.0016381823789187499, 0.7987217188090506, 0.0004086247843176961, 0.1992314740277129], [0.15432036455191794, 0.7686497563884147, 0.01287937577628959, 0.06415050328337761], [0.1594233141337486, 0.13390253157557708, 0.3840791302152257, 0.32259502407544866], [0.0016185380085046853, 0.002530040430387463, 0.38852426207240826, 0.6073271594886995], [0.9961097336472942, 0.002145591468204891, 0.0017409249825944648, 3.749901906652831e-06], [0.08487052263230718, 0.0631354543455709, 0.4885557967993227, 0.36343822622279914], [0.32949411462791833, 0.0003625443783435796, 0.6694067886328015, 0.000736552360936427], [0.20429014490180888, 0.7478108633051287, 0.010277577578122317, 0.037621414214940085], [0.11023384461301136, 0.0036810072663633663, 0.8574524824494053, 0.02863266567121998], [0.051050906888965054, 0.0064331741447247, 0.8370368205471854, 0.10547909841912481], [0.9804912128786775, 0.01888523369732578, 0.0006117701243450493, 1.1783299651791872e-05], [0.14812838814546583, 0.8456956833418667, 0.0009205153730216368, 0.005255413139645748]], "state_values": [4.987917533255991, 4.107082770922078, 4.997840002082839, -3.9070810312010806, 4.176175271598714, 3.627655628060986, 3.3501595398859587, 1.1091310509968644, 4.1578581263199075, 3.8173674308290404, 0.8225618910687061, 4.9196331153638635, 4.999351222706736, -2.011786015157548, 2.96638575460836, 4.23977825222496], "value_grad": [-5.425200462341309, 2.257200002670288, -1.1088001728057861, -0.8711998462677002, 0.5939993858337402, 1.465200424194336, -0.7127995491027832, -0.03960013389587402, 2.653200387954712, 1.8612003326416016, 3.049201011657715, 2.2176005840301514, 0.8315999507904053, 0.3959996700286865, 0.6731996536254883, 6.296400547027588], "action_grad": [[0.0, 0.0, 0.0], [0.0, 0.0, 0.0], [0.0, 0.0, 0.0], [0.0, 0.0, 0.0], [0.0, 0.0, 0.0], [0.0, 0.0, 0.0], [0.0, 0.0, 0.0], [0.0, 0.0, 0.0], [0.0, 0.0, 0.0], [0.0, 0.0, 0.0], [0.0, 0.0, 0.0], [0.0, 0.0, 0.0], [0.0, 0.0, 0.0], [0.0, 0.0, 0.0], [0.0, 0.0, 0.0], [0.0, 0.0, 0.0]], "action_params_change": 0, "value_params_change": 0.46876251985097284}
{"iterations": 1, "type_itr": 0, "sub_iteration": 4, "sub_it_time": 0.11287784576416016, "total_time": 0.5761020183563232, "value_loss": 5.06879997253418, "action_loss": -2.4902310371398926, "action_probs": [[0.2766829836871373, 0.7214838470364296, 0.0005081382484323067, 0.001325031028000791], [0.1252555142753634, 0.053185321043465864, 0.5766887130735115, 0.2448704516076595], [0.13520502618608288, 0.08238875059578346, 0.486159372124, 0.2962468510941335], [0.8059517318556101, 0.1662400875484803, 0.023053116539043222, 0.004755064056866432], [0.0016381823789187499, 0.7987217188090506, 0.0004086247843176961, 0.1992314740277129], [0.15432036455191794, 0.7686497563884147, 0.01287937577628959, 0.06415050328337761], [0.1594233141337486, 0.13390253157557708, 0.3840791302152257, 0.32259502407544866], [0.0016185380085046853, 0.002530040430387463, 0.38852426207240826, 0.6073271594886995], [0.9961097336472942, 0.002145591468204891, 0.0017409249825944648, 3.749901906652831e-06], [0.08487052263230718, 0.0631354543455709, 0.4885557967993227, 0.36343822622279914], [0.32949411462791833, 0.0003625443783435796, 0.6694067886328015, 0.000736552360936427], [0.20429014490180888, 0.7478108633051287, 0.010277577578122317, 0.037621414214940085], [0.11023384461301136, 0.0036810072663633663, 0.8574524824494053, 0.02863266567121998], [0.051050906888965054, 0.0064331741447247, 0.8370368205471854, 0.10547909841912481], [0.9804912128786775, 0.01888523369732578, 0.0006117701243450493, 1.1783299651791872e-05], [0.14812838814546583, 0.8456956833418667, 0.0009205153730216368, 0.005255413139645748]], "state_values": [4.972546194439203, 4.421388637223671, 4.993701222929652, -3.8385717878100674, 3.907555359665464, 3.5838374406820157, 3.437566168146419, 0.9418955987545413, 4.268028820240051, 3.8299852159422754, 1.1771608683797805, 4.720050077063047, 4.925622527242462, -1.4730824236530575, 2.6779605688694326, 3.7731253855110234], "value_grad": [3.3660004138946533, 1.900800108909607, 0.11879992485046387, -1.148399829864502, -2.376000165939331, -0.95039963722229, -3.2472000122070312, 0.07920002937316895, -4.355999946594238, -5.623199939727783, -6.890400409698486, 2.8908004760742188, 2.494799852371216, -4.078800201416016, 2.732400417327881, -0.27719926834106445], "action_grad": [[0.0, 0.0, 0.0], [0.0, 0.0, 0.0], [0.0, 0.0, 0.0], [0.0, 0.0, 0.0], [0.0, 0.0, 0.0], [0.0, 0.0, 0.0], [0.0, 0.0, 0.0], [0.0, 0.0, 0.0], [0.0, 0.0, 0.0], [0.0, 0.0, 0.0], [0.0, 0.0, 0.0], [0.0, 0.0, 0.0], [0.0, 0.0, 0.0], [0.0, 0.0, 0.0], [0.0, 0.0, 0.0], [0.0, 0.0, 0.0]], "action_params_change": 0, "value_params_change": 0.3140679983602015}
{"iterations": 1, "type_itr": 0, "sub_iteration": 5, "sub_it_time": 0.11193490028381348, "total_time": 0.6899099349975586, "value_loss": 1.3068000078201294, "action_loss": -2.591651201248169, "action_probs": [[0.2766829836871373, 0.7214838470364296, 0.0005081382484323067, 0.001325031028000791], [0.1252555142753634, 0.053185321043465864, 0.5766887130735115, 0.2448704516076595], [0.13520502618608288, 0.08238875059578346, 0.486159372124, 0.2962468510941335], [0.8059517318556101, 0.1662400875484803, 0.023053116539043222, 0.004755064056866432], [0.0016381823789187499, 0.7987217188090506, 0.0004086247843176961, 0.1992314740277129], [0.15432036455191794, 0.7686497563884147, 0.01287937577628959, 0.06415050328337761], [0.1594233141337486, 0.13390253157557708, 0.3840791302152257, 0.32259502407544866], [0.0016185380085046853, 0.002530040430387463, 0.38852426207240826, 0.6073271594886995], [0.9961097336472942, 0.002145591468204891, 0.0017409249825944648, 3.749901906652831e-06], [0.08487052263230718, 0.0631354543455709, 0.4885557967993227, 0.36343822622279914], [0.32949411462791833, 0.0003625443783435796, 0.6694067886328015, 0.000736552360936427], [0.20429014490180888, 0.7478108633051287, 0.010277577578122317, 0.037621414214940085], [0.11023384461301136, 0.0036810072663633663, 0.8574524824494053, 0.02863266567121998], [0.051050906888965054, 0.0064331741447247, 0.8370368205471854, 0.10547909841912481], [0.9804912128786775, 0.01888523369732578, 0.0006117701243450493, 1.1783299651791872e-05], [0.14812838814546583, 0.8456956833418667, 0.0009205153730216368, 0.005255413139645748]], "state_values": [4.99511631728507, 4.682828220775157, 4.99957568151938, -3.5846496904553438, 3.833631445660932, 3.2081045888428967, 3.729525816335082, 1.1031641644962242, 4.470007974528806, 3.7825252089106005, 1.3233727152237607, 4.344934435635885, 4.726154724055177, -1.1734183753501675, 2.142086548847182, 3.4407176416760334], "value_grad": [-6.177600383758545, 1.227600336074829, 1.4652000665664673, 1.7424001693725586, 2.0988001823425293, 3.366000175476074, -2.455199956893921, 1.3068008422851562, 2.574000358581543, 1.22760009765625, 2.53439998626709, 3.445199966430664, 1.029599905014038, 1.4651999473571777, 2.375999927520752, -2.0195999145507812], "action_grad": [[0.0, 0.0, 0.0], [0.0, 0.0, 0.0], [0.0, 0.0, 0.0], [0.0, 0.0, 0.0], [0.0, 0.0, 0.0], [0.0, 0.0, 0.0], [0.0, 0.0, 0.0], [0.0, 0.0, 0.0], [0.0, 0.0, 0.0], [0.0, 0.0, 0.0], [0.0, 0.0, 0.0], [0.0, 0.0, 0.0], [0.0, 0.0, 0.0], [0.0, 0.0, 0.0], [0.0, 0.0, 0.0], [0.0, 0.0, 0.0]], "action_params_change": 0, "value_params_change": 0.36285928741693696}
{"iterations": 1, "type_itr": 0, "sub_iteration": 6, "sub_it_time": 0.1145486831665039, "total_time": 0.8060989379882812, "value_loss": 2.296800136566162, "action_loss": -2.59527325630188, "action_probs": [[0.2766829836871373, 0.7214838470364296, 0.0005081382484323067, 0.001325031028000791], [0.1252555142753634, 0.053185321043465864, 0.5766887130735115, 0.2448704516076595], [0.13520502618608288, 0.08238875059578346, 0.486159372124, 0.2962468510941335], [0.8059517318556101, 0.1662400875484803, 0.023053116539043222, 0.004755064056866432], [0.0016381823789187499, 0.7987217188090506, 0.0004086247843176961, 0.1992314740277129], [0.15432036455191794, 0.7686497563884147, 0.01287937577628959, 0.06415050328337761], [0.1594233141337486, 0.13390253157557708, 0.3840791302152257, 0.32259502407544866], [0.0016185380085046853, 0.002530040430387463, 0.38852426207240826, 0.6073271594886995], [0.9961097336472942, 0.002145591468204891, 0.0017409249825944648, 3.749901906652831e-06], [0.08487052263230718, 0.0631354543455709, 0.4885557967993227, 0.36343822622279914], [0.32949411462791833, 0.0003625443783435796, 0.6694067886328015, 0.000736552360936427], [0.20429014490180888, 0.7478108633051287, 0.010277577578122317, 0.037621414214940085], [0.11023384461301136, 0.0036810072663633663, 0.8574524824494053, 0.02863266567121998], [0.051050906888965054, 0.0064331741447247, 0.8370368205471854, 0.10547909841912481], [0.9804912128786775, 0.01888523369732578, 0.0006117701243450493, 1.1783299651791872e-05], [0.14812838814546583, 0.8456956833418667, 0.0009205153730216368, 0.005255413139645748]], "state_values": [4.987774676141778, 4.889290500279519, 4.980420592196208, -3.488568322048992, 3.516724204806536, 3.1556287145387576, 3.479246523475352, 1.6093367853764717, 4.464012240015302, 3.5480285835033905, 1.4654985110272392, 4.079299474248623, 4.4751603183870445, -0.6876979428475807, 1.5560944217673547, 3.0991648157196217], "value_grad": [-6.3755998611450195, 2.217600107192993, 2.653200149536133, -1.148400068283081, -4.27679967880249, -2.692800283432007, 8.276400566101074, 2.53439998626709, -3.9600000381469727, 4.554000377655029, -0.27719998359680176, -2.8908002376556396, -0.3564002513885498, -2.375999927520752, 0.712800145149231, 0.3959999084472656], "action_grad": [[0.0, 0.0, 0.0], [0.0, 0.0, 0.0], [0.0, 0.0, 0.0], [0.0, 0.0, 0.0], [0.0, 0.0, 0.0], [0.0, 0.0, 0.0], [0.0, 0.0, 0.0], [0.0, 0.0, 0.0], [0.0, 0.0, 0.0], [0.0, 0.0, 0.0], [0.0, 0.0, 0.0], [0.0, 0.0, 0.0], [0.0, 0.0, 0.0], [0.0, 0.0, 0.0], [0.0, 0.0, 0.0], [0.0, 0.0, 0.0]], "action_params_change": 0, "value_params_change": 0.2945384127170394}
{"iterations": 1, "type_itr": 0, "sub_iteration": 7, "sub_it_time": 0.1130828857421875, "total_time": 0.9207313060760498, "value_loss": 3.4056003093719482, "action_loss": -2.3688886165618896, "action_probs": [[0.2766829836871373, 0.7214838470364296, 0.0005081382484323067, 0.001325031028000791], [0.1252555142753634, 0.053185321043465864, 0.5766887130735115, 0.2448704516076595], [0.13520502618608288, 0.08238875059578346, 0.486159372124, 0.2962468510941335], [0.8059517318556101, 0.1662400875484803, 0.023053116539043222, 0.004755064056866432], [0.0016381823789187499, 0.7987217188090506, 0.0004086247843176961, 0.1992314740277129], [0.15432036455191794, 0.7686497563884147, 0.01287937577628959, 0.06415050328337761], [0.1594233141337486, 0.13390253157557708, 0.3840791302152257, 0.32259502407544866], [0.0016185380085046853, 0.002530040430387463, 0.38852426207240826, 0.6073271594886995], [0.9961097336472942, 0.002145591468204891, 0.0017409249825944648, 3.749901906652831e-06], [0.08487052263230718, 0.0631354543455709, 0.4885557967993227, 0.36343822622279914], [0.32949411462791833, 0.0003625443783435796, 0.6694067886328015, 0.000736552360936427], [0.20429014490180888, 0.7478108633051287, 0.010277577578122317, 0.037621414214940085], [0.11023384461301136, 0.0036810072663633663, 0.8574524824494053, 0.02863266567121998], [0.051050906888965054, 0.0064331741447247, 0.8370368205471854, 0.10547909841912481], [0.9804912128786775, 0.01888523369732578, 0.0006117701243450493, 1.1783299651791872e-05], [0.14812838814546583, 0.8456956833418667, 0.0009205153730216368, 0.005255413139645748]], "state_values": [4.894114431564008, 4.993468368113942, 4.940109519259048, -3.2553993867434605, 2.9886894624728066, 3.479727924978842, 3.229938381019038, 1.4332997526439673, 4.33899165451343, 3.515997107619754, 1.6174116017798177, 3.783566647226797, 4.225650954876978, -0.07982850722760976, 0.7466687289503732, 2.903764249119865], "value_grad": [-4.078800201416016, 1.9799998998641968, -0.7920002937316895, 1.386000156402588, -5.029200077056885, -6.29640007019043, 0.27719998359680176, -4.672800064086914, -3.4452004432678223, -4.1184000968933105, -0.5148000717163086, 0.5544002056121826, -0.47519946098327637, -2.0592000484466553, 4.910400390625, -1.8216001987457275], "action_grad": [[0.0, 0.0, 0.0], [0.0, 0.0, 0.0], [0.0, 0.0, 0.0], [0.0, 0.0, 0.0], [0.0, 0.0, 0.0], [0.0, 0.0, 0.0], [0.0, 0.0, 0.0], [0.0, 0.0, 0.0], [0.0, 0.0, 0.0], [0.0, 0.0, 0.0], [0.0, 0.0, 0.0], [0.0, 0.0, 0.0], [0.0, 0.0, 0.0], [0.0, 0.0, 0.0], [0.0, 0.0, 0.0], [0.0, 0.0, 0.0]], "action_params_change": 0, "value_params_change": 0.33316182867231925}
{"iterations": 1, "type_itr": 0, "sub_iteration": 8, "sub_it_time": 0.11407256126403809, "total_time": 1.0363991260528564, "value_loss": 2.0196001529693604, "action_loss": -2.2692794799804688, "action_probs": [[0.2766829836871373, 0.7214838470364296, 0.0005081382484323067, 0.001325031028000791], [0.1252555142753634, 0.053185321043465864, 0.5766887130735115, 0.2448704516076595], [0.13520502618608288, 0.08238875059578346, 0.486159372124, 0.2962468510941335], [0.8059517318556101, 0.1662400875484803, 0.023053116539043222, 0.004755064056866432], [0.0016381823789187499, 0.7987217188090506, 0.0004086247843176961, 0.1992314740277129], [0.15432036455191794, 0.7686497563884147, 0.01287937577628959, 0.06415050328337761], [0.1594233141337486, 0.13390253157557708, 0.3840791302152257, 0.32259502407544866], [0.0016185380085046853, 0.002530040430387463, 0.38852426207240826, 0.6073271594886995], [0.9961097336472942, 0.002145591468204891, 0.0017409249825944648, 3.749901906652831e-06], [0.08487052263230718, 0.0631354543455709, 0.4885557967993227, 0.36343822622279914], [0.32949411462791833, 0.0003625443783435796, 0.6694067886328015, 0.000736552360936427], [0.20429014490180888, 0.7478108633051287, 0.010277577578122317, 0.037621414214940085], [0.11023384461301136, 0.0036810072663633663, 0.8574524824494053, 0.02863266567121998], [0.051050906888965054, 0.0064331741447247, 0.8370368205471854, 0.10547909841912481], [0.9804912128786775, 0.01888523369732578, 0.0006117701243450493, 1.1783299651791872e-05], [0.14812838814546583, 0.8456956833418667, 0.0009205153730216368, 0.005255413139645748]], "state_values": [4.754447241564638, 4.985591618373068, 4.945086399913343, -2.8012273120498725, 2.548326462732081, 3.616949628207709, 3.1356563172609677, 1.4184911527834365, 4.1289628237524845, 3.768686808804403, 1.794138416941786, 3.4124698536514364, 4.108433924928268, 0.07859565223794092, 0.6318793380238465, 2.519929344560558], "value_grad": [1.188000202178955, -0.7920001745223999, -2.455199956893921, 2.8115997314453125, 1.1879998445510864, 2.455199956893921, -2.692800283432007, 1.4652001857757568, -2.4552001953125, -9.345600128173828, -0.8315999507904053, 1.5048000812530518, -1.7819998264312744, 3.801600217819214, -6.21720027923584, 3.722399950027466], "action_grad": [[0.0, 0.0, 0.0], [0.0, 0.0, 0.0], [0.0, 0.0, 0.0], [0.0, 0.0, 0.0], [0.0, 0.0, 0.0], [0.0, 0.0, 0.0], [0.0, 0.0, 0.0], [0.0, 0.0, 0.0], [0.0, 0.0, 0.0], [0.0, 0.0, 0.0], [0.0, 0.0, 0.0], [0.0, 0.0, 0.0], [0.0, 0.0, 0.0], [0.0, 0.0, 0.0], [0.0, 0.0, 0.0], [0.0, 0.0, 0.0]], "action_params_change": 0, "value_params_change": 0.25410934315931166}
{"iterations": 1, "type_itr": 0, "sub_iteration": 9, "sub_it_time": 0.11234331130981445, "total_time": 1.1503181457519531, "value_loss": 4.078800201416016, "action_loss": -2.3725106716156006, "action_probs": [[0.2766829836871373, 0.7214838470364296, 0.0005081382484323067, 0.001325031028000791], [0.1252555142753634, 0.053185321043465864, 0.5766887130735115, 0.2448704516076595], [0.13520502618608288, 0.08238875059578346, 0.486159372124, 0.2962468510941335], [0.8059517318556101, 0.1662400875484803, 0.023053116539043222, 0.004755064056866432], [0.0016381823789187499, 0.7987217188090506, 0.0004086247843176961, 0.1992314740277129], [0.15432036455191794, 0.7686497563884147, 0.01287937577628959, 0.06415050328337761], [0.1594233141337486, 0.13390253157557708, 0.3840791302152257, 0.32259502407544866], [0.0016185380085046853, 0.002530040430387463, 0.38852426207240826, 0.6073271594886995], [0.9961097336472942, 0.002145591468204891, 0.0017409249825944648, 3.749901906652831e-06], [0.08487052263230718, 0.0631354543455709, 0.4885557967993227, 0.36343822622279914], [0.32949411462791833, 0.0003625443783435796, 0.6694067886328015, 0.000736552360936427], [0.20429014490180888, 0.7478108633051287, 0.010277577578122317, 0.037621414214940085], [0.11023384461301136, 0.0036810072663633663, 0.8574524824494053, 0.02863266567121998], [0.051050906888965054, 0.0064331741447247, 0.8370368205471854, 0.10547909841912481], [0.9804912128786775, 0.01888523369732578, 0.0006117701243450493, 1.1783299651791872e-05], [0.14812838814546583, 0.8456956833418667, 0.0009205153730216368, 0.005255413139645748]], "state_values": [4.518853048333257, 4.92169054318323, 4.966788262738871, -2.19565030837944, 2.4859833743960444, 3.6990757895548216, 3.174902272535909, 1.1596560533308093, 3.8691683138830344, 4.0681225056037515, 1.995598074908826, 3.100768288342301, 3.8384312934354883, 0.43208569103435235, 0.3929559521164508, 2.233766343787431], "value_grad": [-3.68280029296875, -0.6731997728347778, -1.1880000829696655, 2.059199810028076, 5.54400110244751, 0.7524001598358154, -2.653200149536133, -2.8907999992370605, -1.2275999784469604, -4.078800201416016, -0.9107997417449951, -0.8316001892089844, 2.653200149536133, -2.9700002670288086, 2.138400077819824, -1.148400068283081], "action_grad": [[0.0, 0.0, 0.0], [0.0, 0.0, 0.0], [0.0, 0.0, 0.0], [0.0, 0.0, 0.0], [0.0, 0.0, 0.0], [0.0, 0.0, 0.0], [0.0, 0.0, 0.0], [0.0, 0.0, 0.0], [0.0, 0.0, 0.0], [0.0, 0.0, 0.0], [0.0, 0.0, 0.0], [0.0, 0.0, 0.0], [0.0, 0.0, 0.0], [0.0, 0.0, 0.0], [0.0, 0.0, 0.0], [0.0, 0.0, 0.0]], "action_params_change": 0, "value_params_change": 0.2801039117296087}
{"iterations": 1, "type_itr": 0, "sub_iteration": 10, "sub_it_time": 0.11343908309936523, "total_time": 1.2652795314788818, "value_loss": 3.841200351715088, "action_loss": -2.2095139026641846, "action_probs": [[0.2766829836871373, 0.7214838470364296, 0.0005081382484323067, 0.001325031028000791], [0.1252555142753634, 0.053185321043465864, 0.5766887130735115, 0.2448704516076595], [0.13520502618608288, 0.08238875059578346, 0.486159372124, 0.2962468510941335], [0.8059517318556101, 0.1662400875484803, 0.023053116539043222, 0.004755064056866432], [0.0016381823789187499, 0.7987217188090506, 0.0004086247843176961, 0.1992314740277129], [0.15432036455191794, 0.7686497563884147, 0.01287937577628959, 0.06415050328337761], [0.1594233141337486, 0.13390253157557708, 0.3840791302152257, 0.32259502407544866], [0.0016185380085046853, 0.002530040430387463, 0.38852426207240826, 0.6073271594886995], [0.9961097336472942, 0.002145591468204891, 0.0017409249825944648, 3.749901906652831e-06], [0.08487052263230718, 0.0631354543455709, 0.4885557967993227, 0.36343822622279914], [0.32949411462791833, 0.0003625443783435796, 0.6694067886328015, 0.000736552360936427], [0.20429014490180888, 0.7478108633051287, 0.010277577578122317, 0.037621414214940085], [0.11023384461301136, 0.0036810072663633663, 0.8574524824494053, 0.02863266567121998], [0.051050906888965054, 0.0064331741447247, 0.8370368205471854, 0.10547909841912481], [0.9804912128786775, 0.01888523369732578, 0.0006117701243450493, 1.1783299651791872e-05], [0.14812838814546583, 0.8456956833418667, 0.0009205153730216368, 0.005255413139645748]], "state_values": [4.2912722033524275, 4.8727779328935155, 4.988959843750084, -1.8292924738954481, 2.3401432628102894, 3.9295636443510387, 3.140326250611027, 0.8059143873466663, 3.688223656472448, 4.18840421085254, 2.170969660437543, 2.834174826374257, 3.381919496052799, 0.5567739410148779, 0.20133527587693256, 1.8429929484279792], "value_grad": [1.7820000648498535, -2.296800136566162, -0.8712000846862793, -1.861199975013733, -1.782000184059143, -4.1184000968933105, 1.5443999767303467, -1.4652000665664673, 1.5839998722076416, 5.108400344848633, 0.03960004448890686, -0.47519993782043457, 3.722399950027466, 2.494800090789795, -0.3563997745513916, 2.1780002117156982], "action_grad": [[0.0, 0.0, 0.0], [0.0, 0.0, 0.0], [0.0, 0.0, 0.0], [0.0, 0.0, 0.0], [0.0, 0.0, 0.0], [0.0, 0.0, 0.0], [0.0, 0.0, 0.0], [0.0, 0.0, 0.0], [0.0, 0.0, 0.0], [0.0, 0.0, 0.0], [0.0, 0.0, 0.0], [0.0, 0.0, 0.0], [0.0, 0.0, 0.0], [0.0, 0.0, 0.0], [0.0, 0.0, 0.0], [0.0, 0.0, 0.0]], "action_params_change": 0, "value_params_change": 0.2647615179298497}
{"iterations": 1, "type_itr": 0, "sub_iteration": 11, "sub_it_time": 0.1141512393951416, "total_time": 1.3809821605682373, "value_loss": 0.15839999914169312, "action_loss": -2.254791021347046, "action_probs": [[0.2766829836871373, 0.7214838470364296, 0.0005081382484323067, 0.001325031028000791], [0.1252555142753634, 0.053185321043465864, 0.5766887130735115, 0.2448704516076595], [0.13520502618608288, 0.08238875059578346, 0.486159372124, 0.2962468510941335], [0.8059517318556101, 0.1662400875484803, 0.023053116539043222, 0.004755064056866432], [0.0016381823789187499, 0.7987217188090506, 0.0004086247843176961, 0.1992314740277129], [0.15432036455191794, 0.7686497563884147, 0.01287937577628959, 0.06415050328337761], [0.1594233141337486, 0.13390253157557708, 0.3840791302152257, 0.32259502407544866], [0.0016185380085046853, 0.002530040430387463, 0.38852426207240826, 0.6073271594886995], [0.9961097336472942, 0.002145591468204891, 0.0017409249825944648, 3.749901906652831e-06], [0.08487052263230718, 0.0631354543455709, 0.4885557967993227, 0.36343822622279914], [0.32949411462791833, 0.0003625443783435796, 0.6694067886328015, 0.000736552360936427], [0.20429014490180888, 0.7478108633051287, 0.010277577578122317, 0.037621414214940085], [0.11023384461301136, 0.0036810072663633663, 0.8574524824494053, 0.02863266567121998], [0.051050906888965054, 0.0064331741447247, 0.8370368205471854, 0.10547909841912481], [0.9804912128786775, 0.01888523369732578, 0.0006117701243450493, 1.1783299651791872e-05], [0.14812838814546583, 0.8456956833418667, 0.0009205153730216368, 0.005255413139645748]], "state_values": [4.031185540221063, 4.745910493431851, 4.95950027417893, -1.7543851529133798, 2.1080066023285937, 4.247935905029284, 3.24571758081504, 0.40347586039426564, 3.4953344038179424, 4.251699609439466, 2.251345699348582, 2.7545863573560396, 3.0443677768174804, 0.7018827467254714, 0.1428268980385162, 1.6400298156280282], "value_grad": [-0.7920000553131104, 3.8015999794006348, 6.019200801849365, -2.613600015640259, -1.9800001382827759, -4.751999378204346, -3.1679999828338623, -0.9900000095367432, -0.43560028076171875, 1.9007998704910278, 1.5047999620437622, -2.574000120162964, -1.6236000061035156, -0.4752004146575928, -1.7424001693725586, -2.415600061416626], "action_grad": [[0.0, 0.0, 0.0], [0.0, 0.0, 0.0], [0.0, 0.0, 0.0], [0.0, 0.0, 0.0], [0.0, 0.0, 0.0], [0.0, 0.0, 0.0], [0.0, 0.0, 0.0], [0.0, 0.0, 0.0], [0.0, 0.0, 0.0], [0.0, 0.0, 0.0], [0.0, 0.0, 0.0], [0.0, 0.0, 0.0], [0.0, 0.0, 0.0], [0.0, 0.0, 0.0], [0.0, 0.0, 0.0], [0.0, 0.0, 0.0]], "action_params_change": 0, "value_params_change": 0.2220625612181033}
{"iterations": 1, "type_itr": 0, "sub_iteration": 12, "sub_it_time": 0.1126871109008789, "total_time": 1.4952280521392822, "value_loss": 7.009200096130371, "action_loss": -2.222191572189331, "action_probs": [[0.2766829836871373, 0.7214838470364296, 0.0005081382484323067, 0.001325031028000791], [0.1252555142753634, 0.053185321043465864, 0.5766887130735115, 0.2448704516076595], [0.13520502618608288, 0.08238875059578346, 0.486159372124, 0.2962468510941335], [0.8059517318556101, 0.1662400875484803, 0.023053116539043222, 0.004755064056866432], [0.0016381823789187499, 0.7987217188090506, 0.0004086247843176961, 0.1992314740277129], [0.15432036455191794, 0.7686497563884147, 0.01287937577628959, 0.06415050328337761], [0.1594233141337486, 0.13390253157557708, 0.3840791302152257, 0.32259502407544866], [0.0016185380085046853, 0.002530040430387463, 0.38852426207240826, 0.6073271594886995], [0.9961097336472942, 0.002145591468204891, 0.0017409249825944648, 3.749901906652831e-06], [0.08487052263230718, 0.0631354543455709, 0.4885557967993227, 0.36343822622279914], [0.32949411462791833, 0.0003625443783435796, 0.6694067886328015, 0.000736552360936427], [0.20429014490180888, 0.7478108633051287, 0.010277577578122317, 0.037621414214940085], [0.11023384461301136, 0.0036810072663633663, 0.8574524824494053, 0.02863266567121998], [0.051050906888965054, 0.0064331741447247, 0.8370368205471854, 0.10547909841912481], [0.9804912128786775, 0.01888523369732578, 0.0006117701243450493, 1.1783299651791872e-05], [0.14812838814546583, 0.8456956833418667, 0.0009205153730216368, 0.005255413139645748]], "state_values": [3.777076464062751, 4.5179736682209946, 4.881536018153828, -1.7847643711632613, 1.9675862331656142, 4.527712732743838, 3.2493994284396726, 0.17890936343426964, 3.239728456596951, 4.275609052359808, 2.148483358505993, 2.7281743968512338, 2.7630799393452037, 1.1614370085799852, 0.15321766765905223, 1.4110802954835369], "value_grad": [0.35640013217926025, 3.2076001167297363, 2.7323999404907227, -1.1088001728057861, 1.3859994411468506, -1.6631996631622314, 2.138400077819824, 1.5839998722076416, -1.5048000812530518, 1.5840001106262207, 3.682800531387329, -0.7523994445800781, -0.593999981880188, -6.375600337982178, -0.9900000095367432, 0.7128000259399414], "action_grad": [[0.0, 0.0, 0.0], [0.0, 0.0, 0.0], [0.0, 0.0, 0.0], [0.0, 0.0, 0.0], [0.0, 0.0, 0.0], [0.0, 0.0, 0.0], [0.0, 0.0, 0.0], [0.0, 0.0, 0.0], [0.0, 0.0, 0.0], [0.0, 0.0, 0.0], [0.0, 0.0, 0.0], [0.0, 0.0, 0.0], [0.0, 0.0, 0.0], [0.0, 0.0, 0.0], [0.0, 0.0, 0.0], [0.0, 0.0, 0.0]], "action_params_change": 0, "value_params_change": 0.2450778757909442}
{"iterations": 1, "type_itr": 0, "sub_iteration": 13, "sub_it_time": 0.11229133605957031, "total_time": 1.609323263168335, "value_loss": 3.841200351715088, "action_loss": -2.0990383625030518, "action_probs": [[0.2766829836871373, 0.7214838470364296, 0.0005081382484323067, 0.001325031028000791], [0.1252555142753634, 0.053185321043465864, 0.5766887130735115, 0.2448704516076595], [0.13520502618608288, 0.08238875059578346, 0.486159372124, 0.2962468510941335], [0.8059517318556101, 0.1662400875484803, 0.023053116539043222, 0.004755064056866432], [0.0016381823789187499, 0.7987217188090506, 0.0004086247843176961, 0.1992314740277129], [0.15432036455191794, 0.7686497563884147, 0.01287937577628959, 0.06415050328337761], [0.1594233141337486, 0.13390253157557708, 0.3840791302152257, 0.32259502407544866], [0.0016185380085046853, 0.002530040430387463, 0.38852426207240826, 0.6073271594886995], [0.9961097336472942, 0.002145591468204891, 0.0017409249825944648, 3.749901906652831e-06], [0.08487052263230718, 0.0631354543455709, 0.4885557967993227, 0.36343822622279914], [0.32949411462791833, 0.0003625443783435796, 0.6694067886328015, 0.000736552360936427], [0.20429014490180888, 0.7478108633051287, 0.010277577578122317, 0.037621414214940085], [0.11023384461301136, 0.0036810072663633663, 0.8574524824494053, 0.02863266567121998], [0.051050906888965054, 0.0064331741447247, 0.8370368205471854, 0.10547909841912481], [0.9804912128786775, 0.01888523369732578, 0.0006117701243450493, 1.1783299651791872e-05], [0.14812838814546583, 0.8456956833418667, 0.0009205153730216368, 0.005255413139645748]], "state_values": [3.5632776122259346, 4.218735632436737, 4.71562233167297, -1.7224871883868729, 1.8516211096048043, 4.7592076295312165, 3.221479373203921, -0.29290205663681596, 3.0209022412418163, 4.26032459922894, 2.060230995274729, 2.8150806438595195, 2.7791654390212845, 1.567976554871652, 0.11727522363613647, 1.5641566598619172], "value_grad": [1.1088000535964966, 1.0296000242233276, 3.365999937057495, 1.0296001434326172, 0.23759999871253967, -2.0196001529693604, 0.7524000406265259, -4.0391998291015625, 0.47519969940185547, 1.8612000942230225, -0.11880004405975342, -1.861200213432312, -3.9204001426696777, 0.0, 0.7128000855445862, -6.375600814819336], "action_grad": [[0.0, 0.0, 0.0], [0.0, 0.0, 0.0], [0.0, 0.0, 0.0], [0.0, 0.0, 0.0], [0.0, 0.0, 0.0], [0.0, 0.0, 0.0], [0.0, 0.0, 0.0], [0.0, 0.0, 0.0], [0.0, 0.0, 0.0], [0.0, 0.0, 0.0], [0.0, 0.0, 0.0], [0.0, 0.0, 0.0], [0.0, 0.0, 0.0], [0.0, 0.0, 0.0], [0.0, 0.0, 0.0], [0.0, 0.0, 0.0]], "action_params_change": 0, "value_params_change": 0.2530612324406143}
