{"iterations": 0, "type_itr": 0, "sub_iteration": 0, "sub_it_time": 0, "total_time": 0, "value_loss": 0, "action_loss": 0, "action_probs": [[0.21510701215758055, 0.3728236394912734, 0.15076439045480589, 0.26130495789634023], [0.004718829309726725, 0.05092540801605707, 0.08008472873167655, 0.8642710339425396], [0.8478323828800209, 0.02151065030863512, 0.12742404699008875, 0.0032329198212552486], [0.001850839447045857, 6.8434712726683714e-06, 0.9944652857618446, 0.003677031319836846], [0.5339696912623578, 0.004521166347220365, 0.45763431411056477, 0.0038748282798571204], [0.25338758142556095, 0.0257950023338588, 0.6542176782345932, 0.06659973800598684], [0.35920230566828787, 0.13106562214803005, 0.37346300912845193, 0.13626906305523015], [0.4844225975489999, 0.46484466014319936, 0.02588953385928074, 0.024843208448519772], [0.5438118466252014, 0.4050900108087482, 0.029284140451686144, 0.021814002114364194], [0.06007908069642018, 0.519632601714495, 0.0435570586454027, 0.3767312589436821], [0.019777730431650643, 0.061220039819173636, 0.22439850269680855, 0.6946037270523673], [0.9922644730930591, 0.007479330480876283, 0.00025427975728230376, 1.916668782248132e-06], [0.0001532516420170752, 0.5296595884825271, 0.0001360045450943017, 0.4700511553303614], [0.00441730776903543, 0.0015266727748136804, 0.7387391908851372, 0.2553168285710137], [0.08602437929705048, 0.7255556285806795, 0.019971799098229364, 0.16844819302404074], [0.10779695710546887, 0.0006908195312519004, 0.8858353252339033, 0.005676898129375988]], "state_values": [0.4766302269685646, 4.7943458438743685, 3.958038518745497, -1.251044715563544, 3.2179574279429075, 4.983719494461777, -0.31373484077082603, 4.5142973724917095, 4.762046665378934, -4.857619833045103, 2.2033873693173773, -2.4554767560467217, -4.72030961438733, 2.4713336338036385, -2.9834789670700417, 3.820863000551579], "value_grad": [0.0, 0.0, 0.0, 0.0, 0.0, 0.0, 0.0, 0.0, 0.0, 0.0, 0.0, 0.0, 0.0, 0.0, 0.0, 0.0], "action_grad": [[0.0, 0.0, 0.0], [0.0, 0.0, 0.0], [0.0, 0.0, 0.0], [0.0, 0.0, 0.0], [0.0, 0.0, 0.0], [0.0, 0.0, 0.0], [0.0, 0.0, 0.0], [0.0, 0.0, 0.0], [0.0, 0.0, 0.0], [0.0, 0.0, 0.0], [0.0, 0.0, 0.0], [0.0, 0.0, 0.0], [0.0, 0.0, 0.0], [0.0, 0.0, 0.0], [0.0, 0.0, 0.0], [0.0, 0.0, 0.0]], "action_params_change": 0, "value_params_change": 0}
{"iterations": 1, "type_itr": 0, "sub_iteration": 0, "sub_it_time": 39.6416277885437, "total_time": 39.64346957206726, "value_loss": 14.565783592734162, "action_loss": -0.25868070923380493, "action_probs": [[0.21510701215758055, 0.3728236394912734, 0.15076439045480589, 0.26130495789634023], [0.004718829309726725, 0.05092540801605707, 0.08008472873167655, 0.8642710339425396], [0.8478323828800209, 0.02151065030863512, 0.12742404699008875, 0.0032329198212552486], [0.001850839447045857, 6.8434712726683714e-06, 0.9944652857618446, 0.003677031319836846], [0.5339696912623578, 0.004521166347220365, 0.45763431411056477, 0.0038748282798571204], [0.25338758142556095, 0.0257950023338588, 0.6542176782345932, 0.06659973800598684], [0.35920230566828787, 0.13106562214803005, 0.37346300912845193, 0.13626906305523015], [0.4844225975489999, 0.46484466014319936, 0.02588953385928074, 0.024843208448519772], [0.5438118466252014, 0.4050900108087482, 0.029284140451686144, 0.021814002114364194], [0.06007908069642018, 0.519632601714495, 0.0435570586454027, 0.3767312589436821], [0.019777730431650643, 0.061220039819173636, 0.22439850269680855, 0.6946037270523673], [0.9922644730930591, 0.007479330480876283, 0.00025427975728230376, 1.916668782248132e-06], [0.0001532516420170752, 0.5296595884825271, 0.0001360045450943017, 0.4700511553303614], [0.00441730776903543, 0.0015266727748136804, 0.7387391908851372, 0.2553168285710137], [0.08602437929705048, 0.7255556285806795, 0.019971799098229364, 0.16844819302404074], [0.10779695710546887, 0.0006908195312519004, 0.8858353252339033, 0.005676898129375988]], "state_values": [1.69319917302289, 4.29417516980852, 3.0791369162903712, -0.01448028199870442, 2.1711421489089457, 4.729043745544173, 0.9306006163911604, 3.8421198070188187, 4.236935306257129, -4.999709281830025, 1.0244593945132219, -1.3015668727134666, -4.165636801940316, 1.3191518098025177, -1.8980616222024256, 2.904189251789593], "value_grad": [-0.03785937095258873, -0.2650495355894886, -0.7383336811037626, -0.6625695663553302, -0.17037632192960928, 0.20826124152704395, 1.5711879930826242, -0.11358865633469861, -0.7194550905339074, -2.689602358413074, -1.9688060010529416, 0.13251302601147685, 0.6058443214988181, -1.5713000565839845, 1.7795496182411696, -1.1548449329107857], "action_grad": [[0.0, 0.0, 0.0], [0.0, 0.0, 0.0], [0.0, 0.0, 0.0], [0.0, 0.0, 0.0], [0.0, 0.0, 0.0], [0.0, 0.0, 0.0], [0.0, 0.0, 0.0], [0.0, 0.0, 0.0], [0.0, 0.0, 0.0], [0.0, 0.0, 0.0], [0.0, 0.0, 0.0], [0.0, 0.0, 0.0], [0.0, 0.0, 0.0], [0.0, 0.0, 0.0], [0.0, 0.0, 0.0], [0.0, 0.0, 0.0]], "action_params_change": 0, "value_params_change": 0.4999999981409893}
{"iterations": 1, "type_itr": 0, "sub_iteration": 1, "sub_it_time": 39.95532250404358, "total_time": 79.60048580169678, "value_loss": 9.18448104948805, "action_loss": -0.3428468372537233, "action_probs": [[0.21510701215758055, 0.3728236394912734, 0.15076439045480589, 0.26130495789634023], [0.004718829309726725, 0.05092540801605707, 0.08008472873167655, 0.8642710339425396], [0.8478323828800209, 0.02151065030863512, 0.12742404699008875, 0.0032329198212552486], [0.001850839447045857, 6.8434712726683714e-06, 0.9944652857618446, 0.003677031319836846], [0.5339696912623578, 0.004521166347220365, 0.45763431411056477, 0.0038748282798571204], [0.25338758142556095, 0.0257950023338588, 0.6542176782345932, 0.06659973800598684], [0.35920230566828787, 0.13106562214803005, 0.37346300912845193, 0.13626906305523015], [0.4844225975489999, 0.46484466014319936, 0.02588953385928074, 0.024843208448519772], [0.5438118466252014, 0.4050900108087482, 0.029284140451686144, 0.021814002114364194], [0.06007908069642018, 0.519632601714495, 0.0435570586454027, 0.3767312589436821], [0.019777730431650643, 0.061220039819173636, 0.22439850269680855, 0.6946037270523673], [0.9922644730930591, 0.007479330480876283, 0.00025427975728230376, 1.916668782248132e-06], [0.0001532516420170752, 0.5296595884825271, 0.0001360045450943017, 0.4700511553303614], [0.00441730776903543, 0.0015266727748136804, 0.7387391908851372, 0.2553168285710137], [0.08602437929705048, 0.7255556285806795, 0.019971799098229364, 0.16844819302404074], [0.10779695710546887, 0.0006908195312519004, 0.8858353252339033, 0.005676898129375988]], "state_values": [1.2553601730371986, 3.528175972016196, 2.0376933276563682, 1.1962864346956021, 2.3872581450869212, 4.235964707923767, 2.025305574016582, 2.933839724635652, 3.4636553779515724, -4.920734638354567, -0.20262894672570128, -0.09424283793976884, -3.3558445180687206, 0.09481931541819805, -0.7202943781448883, 1.8139455571560288], "value_grad": [0.0758469018564707, -0.34132788890175725, -0.5119791720104221, -0.4740397899577289, 0.22754069441478286, 0.6257910365942863, 0.7205386117996806, -0.15169859198801205, -1.194680210741483, -6.572520305780927e-14, -3.091339444163536, 0.09480797977793998, 0.8343676327904213, -1.3273423281768881, 1.2894125802461112, -1.0049998631642634], "action_grad": [[0.0, 0.0, 0.0], [0.0, 0.0, 0.0], [0.0, 0.0, 0.0], [0.0, 0.0, 0.0], [0.0, 0.0, 0.0], [0.0, 0.0, 0.0], [0.0, 0.0, 0.0], [0.0, 0.0, 0.0], [0.0, 0.0, 0.0], [0.0, 0.0, 0.0], [0.0, 0.0, 0.0], [0.0, 0.0, 0.0], [0.0, 0.0, 0.0], [0.0, 0.0, 0.0], [0.0, 0.0, 0.0], [0.0, 0.0, 0.0]], "action_params_change": 0, "value_params_change": 0.4993438589509591}
{"iterations": 1, "type_itr": 0, "sub_iteration": 2, "sub_it_time": 31.393787622451782, "total_time": 110.99590039253235, "value_loss": 5.352557307967698, "action_loss": -0.3211570805678522, "action_probs": [[0.21510701215758055, 0.3728236394912734, 0.15076439045480589, 0.26130495789634023], [0.004718829309726725, 0.05092540801605707, 0.08008472873167655, 0.8642710339425396], [0.8478323828800209, 0.02151065030863512, 0.12742404699008875, 0.0032329198212552486], [0.001850839447045857, 6.8434712726683714e-06, 0.9944652857618446, 0.003677031319836846], [0.5339696912623578, 0.004521166347220365, 0.45763431411056477, 0.0038748282798571204], [0.25338758142556095, 0.0257950023338588, 0.6542176782345932, 0.06659973800598684], [0.35920230566828787, 0.13106562214803005, 0.37346300912845193, 0.13626906305523015], [0.4844225975489999, 0.46484466014319936, 0.02588953385928074, 0.024843208448519772], [0.5438118466252014, 0.4050900108087482, 0.029284140451686144, 0.021814002114364194], [0.06007908069642018, 0.519632601714495, 0.0435570586454027, 0.3767312589436821], [0.019777730431650643, 0.061220039819173636, 0.22439850269680855, 0.6946037270523673], [0.9922644730930591, 0.007479330480876283, 0.00025427975728230376, 1.916668782248132e-06], [0.0001532516420170752, 0.5296595884825271, 0.0001360045450943017, 0.4700511553303614], [0.00441730776903543, 0.0015266727748136804, 0.7387391908851372, 0.2553168285710137], [0.08602437929705048, 0.7255556285806795, 0.019971799098229364, 0.16844819302404074], [0.10779695710546887, 0.0006908195312519004, 0.8858353252339033, 0.005676898129375988]], "state_values": [0.5284703244074607, 2.54300567319745, 1.114632844083208, 2.315844397115977, 2.50420142431624, 3.5087132949591795, 2.756063799474226, 1.843345681943642, 2.4748539975397437, -4.759923799689687, -1.2483218328110752, 0.9313564045997054, -2.33686204400643, -1.1011161514659324, 0.3797327340262424, 0.6712052043442059], "value_grad": [0.05692649188741061, -0.4174692055307352, -0.037951147888175996, -0.3984843001371088, -0.018975599415782973, 0.9298375667231431, -0.11385344226877514, -0.13282990301973552, -1.366278201107443, -0.05692844468248914, -0.5313130490931774, 0.018975446061328505, 0.7400577783990201, -0.9487726784062964, 0.5123382857076013, -0.5882433656131552], "action_grad": [[0.0, 0.0, 0.0], [0.0, 0.0, 0.0], [0.0, 0.0, 0.0], [0.0, 0.0, 0.0], [0.0, 0.0, 0.0], [0.0, 0.0, 0.0], [0.0, 0.0, 0.0], [0.0, 0.0, 0.0], [0.0, 0.0, 0.0], [0.0, 0.0, 0.0], [0.0, 0.0, 0.0], [0.0, 0.0, 0.0], [0.0, 0.0, 0.0], [0.0, 0.0, 0.0], [0.0, 0.0, 0.0], [0.0, 0.0, 0.0]], "action_params_change": 0, "value_params_change": 0.4995197399788549}
{"iterations": 1, "type_itr": 0, "sub_iteration": 3, "sub_it_time": 31.38026261329651, "total_time": 142.37803149223328, "value_loss": 3.758410689166677, "action_loss": -0.23698449021905083, "action_probs": [[0.21510701215758055, 0.3728236394912734, 0.15076439045480589, 0.26130495789634023], [0.004718829309726725, 0.05092540801605707, 0.08008472873167655, 0.8642710339425396], [0.8478323828800209, 0.02151065030863512, 0.12742404699008875, 0.0032329198212552486], [0.001850839447045857, 6.8434712726683714e-06, 0.9944652857618446, 0.003677031319836846], [0.5339696912623578, 0.004521166347220365, 0.45763431411056477, 0.0038748282798571204], [0.25338758142556095, 0.0257950023338588, 0.6542176782345932, 0.06659973800598684], [0.35920230566828787, 0.13106562214803005, 0.37346300912845193, 0.13626906305523015], [0.4844225975489999, 0.46484466014319936, 0.02588953385928074, 0.024843208448519772], [0.5438118466252014, 0.4050900108087482, 0.029284140451686144, 0.021814002114364194], [0.06007908069642018, 0.519632601714495, 0.0435570586454027, 0.3767312589436821], [0.019777730431650643, 0.061220039819173636, 0.22439850269680855, 0.6946037270523673], [0.9922644730930591, 0.007479330480876283, 0.00025427975728230376, 1.916668782248132e-06], [0.0001532516420170752, 0.5296595884825271, 0.0001360045450943017, 0.4700511553303614], [0.00441730776903543, 0.0015266727748136804, 0.7387391908851372, 0.2553168285710137], [0.08602437929705048, 0.7255556285806795, 0.019971799098229364, 0.16844819302404074], [0.10779695710546887, 0.0006908195312519004, 0.8858353252339033, 0.005676898129375988]], "state_values": [-0.19886654293989642, 1.3950280106299822, 0.7210227591503027, 3.274752197395687, 2.100600892775395, 2.567571124786509, 3.0626764965764295, 0.6484324888178162, 1.3285015585185582, -4.559281489940222, -2.0446090048747867, 1.3795798463540336, -1.1934530865315907, -2.1332222389154056, 1.1607776825613947, -0.3795460870890109], "value_grad": [0.018979183215464435, -0.39856582148247144, 0.43652112568414836, -0.3036677759166877, -0.30366893164783004, 1.0628558778778538, -0.6642786673099974, -0.11387542556373909, -1.2146807908241026, -0.05693882768835756, 0.1138749879778338, -0.07591680544436574, 0.5504003358231722, -0.37958324034162194, -0.3226460790757604, -0.20876938210402063], "action_grad": [[0.0, 0.0, 0.0], [0.0, 0.0, 0.0], [0.0, 0.0, 0.0], [0.0, 0.0, 0.0], [0.0, 0.0, 0.0], [0.0, 0.0, 0.0], [0.0, 0.0, 0.0], [0.0, 0.0, 0.0], [0.0, 0.0, 0.0], [0.0, 0.0, 0.0], [0.0, 0.0, 0.0], [0.0, 0.0, 0.0], [0.0, 0.0, 0.0], [0.0, 0.0, 0.0], [0.0, 0.0, 0.0], [0.0, 0.0, 0.0]], "action_params_change": 0, "value_params_change": 0.5016017613391264}
{"iterations": 1, "type_itr": 0, "sub_iteration": 4, "sub_it_time": 31.725736618041992, "total_time": 174.1054060459137, "value_loss": 3.606572862217843, "action_loss": -0.08421168128905125, "action_probs": [[0.21510701215758055, 0.3728236394912734, 0.15076439045480589, 0.26130495789634023], [0.004718829309726725, 0.05092540801605707, 0.08008472873167655, 0.8642710339425396], [0.8478323828800209, 0.02151065030863512, 0.12742404699008875, 0.0032329198212552486], [0.001850839447045857, 6.8434712726683714e-06, 0.9944652857618446, 0.003677031319836846], [0.5339696912623578, 0.004521166347220365, 0.45763431411056477, 0.0038748282798571204], [0.25338758142556095, 0.0257950023338588, 0.6542176782345932, 0.06659973800598684], [0.35920230566828787, 0.13106562214803005, 0.37346300912845193, 0.13626906305523015], [0.4844225975489999, 0.46484466014319936, 0.02588953385928074, 0.024843208448519772], [0.5438118466252014, 0.4050900108087482, 0.029284140451686144, 0.021814002114364194], [0.06007908069642018, 0.519632601714495, 0.0435570586454027, 0.3767312589436821], [0.019777730431650643, 0.061220039819173636, 0.22439850269680855, 0.6946037270523673], [0.9922644730930591, 0.007479330480876283, 0.00025427975728230376, 1.916668782248132e-06], [0.0001532516420170752, 0.5296595884825271, 0.0001360045450943017, 0.4700511553303614], [0.00441730776903543, 0.0015266727748136804, 0.7387391908851372, 0.2553168285710137], [0.08602437929705048, 0.7255556285806795, 0.019971799098229364, 0.16844819302404074], [0.10779695710546887, 0.0006908195312519004, 0.8858353252339033, 0.005676898129375988]], "state_values": [-0.8109663203850035, 0.21504561920111198, 0.8255820122628363, 4.023784978356845, 1.386648751822686, 1.4578460793424812, 3.0315351773192063, -0.48327954176153387, 0.1192336841704502, -4.3038282661512435, -2.557450232843178, 1.4703255226099212, -0.11590084635092453, -2.899758387376709, 1.4967587282567576, -1.0673700991177548], "value_grad": [0.0, -0.18979486891964203, 0.6832599494834031, -0.2087756925686053, -0.45550927734633984, 1.0249023798725236, -0.9869466328627761, -0.0379589048654978, -0.8730573321358488, -0.34164386247704037, 0.6832649744205934, -0.07591795001028778, 0.11387692414308148, 0.11387713403905808, -0.9679537974948538, 0.4175478767591332], "action_grad": [[0.0, 0.0, 0.0], [0.0, 0.0, 0.0], [0.0, 0.0, 0.0], [0.0, 0.0, 0.0], [0.0, 0.0, 0.0], [0.0, 0.0, 0.0], [0.0, 0.0, 0.0], [0.0, 0.0, 0.0], [0.0, 0.0, 0.0], [0.0, 0.0, 0.0], [0.0, 0.0, 0.0], [0.0, 0.0, 0.0], [0.0, 0.0, 0.0], [0.0, 0.0, 0.0], [0.0, 0.0, 0.0], [0.0, 0.0, 0.0]], "action_params_change": 0, "value_params_change": 0.490162549191409}
{"iterations": 1, "type_itr": 0, "sub_iteration": 5, "sub_it_time": 36.883358001708984, "total_time": 210.9903542995453, "value_loss": 3.910246305139114, "action_loss": 0.08334354426852364, "action_probs": [[0.21510701215758055, 0.3728236394912734, 0.15076439045480589, 0.26130495789634023], [0.004718829309726725, 0.05092540801605707, 0.08008472873167655, 0.8642710339425396], [0.8478323828800209, 0.02151065030863512, 0.12742404699008875, 0.0032329198212552486], [0.001850839447045857, 6.8434712726683714e-06, 0.9944652857618446, 0.003677031319836846], [0.5339696912623578, 0.004521166347220365, 0.45763431411056477, 0.0038748282798571204], [0.25338758142556095, 0.0257950023338588, 0.6542176782345932, 0.06659973800598684], [0.35920230566828787, 0.13106562214803005, 0.37346300912845193, 0.13626906305523015], [0.4844225975489999, 0.46484466014319936, 0.02588953385928074, 0.024843208448519772], [0.5438118466252014, 0.4050900108087482, 0.029284140451686144, 0.021814002114364194], [0.06007908069642018, 0.519632601714495, 0.0435570586454027, 0.3767312589436821], [0.019777730431650643, 0.061220039819173636, 0.22439850269680855, 0.6946037270523673], [0.9922644730930591, 0.007479330480876283, 0.00025427975728230376, 1.916668782248132e-06], [0.0001532516420170752, 0.5296595884825271, 0.0001360045450943017, 0.4700511553303614], [0.00441730776903543, 0.0015266727748136804, 0.7387391908851372, 0.2553168285710137], [0.08602437929705048, 0.7255556285806795, 0.019971799098229364, 0.16844819302404074], [0.10779695710546887, 0.0006908195312519004, 0.8858353252339033, 0.005676898129375988]], "state_values": [-1.5669745810639577, -0.7436860826162172, 1.2293475680533918, 4.550761939022712, 0.48320230160869243, 0.25374757758071276, 2.750175490593599, -1.3406206963996345, -1.0240458377282189, -4.022425447353435, -2.838730778137219, 1.3706271130927632, 0.6485170410259193, -3.389467877696888, 1.458470038676851, -1.4019622434096604], "value_grad": [0.05693699463917046, 0.07591546442493424, 0.7211965176056618, -0.15183302185800507, -0.49345236280767724, 0.8540525721156889, -1.1577307510912203, 0.03795780828347528, -0.41753497949802565, -0.13285478936217832, 0.8920174044445348, -0.05693688210256731, -0.3226410130030075, 0.4365194362340601, -1.309548493355206, 0.60732710723074], "action_grad": [[0.0, 0.0, 0.0], [0.0, 0.0, 0.0], [0.0, 0.0, 0.0], [0.0, 0.0, 0.0], [0.0, 0.0, 0.0], [0.0, 0.0, 0.0], [0.0, 0.0, 0.0], [0.0, 0.0, 0.0], [0.0, 0.0, 0.0], [0.0, 0.0, 0.0], [0.0, 0.0, 0.0], [0.0, 0.0, 0.0], [0.0, 0.0, 0.0], [0.0, 0.0, 0.0], [0.0, 0.0, 0.0], [0.0, 0.0, 0.0]], "action_params_change": 0, "value_params_change": 0.49019119846757153}
{"iterations": 1, "type_itr": 0, "sub_iteration": 6, "sub_it_time": 40.24698209762573, "total_time": 251.23905777931213, "value_loss": 4.100037579844641, "action_loss": 0.26909437417703097, "action_probs": [[0.21510701215758055, 0.3728236394912734, 0.15076439045480589, 0.26130495789634023], [0.004718829309726725, 0.05092540801605707, 0.08008472873167655, 0.8642710339425396], [0.8478323828800209, 0.02151065030863512, 0.12742404699008875, 0.0032329198212552486], [0.001850839447045857, 6.8434712726683714e-06, 0.9944652857618446, 0.003677031319836846], [0.5339696912623578, 0.004521166347220365, 0.45763431411056477, 0.0038748282798571204], [0.25338758142556095, 0.0257950023338588, 0.6542176782345932, 0.06659973800598684], [0.35920230566828787, 0.13106562214803005, 0.37346300912845193, 0.13626906305523015], [0.4844225975489999, 0.46484466014319936, 0.02588953385928074, 0.024843208448519772], [0.5438118466252014, 0.4050900108087482, 0.029284140451686144, 0.021814002114364194], [0.06007908069642018, 0.519632601714495, 0.0435570586454027, 0.3767312589436821], [0.019777730431650643, 0.061220039819173636, 0.22439850269680855, 0.6946037270523673], [0.9922644730930591, 0.007479330480876283, 0.00025427975728230376, 1.916668782248132e-06], [0.0001532516420170752, 0.5296595884825271, 0.0001360045450943017, 0.4700511553303614], [0.00441730776903543, 0.0015266727748136804, 0.7387391908851372, 0.2553168285710137], [0.08602437929705048, 0.7255556285806795, 0.019971799098229364, 0.16844819302404074], [0.10779695710546887, 0.0006908195312519004, 0.8858353252339033, 0.005676898129375988]], "state_values": [-1.6940856006293121, -1.2913104251659968, 1.7588858534344833, 4.863857357099337, -0.5326552525045006, -0.9324703478678603, 2.26827304032301, -1.8678135308303443, -1.980343809177839, -3.7220992752740907, -2.92633461760339, 1.073834020732428, 0.9823155489888084, -3.6547230716291086, 1.1569825304280696, -1.4333702741552132], "value_grad": [-0.09489248415467966, 0.2846768339577519, 0.5124160399612396, -0.09489404395601841, -0.4934402780027245, 0.5124182022130626, -1.233618092083618, 0.07591390811264453, 1.092459456231154e-13, -0.13285166031721918, 1.1007571323776757, -0.07591390811257881, -0.6642470838018508, 0.6073210354986216, -1.3854332239896618, 0.759141789033893], "action_grad": [[0.0, 0.0, 0.0], [0.0, 0.0, 0.0], [0.0, 0.0, 0.0], [0.0, 0.0, 0.0], [0.0, 0.0, 0.0], [0.0, 0.0, 0.0], [0.0, 0.0, 0.0], [0.0, 0.0, 0.0], [0.0, 0.0, 0.0], [0.0, 0.0, 0.0], [0.0, 0.0, 0.0], [0.0, 0.0, 0.0], [0.0, 0.0, 0.0], [0.0, 0.0, 0.0], [0.0, 0.0, 0.0], [0.0, 0.0, 0.0]], "action_params_change": 0, "value_params_change": 0.47672743618827074}
{"iterations": 1, "type_itr": 0, "sub_iteration": 7, "sub_it_time": 37.127986431121826, "total_time": 288.3687279224396, "value_loss": 3.910246305139114, "action_loss": 0.40356727996442426, "action_probs": [[0.21510701215758055, 0.3728236394912734, 0.15076439045480589, 0.26130495789634023], [0.004718829309726725, 0.05092540801605707, 0.08008472873167655, 0.8642710339425396], [0.8478323828800209, 0.02151065030863512, 0.12742404699008875, 0.0032329198212552486], [0.001850839447045857, 6.8434712726683714e-06, 0.9944652857618446, 0.003677031319836846], [0.5339696912623578, 0.004521166347220365, 0.45763431411056477, 0.0038748282798571204], [0.25338758142556095, 0.0257950023338588, 0.6542176782345932, 0.06659973800598684], [0.35920230566828787, 0.13106562214803005, 0.37346300912845193, 0.13626906305523015], [0.4844225975489999, 0.46484466014319936, 0.02588953385928074, 0.024843208448519772], [0.5438118466252014, 0.4050900108087482, 0.029284140451686144, 0.021814002114364194], [0.06007908069642018, 0.519632601714495, 0.0435570586454027, 0.3767312589436821], [0.019777730431650643, 0.061220039819173636, 0.22439850269680855, 0.6946037270523673], [0.9922644730930591, 0.007479330480876283, 0.00025427975728230376, 1.916668782248132e-06], [0.0001532516420170752, 0.5296595884825271, 0.0001360045450943017, 0.4700511553303614], [0.00441730776903543, 0.0015266727748136804, 0.7387391908851372, 0.2553168285710137], [0.08602437929705048, 0.7255556285806795, 0.019971799098229364, 0.16844819302404074], [0.10779695710546887, 0.0006908195312519004, 0.8858353252339033, 0.005676898129375988]], "state_values": [-1.593009350958353, -1.4362061535862438, 2.319949149045431, 4.991324419526479, -1.557908068632136, -1.9467176596656708, 1.621448875005377, -2.107042111217392, -2.699143472092148, -3.404492883401154, -2.882883885902381, 0.8088187147865421, 0.9743418017468622, -3.757618988977413, 0.6669434734644002, -1.2680172684371727], "value_grad": [-0.05693665545930937, 0.41753664538672286, 0.34162023268402475, -0.03795854806092569, -0.3226410130030075, 0.037957502603451765, -1.2146599374540896, 0.09489480292277719, 0.26570569367305374, -0.15183331567532754, 0.9679355115056647, 6.572520305780927e-14, -0.7781353452940194, 0.6642736476239888, -1.3475036128333882, 0.6642633151710156], "action_grad": [[0.0, 0.0, 0.0], [0.0, 0.0, 0.0], [0.0, 0.0, 0.0], [0.0, 0.0, 0.0], [0.0, 0.0, 0.0], [0.0, 0.0, 0.0], [0.0, 0.0, 0.0], [0.0, 0.0, 0.0], [0.0, 0.0, 0.0], [0.0, 0.0, 0.0], [0.0, 0.0, 0.0], [0.0, 0.0, 0.0], [0.0, 0.0, 0.0], [0.0, 0.0, 0.0], [0.0, 0.0, 0.0], [0.0, 0.0, 0.0]], "action_params_change": 0, "value_params_change": 0.424652772978245}
{"iterations": 1, "type_itr": 0, "sub_iteration": 8, "sub_it_time": 29.616571187973022, "total_time": 317.9869313240051, "value_loss": 4.005142402671937, "action_loss": 0.49634675585067944, "action_probs": [[0.21510701215758055, 0.3728236394912734, 0.15076439045480589, 0.26130495789634023], [0.004718829309726725, 0.05092540801605707, 0.08008472873167655, 0.8642710339425396], [0.8478323828800209, 0.02151065030863512, 0.12742404699008875, 0.0032329198212552486], [0.001850839447045857, 6.8434712726683714e-06, 0.9944652857618446, 0.003677031319836846], [0.5339696912623578, 0.004521166347220365, 0.45763431411056477, 0.0038748282798571204], [0.25338758142556095, 0.0257950023338588, 0.6542176782345932, 0.06659973800598684], [0.35920230566828787, 0.13106562214803005, 0.37346300912845193, 0.13626906305523015], [0.4844225975489999, 0.46484466014319936, 0.02588953385928074, 0.024843208448519772], [0.5438118466252014, 0.4050900108087482, 0.029284140451686144, 0.021814002114364194], [0.06007908069642018, 0.519632601714495, 0.0435570586454027, 0.3767312589436821], [0.019777730431650643, 0.061220039819173636, 0.22439850269680855, 0.6946037270523673], [0.9922644730930591, 0.007479330480876283, 0.00025427975728230376, 1.916668782248132e-06], [0.0001532516420170752, 0.5296595884825271, 0.0001360045450943017, 0.4700511553303614], [0.00441730776903543, 0.0015266727748136804, 0.7387391908851372, 0.2553168285710137], [0.08602437929705048, 0.7255556285806795, 0.019971799098229364, 0.16844819302404074], [0.10779695710546887, 0.0006908195312519004, 0.8858353252339033, 0.005676898129375988]], "state_values": [-1.217822488129334, -1.3060454444889051, 2.825076658681522, 4.976778253291449, -2.4221536823335175, -2.7314750521183346, 0.8658118642992013, -2.099458966397379, -3.19773240210979, -3.0726434512069054, -2.7399955174521513, 0.47049637975325076, 0.6991444888629024, -3.740834814675955, 0.05280587738676921, -0.9758924616567868], "value_grad": [-0.09489872777300246, 0.41755469969430514, 0.11387877552342651, 0.0, -0.018979812903042514, -0.1708180093958087, -0.9489855330570967, 0.11387877552316272, 0.39857739979629514, -0.15183942656307536, 0.8730775214638564, -0.03795945760947639, -0.8730683718384968, 0.6643023003087309, -1.1577628399754603, 0.5314331930960443], "action_grad": [[0.0, 0.0, 0.0], [0.0, 0.0, 0.0], [0.0, 0.0, 0.0], [0.0, 0.0, 0.0], [0.0, 0.0, 0.0], [0.0, 0.0, 0.0], [0.0, 0.0, 0.0], [0.0, 0.0, 0.0], [0.0, 0.0, 0.0], [0.0, 0.0, 0.0], [0.0, 0.0, 0.0], [0.0, 0.0, 0.0], [0.0, 0.0, 0.0], [0.0, 0.0, 0.0], [0.0, 0.0, 0.0], [0.0, 0.0, 0.0]], "action_params_change": 0, "value_params_change": 0.3777105707270536}
{"iterations": 1, "type_itr": 0, "sub_iteration": 9, "sub_it_time": 34.130372285842896, "total_time": 352.11906242370605, "value_loss": 2.9802203830353866, "action_loss": 0.5492169769798799, "action_probs": [[0.21510701215758055, 0.3728236394912734, 0.15076439045480589, 0.26130495789634023], [0.004718829309726725, 0.05092540801605707, 0.08008472873167655, 0.8642710339425396], [0.8478323828800209, 0.02151065030863512, 0.12742404699008875, 0.0032329198212552486], [0.001850839447045857, 6.8434712726683714e-06, 0.9944652857618446, 0.003677031319836846], [0.5339696912623578, 0.004521166347220365, 0.45763431411056477, 0.0038748282798571204], [0.25338758142556095, 0.0257950023338588, 0.6542176782345932, 0.06659973800598684], [0.35920230566828787, 0.13106562214803005, 0.37346300912845193, 0.13626906305523015], [0.4844225975489999, 0.46484466014319936, 0.02588953385928074, 0.024843208448519772], [0.5438118466252014, 0.4050900108087482, 0.029284140451686144, 0.021814002114364194], [0.06007908069642018, 0.519632601714495, 0.0435570586454027, 0.3767312589436821], [0.019777730431650643, 0.061220039819173636, 0.22439850269680855, 0.6946037270523673], [0.9922644730930591, 0.007479330480876283, 0.00025427975728230376, 1.916668782248132e-06], [0.0001532516420170752, 0.5296595884825271, 0.0001360045450943017, 0.4700511553303614], [0.00441730776903543, 0.0015266727748136804, 0.7387391908851372, 0.2553168285710137], [0.08602437929705048, 0.7255556285806795, 0.019971799098229364, 0.16844819302404074], [0.10779695710546887, 0.0006908195312519004, 0.8858353252339033, 0.005676898129375988]], "state_values": [-0.6773010879847564, -0.9858664801869131, 3.1705116172563788, 4.865232276747527, -3.0411088900442356, -3.2653957164732086, 0.05148478044283546, -1.9021250935542273, -3.5167061883891595, -2.728915645354742, -2.5196796782369866, 0.0682992029217585, 0.2306100536911841, -3.6268445133948313, -0.6253612968979928, -0.6158329083090227], "value_grad": [-0.07592219926225585, 0.3796109404817476, -0.22776623382171035, 0.01898084809024425, 0.15184486194424052, -0.39859361328784226, -0.7402404436822065, 0.11388347337354565, 0.47451759923469883, -0.15184532257288375, 0.759227307332925, -0.03796104100570652, -0.854123423994714, 0.6453471414031622, -0.8920844021956031, 0.36063011995945304], "action_grad": [[0.0, 0.0, 0.0], [0.0, 0.0, 0.0], [0.0, 0.0, 0.0], [0.0, 0.0, 0.0], [0.0, 0.0, 0.0], [0.0, 0.0, 0.0], [0.0, 0.0, 0.0], [0.0, 0.0, 0.0], [0.0, 0.0, 0.0], [0.0, 0.0, 0.0], [0.0, 0.0, 0.0], [0.0, 0.0, 0.0], [0.0, 0.0, 0.0], [0.0, 0.0, 0.0], [0.0, 0.0, 0.0], [0.0, 0.0, 0.0]], "action_params_change": 0, "value_params_change": 0.32748501889064485}
{"iterations": 1, "type_itr": 0, "sub_iteration": 10, "sub_it_time": 35.93693661689758, "total_time": 388.05772709846497, "value_loss": 2.6195792634415582, "action_loss": 0.5726126601630199, "action_probs": [[0.21510701215758055, 0.3728236394912734, 0.15076439045480589, 0.26130495789634023], [0.004718829309726725, 0.05092540801605707, 0.08008472873167655, 0.8642710339425396], [0.8478323828800209, 0.02151065030863512, 0.12742404699008875, 0.0032329198212552486], [0.001850839447045857, 6.8434712726683714e-06, 0.9944652857618446, 0.003677031319836846], [0.5339696912623578, 0.004521166347220365, 0.45763431411056477, 0.0038748282798571204], [0.25338758142556095, 0.0257950023338588, 0.6542176782345932, 0.06659973800598684], [0.35920230566828787, 0.13106562214803005, 0.37346300912845193, 0.13626906305523015], [0.4844225975489999, 0.46484466014319936, 0.02588953385928074, 0.024843208448519772], [0.5438118466252014, 0.4050900108087482, 0.029284140451686144, 0.021814002114364194], [0.06007908069642018, 0.519632601714495, 0.0435570586454027, 0.3767312589436821], [0.019777730431650643, 0.061220039819173636, 0.22439850269680855, 0.6946037270523673], [0.9922644730930591, 0.007479330480876283, 0.00025427975728230376, 1.916668782248132e-06], [0.0001532516420170752, 0.5296595884825271, 0.0001360045450943017, 0.4700511553303614], [0.00441730776903543, 0.0015266727748136804, 0.7387391908851372, 0.2553168285710137], [0.08602437929705048, 0.7255556285806795, 0.019971799098229364, 0.16844819302404074], [0.10779695710546887, 0.0006908195312519004, 0.8858353252339033, 0.005676898129375988]], "state_values": [-0.08300921786607346, -0.5422215082601848, 3.3876924799642882, 4.7048932886533805, -3.362333666972567, -3.583564850251359, -0.7396046875649808, -1.5724325776747674, -3.706944555509665, -2.3788201138321097, -2.243187897432313, -0.2925985424589451, -0.10770283287967884, -3.427539874328689, -1.2982467386595917, -0.2540118361713457], "value_grad": [-0.03796199314778148, 0.3036967589671353, -0.24675546189420094, 0.07592530607826653, 0.3606420909352357, -0.5314742307946476, -0.3416588449399769, 0.09490544088413566, 0.45554997370058237, -0.13286797632178438, 0.6073966446612715, 0.0, 0.2847255213876263, 0.6074006507726626, -0.5124878340030263, 0.13286725082615458], "action_grad": [[0.0, 0.0, 0.0], [0.0, 0.0, 0.0], [0.0, 0.0, 0.0], [0.0, 0.0, 0.0], [0.0, 0.0, 0.0], [0.0, 0.0, 0.0], [0.0, 0.0, 0.0], [0.0, 0.0, 0.0], [0.0, 0.0, 0.0], [0.0, 0.0, 0.0], [0.0, 0.0, 0.0], [0.0, 0.0, 0.0], [0.0, 0.0, 0.0], [0.0, 0.0, 0.0], [0.0, 0.0, 0.0], [0.0, 0.0, 0.0]], "action_params_change": 0, "value_params_change": 0.3175257808732752}
{"iterations": 1, "type_itr": 0, "sub_iteration": 11, "sub_it_time": 30.42780089378357, "total_time": 418.4871652126312, "value_loss": 2.6005979006295066, "action_loss": 0.5474838150856107, "action_probs": [[0.21510701215758055, 0.3728236394912734, 0.15076439045480589, 0.26130495789634023], [0.004718829309726725, 0.05092540801605707, 0.08008472873167655, 0.8642710339425396], [0.8478323828800209, 0.02151065030863512, 0.12742404699008875, 0.0032329198212552486], [0.001850839447045857, 6.8434712726683714e-06, 0.9944652857618446, 0.003677031319836846], [0.5339696912623578, 0.004521166347220365, 0.45763431411056477, 0.0038748282798571204], [0.25338758142556095, 0.0257950023338588, 0.6542176782345932, 0.06659973800598684], [0.35920230566828787, 0.13106562214803005, 0.37346300912845193, 0.13626906305523015], [0.4844225975489999, 0.46484466014319936, 0.02588953385928074, 0.024843208448519772], [0.5438118466252014, 0.4050900108087482, 0.029284140451686144, 0.021814002114364194], [0.06007908069642018, 0.519632601714495, 0.0435570586454027, 0.3767312589436821], [0.019777730431650643, 0.061220039819173636, 0.22439850269680855, 0.6946037270523673], [0.9922644730930591, 0.007479330480876283, 0.00025427975728230376, 1.916668782248132e-06], [0.0001532516420170752, 0.5296595884825271, 0.0001360045450943017, 0.4700511553303614], [0.00441730776903543, 0.0015266727748136804, 0.7387391908851372, 0.2553168285710137], [0.08602437929705048, 0.7255556285806795, 0.019971799098229364, 0.16844819302404074], [0.10779695710546887, 0.0006908195312519004, 0.8858353252339033, 0.005676898129375988]], "state_values": [0.4525900079701824, -0.052293622475718934, 3.473323811702227, 4.530014431005196, -3.4412374245946404, -3.7407105627459107, -1.432152025646009, -1.124976825931745, -3.7968245234050704, -2.024073522929384, -1.932660582795831, -0.9693347457202208, -0.5824656958787849, -3.1458553354089087, -1.902250836446728, 0.040451216488229816], "value_grad": [-4.39648317751562e-14, 0.17082978992767872, -0.36064399383856083, 0.07592530607837622, 0.45554997370071426, -0.5694396027953208, 0.018981088351213593, 0.09490557000084454, 0.4745327485997435, -0.13286815464237245, 0.43656671356858556, -0.4745351477365647, -0.7022989391229526, 0.5884197752888545, -0.13286761601649077, -0.11388645071864412], "action_grad": [[0.0, 0.0, 0.0], [0.0, 0.0, 0.0], [0.0, 0.0, 0.0], [0.0, 0.0, 0.0], [0.0, 0.0, 0.0], [0.0, 0.0, 0.0], [0.0, 0.0, 0.0], [0.0, 0.0, 0.0], [0.0, 0.0, 0.0], [0.0, 0.0, 0.0], [0.0, 0.0, 0.0], [0.0, 0.0, 0.0], [0.0, 0.0, 0.0], [0.0, 0.0, 0.0], [0.0, 0.0, 0.0], [0.0, 0.0, 0.0]], "action_params_change": 0, "value_params_change": 0.2840666036875792}
{"iterations": 1, "type_itr": 0, "sub_iteration": 12, "sub_it_time": 36.77767634391785, "total_time": 455.2664613723755, "value_loss": 2.733466928555862, "action_loss": 0.5336178006254841, "action_probs": [[0.21510701215758055, 0.3728236394912734, 0.15076439045480589, 0.26130495789634023], [0.004718829309726725, 0.05092540801605707, 0.08008472873167655, 0.8642710339425396], [0.8478323828800209, 0.02151065030863512, 0.12742404699008875, 0.0032329198212552486], [0.001850839447045857, 6.8434712726683714e-06, 0.9944652857618446, 0.003677031319836846], [0.5339696912623578, 0.004521166347220365, 0.45763431411056477, 0.0038748282798571204], [0.25338758142556095, 0.0257950023338588, 0.6542176782345932, 0.06659973800598684], [0.35920230566828787, 0.13106562214803005, 0.37346300912845193, 0.13626906305523015], [0.4844225975489999, 0.46484466014319936, 0.02588953385928074, 0.024843208448519772], [0.5438118466252014, 0.4050900108087482, 0.029284140451686144, 0.021814002114364194], [0.06007908069642018, 0.519632601714495, 0.0435570586454027, 0.3767312589436821], [0.019777730431650643, 0.061220039819173636, 0.22439850269680855, 0.6946037270523673], [0.9922644730930591, 0.007479330480876283, 0.00025427975728230376, 1.916668782248132e-06], [0.0001532516420170752, 0.5296595884825271, 0.0001360045450943017, 0.4700511553303614], [0.00441730776903543, 0.0015266727748136804, 0.7387391908851372, 0.2553168285710137], [0.08602437929705048, 0.7255556285806795, 0.019971799098229364, 0.16844819302404074], [0.10779695710546887, 0.0006908195312519004, 0.8858353252339033, 0.005676898129375988]], "state_values": [0.8154574769983406, 0.41007885422613327, 3.4681244971437453, 4.368633726478239, -3.344712626073624, -3.7617261958710593, -1.96299741992598, -0.7131543504612338, -3.8063556318887413, -1.6738035731747023, -1.6179216853678182, -1.4989352648395362, -1.1258177527170765, -2.7917309342778314, -2.3901769525892327, -0.09160311573216345], "value_grad": [0.03796177818666102, 0.037961778186792916, -0.303696338815286, 0.09490569824507222, 0.455546330514196, -0.6643413594915115, 0.379618806076671, 0.0, 0.4745290190405318, -0.09490478221568743, 0.2087905131981831, 0.05694270793415024, -0.5124842300882699, 0.5124892425941625, 0.20879051319813913, -1.5374242268187936], "action_grad": [[0.0, 0.0, 0.0], [0.0, 0.0, 0.0], [0.0, 0.0, 0.0], [0.0, 0.0, 0.0], [0.0, 0.0, 0.0], [0.0, 0.0, 0.0], [0.0, 0.0, 0.0], [0.0, 0.0, 0.0], [0.0, 0.0, 0.0], [0.0, 0.0, 0.0], [0.0, 0.0, 0.0], [0.0, 0.0, 0.0], [0.0, 0.0, 0.0], [0.0, 0.0, 0.0], [0.0, 0.0, 0.0], [0.0, 0.0, 0.0]], "action_params_change": 0, "value_params_change": 0.22591451524884176}
{"iterations": 1, "type_itr": 0, "sub_iteration": 13, "sub_it_time": 25.275516033172607, "total_time": 480.54358100891113, "value_loss": 2.8853157351702676, "action_loss": 0.5197505305111244, "action_probs": [[0.21510701215758055, 0.3728236394912734, 0.15076439045480589, 0.26130495789634023], [0.004718829309726725, 0.05092540801605707, 0.08008472873167655, 0.8642710339425396], [0.8478323828800209, 0.02151065030863512, 0.12742404699008875, 0.0032329198212552486], [0.001850839447045857, 6.8434712726683714e-06, 0.9944652857618446, 0.003677031319836846], [0.5339696912623578, 0.004521166347220365, 0.45763431411056477, 0.0038748282798571204], [0.25338758142556095, 0.0257950023338588, 0.6542176782345932, 0.06659973800598684], [0.35920230566828787, 0.13106562214803005, 0.37346300912845193, 0.13626906305523015], [0.4844225975489999, 0.46484466014319936, 0.02588953385928074, 0.024843208448519772], [0.5438118466252014, 0.4050900108087482, 0.029284140451686144, 0.021814002114364194], [0.06007908069642018, 0.519632601714495, 0.0435570586454027, 0.3767312589436821], [0.019777730431650643, 0.061220039819173636, 0.22439850269680855, 0.6946037270523673], [0.9922644730930591, 0.007479330480876283, 0.00025427975728230376, 1.916668782248132e-06], [0.0001532516420170752, 0.5296595884825271, 0.0001360045450943017, 0.4700511553303614], [0.00441730776903543, 0.0015266727748136804, 0.7387391908851372, 0.2553168285710137], [0.08602437929705048, 0.7255556285806795, 0.019971799098229364, 0.16844819302404074], [0.10779695710546887, 0.0006908195312519004, 0.8858353252339033, 0.005676898129375988]], "state_values": [1.0288521422215882, 0.7622506699618549, 3.3313872070698607, 4.241630206159647, -3.0944448427596916, -3.6626984300883425, -2.3043700802006484, -0.27495833162866146, -3.7435264660027605, -1.3250651385563477, -1.3272324560967421, -1.8779182127669478, -1.6833346790336277, -2.379760690702123, -2.7514506273261374, -0.30719655913346783], "value_grad": [0.0379613315155547, -0.11388399315078068, -0.5124842300883361, 0.11388533316431859, 0.47452177369090354, -0.7212764608984994, 0.6643254755757084, 0.03796133151544501, 0.4935043957334013, -0.11388416431626824, 0.0, 0.07592277679248571, -0.34165194176771063, 0.4175776695564677, 0.3985959949491704, -0.43655489507811707], "action_grad": [[0.0, 0.0, 0.0], [0.0, 0.0, 0.0], [0.0, 0.0, 0.0], [0.0, 0.0, 0.0], [0.0, 0.0, 0.0], [0.0, 0.0, 0.0], [0.0, 0.0, 0.0], [0.0, 0.0, 0.0], [0.0, 0.0, 0.0], [0.0, 0.0, 0.0], [0.0, 0.0, 0.0], [0.0, 0.0, 0.0], [0.0, 0.0, 0.0], [0.0, 0.0, 0.0], [0.0, 0.0, 0.0], [0.0, 0.0, 0.0]], "action_params_change": 0, "value_params_change": 0.2325281101463954}
