{"iterations": 0, "type_itr": 0, "sub_iteration": 0, "sub_it_time": 0, "total_time": 0, "value_loss": 0, "action_loss": 0, "action_probs": [[1.3689448365636792e-05, 0.02425133854926483, 0.0005504742677023437, 0.9751844977346671], [0.04532016995915244, 0.7644917761772034, 0.010643650005935411, 0.17954440385770873], [0.09241554191779541, 0.004068792919349577, 0.8654139552102383, 0.038101709952616684], [0.00033590995339954384, 0.0009664450725018938, 0.2575891156493853, 0.7411085293247133], [5.670107501140721e-05, 0.8162778730362686, 1.2757057486700004e-05, 0.1836526688312333], [0.593743604289791, 0.010200683836515035, 0.38936628839888415, 0.006689423474809868], [0.022982749586595953, 0.1930273719144478, 0.08341388325120788, 0.7005759952477483], [0.1181666373014911, 0.0005404777302236398, 0.8772803270183877, 0.004012557949897483], [0.046619526845415614, 0.1408895656016661, 0.20200589305827488, 0.6104850144946433], [0.86744256951346, 0.00047046119591136095, 0.13201537018871623, 7.159910191230331e-05], [0.016943737739774298, 0.023949078759238046, 0.39740135243476843, 0.5617058310662193], [0.02894594295270153, 0.0002615479767810275, 0.9620992318138507, 0.00869327725666675], [0.040260205816305045, 0.01920753139049516, 0.6367490046787808, 0.3037832581144191], [0.20398612387926823, 0.09984931017382295, 0.4673842991097252, 0.22878026683718367], [0.05761079902114352, 0.0002539836952694866, 0.9379999389208926, 0.004135278362694583], [0.745063225839884, 0.04972159629016521, 0.19237695305418492, 0.012838224815765973]], "state_values": [2.027282546244078, 3.8685903456757456, -4.874879776256926, 3.766821373301109, 2.745627840761773, -1.8543892154214954, 4.997623592926649, 4.584564160031943, -0.18164174599966554, 0.8525453641234929, 0.352180025221969, 0.6582100430503363, 3.8743147539517144, 4.729577695289282, 0.4306064211685805, 4.999907505497207], "value_grad": [0.0, 0.0, 0.0, 0.0, 0.0, 0.0, 0.0, 0.0, 0.0, 0.0, 0.0, 0.0, 0.0, 0.0, 0.0, 0.0], "action_grad": [[0.0, 0.0, 0.0], [0.0, 0.0, 0.0], [0.0, 0.0, 0.0], [0.0, 0.0, 0.0], [0.0, 0.0, 0.0], [0.0, 0.0, 0.0], [0.0, 0.0, 0.0], [0.0, 0.0, 0.0], [0.0, 0.0, 0.0], [0.0, 0.0, 0.0], [0.0, 0.0, 0.0], [0.0, 0.0, 0.0], [0.0, 0.0, 0.0], [0.0, 0.0, 0.0], [0.0, 0.0, 0.0], [0.0, 0.0, 0.0]], "action_params_change": 0, "value_params_change": 0}
{"iterations": 1, "type_itr": 0, "sub_iteration": 0, "sub_it_time": 0.10274600982666016, "total_time": 0.10956287384033203, "value_loss": 0.0, "action_loss": -1.8110771179199219, "action_probs": [[1.3689448365636792e-05, 0.02425133854926483, 0.0005504742677023437, 0.9751844977346671], [0.04532016995915244, 0.7644917761772034, 0.010643650005935411, 0.17954440385770873], [0.09241554191779541, 0.004068792919349577, 0.8654139552102383, 0.038101709952616684], [0.00033590995339954384, 0.0009664450725018938, 0.2575891156493853, 0.7411085293247133], [5.670107501140721e-05, 0.8162778730362686, 1.2757057486700004e-05, 0.1836526688312333], [0.593743604289791, 0.010200683836515035, 0.38936628839888415, 0.006689423474809868], [0.022982749586595953, 0.1930273719144478, 0.08341388325120788, 0.7005759952477483], [0.1181666373014911, 0.0005404777302236398, 0.8772803270183877, 0.004012557949897483], [0.046619526845415614, 0.1408895656016661, 0.20200589305827488, 0.6104850144946433], [0.86744256951346, 0.00047046119591136095, 0.13201537018871623, 7.159910191230331e-05], [0.016943737739774298, 0.023949078759238046, 0.39740135243476843, 0.5617058310662193], [0.02894594295270153, 0.0002615479767810275, 0.9620992318138507, 0.00869327725666675], [0.040260205816305045, 0.01920753139049516, 0.6367490046787808, 0.3037832581144191], [0.20398612387926823, 0.09984931017382295, 0.4673842991097252, 0.22878026683718367], [0.05761079902114352, 0.0002539836952694866, 0.9379999389208926, 0.004135278362694583], [0.745063225839884, 0.04972159629016521, 0.19237695305418492, 0.012838224815765973]], "state_values": [0.8334817122461298, 3.8685903456757456, -4.9983338594296285, 2.836251559668747, 1.6264461716481324, -1.8543892154214954, 4.804125306757577, 4.935720340617196, -1.4121981922254943, -0.39286321625601534, -0.892715806248026, 1.8640022957851206, 2.9719152766028296, 4.98385187844438, -0.8152039356508792, 4.851996728866675], "value_grad": [27.720001220703125, 0.0, -27.720001220703125, 31.68000030517578, -35.6400032043457, 0.0, -59.400001525878906, 11.880000114440918, 15.84000015258789, 79.20000457763672, 3.9600000381469727, 3.9600000381469727, -31.68000030517578, -11.880001068115234, 7.920000076293945, -27.720001220703125], "action_grad": [[0.0, 0.0, 0.0], [0.0, 0.0, 0.0], [0.0, 0.0, 0.0], [0.0, 0.0, 0.0], [0.0, 0.0, 0.0], [0.0, 0.0, 0.0], [0.0, 0.0, 0.0], [0.0, 0.0, 0.0], [0.0, 0.0, 0.0], [0.0, 0.0, 0.0], [0.0, 0.0, 0.0], [0.0, 0.0, 0.0], [0.0, 0.0, 0.0], [0.0, 0.0, 0.0], [0.0, 0.0, 0.0], [0.0, 0.0, 0.0]], "action_params_change": 0, "value_params_change": 0.4999999999368687}
{"iterations": 1, "type_itr": 0, "sub_iteration": 1, "sub_it_time": 0.10446643829345703, "total_time": 0.22182321548461914, "value_loss": 0.0, "action_loss": -1.8110771179199219, "action_probs": [[1.3689448365636792e-05, 0.02425133854926483, 0.0005504742677023437, 0.9751844977346671], [0.04532016995915244, 0.7644917761772034, 0.010643650005935411, 0.17954440385770873], [0.09241554191779541, 0.004068792919349577, 0.8654139552102383, 0.038101709952616684], [0.00033590995339954384, 0.0009664450725018938, 0.2575891156493853, 0.7411085293247133], [5.670107501140721e-05, 0.8162778730362686, 1.2757057486700004e-05, 0.1836526688312333], [0.593743604289791, 0.010200683836515035, 0.38936628839888415, 0.006689423474809868], [0.022982749586595953, 0.1930273719144478, 0.08341388325120788, 0.7005759952477483], [0.1181666373014911, 0.0005404777302236398, 0.8772803270183877, 0.004012557949897483], [0.046619526845415614, 0.1408895656016661, 0.20200589305827488, 0.6104850144946433], [0.86744256951346, 0.00047046119591136095, 0.13201537018871623, 7.159910191230331e-05], [0.016943737739774298, 0.023949078759238046, 0.39740135243476843, 0.5617058310662193], [0.02894594295270153, 0.0002615479767810275, 0.9620992318138507, 0.00869327725666675], [0.040260205816305045, 0.01920753139049516, 0.6367490046787808, 0.3037832581144191], [0.20398612387926823, 0.09984931017382295, 0.4673842991097252, 0.22878026683718367], [0.05761079902114352, 0.0002539836952694866, 0.9379999389208926, 0.004135278362694583], [0.745063225839884, 0.04972159629016521, 0.19237695305418492, 0.012838224815765973]], "state_values": [0.8036141652411682, 4.387737791688433, -4.827322913935179, 1.7293373613281258, 0.5665386456585617, -0.9635339337333342, 4.767966270881347, 4.993912258133619, -2.5450668169454342, -1.3789619146732623, -0.8279080236000834, 1.2780459022343236, 3.082592412887253, 4.9409946355856285, -0.038960773284938376, 4.403156067136824], "value_grad": [-23.76000213623047, 55.44000244140625, -15.840001106262207, 31.68000030517578, -11.880001068115234, 11.880000114440918, 43.560001373291016, 75.24000549316406, 23.760000228881836, 15.84000015258789, -3.9600000381469727, -11.880000114440918, 35.63999938964844, 19.799999237060547, -47.52000045776367, -35.63999938964844], "action_grad": [[0.0, 0.0, 0.0], [0.0, 0.0, 0.0], [0.0, 0.0, 0.0], [0.0, 0.0, 0.0], [0.0, 0.0, 0.0], [0.0, 0.0, 0.0], [0.0, 0.0, 0.0], [0.0, 0.0, 0.0], [0.0, 0.0, 0.0], [0.0, 0.0, 0.0], [0.0, 0.0, 0.0], [0.0, 0.0, 0.0], [0.0, 0.0, 0.0], [0.0, 0.0, 0.0], [0.0, 0.0, 0.0], [0.0, 0.0, 0.0]], "action_params_change": 0, "value_params_change": 0.49999999984216803}
{"iterations": 1, "type_itr": 0, "sub_iteration": 2, "sub_it_time": 0.10110616683959961, "total_time": 0.3251068592071533, "value_loss": 11.880000114440918, "action_loss": -1.8110771179199219, "action_probs": [[1.3689448365636792e-05, 0.02425133854926483, 0.0005504742677023437, 0.9751844977346671], [0.04532016995915244, 0.7644917761772034, 0.010643650005935411, 0.17954440385770873], [0.09241554191779541, 0.004068792919349577, 0.8654139552102383, 0.038101709952616684], [0.00033590995339954384, 0.0009664450725018938, 0.2575891156493853, 0.7411085293247133], [5.670107501140721e-05, 0.8162778730362686, 1.2757057486700004e-05, 0.1836526688312333], [0.593743604289791, 0.010200683836515035, 0.38936628839888415, 0.006689423474809868], [0.022982749586595953, 0.1930273719144478, 0.08341388325120788, 0.7005759952477483], [0.1181666373014911, 0.0005404777302236398, 0.8772803270183877, 0.004012557949897483], [0.046619526845415614, 0.1408895656016661, 0.20200589305827488, 0.6104850144946433], [0.86744256951346, 0.00047046119591136095, 0.13201537018871623, 7.159910191230331e-05], [0.016943737739774298, 0.023949078759238046, 0.39740135243476843, 0.5617058310662193], [0.02894594295270153, 0.0002615479767810275, 0.9620992318138507, 0.00869327725666675], [0.040260205816305045, 0.01920753139049516, 0.6367490046787808, 0.3037832581144191], [0.20398612387926823, 0.09984931017382295, 0.4673842991097252, 0.22878026683718367], [0.05761079902114352, 0.0002539836952694866, 0.9379999389208926, 0.004135278362694583], [0.745063225839884, 0.04972159629016521, 0.19237695305418492, 0.012838224815765973]], "state_values": [0.12718001789178618, 4.64274559719379, -4.375516284510417, 1.19348140695155, 0.5064044026601325, 0.06611437879251714, 4.831357102752463, 4.831320582580526, -3.4478933168882167, -2.2563622018574976, -1.542149305472277, 0.3739248309129203, 3.0629685052869404, 4.860578065948533, 0.877340771897771, 3.9131718597541094], "value_grad": [55.44000244140625, -7.920000076293945, -35.6400032043457, -19.799999237060547, 35.63999938964844, 23.76000213623047, 31.68000030517578, 31.680004119873047, 59.400001525878906, 19.799999237060547, 15.84000015258789, -31.680002212524414, -7.920000076293945, 3.9599990844726562, -27.720001220703125, 3.960002899169922], "action_grad": [[0.0, 0.0, 0.0], [0.0, 0.0, 0.0], [0.0, 0.0, 0.0], [0.0, 0.0, 0.0], [0.0, 0.0, 0.0], [0.0, 0.0, 0.0], [0.0, 0.0, 0.0], [0.0, 0.0, 0.0], [0.0, 0.0, 0.0], [0.0, 0.0, 0.0], [0.0, 0.0, 0.0], [0.0, 0.0, 0.0], [0.0, 0.0, 0.0], [0.0, 0.0, 0.0], [0.0, 0.0, 0.0], [0.0, 0.0, 0.0]], "action_params_change": 0, "value_params_change": 0.4831431461621216}
{"iterations": 1, "type_itr": 0, "sub_iteration": 3, "sub_it_time": 0.10133481025695801, "total_time": 0.43966221809387207, "value_loss": 0.0, "action_loss": -1.6299693584442139, "action_probs": [[1.3689448365636792e-05, 0.02425133854926483, 0.0005504742677023437, 0.9751844977346671], [0.04532016995915244, 0.7644917761772034, 0.010643650005935411, 0.17954440385770873], [0.09241554191779541, 0.004068792919349577, 0.8654139552102383, 0.038101709952616684], [0.00033590995339954384, 0.0009664450725018938, 0.2575891156493853, 0.7411085293247133], [5.670107501140721e-05, 0.8162778730362686, 1.2757057486700004e-05, 0.1836526688312333], [0.593743604289791, 0.010200683836515035, 0.38936628839888415, 0.006689423474809868], [0.022982749586595953, 0.1930273719144478, 0.08341388325120788, 0.7005759952477483], [0.1181666373014911, 0.0005404777302236398, 0.8772803270183877, 0.004012557949897483], [0.046619526845415614, 0.1408895656016661, 0.20200589305827488, 0.6104850144946433], [0.86744256951346, 0.00047046119591136095, 0.13201537018871623, 7.159910191230331e-05], [0.016943737739774298, 0.023949078759238046, 0.39740135243476843, 0.5617058310662193], [0.02894594295270153, 0.0002615479767810275, 0.9620992318138507, 0.00869327725666675], [0.040260205816305045, 0.01920753139049516, 0.6367490046787808, 0.3037832581144191], [0.20398612387926823, 0.09984931017382295, 0.4673842991097252, 0.22878026683718367], [0.05761079902114352, 0.0002539836952694866, 0.9379999389208926, 0.004135278362694583], [0.745063225839884, 0.04972159629016521, 0.19237695305418492, 0.012838224815765973]], "state_values": [-0.3394466042438402, 4.839358256379532, -3.9433617876534406, 1.0441212410772667, 0.6705500819690681, 1.1320123087496432, 4.883645136800883, 4.474494943312414, -3.971959192418408, -2.9166607964052944, -2.404903263411001, -0.0011745046088938423, 3.2962901016755586, 4.612401224325386, 1.332167010877525, 3.299689326844515], "value_grad": [-7.920000076293945, 11.880000114440918, 11.880000114440918, -19.80000114440918, 15.84000015258789, 39.60000228881836, 3.9600000381469727, 19.799999237060547, -11.880001068115234, 0.0, 23.760000228881836, 15.840001106262207, 23.760000228881836, 39.599998474121094, 19.799999237060547, -11.880000114440918], "action_grad": [[0.0, 0.0, 0.0], [0.0, 0.0, 0.0], [0.0, 0.0, 0.0], [0.0, 0.0, 0.0], [0.0, 0.0, 0.0], [0.0, 0.0, 0.0], [0.0, 0.0, 0.0], [0.0, 0.0, 0.0], [0.0, 0.0, 0.0], [0.0, 0.0, 0.0], [0.0, 0.0, 0.0], [0.0, 0.0, 0.0], [0.0, 0.0, 0.0], [0.0, 0.0, 0.0], [0.0, 0.0, 0.0], [0.0, 0.0, 0.0]], "action_params_change": 0, "value_params_change": 0.4303187676020297}
{"iterations": 1, "type_itr": 0, "sub_iteration": 4, "sub_it_time": 0.10216474533081055, "total_time": 0.5438966751098633, "value_loss": 7.920000076293945, "action_loss": -1.9921846389770508, "action_probs": [[1.3689448365636792e-05, 0.02425133854926483, 0.0005504742677023437, 0.9751844977346671], [0.04532016995915244, 0.7644917761772034, 0.010643650005935411, 0.17954440385770873], [0.09241554191779541, 0.004068792919349577, 0.8654139552102383, 0.038101709952616684], [0.00033590995339954384, 0.0009664450725018938, 0.2575891156493853, 0.7411085293247133], [5.670107501140721e-05, 0.8162778730362686, 1.2757057486700004e-05, 0.1836526688312333], [0.593743604289791, 0.010200683836515035, 0.38936628839888415, 0.006689423474809868], [0.022982749586595953, 0.1930273719144478, 0.08341388325120788, 0.7005759952477483], [0.1181666373014911, 0.0005404777302236398, 0.8772803270183877, 0.004012557949897483], [0.046619526845415614, 0.1408895656016661, 0.20200589305827488, 0.6104850144946433], [0.86744256951346, 0.00047046119591136095, 0.13201537018871623, 7.159910191230331e-05], [0.016943737739774298, 0.023949078759238046, 0.39740135243476843, 0.5617058310662193], [0.02894594295270153, 0.0002615479767810275, 0.9620992318138507, 0.00869327725666675], [0.040260205816305045, 0.01920753139049516, 0.6367490046787808, 0.3037832581144191], [0.20398612387926823, 0.09984931017382295, 0.4673842991097252, 0.22878026683718367], [0.05761079902114352, 0.0002539836952694866, 0.9379999389208926, 0.004135278362694583], [0.745063225839884, 0.04972159629016521, 0.19237695305418492, 0.012838224815765973]], "state_values": [-0.7709349306954139, 4.952198602497496, -3.351617959150024, 0.9675885326110377, 0.568102339822644, 1.879748163295549, 4.920369916981749, 3.893230241691973, -4.464382498753869, -3.2069340351031994, -2.9900462907065593, -0.31829894090751987, 3.4475434418242026, 4.373073305521618, 1.618749113237521, 2.5078684802468696], "value_grad": [3.960000991821289, 3.9600000381469727, -19.799999237060547, -3.960000991821289, -19.799999237060547, -7.920000076293945, 0.0, 47.52000427246094, 43.560001373291016, -31.68000030517578, -3.9600000381469727, 0.0, -3.9600000381469727, -7.920000076293945, 7.920000076293945, -75.23999786376953], "action_grad": [[0.0, 0.0, 0.0], [0.0, 0.0, 0.0], [0.0, 0.0, 0.0], [0.0, 0.0, 0.0], [0.0, 0.0, 0.0], [0.0, 0.0, 0.0], [0.0, 0.0, 0.0], [0.0, 0.0, 0.0], [0.0, 0.0, 0.0], [0.0, 0.0, 0.0], [0.0, 0.0, 0.0], [0.0, 0.0, 0.0], [0.0, 0.0, 0.0], [0.0, 0.0, 0.0], [0.0, 0.0, 0.0], [0.0, 0.0, 0.0]], "action_params_change": 0, "value_params_change": 0.43139940781162045}
{"iterations": 1, "type_itr": 0, "sub_iteration": 5, "sub_it_time": 0.10141277313232422, "total_time": 0.6526968479156494, "value_loss": 3.9600000381469727, "action_loss": 0.7244307994842529, "action_probs": [[1.3689448365636792e-05, 0.02425133854926483, 0.0005504742677023437, 0.9751844977346671], [0.04532016995915244, 0.7644917761772034, 0.010643650005935411, 0.17954440385770873], [0.09241554191779541, 0.004068792919349577, 0.8654139552102383, 0.038101709952616684], [0.00033590995339954384, 0.0009664450725018938, 0.2575891156493853, 0.7411085293247133], [5.670107501140721e-05, 0.8162778730362686, 1.2757057486700004e-05, 0.1836526688312333], [0.593743604289791, 0.010200683836515035, 0.38936628839888415, 0.006689423474809868], [0.022982749586595953, 0.1930273719144478, 0.08341388325120788, 0.7005759952477483], [0.1181666373014911, 0.0005404777302236398, 0.8772803270183877, 0.004012557949897483], [0.046619526845415614, 0.1408895656016661, 0.20200589305827488, 0.6104850144946433], [0.86744256951346, 0.00047046119591136095, 0.13201537018871623, 7.159910191230331e-05], [0.016943737739774298, 0.023949078759238046, 0.39740135243476843, 0.5617058310662193], [0.02894594295270153, 0.0002615479767810275, 0.9620992318138507, 0.00869327725666675], [0.040260205816305045, 0.01920753139049516, 0.6367490046787808, 0.3037832581144191], [0.20398612387926823, 0.09984931017382295, 0.4673842991097252, 0.22878026683718367], [0.05761079902114352, 0.0002539836952694866, 0.9379999389208926, 0.004135278362694583], [0.745063225839884, 0.04972159629016521, 0.19237695305418492, 0.012838224815765973]], "state_values": [-0.8654470282485941, 4.999963826001063, -2.6549765524712896, 0.8069162252825761, 0.17663941528131183, 2.224760495026191, 4.925906988647013, 3.311293945323264, -4.814708900716145, -3.2888716709573353, -3.0343305082383916, -0.7731860247811971, 3.470635307675877, 4.252691381593641, 2.1349988114089324, 1.5508156766363226], "value_grad": [-27.720001220703125, 23.760000228881836, -11.880000114440918, 7.920000076293945, -31.68000030517578, -19.799999237060547, -15.84000015258789, -11.880001068115234, 27.720001220703125, -27.720001220703125, -23.76000213623047, -11.880000114440918, -11.879999160766602, -15.84000015258789, -35.63999938964844, -47.52000045776367], "action_grad": [[0.0, 0.0, 0.0], [0.0, 0.0, 0.0], [0.0, 0.0, 0.0], [0.0, 0.0, 0.0], [0.0, 0.0, 0.0], [0.0, 0.0, 0.0], [0.0, 0.0, 0.0], [0.0, 0.0, 0.0], [0.0, 0.0, 0.0], [0.0, 0.0, 0.0], [0.0, 0.0, 0.0], [0.0, 0.0, 0.0], [0.0, 0.0, 0.0], [0.0, 0.0, 0.0], [0.0, 0.0, 0.0], [0.0, 0.0, 0.0]], "action_params_change": 0, "value_params_change": 0.4201045057751265}
{"iterations": 1, "type_itr": 0, "sub_iteration": 6, "sub_it_time": 0.10079789161682129, "total_time": 0.7609293460845947, "value_loss": 7.920000076293945, "action_loss": -0.7244307994842529, "action_probs": [[1.3689448365636792e-05, 0.02425133854926483, 0.0005504742677023437, 0.9751844977346671], [0.04532016995915244, 0.7644917761772034, 0.010643650005935411, 0.17954440385770873], [0.09241554191779541, 0.004068792919349577, 0.8654139552102383, 0.038101709952616684], [0.00033590995339954384, 0.0009664450725018938, 0.2575891156493853, 0.7411085293247133], [5.670107501140721e-05, 0.8162778730362686, 1.2757057486700004e-05, 0.1836526688312333], [0.593743604289791, 0.010200683836515035, 0.38936628839888415, 0.006689423474809868], [0.022982749586595953, 0.1930273719144478, 0.08341388325120788, 0.7005759952477483], [0.1181666373014911, 0.0005404777302236398, 0.8772803270183877, 0.004012557949897483], [0.046619526845415614, 0.1408895656016661, 0.20200589305827488, 0.6104850144946433], [0.86744256951346, 0.00047046119591136095, 0.13201537018871623, 7.159910191230331e-05], [0.016943737739774298, 0.023949078759238046, 0.39740135243476843, 0.5617058310662193], [0.02894594295270153, 0.0002615479767810275, 0.9620992318138507, 0.00869327725666675], [0.040260205816305045, 0.01920753139049516, 0.6367490046787808, 0.3037832581144191], [0.20398612387926823, 0.09984931017382295, 0.4673842991097252, 0.22878026683718367], [0.05761079902114352, 0.0002539836952694866, 0.9379999389208926, 0.004135278362694583], [0.745063225839884, 0.04972159629016521, 0.19237695305418492, 0.012838224815765973]], "state_values": [-1.2124222237319582, 4.969267052107725, -1.9027701304835674, 1.0645396901229809, -0.4432594673828674, 2.754083995793895, 4.86231337411779, 2.7255662670621743, -4.957867587719669, -3.471484448961315, -2.968257403925127, -1.4257325342236313, 3.393593796873066, 4.0115953176315315, 2.431524185268018, 0.7663863857495096], "value_grad": [35.63999938964844, -7.920000076293945, -7.920000076293945, -39.599998474121094, -39.60000228881836, 31.68000030517578, -51.480003356933594, 0.0, -15.84000015258789, 23.76000213623047, -7.920000076293945, -23.760000228881836, -11.880000114440918, 19.799999237060547, 15.84000015258789, 15.840001106262207], "action_grad": [[0.0, 0.0, 0.0], [0.0, 0.0, 0.0], [0.0, 0.0, 0.0], [0.0, 0.0, 0.0], [0.0, 0.0, 0.0], [0.0, 0.0, 0.0], [0.0, 0.0, 0.0], [0.0, 0.0, 0.0], [0.0, 0.0, 0.0], [0.0, 0.0, 0.0], [0.0, 0.0, 0.0], [0.0, 0.0, 0.0], [0.0, 0.0, 0.0], [0.0, 0.0, 0.0], [0.0, 0.0, 0.0], [0.0, 0.0, 0.0]], "action_params_change": 0, "value_params_change": 0.3387587776091827}
{"iterations": 1, "type_itr": 0, "sub_iteration": 7, "sub_it_time": 0.10151910781860352, "total_time": 0.869683027267456, "value_loss": 23.760000228881836, "action_loss": -1.8110771179199219, "action_probs": [[1.3689448365636792e-05, 0.02425133854926483, 0.0005504742677023437, 0.9751844977346671], [0.04532016995915244, 0.7644917761772034, 0.010643650005935411, 0.17954440385770873], [0.09241554191779541, 0.004068792919349577, 0.8654139552102383, 0.038101709952616684], [0.00033590995339954384, 0.0009664450725018938, 0.2575891156493853, 0.7411085293247133], [5.670107501140721e-05, 0.8162778730362686, 1.2757057486700004e-05, 0.1836526688312333], [0.593743604289791, 0.010200683836515035, 0.38936628839888415, 0.006689423474809868], [0.022982749586595953, 0.1930273719144478, 0.08341388325120788, 0.7005759952477483], [0.1181666373014911, 0.0005404777302236398, 0.8772803270183877, 0.004012557949897483], [0.046619526845415614, 0.1408895656016661, 0.20200589305827488, 0.6104850144946433], [0.86744256951346, 0.00047046119591136095, 0.13201537018871623, 7.159910191230331e-05], [0.016943737739774298, 0.023949078759238046, 0.39740135243476843, 0.5617058310662193], [0.02894594295270153, 0.0002615479767810275, 0.9620992318138507, 0.00869327725666675], [0.040260205816305045, 0.01920753139049516, 0.6367490046787808, 0.3037832581144191], [0.20398612387926823, 0.09984931017382295, 0.4673842991097252, 0.22878026683718367], [0.05761079902114352, 0.0002539836952694866, 0.9379999389208926, 0.004135278362694583], [0.745063225839884, 0.04972159629016521, 0.19237695305418492, 0.012838224815765973]], "state_values": [-1.756156142468378, 4.926221789543787, -1.1522679293771683, 1.3583694514835019, -1.0959930393093904, 3.3673715955737045, 4.839273646722192, 1.981368591535202, -4.997533286186797, -3.6254062425007088, -3.275280927725643, -2.159607143111667, 3.0476882598368045, 3.645226539078418, 2.5328174412698545, -0.15216428169284898], "value_grad": [43.560001373291016, -15.840001106262207, -3.9600000381469727, -7.920000076293945, -15.84000015258789, 35.6400032043457, 27.720001220703125, 43.560001373291016, 31.68000030517578, 0.0, 39.60000228881836, -19.799999237060547, -43.560001373291016, 19.799999237060547, 19.799999237060547, -55.44000244140625], "action_grad": [[0.0, 0.0, 0.0], [0.0, 0.0, 0.0], [0.0, 0.0, 0.0], [0.0, 0.0, 0.0], [0.0, 0.0, 0.0], [0.0, 0.0, 0.0], [0.0, 0.0, 0.0], [0.0, 0.0, 0.0], [0.0, 0.0, 0.0], [0.0, 0.0, 0.0], [0.0, 0.0, 0.0], [0.0, 0.0, 0.0], [0.0, 0.0, 0.0], [0.0, 0.0, 0.0], [0.0, 0.0, 0.0], [0.0, 0.0, 0.0]], "action_params_change": 0, "value_params_change": 0.36864289856375754}
{"iterations": 1, "type_itr": 0, "sub_iteration": 8, "sub_it_time": 0.10257768630981445, "total_time": 0.9790129661560059, "value_loss": 7.920000076293945, "action_loss": -1.2677539587020874, "action_probs": [[1.3689448365636792e-05, 0.02425133854926483, 0.0005504742677023437, 0.9751844977346671], [0.04532016995915244, 0.7644917761772034, 0.010643650005935411, 0.17954440385770873], [0.09241554191779541, 0.004068792919349577, 0.8654139552102383, 0.038101709952616684], [0.00033590995339954384, 0.0009664450725018938, 0.2575891156493853, 0.7411085293247133], [5.670107501140721e-05, 0.8162778730362686, 1.2757057486700004e-05, 0.1836526688312333], [0.593743604289791, 0.010200683836515035, 0.38936628839888415, 0.006689423474809868], [0.022982749586595953, 0.1930273719144478, 0.08341388325120788, 0.7005759952477483], [0.1181666373014911, 0.0005404777302236398, 0.8772803270183877, 0.004012557949897483], [0.046619526845415614, 0.1408895656016661, 0.20200589305827488, 0.6104850144946433], [0.86744256951346, 0.00047046119591136095, 0.13201537018871623, 7.159910191230331e-05], [0.016943737739774298, 0.023949078759238046, 0.39740135243476843, 0.5617058310662193], [0.02894594295270153, 0.0002615479767810275, 0.9620992318138507, 0.00869327725666675], [0.040260205816305045, 0.01920753139049516, 0.6367490046787808, 0.3037832581144191], [0.20398612387926823, 0.09984931017382295, 0.4673842991097252, 0.22878026683718367], [0.05761079902114352, 0.0002539836952694866, 0.9379999389208926, 0.004135278362694583], [0.745063225839884, 0.04972159629016521, 0.19237695305418492, 0.012838224815765973]], "state_values": [-2.1709869799019854, 4.880997739418643, -0.46140910231135646, 1.4395025764252165, -1.6298889951493452, 3.8845760669639926, 4.853699654801691, 1.1937639888011455, -4.963748591020769, -3.739454678473523, -3.2744417291816026, -2.9268082974287286, 2.4981007488134424, 3.068267819668099, 2.3823789797983017, -1.0536916959187592], "value_grad": [-7.920000076293945, -3.9600000381469727, 0.0, 19.80000114440918, 3.9599990844726562, 7.920000076293945, 23.760000228881836, 15.840001106262207, -35.63999938964844, -3.9600000381469727, -31.68000030517578, -23.760000228881836, -43.560001373291016, 47.52000427246094, 35.63999938964844, -19.799999237060547], "action_grad": [[0.0, 0.0, 0.0], [0.0, 0.0, 0.0], [0.0, 0.0, 0.0], [0.0, 0.0, 0.0], [0.0, 0.0, 0.0], [0.0, 0.0, 0.0], [0.0, 0.0, 0.0], [0.0, 0.0, 0.0], [0.0, 0.0, 0.0], [0.0, 0.0, 0.0], [0.0, 0.0, 0.0], [0.0, 0.0, 0.0], [0.0, 0.0, 0.0], [0.0, 0.0, 0.0], [0.0, 0.0, 0.0], [0.0, 0.0, 0.0]], "action_params_change": 0, "value_params_change": 0.3637852876001295}
{"iterations": 1, "type_itr": 0, "sub_iteration": 9, "sub_it_time": 0.10069727897644043, "total_time": 1.091942548751831, "value_loss": -27.720001220703125, "action_loss": 0.36221539974212646, "action_probs": [[1.3689448365636792e-05, 0.02425133854926483, 0.0005504742677023437, 0.9751844977346671], [0.04532016995915244, 0.7644917761772034, 0.010643650005935411, 0.17954440385770873], [0.09241554191779541, 0.004068792919349577, 0.8654139552102383, 0.038101709952616684], [0.00033590995339954384, 0.0009664450725018938, 0.2575891156493853, 0.7411085293247133], [5.670107501140721e-05, 0.8162778730362686, 1.2757057486700004e-05, 0.1836526688312333], [0.593743604289791, 0.010200683836515035, 0.38936628839888415, 0.006689423474809868], [0.022982749586595953, 0.1930273719144478, 0.08341388325120788, 0.7005759952477483], [0.1181666373014911, 0.0005404777302236398, 0.8772803270183877, 0.004012557949897483], [0.046619526845415614, 0.1408895656016661, 0.20200589305827488, 0.6104850144946433], [0.86744256951346, 0.00047046119591136095, 0.13201537018871623, 7.159910191230331e-05], [0.016943737739774298, 0.023949078759238046, 0.39740135243476843, 0.5617058310662193], [0.02894594295270153, 0.0002615479767810275, 0.9620992318138507, 0.00869327725666675], [0.040260205816305045, 0.01920753139049516, 0.6367490046787808, 0.3037832581144191], [0.20398612387926823, 0.09984931017382295, 0.4673842991097252, 0.22878026683718367], [0.05761079902114352, 0.0002539836952694866, 0.9379999389208926, 0.004135278362694583], [0.745063225839884, 0.04972159629016521, 0.19237695305418492, 0.012838224815765973]], "state_values": [-2.242367732933205, 4.933395699446657, 0.20509063404715897, 1.0371064165034898, -1.970885154280021, 4.288855232230315, 4.855090918371284, 0.3656685322004481, -4.936982746758948, -3.9747444157345244, -3.5244906912621046, -3.351730895943893, 1.7727555520077574, 2.2994845935297294, 2.3758532539003085, -1.7250600471436435], "value_grad": [-47.52000045776367, -63.36000061035156, -3.9600000381469727, 83.16000366210938, 15.84000015258789, 3.960000991821289, -7.920001983642578, 19.80000114440918, -31.68000030517578, 39.60000228881836, 43.560001373291016, 19.799999237060547, -43.560001373291016, 47.52000045776367, -19.799999237060547, 19.799999237060547], "action_grad": [[0.0, 0.0, 0.0], [0.0, 0.0, 0.0], [0.0, 0.0, 0.0], [0.0, 0.0, 0.0], [0.0, 0.0, 0.0], [0.0, 0.0, 0.0], [0.0, 0.0, 0.0], [0.0, 0.0, 0.0], [0.0, 0.0, 0.0], [0.0, 0.0, 0.0], [0.0, 0.0, 0.0], [0.0, 0.0, 0.0], [0.0, 0.0, 0.0], [0.0, 0.0, 0.0], [0.0, 0.0, 0.0], [0.0, 0.0, 0.0]], "action_params_change": 0, "value_params_change": 0.3656009185963993}
{"iterations": 1, "type_itr": 0, "sub_iteration": 10, "sub_it_time": 0.10151815414428711, "total_time": 1.2012128829956055, "value_loss": 31.68000030517578, "action_loss": -1.0866461992263794, "action_probs": [[1.3689448365636792e-05, 0.02425133854926483, 0.0005504742677023437, 0.9751844977346671], [0.04532016995915244, 0.7644917761772034, 0.010643650005935411, 0.17954440385770873], [0.09241554191779541, 0.004068792919349577, 0.8654139552102383, 0.038101709952616684], [0.00033590995339954384, 0.0009664450725018938, 0.2575891156493853, 0.7411085293247133], [5.670107501140721e-05, 0.8162778730362686, 1.2757057486700004e-05, 0.1836526688312333], [0.593743604289791, 0.010200683836515035, 0.38936628839888415, 0.006689423474809868], [0.022982749586595953, 0.1930273719144478, 0.08341388325120788, 0.7005759952477483], [0.1181666373014911, 0.0005404777302236398, 0.8772803270183877, 0.004012557949897483], [0.046619526845415614, 0.1408895656016661, 0.20200589305827488, 0.6104850144946433], [0.86744256951346, 0.00047046119591136095, 0.13201537018871623, 7.159910191230331e-05], [0.016943737739774298, 0.023949078759238046, 0.39740135243476843, 0.5617058310662193], [0.02894594295270153, 0.0002615479767810275, 0.9620992318138507, 0.00869327725666675], [0.040260205816305045, 0.01920753139049516, 0.6367490046787808, 0.3037832581144191], [0.20398612387926823, 0.09984931017382295, 0.4673842991097252, 0.22878026683718367], [0.05761079902114352, 0.0002539836952694866, 0.9379999389208926, 0.004135278362694583], [0.745063225839884, 0.04972159629016521, 0.19237695305418492, 0.012838224815765973]], "state_values": [-2.458343248756053, 4.975695592163285, 0.467644675291682, 0.5878153126202571, -2.5263777931060387, 4.670366662653547, 4.805723237474266, -0.1896580049920695, -4.9023205868540405, -4.072608669535456, -3.8264945721882646, -3.579464913635299, 1.0833053413569096, 1.4961531619289836, 2.141551905329402, -2.427646166501609], "value_grad": [31.68000030517578, -11.880000114440918, 27.720003128051758, 15.84000015258789, -59.400001525878906, 67.31999969482422, -35.6400032043457, -31.680004119873047, 3.960000991821289, -27.720001220703125, 19.799999237060547, 15.84000015258789, 0.0, 7.920001029968262, 39.60000228881836, -35.6400032043457], "action_grad": [[0.0, 0.0, 0.0], [0.0, 0.0, 0.0], [0.0, 0.0, 0.0], [0.0, 0.0, 0.0], [0.0, 0.0, 0.0], [0.0, 0.0, 0.0], [0.0, 0.0, 0.0], [0.0, 0.0, 0.0], [0.0, 0.0, 0.0], [0.0, 0.0, 0.0], [0.0, 0.0, 0.0], [0.0, 0.0, 0.0], [0.0, 0.0, 0.0], [0.0, 0.0, 0.0], [0.0, 0.0, 0.0], [0.0, 0.0, 0.0]], "action_params_change": 0, "value_params_change": 0.3494748726694925}
{"iterations": 1, "type_itr": 0, "sub_iteration": 11, "sub_it_time": 0.10319805145263672, "total_time": 1.3065204620361328, "value_loss": -15.84000015258789, "action_loss": -0.36221539974212646, "action_probs": [[1.3689448365636792e-05, 0.02425133854926483, 0.0005504742677023437, 0.9751844977346671], [0.04532016995915244, 0.7644917761772034, 0.010643650005935411, 0.17954440385770873], [0.09241554191779541, 0.004068792919349577, 0.8654139552102383, 0.038101709952616684], [0.00033590995339954384, 0.0009664450725018938, 0.2575891156493853, 0.7411085293247133], [5.670107501140721e-05, 0.8162778730362686, 1.2757057486700004e-05, 0.1836526688312333], [0.593743604289791, 0.010200683836515035, 0.38936628839888415, 0.006689423474809868], [0.022982749586595953, 0.1930273719144478, 0.08341388325120788, 0.7005759952477483], [0.1181666373014911, 0.0005404777302236398, 0.8772803270183877, 0.004012557949897483], [0.046619526845415614, 0.1408895656016661, 0.20200589305827488, 0.6104850144946433], [0.86744256951346, 0.00047046119591136095, 0.13201537018871623, 7.159910191230331e-05], [0.016943737739774298, 0.023949078759238046, 0.39740135243476843, 0.5617058310662193], [0.02894594295270153, 0.0002615479767810275, 0.9620992318138507, 0.00869327725666675], [0.040260205816305045, 0.01920753139049516, 0.6367490046787808, 0.3037832581144191], [0.20398612387926823, 0.09984931017382295, 0.4673842991097252, 0.22878026683718367], [0.05761079902114352, 0.0002539836952694866, 0.9379999389208926, 0.004135278362694583], [0.745063225839884, 0.04972159629016521, 0.19237695305418492, 0.012838224815765973]], "state_values": [-2.7674118066064786, 4.992032723934119, 0.546617417821288, -0.0005380322192788208, -2.844819564296528, 4.928670643481278, 4.800449322592326, -0.39750813356684733, -4.8540368719914095, -4.156822921970233, -4.218803262791742, -3.5379317112433206, 0.49637054367252326, 0.7909138008297981, 1.879353935648617, -3.0253255078501606], "value_grad": [27.720001220703125, 11.880000114440918, 15.84000015258789, 39.60000228881836, 27.720001220703125, 55.44000244140625, 27.720001220703125, -51.480003356933594, 7.920000076293945, 0.0, 51.480003356933594, 35.63999938964844, 7.920000076293945, -7.920000076293945, 7.920001983642578, -3.9599990844726562], "action_grad": [[0.0, 0.0, 0.0], [0.0, 0.0, 0.0], [0.0, 0.0, 0.0], [0.0, 0.0, 0.0], [0.0, 0.0, 0.0], [0.0, 0.0, 0.0], [0.0, 0.0, 0.0], [0.0, 0.0, 0.0], [0.0, 0.0, 0.0], [0.0, 0.0, 0.0], [0.0, 0.0, 0.0], [0.0, 0.0, 0.0], [0.0, 0.0, 0.0], [0.0, 0.0, 0.0], [0.0, 0.0, 0.0], [0.0, 0.0, 0.0]], "action_params_change": 0, "value_params_change": 0.39205275550378105}
{"iterations": 1, "type_itr": 0, "sub_iteration": 12, "sub_it_time": 0.10173630714416504, "total_time": 1.4203510284423828, "value_loss": 0.0, "action_loss": 0.5433230996131897, "action_probs": [[1.3689448365636792e-05, 0.02425133854926483, 0.0005504742677023437, 0.9751844977346671], [0.04532016995915244, 0.7644917761772034, 0.010643650005935411, 0.17954440385770873], [0.09241554191779541, 0.004068792919349577, 0.8654139552102383, 0.038101709952616684], [0.00033590995339954384, 0.0009664450725018938, 0.2575891156493853, 0.7411085293247133], [5.670107501140721e-05, 0.8162778730362686, 1.2757057486700004e-05, 0.1836526688312333], [0.593743604289791, 0.010200683836515035, 0.38936628839888415, 0.006689423474809868], [0.022982749586595953, 0.1930273719144478, 0.08341388325120788, 0.7005759952477483], [0.1181666373014911, 0.0005404777302236398, 0.8772803270183877, 0.004012557949897483], [0.046619526845415614, 0.1408895656016661, 0.20200589305827488, 0.6104850144946433], [0.86744256951346, 0.00047046119591136095, 0.13201537018871623, 7.159910191230331e-05], [0.016943737739774298, 0.023949078759238046, 0.39740135243476843, 0.5617058310662193], [0.02894594295270153, 0.0002615479767810275, 0.9620992318138507, 0.00869327725666675], [0.040260205816305045, 0.01920753139049516, 0.6367490046787808, 0.3037832581144191], [0.20398612387926823, 0.09984931017382295, 0.4673842991097252, 0.22878026683718367], [0.05761079902114352, 0.0002539836952694866, 0.9379999389208926, 0.004135278362694583], [0.745063225839884, 0.04972159629016521, 0.19237695305418492, 0.012838224815765973]], "state_values": [-3.0336079235829994, 4.979769178523281, 0.6546932310249505, -0.6696564526228548, -3.118036180847221, 4.998259676905295, 4.818751850087455, -0.6578592226288859, -4.874883988596409, -4.381835941430542, -4.448594537054467, -3.3832554461843114, -0.08752613962040501, 0.06607003360360972, 1.8089033539930943, -3.6386046941884715], "value_grad": [0.0, 59.400001525878906, -3.9600000381469727, 31.68000030517578, 0.0, -27.720001220703125, 15.84000015258789, 15.84000015258789, -51.480003356933594, 67.32000732421875, -19.80000114440918, 19.80000114440918, -7.920000076293945, 11.880001068115234, -27.720001220703125, -51.480003356933594], "action_grad": [[0.0, 0.0, 0.0], [0.0, 0.0, 0.0], [0.0, 0.0, 0.0], [0.0, 0.0, 0.0], [0.0, 0.0, 0.0], [0.0, 0.0, 0.0], [0.0, 0.0, 0.0], [0.0, 0.0, 0.0], [0.0, 0.0, 0.0], [0.0, 0.0, 0.0], [0.0, 0.0, 0.0], [0.0, 0.0, 0.0], [0.0, 0.0, 0.0], [0.0, 0.0, 0.0], [0.0, 0.0, 0.0], [0.0, 0.0, 0.0]], "action_params_change": 0, "value_params_change": 0.330291146737121}
{"iterations": 1, "type_itr": 0, "sub_iteration": 13, "sub_it_time": 0.10246586799621582, "total_time": 1.5249903202056885, "value_loss": -35.6400032043457, "action_loss": 2.535507917404175, "action_probs": [[1.3689448365636792e-05, 0.02425133854926483, 0.0005504742677023437, 0.9751844977346671], [0.04532016995915244, 0.7644917761772034, 0.010643650005935411, 0.17954440385770873], [0.09241554191779541, 0.004068792919349577, 0.8654139552102383, 0.038101709952616684], [0.00033590995339954384, 0.0009664450725018938, 0.2575891156493853, 0.7411085293247133], [5.670107501140721e-05, 0.8162778730362686, 1.2757057486700004e-05, 0.1836526688312333], [0.593743604289791, 0.010200683836515035, 0.38936628839888415, 0.006689423474809868], [0.022982749586595953, 0.1930273719144478, 0.08341388325120788, 0.7005759952477483], [0.1181666373014911, 0.0005404777302236398, 0.8772803270183877, 0.004012557949897483], [0.046619526845415614, 0.1408895656016661, 0.20200589305827488, 0.6104850144946433], [0.86744256951346, 0.00047046119591136095, 0.13201537018871623, 7.159910191230331e-05], [0.016943737739774298, 0.023949078759238046, 0.39740135243476843, 0.5617058310662193], [0.02894594295270153, 0.0002615479767810275, 0.9620992318138507, 0.00869327725666675], [0.040260205816305045, 0.01920753139049516, 0.6367490046787808, 0.3037832581144191], [0.20398612387926823, 0.09984931017382295, 0.4673842991097252, 0.22878026683718367], [0.05761079902114352, 0.0002539836952694866, 0.9379999389208926, 0.004135278362694583], [0.745063225839884, 0.04972159629016521, 0.19237695305418492, 0.012838224815765973]], "state_values": [-3.246541656245982, 4.958496834567338, 0.7147731742118232, -1.22450438360573, -3.5059353362374797, 4.97160799145889, 4.789961055251208, -1.0722736234814174, -4.8699669021709395, -4.579124649447397, -4.5832818553472405, -3.429070653493445, -0.588668825425259, -0.5052987036091511, 1.5911213416452015, -4.136436886066349], "value_grad": [-3.9600000381469727, 7.920000076293945, 3.9600000381469727, -7.920000076293945, -43.560001373291016, 3.960000991821289, -31.680002212524414, 43.560001373291016, 19.80000114440918, 11.880000114440918, -15.84000015258789, -31.680004119873047, 3.960000991821289, -11.880000114440918, 27.720001220703125, -11.880000114440918], "action_grad": [[0.0, 0.0, 0.0], [0.0, 0.0, 0.0], [0.0, 0.0, 0.0], [0.0, 0.0, 0.0], [0.0, 0.0, 0.0], [0.0, 0.0, 0.0], [0.0, 0.0, 0.0], [0.0, 0.0, 0.0], [0.0, 0.0, 0.0], [0.0, 0.0, 0.0], [0.0, 0.0, 0.0], [0.0, 0.0, 0.0], [0.0, 0.0, 0.0], [0.0, 0.0, 0.0], [0.0, 0.0, 0.0], [0.0, 0.0, 0.0]], "action_params_change": 0, "value_params_change": 0.3185370767549216}
