{"iterations": 0, "type_itr": 0, "sub_iteration": 0, "sub_it_time": 0, "total_time": 0, "value_loss": 0, "action_loss": 0, "action_probs": [[0.02323413301196994, 2.5221938888505333e-06, 0.9766573232296233, 0.00010602156451810809], [0.5360325944476617, 1.086149197166157e-05, 0.4639471432175381, 9.400842828457204e-06], [0.09325851463695019, 0.8572342493823994, 0.004857450225936115, 0.04464978575471428], [0.8490796716030566, 0.002127334758959672, 0.14842113050141434, 0.00037186313656954083], [9.210832620148156e-05, 0.013617466344947907, 0.006626431702273331, 0.9796639936265774], [0.022505302822696655, 1.2105549350809398e-05, 0.9769570887122975, 0.0005255029156551776], [0.46424360122118463, 0.5177941482149401, 0.008491384259514194, 0.009470866304360955], [0.023069453140676963, 0.40688197598454023, 0.03058649862023303, 0.5394620722545498], [0.050309810710777135, 0.05054275673312236, 0.4485353053420452, 0.45061212721405536], [0.3003899399154171, 0.4915265104183023, 0.07893030250261898, 0.1291532471636615], [0.5463521201630028, 0.3533934435090814, 0.06087745920075049, 0.03937697712716529], [0.12306335845339986, 0.3864674473425278, 0.11845954272068147, 0.3720096514833909], [0.11836820225216634, 0.8591512149163296, 0.002722182422783901, 0.019758400408720095], [0.19867984538691402, 0.7982871471846988, 0.0006044306897011256, 0.0024285767386860056], [0.12305862271805845, 0.6172218869441046, 0.043173800143132254, 0.2165456901947048], [0.07008273478801492, 0.27221829992488217, 0.13465732638882721, 0.5230416388982755]], "state_values": [4.82926667149634, -3.926679567222479, 4.999997512462545, 3.9400853422861437, 4.536274906839351, 1.6312609159663525, -3.8449782638785415, 4.53807388769281, 4.970631674957304, 4.482058651603997, -1.1592168623584158, 1.8902479081481147, 3.118090180737822, -3.515038558499109, 4.973266112857, 4.141148888927565], "value_grad": [0.0, 0.0, 0.0, 0.0, 0.0, 0.0, 0.0, 0.0, 0.0, 0.0, 0.0, 0.0, 0.0, 0.0, 0.0, 0.0], "action_grad": [[0.0, 0.0, 0.0], [0.0, 0.0, 0.0], [0.0, 0.0, 0.0], [0.0, 0.0, 0.0], [0.0, 0.0, 0.0], [0.0, 0.0, 0.0], [0.0, 0.0, 0.0], [0.0, 0.0, 0.0], [0.0, 0.0, 0.0], [0.0, 0.0, 0.0], [0.0, 0.0, 0.0], [0.0, 0.0, 0.0], [0.0, 0.0, 0.0], [0.0, 0.0, 0.0], [0.0, 0.0, 0.0], [0.0, 0.0, 0.0]], "action_params_change": 0, "value_params_change": 0}
{"iterations": 1, "type_itr": 0, "sub_iteration": 0, "sub_it_time": 2.6217193603515625, "total_time": 2.6235857009887695, "value_loss": 13.648655891418457, "action_loss": -2.387082815170288, "action_probs": [[0.02323413301196994, 2.5221938888505333e-06, 0.9766573232296233, 0.00010602156451810809], [0.5360325944476617, 1.086149197166157e-05, 0.4639471432175381, 9.400842828457204e-06], [0.09325851463695019, 0.8572342493823994, 0.004857450225936115, 0.04464978575471428], [0.8490796716030566, 0.002127334758959672, 0.14842113050141434, 0.00037186313656954083], [9.210832620148156e-05, 0.013617466344947907, 0.006626431702273331, 0.9796639936265774], [0.022505302822696655, 1.2105549350809398e-05, 0.9769570887122975, 0.0005255029156551776], [0.46424360122118463, 0.5177941482149401, 0.008491384259514194, 0.009470866304360955], [0.023069453140676963, 0.40688197598454023, 0.03058649862023303, 0.5394620722545498], [0.050309810710777135, 0.05054275673312236, 0.4485353053420452, 0.45061212721405536], [0.3003899399154171, 0.4915265104183023, 0.07893030250261898, 0.1291532471636615], [0.5463521201630028, 0.3533934435090814, 0.06087745920075049, 0.03937697712716529], [0.12306335845339986, 0.3864674473425278, 0.11845954272068147, 0.3720096514833909], [0.11836820225216634, 0.8591512149163296, 0.002722182422783901, 0.019758400408720095], [0.19867984538691402, 0.7982871471846988, 0.0006044306897011256, 0.0024285767386860056], [0.12305862271805845, 0.6172218869441046, 0.043173800143132254, 0.2165456901947048], [0.07008273478801492, 0.27221829992488217, 0.13465732638882721, 0.5230416388982755]], "state_values": [4.999634268856863, -3.0388069329169736, 4.845794060617993, 4.57917299296976, 3.8749860853226172, 0.41121552922312415, -2.9346773443145, 3.877690303250928, 4.682229597906627, 3.7944476222213654, 0.08013524835458066, 0.6862699790182755, 2.0541418372102496, -2.5260180355271062, 4.6909106763010495, 3.319198849267439], "value_grad": [-0.00015735626220703125, -1.2830009460449219, -0.007167816162109375, 0.0696563720703125, 0.23276901245117188, -0.19851398468017578, -1.9205598831176758, -0.29569244384765625, 0.013819694519042969, 0.0985250473022461, -1.0303916931152344, -0.11741447448730469, -0.4210653305053711, 2.3426990509033203, -0.11369132995605469, -0.09345722198486328], "action_grad": [[0.0, 0.0, 0.0], [0.0, 0.0, 0.0], [0.0, 0.0, 0.0], [0.0, 0.0, 0.0], [0.0, 0.0, 0.0], [0.0, 0.0, 0.0], [0.0, 0.0, 0.0], [0.0, 0.0, 0.0], [0.0, 0.0, 0.0], [0.0, 0.0, 0.0], [0.0, 0.0, 0.0], [0.0, 0.0, 0.0], [0.0, 0.0, 0.0], [0.0, 0.0, 0.0], [0.0, 0.0, 0.0], [0.0, 0.0, 0.0]], "action_params_change": 0, "value_params_change": 0.4999999978657099}
{"iterations": 1, "type_itr": 0, "sub_iteration": 1, "sub_it_time": 2.3491830825805664, "total_time": 4.974698066711426, "value_loss": 9.358272552490234, "action_loss": -2.152772903442383, "action_probs": [[0.02323413301196994, 2.5221938888505333e-06, 0.9766573232296233, 0.00010602156451810809], [0.5360325944476617, 1.086149197166157e-05, 0.4639471432175381, 9.400842828457204e-06], [0.09325851463695019, 0.8572342493823994, 0.004857450225936115, 0.04464978575471428], [0.8490796716030566, 0.002127334758959672, 0.14842113050141434, 0.00037186313656954083], [9.210832620148156e-05, 0.013617466344947907, 0.006626431702273331, 0.9796639936265774], [0.022505302822696655, 1.2105549350809398e-05, 0.9769570887122975, 0.0005255029156551776], [0.46424360122118463, 0.5177941482149401, 0.008491384259514194, 0.009470866304360955], [0.023069453140676963, 0.40688197598454023, 0.03058649862023303, 0.5394620722545498], [0.050309810710777135, 0.05054275673312236, 0.4485353053420452, 0.45061212721405536], [0.3003899399154171, 0.4915265104183023, 0.07893030250261898, 0.1291532471636615], [0.5463521201630028, 0.3533934435090814, 0.06087745920075049, 0.03937697712716529], [0.12306335845339986, 0.3864674473425278, 0.11845954272068147, 0.3720096514833909], [0.11836820225216634, 0.8591512149163296, 0.002722182422783901, 0.019758400408720095], [0.19867984538691402, 0.7982871471846988, 0.0006044306897011256, 0.0024285767386860056], [0.12305862271805845, 0.6172218869441046, 0.043173800143132254, 0.2165456901947048], [0.07008273478801492, 0.27221829992488217, 0.13465732638882721, 0.5230416388982755]], "state_values": [4.902619461041822, -1.9605101508276743, 4.526301349355797, 4.56660638963493, 2.972337714921991, 0.825296599564187, -1.8409152029128026, 3.1413064143494176, 4.244548813494101, 3.2349999441158177, 1.0518573868657835, -0.5587274612186384, 0.8769833243240726, -1.3858629120989865, 4.222946417274462, 2.709307988086141], "value_grad": [0.059360504150390625, -1.3917417526245117, -0.31438541412353516, -0.06589317321777344, 0.23700618743896484, 0.36515045166015625, -2.000908851623535, -0.07527923583984375, 0.1779632568359375, -0.004950523376464844, -0.1723794937133789, -0.15127182006835938, -0.3372335433959961, 2.0770606994628906, -0.666468620300293, 0.006930351257324219], "action_grad": [[0.0, 0.0, 0.0], [0.0, 0.0, 0.0], [0.0, 0.0, 0.0], [0.0, 0.0, 0.0], [0.0, 0.0, 0.0], [0.0, 0.0, 0.0], [0.0, 0.0, 0.0], [0.0, 0.0, 0.0], [0.0, 0.0, 0.0], [0.0, 0.0, 0.0], [0.0, 0.0, 0.0], [0.0, 0.0, 0.0], [0.0, 0.0, 0.0], [0.0, 0.0, 0.0], [0.0, 0.0, 0.0], [0.0, 0.0, 0.0]], "action_params_change": 0, "value_params_change": 0.5006461189739424}
{"iterations": 1, "type_itr": 0, "sub_iteration": 2, "sub_it_time": 2.3773813247680664, "total_time": 7.353974342346191, "value_loss": 5.86650276184082, "action_loss": -1.9269170761108398, "action_probs": [[0.02323413301196994, 2.5221938888505333e-06, 0.9766573232296233, 0.00010602156451810809], [0.5360325944476617, 1.086149197166157e-05, 0.4639471432175381, 9.400842828457204e-06], [0.09325851463695019, 0.8572342493823994, 0.004857450225936115, 0.04464978575471428], [0.8490796716030566, 0.002127334758959672, 0.14842113050141434, 0.00037186313656954083], [9.210832620148156e-05, 0.013617466344947907, 0.006626431702273331, 0.9796639936265774], [0.022505302822696655, 1.2105549350809398e-05, 0.9769570887122975, 0.0005255029156551776], [0.46424360122118463, 0.5177941482149401, 0.008491384259514194, 0.009470866304360955], [0.023069453140676963, 0.40688197598454023, 0.03058649862023303, 0.5394620722545498], [0.050309810710777135, 0.05054275673312236, 0.4485353053420452, 0.45061212721405536], [0.3003899399154171, 0.4915265104183023, 0.07893030250261898, 0.1291532471636615], [0.5463521201630028, 0.3533934435090814, 0.06087745920075049, 0.03937697712716529], [0.12306335845339986, 0.3864674473425278, 0.11845954272068147, 0.3720096514833909], [0.11836820225216634, 0.8591512149163296, 0.002722182422783901, 0.019758400408720095], [0.19867984538691402, 0.7982871471846988, 0.0006044306897011256, 0.0024285767386860056], [0.12305862271805845, 0.6172218869441046, 0.043173800143132254, 0.2165456901947048], [0.07008273478801492, 0.27221829992488217, 0.13465732638882721, 0.5230416388982755]], "state_values": [4.581463469651858, -0.7633733746953855, 3.98018575194064, 4.421998709331396, 1.8819656769594348, 1.0638962485433077, -0.6433661471401287, 2.266310003921184, 3.6324722973416295, 2.4456341392690444, 1.575626516264725, -0.7292683515322659, 0.17372157719821743, -0.20322005832511883, 3.5094985082134205, 1.8605507993466825], "value_grad": [0.05951881408691406, -1.266606330871582, -0.5548357963562012, -0.040154457092285156, 0.26203346252441406, -0.04082679748535156, -1.6631598472595215, -0.12240362167358398, 0.5223236083984375, 0.2608060836791992, 0.2583904266357422, 0.17534923553466797, 0.1488957405090332, 1.369091510772705, -0.7834868431091309, -0.24651098251342773], "action_grad": [[0.0, 0.0, 0.0], [0.0, 0.0, 0.0], [0.0, 0.0, 0.0], [0.0, 0.0, 0.0], [0.0, 0.0, 0.0], [0.0, 0.0, 0.0], [0.0, 0.0, 0.0], [0.0, 0.0, 0.0], [0.0, 0.0, 0.0], [0.0, 0.0, 0.0], [0.0, 0.0, 0.0], [0.0, 0.0, 0.0], [0.0, 0.0, 0.0], [0.0, 0.0, 0.0], [0.0, 0.0, 0.0], [0.0, 0.0, 0.0]], "action_params_change": 0, "value_params_change": 0.5014065804134655}
{"iterations": 1, "type_itr": 0, "sub_iteration": 3, "sub_it_time": 2.3898420333862305, "total_time": 9.74574065208435, "value_loss": 2.9953439235687256, "action_loss": -1.6898037195205688, "action_probs": [[0.02323413301196994, 2.5221938888505333e-06, 0.9766573232296233, 0.00010602156451810809], [0.5360325944476617, 1.086149197166157e-05, 0.4639471432175381, 9.400842828457204e-06], [0.09325851463695019, 0.8572342493823994, 0.004857450225936115, 0.04464978575471428], [0.8490796716030566, 0.002127334758959672, 0.14842113050141434, 0.00037186313656954083], [9.210832620148156e-05, 0.013617466344947907, 0.006626431702273331, 0.9796639936265774], [0.022505302822696655, 1.2105549350809398e-05, 0.9769570887122975, 0.0005255029156551776], [0.46424360122118463, 0.5177941482149401, 0.008491384259514194, 0.009470866304360955], [0.023069453140676963, 0.40688197598454023, 0.03058649862023303, 0.5394620722545498], [0.050309810710777135, 0.05054275673312236, 0.4485353053420452, 0.45061212721405536], [0.3003899399154171, 0.4915265104183023, 0.07893030250261898, 0.1291532471636615], [0.5463521201630028, 0.3533934435090814, 0.06087745920075049, 0.03937697712716529], [0.12306335845339986, 0.3864674473425278, 0.11845954272068147, 0.3720096514833909], [0.11836820225216634, 0.8591512149163296, 0.002722182422783901, 0.019758400408720095], [0.19867984538691402, 0.7982871471846988, 0.0006044306897011256, 0.0024285767386860056], [0.12305862271805845, 0.6172218869441046, 0.043173800143132254, 0.2165456901947048], [0.07008273478801492, 0.27221829992488217, 0.13465732638882721, 0.5230416388982755]], "state_values": [4.04495141342629, 0.44416565309626094, 3.201823694075705, 4.6391595054594985, 0.8412156121757298, 1.2260080785255578, 0.5736816979715762, 1.2181501655935332, 2.8016585897773756, 1.515311913945898, 1.6263725891435779, -0.5346607163498985, 0.10346161873423344, 0.9240134444105375, 2.5846729875815084, 1.0466721542478186], "value_grad": [0.1343233585357666, -0.8428857326507568, -0.489574670791626, 0.19740557670593262, 0.03567957878112793, -0.01857280731201172, -1.3882966041564941, -0.2583498954772949, 0.5893664360046387, 0.12406682968139648, 0.5685768127441406, 0.12850189208984375, 0.3806748390197754, 0.8694183826446533, -0.6246895790100098, -0.026254892349243164], "action_grad": [[0.0, 0.0, 0.0], [0.0, 0.0, 0.0], [0.0, 0.0, 0.0], [0.0, 0.0, 0.0], [0.0, 0.0, 0.0], [0.0, 0.0, 0.0], [0.0, 0.0, 0.0], [0.0, 0.0, 0.0], [0.0, 0.0, 0.0], [0.0, 0.0, 0.0], [0.0, 0.0, 0.0], [0.0, 0.0, 0.0], [0.0, 0.0, 0.0], [0.0, 0.0, 0.0], [0.0, 0.0, 0.0], [0.0, 0.0, 0.0]], "action_params_change": 0, "value_params_change": 0.48804110629376884}
{"iterations": 1, "type_itr": 0, "sub_iteration": 4, "sub_it_time": 2.3293039798736572, "total_time": 12.076819658279419, "value_loss": 1.299949288368225, "action_loss": -1.4485174417495728, "action_probs": [[0.02323413301196994, 2.5221938888505333e-06, 0.9766573232296233, 0.00010602156451810809], [0.5360325944476617, 1.086149197166157e-05, 0.4639471432175381, 9.400842828457204e-06], [0.09325851463695019, 0.8572342493823994, 0.004857450225936115, 0.04464978575471428], [0.8490796716030566, 0.002127334758959672, 0.14842113050141434, 0.00037186313656954083], [9.210832620148156e-05, 0.013617466344947907, 0.006626431702273331, 0.9796639936265774], [0.022505302822696655, 1.2105549350809398e-05, 0.9769570887122975, 0.0005255029156551776], [0.46424360122118463, 0.5177941482149401, 0.008491384259514194, 0.009470866304360955], [0.023069453140676963, 0.40688197598454023, 0.03058649862023303, 0.5394620722545498], [0.050309810710777135, 0.05054275673312236, 0.4485353053420452, 0.45061212721405536], [0.3003899399154171, 0.4915265104183023, 0.07893030250261898, 0.1291532471636615], [0.5463521201630028, 0.3533934435090814, 0.06087745920075049, 0.03937697712716529], [0.12306335845339986, 0.3864674473425278, 0.11845954272068147, 0.3720096514833909], [0.11836820225216634, 0.8591512149163296, 0.002722182422783901, 0.019758400408720095], [0.19867984538691402, 0.7982871471846988, 0.0006044306897011256, 0.0024285767386860056], [0.12305862271805845, 0.6172218869441046, 0.043173800143132254, 0.2165456901947048], [0.07008273478801492, 0.27221829992488217, 0.13465732638882721, 0.5230416388982755]], "state_values": [3.2762362955407864, 1.5411201145419064, 2.32782360790628, 4.8543909611468194, 0.18180124722557914, 1.066409385157085, 1.6565371473597459, 0.2652200029006699, 1.787039195762072, 0.5130048724236459, 1.4144795151561889, -0.3928630565132871, 0.4614324514354457, 1.8638915570300283, 1.51823566016549, 0.39560942158687884], "value_grad": [0.10929620265960693, -0.4043557643890381, -0.13444209098815918, 0.11555290222167969, -0.13650143146514893, -0.19716835021972656, -0.4763089418411255, -0.010731697082519531, 0.6533209085464478, 0.09753477573394775, 0.5107213258743286, -0.00989997386932373, 0.5015735626220703, 0.1235123872756958, -0.47880351543426514, 0.022968053817749023], "action_grad": [[0.0, 0.0, 0.0], [0.0, 0.0, 0.0], [0.0, 0.0, 0.0], [0.0, 0.0, 0.0], [0.0, 0.0, 0.0], [0.0, 0.0, 0.0], [0.0, 0.0, 0.0], [0.0, 0.0, 0.0], [0.0, 0.0, 0.0], [0.0, 0.0, 0.0], [0.0, 0.0, 0.0], [0.0, 0.0, 0.0], [0.0, 0.0, 0.0], [0.0, 0.0, 0.0], [0.0, 0.0, 0.0], [0.0, 0.0, 0.0]], "action_params_change": 0, "value_params_change": 0.4694957828974937}
{"iterations": 1, "type_itr": 0, "sub_iteration": 5, "sub_it_time": 2.336311101913452, "total_time": 14.414805889129639, "value_loss": 0.7091568112373352, "action_loss": -1.1858371496200562, "action_probs": [[0.02323413301196994, 2.5221938888505333e-06, 0.9766573232296233, 0.00010602156451810809], [0.5360325944476617, 1.086149197166157e-05, 0.4639471432175381, 9.400842828457204e-06], [0.09325851463695019, 0.8572342493823994, 0.004857450225936115, 0.04464978575471428], [0.8490796716030566, 0.002127334758959672, 0.14842113050141434, 0.00037186313656954083], [9.210832620148156e-05, 0.013617466344947907, 0.006626431702273331, 0.9796639936265774], [0.022505302822696655, 1.2105549350809398e-05, 0.9769570887122975, 0.0005255029156551776], [0.46424360122118463, 0.5177941482149401, 0.008491384259514194, 0.009470866304360955], [0.023069453140676963, 0.40688197598454023, 0.03058649862023303, 0.5394620722545498], [0.050309810710777135, 0.05054275673312236, 0.4485353053420452, 0.45061212721405536], [0.3003899399154171, 0.4915265104183023, 0.07893030250261898, 0.1291532471636615], [0.5463521201630028, 0.3533934435090814, 0.06087745920075049, 0.03937697712716529], [0.12306335845339986, 0.3864674473425278, 0.11845954272068147, 0.3720096514833909], [0.11836820225216634, 0.8591512149163296, 0.002722182422783901, 0.019758400408720095], [0.19867984538691402, 0.7982871471846988, 0.0006044306897011256, 0.0024285767386860056], [0.12305862271805845, 0.6172218869441046, 0.043173800143132254, 0.2165456901947048], [0.07008273478801492, 0.27221829992488217, 0.13465732638882721, 0.5230416388982755]], "state_values": [2.3841520112423584, 2.4003237958472936, 1.728349210417994, 4.978163639363511, 0.059290163635118756, 0.7086762753134979, 2.484632428922473, -0.5822935423049678, 0.6669312567349107, -0.4149613012892367, 1.1123964491957499, -0.009470737352425339, 0.9809396383125856, 2.545898262622241, 0.42078301375547356, -0.1820594971259823], "value_grad": [0.28919875621795654, 0.10909807682037354, 0.26975518465042114, 0.061261117458343506, -0.29022830724716187, -0.17499226331710815, 0.2478959560394287, -0.011127591133117676, 0.40863245725631714, 0.023482859134674072, 0.25506365299224854, 0.13281846046447754, 0.32840287685394287, -0.4237596392631531, -0.26381516456604004, -0.004355907440185547], "action_grad": [[0.0, 0.0, 0.0], [0.0, 0.0, 0.0], [0.0, 0.0, 0.0], [0.0, 0.0, 0.0], [0.0, 0.0, 0.0], [0.0, 0.0, 0.0], [0.0, 0.0, 0.0], [0.0, 0.0, 0.0], [0.0, 0.0, 0.0], [0.0, 0.0, 0.0], [0.0, 0.0, 0.0], [0.0, 0.0, 0.0], [0.0, 0.0, 0.0], [0.0, 0.0, 0.0], [0.0, 0.0, 0.0], [0.0, 0.0, 0.0]], "action_params_change": 0, "value_params_change": 0.4634118876969371}
{"iterations": 1, "type_itr": 0, "sub_iteration": 6, "sub_it_time": 2.340676784515381, "total_time": 16.7573983669281, "value_loss": 1.0628244876861572, "action_loss": -0.9448497891426086, "action_probs": [[0.02323413301196994, 2.5221938888505333e-06, 0.9766573232296233, 0.00010602156451810809], [0.5360325944476617, 1.086149197166157e-05, 0.4639471432175381, 9.400842828457204e-06], [0.09325851463695019, 0.8572342493823994, 0.004857450225936115, 0.04464978575471428], [0.8490796716030566, 0.002127334758959672, 0.14842113050141434, 0.00037186313656954083], [9.210832620148156e-05, 0.013617466344947907, 0.006626431702273331, 0.9796639936265774], [0.022505302822696655, 1.2105549350809398e-05, 0.9769570887122975, 0.0005255029156551776], [0.46424360122118463, 0.5177941482149401, 0.008491384259514194, 0.009470866304360955], [0.023069453140676963, 0.40688197598454023, 0.03058649862023303, 0.5394620722545498], [0.050309810710777135, 0.05054275673312236, 0.4485353053420452, 0.45061212721405536], [0.3003899399154171, 0.4915265104183023, 0.07893030250261898, 0.1291532471636615], [0.5463521201630028, 0.3533934435090814, 0.06087745920075049, 0.03937697712716529], [0.12306335845339986, 0.3864674473425278, 0.11845954272068147, 0.3720096514833909], [0.11836820225216634, 0.8591512149163296, 0.002722182422783901, 0.019758400408720095], [0.19867984538691402, 0.7982871471846988, 0.0006044306897011256, 0.0024285767386860056], [0.12305862271805845, 0.6172218869441046, 0.043173800143132254, 0.2165456901947048], [0.07008273478801492, 0.27221829992488217, 0.13465732638882721, 0.5230416388982755]], "state_values": [1.3321940662974867, 3.0226095197259544, 1.6203075207841011, 4.985842682147027, 0.08715878025140283, 0.33767627468669825, 3.0030402599221095, -1.0820178190796144, -0.4172709003064884, -0.9767211185189427, 0.72582790972608, 0.38482608102444815, 1.4702176778727716, 2.9830960925616923, -0.3588282644702531, -0.7053790387232863], "value_grad": [0.2785860300064087, 0.27735841274261475, 0.5881788730621338, 0.10949385166168213, -0.11373114585876465, -0.0445103645324707, 0.8784071207046509, 0.13701605796813965, 0.14897525310516357, -0.10779130458831787, 0.27276480197906494, 0.03084850311279297, 0.06795358657836914, -0.7207596302032471, 0.35750889778137207, -0.008830785751342773], "action_grad": [[0.0, 0.0, 0.0], [0.0, 0.0, 0.0], [0.0, 0.0, 0.0], [0.0, 0.0, 0.0], [0.0, 0.0, 0.0], [0.0, 0.0, 0.0], [0.0, 0.0, 0.0], [0.0, 0.0, 0.0], [0.0, 0.0, 0.0], [0.0, 0.0, 0.0], [0.0, 0.0, 0.0], [0.0, 0.0, 0.0], [0.0, 0.0, 0.0], [0.0, 0.0, 0.0], [0.0, 0.0, 0.0], [0.0, 0.0, 0.0]], "action_params_change": 0, "value_params_change": 0.45469769808546223}
{"iterations": 1, "type_itr": 0, "sub_iteration": 7, "sub_it_time": 2.3310229778289795, "total_time": 19.090384006500244, "value_loss": 2.1222829818725586, "action_loss": -0.7594407796859741, "action_probs": [[0.02323413301196994, 2.5221938888505333e-06, 0.9766573232296233, 0.00010602156451810809], [0.5360325944476617, 1.086149197166157e-05, 0.4639471432175381, 9.400842828457204e-06], [0.09325851463695019, 0.8572342493823994, 0.004857450225936115, 0.04464978575471428], [0.8490796716030566, 0.002127334758959672, 0.14842113050141434, 0.00037186313656954083], [9.210832620148156e-05, 0.013617466344947907, 0.006626431702273331, 0.9796639936265774], [0.022505302822696655, 1.2105549350809398e-05, 0.9769570887122975, 0.0005255029156551776], [0.46424360122118463, 0.5177941482149401, 0.008491384259514194, 0.009470866304360955], [0.023069453140676963, 0.40688197598454023, 0.03058649862023303, 0.5394620722545498], [0.050309810710777135, 0.05054275673312236, 0.4485353053420452, 0.45061212721405536], [0.3003899399154171, 0.4915265104183023, 0.07893030250261898, 0.1291532471636615], [0.5463521201630028, 0.3533934435090814, 0.06087745920075049, 0.03937697712716529], [0.12306335845339986, 0.3864674473425278, 0.11845954272068147, 0.3720096514833909], [0.11836820225216634, 0.8591512149163296, 0.002722182422783901, 0.019758400408720095], [0.19867984538691402, 0.7982871471846988, 0.0006044306897011256, 0.0024285767386860056], [0.12305862271805845, 0.6172218869441046, 0.043173800143132254, 0.2165456901947048], [0.07008273478801492, 0.27221829992488217, 0.13465732638882721, 0.5230416388982755]], "state_values": [0.35477630333217447, 3.3684970218771393, 1.788850315486204, 4.922889893361952, 0.14386335711243556, 0.3250851488542104, 3.2861711611070903, -1.4524907867422552, -1.2518495384291728, -1.1342139187489826, 0.27859508313171477, 0.7334735332505087, 1.800158639370832, 3.2095178646987366, -0.8041646149840002, -0.7686521506347531], "value_grad": [-0.006177663803100586, 0.736480712890625, 0.5035536289215088, -0.09602999687194824, -0.02823495864868164, 0.2514204978942871, 1.001206874847412, 0.04391646385192871, -0.18057608604431152, -0.17412114143371582, 0.24258971214294434, 0.0015444755554199219, -0.13440251350402832, -0.9600229263305664, 0.47246766090393066, 0.16620135307312012], "action_grad": [[0.0, 0.0, 0.0], [0.0, 0.0, 0.0], [0.0, 0.0, 0.0], [0.0, 0.0, 0.0], [0.0, 0.0, 0.0], [0.0, 0.0, 0.0], [0.0, 0.0, 0.0], [0.0, 0.0, 0.0], [0.0, 0.0, 0.0], [0.0, 0.0, 0.0], [0.0, 0.0, 0.0], [0.0, 0.0, 0.0], [0.0, 0.0, 0.0], [0.0, 0.0, 0.0], [0.0, 0.0, 0.0], [0.0, 0.0, 0.0]], "action_params_change": 0, "value_params_change": 0.3973629084289785}
{"iterations": 1, "type_itr": 0, "sub_iteration": 8, "sub_it_time": 2.3272247314453125, "total_time": 21.419381618499756, "value_loss": 2.864149332046509, "action_loss": -0.6581960916519165, "action_probs": [[0.02323413301196994, 2.5221938888505333e-06, 0.9766573232296233, 0.00010602156451810809], [0.5360325944476617, 1.086149197166157e-05, 0.4639471432175381, 9.400842828457204e-06], [0.09325851463695019, 0.8572342493823994, 0.004857450225936115, 0.04464978575471428], [0.8490796716030566, 0.002127334758959672, 0.14842113050141434, 0.00037186313656954083], [9.210832620148156e-05, 0.013617466344947907, 0.006626431702273331, 0.9796639936265774], [0.022505302822696655, 1.2105549350809398e-05, 0.9769570887122975, 0.0005255029156551776], [0.46424360122118463, 0.5177941482149401, 0.008491384259514194, 0.009470866304360955], [0.023069453140676963, 0.40688197598454023, 0.03058649862023303, 0.5394620722545498], [0.050309810710777135, 0.05054275673312236, 0.4485353053420452, 0.45061212721405536], [0.3003899399154171, 0.4915265104183023, 0.07893030250261898, 0.1291532471636615], [0.5463521201630028, 0.3533934435090814, 0.06087745920075049, 0.03937697712716529], [0.12306335845339986, 0.3864674473425278, 0.11845954272068147, 0.3720096514833909], [0.11836820225216634, 0.8591512149163296, 0.002722182422783901, 0.019758400408720095], [0.19867984538691402, 0.7982871471846988, 0.0006044306897011256, 0.0024285767386860056], [0.12305862271805845, 0.6172218869441046, 0.043173800143132254, 0.2165456901947048], [0.07008273478801492, 0.27221829992488217, 0.13465732638882721, 0.5230416388982755]], "state_values": [-0.37315985624956316, 3.5254452529723515, 2.1993394777190134, 4.852993274782558, 0.22909753398954127, 0.4837501021824639, 3.3856164402313507, -1.7235513497481136, -1.649929527148022, -1.2365641620167582, -0.024384338726934626, 0.8839173554966188, 2.0237725616417688, 3.239968520294451, -0.9587832229674372, -0.4372260444171629], "value_grad": [-0.09868335723876953, 0.7356886863708496, 0.6820309162139893, -0.051044464111328125, -0.0312044620513916, 0.16069650650024414, 1.1416678428649902, 0.03833270072937012, -0.5426785945892334, -0.02332448959350586, -0.21047377586364746, -0.08066487312316895, -0.0995936393737793, -1.3088197708129883, 0.546360969543457, 0.24710392951965332], "action_grad": [[0.0, 0.0, 0.0], [0.0, 0.0, 0.0], [0.0, 0.0, 0.0], [0.0, 0.0, 0.0], [0.0, 0.0, 0.0], [0.0, 0.0, 0.0], [0.0, 0.0, 0.0], [0.0, 0.0, 0.0], [0.0, 0.0, 0.0], [0.0, 0.0, 0.0], [0.0, 0.0, 0.0], [0.0, 0.0, 0.0], [0.0, 0.0, 0.0], [0.0, 0.0, 0.0], [0.0, 0.0, 0.0], [0.0, 0.0, 0.0]], "action_params_change": 0, "value_params_change": 0.2914327261492784}
{"iterations": 1, "type_itr": 0, "sub_iteration": 9, "sub_it_time": 2.34991717338562, "total_time": 23.7713041305542, "value_loss": 3.1663763523101807, "action_loss": -0.6256455779075623, "action_probs": [[0.02323413301196994, 2.5221938888505333e-06, 0.9766573232296233, 0.00010602156451810809], [0.5360325944476617, 1.086149197166157e-05, 0.4639471432175381, 9.400842828457204e-06], [0.09325851463695019, 0.8572342493823994, 0.004857450225936115, 0.04464978575471428], [0.8490796716030566, 0.002127334758959672, 0.14842113050141434, 0.00037186313656954083], [9.210832620148156e-05, 0.013617466344947907, 0.006626431702273331, 0.9796639936265774], [0.022505302822696655, 1.2105549350809398e-05, 0.9769570887122975, 0.0005255029156551776], [0.46424360122118463, 0.5177941482149401, 0.008491384259514194, 0.009470866304360955], [0.023069453140676963, 0.40688197598454023, 0.03058649862023303, 0.5394620722545498], [0.050309810710777135, 0.05054275673312236, 0.4485353053420452, 0.45061212721405536], [0.3003899399154171, 0.4915265104183023, 0.07893030250261898, 0.1291532471636615], [0.5463521201630028, 0.3533934435090814, 0.06087745920075049, 0.03937697712716529], [0.12306335845339986, 0.3864674473425278, 0.11845954272068147, 0.3720096514833909], [0.11836820225216634, 0.8591512149163296, 0.002722182422783901, 0.019758400408720095], [0.19867984538691402, 0.7982871471846988, 0.0006044306897011256, 0.0024285767386860056], [0.12305862271805845, 0.6172218869441046, 0.043173800143132254, 0.2165456901947048], [0.07008273478801492, 0.27221829992488217, 0.13465732638882721, 0.5230416388982755]], "state_values": [-1.0343507899996518, 3.575143582143856, 2.6968658229664784, 4.83682944171133, -0.02509809993795266, 0.8768285903735078, 3.363916397337041, -1.7702663037431072, -1.70528036974609, -1.3698561572458032, -0.07124750041802544, 0.748253797965389, 2.023196803827057, 3.141989350019026, -0.8021136995964395, 0.08307295974881453], "value_grad": [0.013859987258911133, 0.5375699996948242, 0.4483511447906494, -0.11412692070007324, 0.3371543884277344, 0.28717970848083496, 0.9763376712799072, 0.14806437492370605, -0.635857343673706, 0.027918100357055664, -0.5115530490875244, -0.15681672096252441, -0.3289175033569336, -1.0959696769714355, 0.8187696933746338, 0.18006157875061035], "action_grad": [[0.0, 0.0, 0.0], [0.0, 0.0, 0.0], [0.0, 0.0, 0.0], [0.0, 0.0, 0.0], [0.0, 0.0, 0.0], [0.0, 0.0, 0.0], [0.0, 0.0, 0.0], [0.0, 0.0, 0.0], [0.0, 0.0, 0.0], [0.0, 0.0, 0.0], [0.0, 0.0, 0.0], [0.0, 0.0, 0.0], [0.0, 0.0, 0.0], [0.0, 0.0, 0.0], [0.0, 0.0, 0.0], [0.0, 0.0, 0.0]], "action_params_change": 0, "value_params_change": 0.26734680251322507}
{"iterations": 1, "type_itr": 0, "sub_iteration": 10, "sub_it_time": 2.3329036235809326, "total_time": 26.105925798416138, "value_loss": 3.0002148151397705, "action_loss": -0.6143988966941833, "action_probs": [[0.02323413301196994, 2.5221938888505333e-06, 0.9766573232296233, 0.00010602156451810809], [0.5360325944476617, 1.086149197166157e-05, 0.4639471432175381, 9.400842828457204e-06], [0.09325851463695019, 0.8572342493823994, 0.004857450225936115, 0.04464978575471428], [0.8490796716030566, 0.002127334758959672, 0.14842113050141434, 0.00037186313656954083], [9.210832620148156e-05, 0.013617466344947907, 0.006626431702273331, 0.9796639936265774], [0.022505302822696655, 1.2105549350809398e-05, 0.9769570887122975, 0.0005255029156551776], [0.46424360122118463, 0.5177941482149401, 0.008491384259514194, 0.009470866304360955], [0.023069453140676963, 0.40688197598454023, 0.03058649862023303, 0.5394620722545498], [0.050309810710777135, 0.05054275673312236, 0.4485353053420452, 0.45061212721405536], [0.3003899399154171, 0.4915265104183023, 0.07893030250261898, 0.1291532471636615], [0.5463521201630028, 0.3533934435090814, 0.06087745920075049, 0.03937697712716529], [0.12306335845339986, 0.3864674473425278, 0.11845954272068147, 0.3720096514833909], [0.11836820225216634, 0.8591512149163296, 0.002722182422783901, 0.019758400408720095], [0.19867984538691402, 0.7982871471846988, 0.0006044306897011256, 0.0024285767386860056], [0.12305862271805845, 0.6172218869441046, 0.043173800143132254, 0.2165456901947048], [0.07008273478801492, 0.27221829992488217, 0.13465732638882721, 0.5230416388982755]], "state_values": [-1.5551231307086664, 3.5229122844296747, 3.221327525039519, 4.814154071785898, -0.4254858278346942, 1.1029803683048844, 3.234621292599982, -1.6233921376993232, -1.5793014462000998, -1.2700490770994775, 0.02257677417493147, 0.4753152155352114, 1.8490017685710713, 2.922214623735506, -0.43529249024337574, 0.4159513928279213], "value_grad": [-0.04312443733215332, 0.6318974494934082, 0.3831298351287842, 0.0149688720703125, 0.2049694061279297, -0.1287400722503662, 1.0208487510681152, 0.16255784034729004, -0.45104384422302246, -0.1486186981201172, -0.3426194190979004, -0.09769320487976074, -0.3211555480957031, -1.1832876205444336, 0.7553696632385254, -0.09155535697937012], "action_grad": [[0.0, 0.0, 0.0], [0.0, 0.0, 0.0], [0.0, 0.0, 0.0], [0.0, 0.0, 0.0], [0.0, 0.0, 0.0], [0.0, 0.0, 0.0], [0.0, 0.0, 0.0], [0.0, 0.0, 0.0], [0.0, 0.0, 0.0], [0.0, 0.0, 0.0], [0.0, 0.0, 0.0], [0.0, 0.0, 0.0], [0.0, 0.0, 0.0], [0.0, 0.0, 0.0], [0.0, 0.0, 0.0], [0.0, 0.0, 0.0]], "action_params_change": 0, "value_params_change": 0.26073998130759635}
{"iterations": 1, "type_itr": 0, "sub_iteration": 11, "sub_it_time": 2.332791328430176, "total_time": 28.44049620628357, "value_loss": 2.703056573867798, "action_loss": -0.6129191517829895, "action_probs": [[0.02323413301196994, 2.5221938888505333e-06, 0.9766573232296233, 0.00010602156451810809], [0.5360325944476617, 1.086149197166157e-05, 0.4639471432175381, 9.400842828457204e-06], [0.09325851463695019, 0.8572342493823994, 0.004857450225936115, 0.04464978575471428], [0.8490796716030566, 0.002127334758959672, 0.14842113050141434, 0.00037186313656954083], [9.210832620148156e-05, 0.013617466344947907, 0.006626431702273331, 0.9796639936265774], [0.022505302822696655, 1.2105549350809398e-05, 0.9769570887122975, 0.0005255029156551776], [0.46424360122118463, 0.5177941482149401, 0.008491384259514194, 0.009470866304360955], [0.023069453140676963, 0.40688197598454023, 0.03058649862023303, 0.5394620722545498], [0.050309810710777135, 0.05054275673312236, 0.4485353053420452, 0.45061212721405536], [0.3003899399154171, 0.4915265104183023, 0.07893030250261898, 0.1291532471636615], [0.5463521201630028, 0.3533934435090814, 0.06087745920075049, 0.03937697712716529], [0.12306335845339986, 0.3864674473425278, 0.11845954272068147, 0.3720096514833909], [0.11836820225216634, 0.8591512149163296, 0.002722182422783901, 0.019758400408720095], [0.19867984538691402, 0.7982871471846988, 0.0006044306897011256, 0.0024285767386860056], [0.12305862271805845, 0.6172218869441046, 0.043173800143132254, 0.2165456901947048], [0.07008273478801492, 0.27221829992488217, 0.13465732638882721, 0.5230416388982755]], "state_values": [-1.8924068415815474, 3.3818874917554878, 3.6597088061842875, 4.745666234532792, -0.7152277928766612, 1.0671515269998997, 3.02279456862518, -1.4072337948638356, -1.2633813324057028, -1.1753184141920892, 0.212639842328884, -0.02528674791407766, 1.526086221716021, 2.6073065483273448, 0.04006985845550606, 0.46062789124802667], "value_grad": [-0.09016966819763184, 0.6197400093078613, 0.04799485206604004, 0.08803105354309082, -0.07472515106201172, -0.26979494094848633, 0.8541321754455566, 0.07294321060180664, -0.5746755599975586, -0.003167867660522461, -0.27700185775756836, -0.20108890533447266, -0.3240468502044678, -0.9906730651855469, 0.5066032409667969, -0.18631792068481445], "action_grad": [[0.0, 0.0, 0.0], [0.0, 0.0, 0.0], [0.0, 0.0, 0.0], [0.0, 0.0, 0.0], [0.0, 0.0, 0.0], [0.0, 0.0, 0.0], [0.0, 0.0, 0.0], [0.0, 0.0, 0.0], [0.0, 0.0, 0.0], [0.0, 0.0, 0.0], [0.0, 0.0, 0.0], [0.0, 0.0, 0.0], [0.0, 0.0, 0.0], [0.0, 0.0, 0.0], [0.0, 0.0, 0.0], [0.0, 0.0, 0.0]], "action_params_change": 0, "value_params_change": 0.24220977141323963}
{"iterations": 1, "type_itr": 0, "sub_iteration": 12, "sub_it_time": 2.330840826034546, "total_time": 30.77309513092041, "value_loss": 2.0672390460968018, "action_loss": -0.5887938141822815, "action_probs": [[0.02323413301196994, 2.5221938888505333e-06, 0.9766573232296233, 0.00010602156451810809], [0.5360325944476617, 1.086149197166157e-05, 0.4639471432175381, 9.400842828457204e-06], [0.09325851463695019, 0.8572342493823994, 0.004857450225936115, 0.04464978575471428], [0.8490796716030566, 0.002127334758959672, 0.14842113050141434, 0.00037186313656954083], [9.210832620148156e-05, 0.013617466344947907, 0.006626431702273331, 0.9796639936265774], [0.022505302822696655, 1.2105549350809398e-05, 0.9769570887122975, 0.0005255029156551776], [0.46424360122118463, 0.5177941482149401, 0.008491384259514194, 0.009470866304360955], [0.023069453140676963, 0.40688197598454023, 0.03058649862023303, 0.5394620722545498], [0.050309810710777135, 0.05054275673312236, 0.4485353053420452, 0.45061212721405536], [0.3003899399154171, 0.4915265104183023, 0.07893030250261898, 0.1291532471636615], [0.5463521201630028, 0.3533934435090814, 0.06087745920075049, 0.03937697712716529], [0.12306335845339986, 0.3864674473425278, 0.11845954272068147, 0.3720096514833909], [0.11836820225216634, 0.8591512149163296, 0.002722182422783901, 0.019758400408720095], [0.19867984538691402, 0.7982871471846988, 0.0006044306897011256, 0.0024285767386860056], [0.12305862271805845, 0.6172218869441046, 0.043173800143132254, 0.2165456901947048], [0.07008273478801492, 0.27221829992488217, 0.13465732638882721, 0.5230416388982755]], "state_values": [-2.0514551817692532, 3.1690638216104188, 4.030322895877285, 4.739828752539965, -0.805859826914626, 0.785969715206945, 2.7455737216578995, -1.0677763981559565, -0.840355653417954, -0.774018182466289, 0.4727169080769155, -0.6194475315600539, 1.0510158938008114, 2.1969962434184858, 0.5912587734911764, 0.43597684252955726], "value_grad": [-0.11278057098388672, 0.5273531675338745, 0.08913946151733398, -0.10596966743469238, -0.1880207061767578, -0.33355069160461426, 0.7048008441925049, 0.1306009292602539, -0.3918027877807617, -0.2750222682952881, -0.23847103118896484, -0.11773085594177246, -0.3790113925933838, -1.0158984661102295, 0.45076680183410645, -0.05243039131164551], "action_grad": [[0.0, 0.0, 0.0], [0.0, 0.0, 0.0], [0.0, 0.0, 0.0], [0.0, 0.0, 0.0], [0.0, 0.0, 0.0], [0.0, 0.0, 0.0], [0.0, 0.0, 0.0], [0.0, 0.0, 0.0], [0.0, 0.0, 0.0], [0.0, 0.0, 0.0], [0.0, 0.0, 0.0], [0.0, 0.0, 0.0], [0.0, 0.0, 0.0], [0.0, 0.0, 0.0], [0.0, 0.0, 0.0], [0.0, 0.0, 0.0]], "action_params_change": 0, "value_params_change": 0.2383025325362107}
{"iterations": 1, "type_itr": 0, "sub_iteration": 13, "sub_it_time": 2.32576584815979, "total_time": 33.100665807724, "value_loss": 1.5108191967010498, "action_loss": -0.5969146490097046, "action_probs": [[0.02323413301196994, 2.5221938888505333e-06, 0.9766573232296233, 0.00010602156451810809], [0.5360325944476617, 1.086149197166157e-05, 0.4639471432175381, 9.400842828457204e-06], [0.09325851463695019, 0.8572342493823994, 0.004857450225936115, 0.04464978575471428], [0.8490796716030566, 0.002127334758959672, 0.14842113050141434, 0.00037186313656954083], [9.210832620148156e-05, 0.013617466344947907, 0.006626431702273331, 0.9796639936265774], [0.022505302822696655, 1.2105549350809398e-05, 0.9769570887122975, 0.0005255029156551776], [0.46424360122118463, 0.5177941482149401, 0.008491384259514194, 0.009470866304360955], [0.023069453140676963, 0.40688197598454023, 0.03058649862023303, 0.5394620722545498], [0.050309810710777135, 0.05054275673312236, 0.4485353053420452, 0.45061212721405536], [0.3003899399154171, 0.4915265104183023, 0.07893030250261898, 0.1291532471636615], [0.5463521201630028, 0.3533934435090814, 0.06087745920075049, 0.03937697712716529], [0.12306335845339986, 0.3864674473425278, 0.11845954272068147, 0.3720096514833909], [0.11836820225216634, 0.8591512149163296, 0.002722182422783901, 0.019758400408720095], [0.19867984538691402, 0.7982871471846988, 0.0006044306897011256, 0.0024285767386860056], [0.12305862271805845, 0.6172218869441046, 0.043173800143132254, 0.2165456901947048], [0.07008273478801492, 0.27221829992488217, 0.13465732638882721, 0.5230416388982755]], "state_values": [-2.09399880440495, 2.8725061649120365, 4.302595023267629, 4.807178938826812, -0.7337955633929868, 0.335071802583517, 2.4199139592679404, -0.5580600379894253, -0.3235369991260484, -0.4038499085336656, 0.8074135473783194, -1.181873557279377, 0.5447839995688875, 1.7055357954945751, 1.144803588399983, 0.2722081899543054], "value_grad": [-0.08624887466430664, 0.6067907810211182, -0.0742499828338623, -0.15277695655822754, -0.18338775634765625, -0.29319846630096436, 0.5511525869369507, 0.20397937297821045, -0.38962435722351074, -0.0025343894958496094, -0.2791402339935303, -0.02554190158843994, -0.13638246059417725, -0.9074338674545288, 0.22263109683990479, -0.11788904666900635], "action_grad": [[0.0, 0.0, 0.0], [0.0, 0.0, 0.0], [0.0, 0.0, 0.0], [0.0, 0.0, 0.0], [0.0, 0.0, 0.0], [0.0, 0.0, 0.0], [0.0, 0.0, 0.0], [0.0, 0.0, 0.0], [0.0, 0.0, 0.0], [0.0, 0.0, 0.0], [0.0, 0.0, 0.0], [0.0, 0.0, 0.0], [0.0, 0.0, 0.0], [0.0, 0.0, 0.0], [0.0, 0.0, 0.0], [0.0, 0.0, 0.0]], "action_params_change": 0, "value_params_change": 0.22884898395988085}
