{"iterations": 0, "type_itr": 0, "sub_iteration": 0, "sub_it_time": 0, "total_time": 0, "value_loss": 0, "action_loss": 0, "action_probs": [[0.17188408887930937, 0.6370232096723671, 0.04060514095835249, 0.1504875604899709], [0.03207534302354694, 0.6477567291504533, 0.015105930612124344, 0.3050619972138753], [0.170586085883054, 0.018304432768746687, 0.7325089296879026, 0.07860055166029677], [2.890374451767918e-06, 0.00012558591167004157, 0.02249444776488025, 0.9773770759489978], [0.21898551325645746, 0.2698229199689176, 0.2290131266432141, 0.2821784401314108], [0.9264670842874237, 0.004819169466668053, 0.06835817008818669, 0.0003555761577214217], [0.9839778435319619, 0.01602166181494522, 4.867279244060717e-07, 7.925168490311641e-09], [0.6098513786668749, 0.2087696219598393, 0.1351226425224046, 0.04625635685088133], [0.5327227687552253, 0.00859068432111947, 0.45140715768148587, 0.007279389242169327], [0.7937253323815643, 4.571041430189318e-05, 0.2062170812215562, 1.1875982577601591e-05], [0.10291670510018758, 0.01227740809145141, 0.7905031255553381, 0.09430276125302275], [0.031073428457792502, 0.0010089185171539877, 0.9374787937988315, 0.030438859226221984], [0.09089849189740762, 0.009869574388565405, 0.8111580350130502, 0.0880738987009768], [0.3682542702103345, 0.6196181995773478, 0.004520841428803775, 0.007606688783513983], [0.3881742052645025, 0.1439040450113323, 0.34136925016384656, 0.1265524995603185], [0.01394094614839407, 0.45303989236074765, 0.01591241184569664, 0.5171067496451616]], "state_values": [-4.661354650600152, 4.497521272206777, -4.9331107730870905, -4.921208469304707, 2.7563344569791735, 4.999713791899314, -2.0676605758121287, -4.402786786402837, 0.9722887871117656, -4.716990507280672, -0.2042523027828243, 4.032601313086084, 4.439432152922128, 4.004702450549331, 1.833541486095442, -3.9806872320934263], "value_grad": [0.0, 0.0, 0.0, 0.0, 0.0, 0.0, 0.0, 0.0, 0.0, 0.0, 0.0, 0.0, 0.0, 0.0, 0.0, 0.0], "action_grad": [[0.0, 0.0, 0.0], [0.0, 0.0, 0.0], [0.0, 0.0, 0.0], [0.0, 0.0, 0.0], [0.0, 0.0, 0.0], [0.0, 0.0, 0.0], [0.0, 0.0, 0.0], [0.0, 0.0, 0.0], [0.0, 0.0, 0.0], [0.0, 0.0, 0.0], [0.0, 0.0, 0.0], [0.0, 0.0, 0.0], [0.0, 0.0, 0.0], [0.0, 0.0, 0.0], [0.0, 0.0, 0.0], [0.0, 0.0, 0.0]], "action_params_change": 0, "value_params_change": 0}
{"iterations": 1, "type_itr": 0, "sub_iteration": 0, "sub_it_time": 0.29082632064819336, "total_time": 0.29220032691955566, "value_loss": 12.315995216369629, "action_loss": 0.7423061728477478, "action_probs": [[0.17188408887930937, 0.6370232096723671, 0.04060514095835249, 0.1504875604899709], [0.03207534302354694, 0.6477567291504533, 0.015105930612124344, 0.3050619972138753], [0.170586085883054, 0.018304432768746687, 0.7325089296879026, 0.07860055166029677], [2.890374451767918e-06, 0.00012558591167004157, 0.02249444776488025, 0.9773770759489978], [0.21898551325645746, 0.2698229199689176, 0.2290131266432141, 0.2821784401314108], [0.9264670842874237, 0.004819169466668053, 0.06835817008818669, 0.0003555761577214217], [0.9839778435319619, 0.01602166181494522, 4.867279244060717e-07, 7.925168490311641e-09], [0.6098513786668749, 0.2087696219598393, 0.1351226425224046, 0.04625635685088133], [0.5327227687552253, 0.00859068432111947, 0.45140715768148587, 0.007279389242169327], [0.7937253323815643, 4.571041430189318e-05, 0.2062170812215562, 1.1875982577601591e-05], [0.10291670510018758, 0.01227740809145141, 0.7905031255553381, 0.09430276125302275], [0.031073428457792502, 0.0010089185171539877, 0.9374787937988315, 0.030438859226221984], [0.09089849189740762, 0.009869574388565405, 0.8111580350130502, 0.0880738987009768], [0.3682542702103345, 0.6196181995773478, 0.004520841428803775, 0.007606688783513983], [0.3881742052645025, 0.1439040450113323, 0.34136925016384656, 0.1265524995603185], [0.01394094614839407, 0.45303989236074765, 0.01591241184569664, 0.5171067496451616]], "state_values": [-4.963949704546848, 3.8172354403192434, -4.981415853273128, -4.549479796940103, 1.6385652697918165, 4.831049331923779, -3.12967524569294, -3.679642193180043, -0.27134344212966977, -4.980623783937547, 1.0380820542640947, 3.1759034441066047, 3.732314355289486, 3.1395478260791694, 0.6256971213786999, -3.1083970689422524], "value_grad": [0.028908729553222656, -1.2042369842529297, 0.07801246643066406, -0.17226028442382812, 0.7001276016235352, -0.049103736877441406, 0.028115272521972656, -0.17621898651123047, -0.1837444305419922, 0.20948410034179688, -0.004752159118652344, -0.44233131408691406, -0.1334524154663086, -1.0105924606323242, 0.731410026550293, 0.4403505325317383], "action_grad": [[0.0, 0.0, 0.0], [0.0, 0.0, 0.0], [0.0, 0.0, 0.0], [0.0, 0.0, 0.0], [0.0, 0.0, 0.0], [0.0, 0.0, 0.0], [0.0, 0.0, 0.0], [0.0, 0.0, 0.0], [0.0, 0.0, 0.0], [0.0, 0.0, 0.0], [0.0, 0.0, 0.0], [0.0, 0.0, 0.0], [0.0, 0.0, 0.0], [0.0, 0.0, 0.0], [0.0, 0.0, 0.0], [0.0, 0.0, 0.0]], "action_params_change": 0, "value_params_change": 0.4999999958479934}
{"iterations": 1, "type_itr": 0, "sub_iteration": 1, "sub_it_time": 0.2892444133758545, "total_time": 0.5831646919250488, "value_loss": 11.592901229858398, "action_loss": 1.004477620124817, "action_probs": [[0.17188408887930937, 0.6370232096723671, 0.04060514095835249, 0.1504875604899709], [0.03207534302354694, 0.6477567291504533, 0.015105930612124344, 0.3050619972138753], [0.170586085883054, 0.018304432768746687, 0.7325089296879026, 0.07860055166029677], [2.890374451767918e-06, 0.00012558591167004157, 0.02249444776488025, 0.9773770759489978], [0.21898551325645746, 0.2698229199689176, 0.2290131266432141, 0.2821784401314108], [0.9264670842874237, 0.004819169466668053, 0.06835817008818669, 0.0003555761577214217], [0.9839778435319619, 0.01602166181494522, 4.867279244060717e-07, 7.925168490311641e-09], [0.6098513786668749, 0.2087696219598393, 0.1351226425224046, 0.04625635685088133], [0.5327227687552253, 0.00859068432111947, 0.45140715768148587, 0.007279389242169327], [0.7937253323815643, 4.571041430189318e-05, 0.2062170812215562, 1.1875982577601591e-05], [0.10291670510018758, 0.01227740809145141, 0.7905031255553381, 0.09430276125302275], [0.031073428457792502, 0.0010089185171539877, 0.9374787937988315, 0.030438859226221984], [0.09089849189740762, 0.009869574388565405, 0.8111580350130502, 0.0880738987009768], [0.3682542702103345, 0.6196181995773478, 0.004520841428803775, 0.007606688783513983], [0.3881742052645025, 0.1439040450113323, 0.34136925016384656, 0.1265524995603185], [0.01394094614839407, 0.45303989236074765, 0.01591241184569664, 0.5171067496451616]], "state_values": [-4.984930389080325, 2.9010302919494872, -4.78277828531033, -3.926092398760522, 0.41840076692421063, 4.479542670031058, -2.3946820724118236, -2.727188568531036, -1.4351369767955355, -4.934589717297676, 0.11966157737174955, 2.1682740340102913, 2.9082522758981995, 2.084746693428687, -0.3424956427468582, -2.0517118774313214], "value_grad": [-0.018215179443359375, -1.5542993545532227, 0.5005455017089844, -0.36154937744140625, 0.7124032974243164, -0.5741987228393555, -0.5290565490722656, -0.21265316009521484, -0.10216712951660156, 0.2585878372192383, 0.9599037170410156, -0.2680931091308594, -0.5171756744384766, -1.4109477996826172, 0.11325645446777344, 0.6462726593017578], "action_grad": [[0.0, 0.0, 0.0], [0.0, 0.0, 0.0], [0.0, 0.0, 0.0], [0.0, 0.0, 0.0], [0.0, 0.0, 0.0], [0.0, 0.0, 0.0], [0.0, 0.0, 0.0], [0.0, 0.0, 0.0], [0.0, 0.0, 0.0], [0.0, 0.0, 0.0], [0.0, 0.0, 0.0], [0.0, 0.0, 0.0], [0.0, 0.0, 0.0], [0.0, 0.0, 0.0], [0.0, 0.0, 0.0], [0.0, 0.0, 0.0]], "action_params_change": 0, "value_params_change": 0.5002513578613108}
{"iterations": 1, "type_itr": 0, "sub_iteration": 2, "sub_it_time": 0.292755126953125, "total_time": 0.877774715423584, "value_loss": 8.566272735595703, "action_loss": 1.1874688863754272, "action_probs": [[0.17188408887930937, 0.6370232096723671, 0.04060514095835249, 0.1504875604899709], [0.03207534302354694, 0.6477567291504533, 0.015105930612124344, 0.3050619972138753], [0.170586085883054, 0.018304432768746687, 0.7325089296879026, 0.07860055166029677], [2.890374451767918e-06, 0.00012558591167004157, 0.02249444776488025, 0.9773770759489978], [0.21898551325645746, 0.2698229199689176, 0.2290131266432141, 0.2821784401314108], [0.9264670842874237, 0.004819169466668053, 0.06835817008818669, 0.0003555761577214217], [0.9839778435319619, 0.01602166181494522, 4.867279244060717e-07, 7.925168490311641e-09], [0.6098513786668749, 0.2087696219598393, 0.1351226425224046, 0.04625635685088133], [0.5327227687552253, 0.00859068432111947, 0.45140715768148587, 0.007279389242169327], [0.7937253323815643, 4.571041430189318e-05, 0.2062170812215562, 1.1875982577601591e-05], [0.10291670510018758, 0.01227740809145141, 0.7905031255553381, 0.09430276125302275], [0.031073428457792502, 0.0010089185171539877, 0.9374787937988315, 0.030438859226221984], [0.09089849189740762, 0.009869574388565405, 0.8111580350130502, 0.0880738987009768], [0.3682542702103345, 0.6196181995773478, 0.004520841428803775, 0.007606688783513983], [0.3881742052645025, 0.1439040450113323, 0.34136925016384656, 0.1265524995603185], [0.01394094614839407, 0.45303989236074765, 0.01591241184569664, 0.5171067496451616]], "state_values": [-4.8705891616699155, 1.807323074221342, -4.331395593541492, -3.0770565794933757, -0.8097531169782162, 3.9114511649763197, -2.0183759790212363, -2.345236414708162, -1.0687951423571023, -4.820121342083863, -0.9397666865331544, 1.223838376854385, 1.9066808204090668, 0.9395260010407939, -0.4446791178294013, -0.871402673031426], "value_grad": [-0.1734476089477539, -2.0037593841552734, 0.45381641387939453, -0.22690773010253906, 0.5512332916259766, -1.1396870613098145, 0.16236019134521484, 0.1576089859008789, 0.4961881637573242, -0.1560230255126953, 1.3614482879638672, -0.05543994903564453, -0.3235311508178711, -0.7852678298950195, -0.5741996765136719, 0.8335800170898438], "action_grad": [[0.0, 0.0, 0.0], [0.0, 0.0, 0.0], [0.0, 0.0, 0.0], [0.0, 0.0, 0.0], [0.0, 0.0, 0.0], [0.0, 0.0, 0.0], [0.0, 0.0, 0.0], [0.0, 0.0, 0.0], [0.0, 0.0, 0.0], [0.0, 0.0, 0.0], [0.0, 0.0, 0.0], [0.0, 0.0, 0.0], [0.0, 0.0, 0.0], [0.0, 0.0, 0.0], [0.0, 0.0, 0.0], [0.0, 0.0, 0.0]], "action_params_change": 0, "value_params_change": 0.49828684785456345}
{"iterations": 1, "type_itr": 0, "sub_iteration": 3, "sub_it_time": 0.2915310859680176, "total_time": 1.1710476875305176, "value_loss": 5.896440029144287, "action_loss": 1.2587528228759766, "action_probs": [[0.17188408887930937, 0.6370232096723671, 0.04060514095835249, 0.1504875604899709], [0.03207534302354694, 0.6477567291504533, 0.015105930612124344, 0.3050619972138753], [0.170586085883054, 0.018304432768746687, 0.7325089296879026, 0.07860055166029677], [2.890374451767918e-06, 0.00012558591167004157, 0.02249444776488025, 0.9773770759489978], [0.21898551325645746, 0.2698229199689176, 0.2290131266432141, 0.2821784401314108], [0.9264670842874237, 0.004819169466668053, 0.06835817008818669, 0.0003555761577214217], [0.9839778435319619, 0.01602166181494522, 4.867279244060717e-07, 7.925168490311641e-09], [0.6098513786668749, 0.2087696219598393, 0.1351226425224046, 0.04625635685088133], [0.5327227687552253, 0.00859068432111947, 0.45140715768148587, 0.007279389242169327], [0.7937253323815643, 4.571041430189318e-05, 0.2062170812215562, 1.1875982577601591e-05], [0.10291670510018758, 0.01227740809145141, 0.7905031255553381, 0.09430276125302275], [0.031073428457792502, 0.0010089185171539877, 0.9374787937988315, 0.030438859226221984], [0.09089849189740762, 0.009869574388565405, 0.8111580350130502, 0.0880738987009768], [0.3682542702103345, 0.6196181995773478, 0.004520841428803775, 0.007606688783513983], [0.3881742052645025, 0.1439040450113323, 0.34136925016384656, 0.1265524995603185], [0.01394094614839407, 0.45303989236074765, 0.01591241184569664, 0.5171067496451616]], "state_values": [-4.56862112349119, 0.6173120623906048, -3.6441265205807896, -2.03169225629584, -1.985093485932552, 3.1257073897314847, -2.2267142361880676, -1.6092668508478656, -0.34405314877125914, -4.796013766767222, -1.8431370512754774, 0.4513421708447907, 0.7705931360883961, -0.25490629521077635, -0.35104149009459334, -0.06151305282740701], "value_grad": [-0.20077228546142578, -1.2858119010925293, 0.8046717643737793, -0.3219480514526367, 0.5722203254699707, -1.518660068511963, 0.497772216796875, -0.4474797248840332, 0.5381636619567871, -0.17265605926513672, 0.17146778106689453, 0.027719497680664062, -0.5856847763061523, -0.8719916343688965, -0.2328476905822754, -0.27719926834106445], "action_grad": [[0.0, 0.0, 0.0], [0.0, 0.0, 0.0], [0.0, 0.0, 0.0], [0.0, 0.0, 0.0], [0.0, 0.0, 0.0], [0.0, 0.0, 0.0], [0.0, 0.0, 0.0], [0.0, 0.0, 0.0], [0.0, 0.0, 0.0], [0.0, 0.0, 0.0], [0.0, 0.0, 0.0], [0.0, 0.0, 0.0], [0.0, 0.0, 0.0], [0.0, 0.0, 0.0], [0.0, 0.0, 0.0], [0.0, 0.0, 0.0]], "action_params_change": 0, "value_params_change": 0.49212000337333794}
{"iterations": 1, "type_itr": 0, "sub_iteration": 4, "sub_it_time": 0.2900526523590088, "total_time": 1.462813377380371, "value_loss": 4.144932270050049, "action_loss": 1.3016029596328735, "action_probs": [[0.17188408887930937, 0.6370232096723671, 0.04060514095835249, 0.1504875604899709], [0.03207534302354694, 0.6477567291504533, 0.015105930612124344, 0.3050619972138753], [0.170586085883054, 0.018304432768746687, 0.7325089296879026, 0.07860055166029677], [2.890374451767918e-06, 0.00012558591167004157, 0.02249444776488025, 0.9773770759489978], [0.21898551325645746, 0.2698229199689176, 0.2290131266432141, 0.2821784401314108], [0.9264670842874237, 0.004819169466668053, 0.06835817008818669, 0.0003555761577214217], [0.9839778435319619, 0.01602166181494522, 4.867279244060717e-07, 7.925168490311641e-09], [0.6098513786668749, 0.2087696219598393, 0.1351226425224046, 0.04625635685088133], [0.5327227687552253, 0.00859068432111947, 0.45140715768148587, 0.007279389242169327], [0.7937253323815643, 4.571041430189318e-05, 0.2062170812215562, 1.1875982577601591e-05], [0.10291670510018758, 0.01227740809145141, 0.7905031255553381, 0.09430276125302275], [0.031073428457792502, 0.0010089185171539877, 0.9374787937988315, 0.030438859226221984], [0.09089849189740762, 0.009869574388565405, 0.8111580350130502, 0.0880738987009768], [0.3682542702103345, 0.6196181995773478, 0.004520841428803775, 0.007606688783513983], [0.3881742052645025, 0.1439040450113323, 0.34136925016384656, 0.1265524995603185], [0.01394094614839407, 0.45303989236074765, 0.01591241184569664, 0.5171067496451616]], "state_values": [-4.0535055915697145, -0.5756488460909446, -2.7396092456855023, -1.040771285197074, -2.722140613746684, 2.145082003878395, -2.087480972072915, -1.0341621475792957, -0.16642762095559013, -4.847200548134518, -2.445930682075671, -0.4171085614669347, -0.3180782252385443, -1.4048994792159244, -0.39491397271317946, 0.21088256175230508], "value_grad": [-0.33461999893188477, -0.9626758098602295, 0.9266402721405029, -1.256904125213623, -0.3251156806945801, -1.692899465560913, -0.40392017364501953, 0.06256818771362305, -0.45935964584350586, -0.16909217834472656, -0.2902684211730957, -0.20908784866333008, -0.1322636604309082, -0.6371643543243408, 0.17542791366577148, -0.6494402885437012], "action_grad": [[0.0, 0.0, 0.0], [0.0, 0.0, 0.0], [0.0, 0.0, 0.0], [0.0, 0.0, 0.0], [0.0, 0.0, 0.0], [0.0, 0.0, 0.0], [0.0, 0.0, 0.0], [0.0, 0.0, 0.0], [0.0, 0.0, 0.0], [0.0, 0.0, 0.0], [0.0, 0.0, 0.0], [0.0, 0.0, 0.0], [0.0, 0.0, 0.0], [0.0, 0.0, 0.0], [0.0, 0.0, 0.0], [0.0, 0.0, 0.0]], "action_params_change": 0, "value_params_change": 0.47832775167496555}
{"iterations": 1, "type_itr": 0, "sub_iteration": 5, "sub_it_time": 0.29123449325561523, "total_time": 1.7557926177978516, "value_loss": 2.900304079055786, "action_loss": 1.3470427989959717, "action_probs": [[0.17188408887930937, 0.6370232096723671, 0.04060514095835249, 0.1504875604899709], [0.03207534302354694, 0.6477567291504533, 0.015105930612124344, 0.3050619972138753], [0.170586085883054, 0.018304432768746687, 0.7325089296879026, 0.07860055166029677], [2.890374451767918e-06, 0.00012558591167004157, 0.02249444776488025, 0.9773770759489978], [0.21898551325645746, 0.2698229199689176, 0.2290131266432141, 0.2821784401314108], [0.9264670842874237, 0.004819169466668053, 0.06835817008818669, 0.0003555761577214217], [0.9839778435319619, 0.01602166181494522, 4.867279244060717e-07, 7.925168490311641e-09], [0.6098513786668749, 0.2087696219598393, 0.1351226425224046, 0.04625635685088133], [0.5327227687552253, 0.00859068432111947, 0.45140715768148587, 0.007279389242169327], [0.7937253323815643, 4.571041430189318e-05, 0.2062170812215562, 1.1875982577601591e-05], [0.10291670510018758, 0.01227740809145141, 0.7905031255553381, 0.09430276125302275], [0.031073428457792502, 0.0010089185171539877, 0.9374787937988315, 0.030438859226221984], [0.09089849189740762, 0.009869574388565405, 0.8111580350130502, 0.0880738987009768], [0.3682542702103345, 0.6196181995773478, 0.004520841428803775, 0.007606688783513983], [0.3881742052645025, 0.1439040450113323, 0.34136925016384656, 0.1265524995603185], [0.01394094614839407, 0.45303989236074765, 0.01591241184569664, 0.5171067496451616]], "state_values": [-3.349654808749523, -1.6923220818319926, -1.7405573398449432, 0.05811960594774081, -2.84424019863028, 1.0162874451783876, -1.9731861240471464, -0.2932654678421259, -0.1796745575713898, -4.898046622181042, -2.821429634788118, -1.2779131561339978, -1.257006590359315, -2.428952021060136, -0.62485253837032, 0.36219028368106043], "value_grad": [-0.14770793914794922, -0.7325997352600098, 0.2585883140563965, -0.8137800693511963, -1.0715761184692383, -1.6857717037200928, 0.010295867919921875, -0.26888418197631836, -0.22730350494384766, -0.0415797233581543, -0.32669997215270996, -0.12632393836975098, -0.015047788619995117, -0.41817617416381836, 0.3065037727355957, -0.16869640350341797], "action_grad": [[0.0, 0.0, 0.0], [0.0, 0.0, 0.0], [0.0, 0.0, 0.0], [0.0, 0.0, 0.0], [0.0, 0.0, 0.0], [0.0, 0.0, 0.0], [0.0, 0.0, 0.0], [0.0, 0.0, 0.0], [0.0, 0.0, 0.0], [0.0, 0.0, 0.0], [0.0, 0.0, 0.0], [0.0, 0.0, 0.0], [0.0, 0.0, 0.0], [0.0, 0.0, 0.0], [0.0, 0.0, 0.0], [0.0, 0.0, 0.0]], "action_params_change": 0, "value_params_change": 0.4774397579371099}
{"iterations": 1, "type_itr": 0, "sub_iteration": 6, "sub_it_time": 0.30672478675842285, "total_time": 2.06421160697937, "value_loss": 2.257596015930176, "action_loss": 1.3725064992904663, "action_probs": [[0.17188408887930937, 0.6370232096723671, 0.04060514095835249, 0.1504875604899709], [0.03207534302354694, 0.6477567291504533, 0.015105930612124344, 0.3050619972138753], [0.170586085883054, 0.018304432768746687, 0.7325089296879026, 0.07860055166029677], [2.890374451767918e-06, 0.00012558591167004157, 0.02249444776488025, 0.9773770759489978], [0.21898551325645746, 0.2698229199689176, 0.2290131266432141, 0.2821784401314108], [0.9264670842874237, 0.004819169466668053, 0.06835817008818669, 0.0003555761577214217], [0.9839778435319619, 0.01602166181494522, 4.867279244060717e-07, 7.925168490311641e-09], [0.6098513786668749, 0.2087696219598393, 0.1351226425224046, 0.04625635685088133], [0.5327227687552253, 0.00859068432111947, 0.45140715768148587, 0.007279389242169327], [0.7937253323815643, 4.571041430189318e-05, 0.2062170812215562, 1.1875982577601591e-05], [0.10291670510018758, 0.01227740809145141, 0.7905031255553381, 0.09430276125302275], [0.031073428457792502, 0.0010089185171539877, 0.9374787937988315, 0.030438859226221984], [0.09089849189740762, 0.009869574388565405, 0.8111580350130502, 0.0880738987009768], [0.3682542702103345, 0.6196181995773478, 0.004520841428803775, 0.007606688783513983], [0.3881742052645025, 0.1439040450113323, 0.34136925016384656, 0.1265524995603185], [0.01394094614839407, 0.45303989236074765, 0.01591241184569664, 0.5171067496451616]], "state_values": [-2.5760650364285795, -2.627251252420424, -0.8331071236534383, 1.1714470408182491, -2.734269943876835, -0.18964624778748873, -1.641773950188495, 0.4217980387668324, -0.4645726652647421, -4.919955268013938, -2.9617523382141764, -1.6810032585609458, -2.017572424442408, -3.169971873546433, -1.0669041309339957, 0.30286541215453083], "value_grad": [-0.03168034553527832, -0.19760417938232422, -0.0835561752319336, -0.5797438621520996, -0.7302240133285522, -1.4727240800857544, -0.3734278678894043, -0.06415200233459473, -0.44233226776123047, 0.057419776916503906, -0.5599439144134521, 0.26967597007751465, 0.03405594825744629, 0.24195599555969238, 0.4736161231994629, -0.4154040813446045], "action_grad": [[0.0, 0.0, 0.0], [0.0, 0.0, 0.0], [0.0, 0.0, 0.0], [0.0, 0.0, 0.0], [0.0, 0.0, 0.0], [0.0, 0.0, 0.0], [0.0, 0.0, 0.0], [0.0, 0.0, 0.0], [0.0, 0.0, 0.0], [0.0, 0.0, 0.0], [0.0, 0.0, 0.0], [0.0, 0.0, 0.0], [0.0, 0.0, 0.0], [0.0, 0.0, 0.0], [0.0, 0.0, 0.0], [0.0, 0.0, 0.0]], "action_params_change": 0, "value_params_change": 0.48524413288449475}
{"iterations": 1, "type_itr": 0, "sub_iteration": 7, "sub_it_time": 0.286449670791626, "total_time": 2.3524491786956787, "value_loss": 1.7879401445388794, "action_loss": 1.3287872076034546, "action_probs": [[0.17188408887930937, 0.6370232096723671, 0.04060514095835249, 0.1504875604899709], [0.03207534302354694, 0.6477567291504533, 0.015105930612124344, 0.3050619972138753], [0.170586085883054, 0.018304432768746687, 0.7325089296879026, 0.07860055166029677], [2.890374451767918e-06, 0.00012558591167004157, 0.02249444776488025, 0.9773770759489978], [0.21898551325645746, 0.2698229199689176, 0.2290131266432141, 0.2821784401314108], [0.9264670842874237, 0.004819169466668053, 0.06835817008818669, 0.0003555761577214217], [0.9839778435319619, 0.01602166181494522, 4.867279244060717e-07, 7.925168490311641e-09], [0.6098513786668749, 0.2087696219598393, 0.1351226425224046, 0.04625635685088133], [0.5327227687552253, 0.00859068432111947, 0.45140715768148587, 0.007279389242169327], [0.7937253323815643, 4.571041430189318e-05, 0.2062170812215562, 1.1875982577601591e-05], [0.10291670510018758, 0.01227740809145141, 0.7905031255553381, 0.09430276125302275], [0.031073428457792502, 0.0010089185171539877, 0.9374787937988315, 0.030438859226221984], [0.09089849189740762, 0.009869574388565405, 0.8111580350130502, 0.0880738987009768], [0.3682542702103345, 0.6196181995773478, 0.004520841428803775, 0.007606688783513983], [0.3881742052645025, 0.1439040450113323, 0.34136925016384656, 0.1265524995603185], [0.01394094614839407, 0.45303989236074765, 0.01591241184569664, 0.5171067496451616]], "state_values": [-1.6251179377506992, -3.3684700054124765, -0.10391391647423752, 2.2556132711744503, -2.4739149647142766, -1.3840418684428768, -1.2862141625194035, 1.1313946353978226, -1.0204445981278816, -4.916587906546783, -2.9270084222433472, -1.6432895113993848, -2.67135906547013, -3.6768921924496314, -1.4810010266002909, 0.15418315647350653], "value_grad": [-0.35996413230895996, -0.07128000259399414, -0.2043360471725464, -0.7583400011062622, -0.608651876449585, -1.1777039766311646, -0.08989214897155762, -0.09622812271118164, -0.7155719995498657, 0.08672404289245605, -0.5761802196502686, 0.43005597591400146, -0.044352173805236816, 0.3124440908432007, 0.060983896255493164, -0.2241361141204834], "action_grad": [[0.0, 0.0, 0.0], [0.0, 0.0, 0.0], [0.0, 0.0, 0.0], [0.0, 0.0, 0.0], [0.0, 0.0, 0.0], [0.0, 0.0, 0.0], [0.0, 0.0, 0.0], [0.0, 0.0, 0.0], [0.0, 0.0, 0.0], [0.0, 0.0, 0.0], [0.0, 0.0, 0.0], [0.0, 0.0, 0.0], [0.0, 0.0, 0.0], [0.0, 0.0, 0.0], [0.0, 0.0, 0.0], [0.0, 0.0, 0.0]], "action_params_change": 0, "value_params_change": 0.48506550579893215}
{"iterations": 1, "type_itr": 0, "sub_iteration": 8, "sub_it_time": 0.2909531593322754, "total_time": 2.6451778411865234, "value_loss": 1.5210360288619995, "action_loss": 1.2448800802230835, "action_probs": [[0.17188408887930937, 0.6370232096723671, 0.04060514095835249, 0.1504875604899709], [0.03207534302354694, 0.6477567291504533, 0.015105930612124344, 0.3050619972138753], [0.170586085883054, 0.018304432768746687, 0.7325089296879026, 0.07860055166029677], [2.890374451767918e-06, 0.00012558591167004157, 0.02249444776488025, 0.9773770759489978], [0.21898551325645746, 0.2698229199689176, 0.2290131266432141, 0.2821784401314108], [0.9264670842874237, 0.004819169466668053, 0.06835817008818669, 0.0003555761577214217], [0.9839778435319619, 0.01602166181494522, 4.867279244060717e-07, 7.925168490311641e-09], [0.6098513786668749, 0.2087696219598393, 0.1351226425224046, 0.04625635685088133], [0.5327227687552253, 0.00859068432111947, 0.45140715768148587, 0.007279389242169327], [0.7937253323815643, 4.571041430189318e-05, 0.2062170812215562, 1.1875982577601591e-05], [0.10291670510018758, 0.01227740809145141, 0.7905031255553381, 0.09430276125302275], [0.031073428457792502, 0.0010089185171539877, 0.9374787937988315, 0.030438859226221984], [0.09089849189740762, 0.009869574388565405, 0.8111580350130502, 0.0880738987009768], [0.3682542702103345, 0.6196181995773478, 0.004520841428803775, 0.007606688783513983], [0.3881742052645025, 0.1439040450113323, 0.34136925016384656, 0.1265524995603185], [0.01394094614839407, 0.45303989236074765, 0.01591241184569664, 0.5171067496451616]], "state_values": [-0.9291974496826597, -3.7782037025968838, 0.3700342881732224, 3.1794656657553855, -2.1792158567742606, -2.4539783044255934, -0.7925248921353535, 1.5270073677286566, -1.687871433271724, -4.8533416796695805, -2.75638559862279, -1.2705213410775777, -3.173981513584438, -4.088591670879182, -1.9997945776507453, 0.1286842854118176], "value_grad": [0.17186403274536133, 1.1159281730651855, -0.3781799077987671, -0.2736361026763916, -0.20354366302490234, -0.6074638366699219, -0.306107759475708, 0.20948398113250732, -0.5108399391174316, 0.23839223384857178, -0.5540038347244263, 0.5611323118209839, 0.051876187324523926, -0.14057981967926025, 0.37619996070861816, 0.24868810176849365], "action_grad": [[0.0, 0.0, 0.0], [0.0, 0.0, 0.0], [0.0, 0.0, 0.0], [0.0, 0.0, 0.0], [0.0, 0.0, 0.0], [0.0, 0.0, 0.0], [0.0, 0.0, 0.0], [0.0, 0.0, 0.0], [0.0, 0.0, 0.0], [0.0, 0.0, 0.0], [0.0, 0.0, 0.0], [0.0, 0.0, 0.0], [0.0, 0.0, 0.0], [0.0, 0.0, 0.0], [0.0, 0.0, 0.0], [0.0, 0.0, 0.0]], "action_params_change": 0, "value_params_change": 0.46506326062381653}
{"iterations": 1, "type_itr": 0, "sub_iteration": 9, "sub_it_time": 0.2894930839538574, "total_time": 2.9363601207733154, "value_loss": 1.8782280683517456, "action_loss": 1.1540364027023315, "action_probs": [[0.17188408887930937, 0.6370232096723671, 0.04060514095835249, 0.1504875604899709], [0.03207534302354694, 0.6477567291504533, 0.015105930612124344, 0.3050619972138753], [0.170586085883054, 0.018304432768746687, 0.7325089296879026, 0.07860055166029677], [2.890374451767918e-06, 0.00012558591167004157, 0.02249444776488025, 0.9773770759489978], [0.21898551325645746, 0.2698229199689176, 0.2290131266432141, 0.2821784401314108], [0.9264670842874237, 0.004819169466668053, 0.06835817008818669, 0.0003555761577214217], [0.9839778435319619, 0.01602166181494522, 4.867279244060717e-07, 7.925168490311641e-09], [0.6098513786668749, 0.2087696219598393, 0.1351226425224046, 0.04625635685088133], [0.5327227687552253, 0.00859068432111947, 0.45140715768148587, 0.007279389242169327], [0.7937253323815643, 4.571041430189318e-05, 0.2062170812215562, 1.1875982577601591e-05], [0.10291670510018758, 0.01227740809145141, 0.7905031255553381, 0.09430276125302275], [0.031073428457792502, 0.0010089185171539877, 0.9374787937988315, 0.030438859226221984], [0.09089849189740762, 0.009869574388565405, 0.8111580350130502, 0.0880738987009768], [0.3682542702103345, 0.6196181995773478, 0.004520841428803775, 0.007606688783513983], [0.3881742052645025, 0.1439040450113323, 0.34136925016384656, 0.1265524995603185], [0.01394094614839407, 0.45303989236074765, 0.01591241184569664, 0.5171067496451616]], "state_values": [-0.10671028787117473, -4.001677495080273, 0.5568592943773352, 3.8319035605924947, -1.854373202788828, -3.329676568299334, -0.35158265251525544, 2.0381497422184274, -2.3033919955493385, -4.729680659736386, -2.480897531395132, -0.9267861228598171, -3.4616644426515264, -4.3531993999491485, -2.3646554055710203, -0.027296960865936384], "value_grad": [-0.25462818145751953, 0.901692271232605, -0.5488559007644653, 0.19205999374389648, -0.19205975532531738, -0.2665081024169922, 0.010692119598388672, -0.2328481674194336, -0.12315630912780762, 0.16196393966674805, -0.48391199111938477, 0.007128000259399414, 0.2237401008605957, 0.318384051322937, -0.1663198471069336, -0.32868003845214844], "action_grad": [[0.0, 0.0, 0.0], [0.0, 0.0, 0.0], [0.0, 0.0, 0.0], [0.0, 0.0, 0.0], [0.0, 0.0, 0.0], [0.0, 0.0, 0.0], [0.0, 0.0, 0.0], [0.0, 0.0, 0.0], [0.0, 0.0, 0.0], [0.0, 0.0, 0.0], [0.0, 0.0, 0.0], [0.0, 0.0, 0.0], [0.0, 0.0, 0.0], [0.0, 0.0, 0.0], [0.0, 0.0, 0.0], [0.0, 0.0, 0.0]], "action_params_change": 0, "value_params_change": 0.43148828045793675}
{"iterations": 1, "type_itr": 0, "sub_iteration": 10, "sub_it_time": 0.28917789459228516, "total_time": 3.2273011207580566, "value_loss": 2.0358359813690186, "action_loss": 1.0094763040542603, "action_probs": [[0.17188408887930937, 0.6370232096723671, 0.04060514095835249, 0.1504875604899709], [0.03207534302354694, 0.6477567291504533, 0.015105930612124344, 0.3050619972138753], [0.170586085883054, 0.018304432768746687, 0.7325089296879026, 0.07860055166029677], [2.890374451767918e-06, 0.00012558591167004157, 0.02249444776488025, 0.9773770759489978], [0.21898551325645746, 0.2698229199689176, 0.2290131266432141, 0.2821784401314108], [0.9264670842874237, 0.004819169466668053, 0.06835817008818669, 0.0003555761577214217], [0.9839778435319619, 0.01602166181494522, 4.867279244060717e-07, 7.925168490311641e-09], [0.6098513786668749, 0.2087696219598393, 0.1351226425224046, 0.04625635685088133], [0.5327227687552253, 0.00859068432111947, 0.45140715768148587, 0.007279389242169327], [0.7937253323815643, 4.571041430189318e-05, 0.2062170812215562, 1.1875982577601591e-05], [0.10291670510018758, 0.01227740809145141, 0.7905031255553381, 0.09430276125302275], [0.031073428457792502, 0.0010089185171539877, 0.9374787937988315, 0.030438859226221984], [0.09089849189740762, 0.009869574388565405, 0.8111580350130502, 0.0880738987009768], [0.3682542702103345, 0.6196181995773478, 0.004520841428803775, 0.007606688783513983], [0.3881742052645025, 0.1439040450113323, 0.34136925016384656, 0.1265524995603185], [0.01394094614839407, 0.45303989236074765, 0.01591241184569664, 0.5171067496451616]], "state_values": [0.7924916489928634, -4.081246278257569, 0.3767141154333678, 4.368571271446494, -1.5644363791525082, -3.974654830549428, 0.1502116276640631, 2.6951276669637267, -2.850179529837685, -4.448635652829891, -2.1494522304016037, -0.6097887482706443, -3.777740857836504, -4.446993227137927, -2.7348498469809055, -0.29907199487030983], "value_grad": [-0.23641204833984375, 1.0664278268814087, -1.0062358379364014, -0.4815359115600586, 0.03128409385681152, 0.09583210945129395, -0.1829519271850586, -0.48589181900024414, -0.08474397659301758, 0.8902078866958618, -0.2981879711151123, 0.007920026779174805, -0.1833479404449463, 0.8787238597869873, 0.13939189910888672, -0.34372806549072266], "action_grad": [[0.0, 0.0, 0.0], [0.0, 0.0, 0.0], [0.0, 0.0, 0.0], [0.0, 0.0, 0.0], [0.0, 0.0, 0.0], [0.0, 0.0, 0.0], [0.0, 0.0, 0.0], [0.0, 0.0, 0.0], [0.0, 0.0, 0.0], [0.0, 0.0, 0.0], [0.0, 0.0, 0.0], [0.0, 0.0, 0.0], [0.0, 0.0, 0.0], [0.0, 0.0, 0.0], [0.0, 0.0, 0.0], [0.0, 0.0, 0.0]], "action_params_change": 0, "value_params_change": 0.38029382377278864}
{"iterations": 1, "type_itr": 0, "sub_iteration": 11, "sub_it_time": 0.2890934944152832, "total_time": 3.5182149410247803, "value_loss": 2.7019081115722656, "action_loss": 0.9087079167366028, "action_probs": [[0.17188408887930937, 0.6370232096723671, 0.04060514095835249, 0.1504875604899709], [0.03207534302354694, 0.6477567291504533, 0.015105930612124344, 0.3050619972138753], [0.170586085883054, 0.018304432768746687, 0.7325089296879026, 0.07860055166029677], [2.890374451767918e-06, 0.00012558591167004157, 0.02249444776488025, 0.9773770759489978], [0.21898551325645746, 0.2698229199689176, 0.2290131266432141, 0.2821784401314108], [0.9264670842874237, 0.004819169466668053, 0.06835817008818669, 0.0003555761577214217], [0.9839778435319619, 0.01602166181494522, 4.867279244060717e-07, 7.925168490311641e-09], [0.6098513786668749, 0.2087696219598393, 0.1351226425224046, 0.04625635685088133], [0.5327227687552253, 0.00859068432111947, 0.45140715768148587, 0.007279389242169327], [0.7937253323815643, 4.571041430189318e-05, 0.2062170812215562, 1.1875982577601591e-05], [0.10291670510018758, 0.01227740809145141, 0.7905031255553381, 0.09430276125302275], [0.031073428457792502, 0.0010089185171539877, 0.9374787937988315, 0.030438859226221984], [0.09089849189740762, 0.009869574388565405, 0.8111580350130502, 0.0880738987009768], [0.3682542702103345, 0.6196181995773478, 0.004520841428803775, 0.007606688783513983], [0.3881742052645025, 0.1439040450113323, 0.34136925016384656, 0.1265524995603185], [0.01394094614839407, 0.45303989236074765, 0.01591241184569664, 0.5171067496451616]], "state_values": [1.7663507101387006, -4.058180964091303, 0.32014443385781394, 4.760941955201765, -1.3761950924542237, -4.38448961287889, 0.5647406835237536, 2.955991244506339, -3.3334096133165336, -4.015468788022196, -1.6651903661470193, -0.09263707922179135, -3.9052734528578945, -4.46802610632874, -2.599691657213855, -0.7980004362896699], "value_grad": [-0.4732198715209961, 1.0161359310150146, 0.32788848876953125, -0.5734081268310547, 0.2566080093383789, 0.5718238353729248, 0.0578157901763916, 0.44431161880493164, -0.09662389755249023, 0.4078800678253174, -0.7615079879760742, 0.4498562812805176, 0.3068997859954834, 0.5286600589752197, -1.2371037006378174, -0.8288278579711914], "action_grad": [[0.0, 0.0, 0.0], [0.0, 0.0, 0.0], [0.0, 0.0, 0.0], [0.0, 0.0, 0.0], [0.0, 0.0, 0.0], [0.0, 0.0, 0.0], [0.0, 0.0, 0.0], [0.0, 0.0, 0.0], [0.0, 0.0, 0.0], [0.0, 0.0, 0.0], [0.0, 0.0, 0.0], [0.0, 0.0, 0.0], [0.0, 0.0, 0.0], [0.0, 0.0, 0.0], [0.0, 0.0, 0.0], [0.0, 0.0, 0.0]], "action_params_change": 0, "value_params_change": 0.4037895291647735}
{"iterations": 1, "type_itr": 0, "sub_iteration": 12, "sub_it_time": 0.28964996337890625, "total_time": 3.809682846069336, "value_loss": 3.2167084217071533, "action_loss": 0.7047081589698792, "action_probs": [[0.17188408887930937, 0.6370232096723671, 0.04060514095835249, 0.1504875604899709], [0.03207534302354694, 0.6477567291504533, 0.015105930612124344, 0.3050619972138753], [0.170586085883054, 0.018304432768746687, 0.7325089296879026, 0.07860055166029677], [2.890374451767918e-06, 0.00012558591167004157, 0.02249444776488025, 0.9773770759489978], [0.21898551325645746, 0.2698229199689176, 0.2290131266432141, 0.2821784401314108], [0.9264670842874237, 0.004819169466668053, 0.06835817008818669, 0.0003555761577214217], [0.9839778435319619, 0.01602166181494522, 4.867279244060717e-07, 7.925168490311641e-09], [0.6098513786668749, 0.2087696219598393, 0.1351226425224046, 0.04625635685088133], [0.5327227687552253, 0.00859068432111947, 0.45140715768148587, 0.007279389242169327], [0.7937253323815643, 4.571041430189318e-05, 0.2062170812215562, 1.1875982577601591e-05], [0.10291670510018758, 0.01227740809145141, 0.7905031255553381, 0.09430276125302275], [0.031073428457792502, 0.0010089185171539877, 0.9374787937988315, 0.030438859226221984], [0.09089849189740762, 0.009869574388565405, 0.8111580350130502, 0.0880738987009768], [0.3682542702103345, 0.6196181995773478, 0.004520841428803775, 0.007606688783513983], [0.3881742052645025, 0.1439040450113323, 0.34136925016384656, 0.1265524995603185], [0.01394094614839407, 0.45303989236074765, 0.01591241184569664, 0.5171067496451616]], "state_values": [2.57046901238481, -3.9712183507858025, 0.22174548006663172, 4.965177716634197, -1.3886130563137111, -4.648995918385028, 0.841026252481664, 3.1179887394761763, -3.6403730704239736, -3.4485785060563683, -1.0734311092368773, 0.1280746110452372, -4.0235959926250136, -4.5284526297073935, -2.3704644238401653, -1.398310754069672], "value_grad": [0.021384000778198242, 0.7278480529785156, -0.15087604522705078, -0.26928019523620605, 0.6264724731445312, 0.3298680782318115, 0.15245985984802246, 0.12632369995117188, 0.2657160758972168, 0.2570035457611084, -0.6050879955291748, -0.40233612060546875, -0.02336406707763672, -0.4082763195037842, -0.36115217208862305, -0.5595479011535645], "action_grad": [[0.0, 0.0, 0.0], [0.0, 0.0, 0.0], [0.0, 0.0, 0.0], [0.0, 0.0, 0.0], [0.0, 0.0, 0.0], [0.0, 0.0, 0.0], [0.0, 0.0, 0.0], [0.0, 0.0, 0.0], [0.0, 0.0, 0.0], [0.0, 0.0, 0.0], [0.0, 0.0, 0.0], [0.0, 0.0, 0.0], [0.0, 0.0, 0.0], [0.0, 0.0, 0.0], [0.0, 0.0, 0.0], [0.0, 0.0, 0.0]], "action_params_change": 0, "value_params_change": 0.3847722617042777}
{"iterations": 1, "type_itr": 0, "sub_iteration": 13, "sub_it_time": 0.2884964942932129, "total_time": 4.099922180175781, "value_loss": 3.1664164066314697, "action_loss": 0.5386686325073242, "action_probs": [[0.17188408887930937, 0.6370232096723671, 0.04060514095835249, 0.1504875604899709], [0.03207534302354694, 0.6477567291504533, 0.015105930612124344, 0.3050619972138753], [0.170586085883054, 0.018304432768746687, 0.7325089296879026, 0.07860055166029677], [2.890374451767918e-06, 0.00012558591167004157, 0.02249444776488025, 0.9773770759489978], [0.21898551325645746, 0.2698229199689176, 0.2290131266432141, 0.2821784401314108], [0.9264670842874237, 0.004819169466668053, 0.06835817008818669, 0.0003555761577214217], [0.9839778435319619, 0.01602166181494522, 4.867279244060717e-07, 7.925168490311641e-09], [0.6098513786668749, 0.2087696219598393, 0.1351226425224046, 0.04625635685088133], [0.5327227687552253, 0.00859068432111947, 0.45140715768148587, 0.007279389242169327], [0.7937253323815643, 4.571041430189318e-05, 0.2062170812215562, 1.1875982577601591e-05], [0.10291670510018758, 0.01227740809145141, 0.7905031255553381, 0.09430276125302275], [0.031073428457792502, 0.0010089185171539877, 0.9374787937988315, 0.030438859226221984], [0.09089849189740762, 0.009869574388565405, 0.8111580350130502, 0.0880738987009768], [0.3682542702103345, 0.6196181995773478, 0.004520841428803775, 0.007606688783513983], [0.3881742052645025, 0.1439040450113323, 0.34136925016384656, 0.1265524995603185], [0.01394094614839407, 0.45303989236074765, 0.01591241184569664, 0.5171067496451616]], "state_values": [3.1235279106578973, -3.780083490712248, 0.07553961842313044, 4.990051816660565, -1.4666284956896263, -4.814263283272944, 0.9534606837672399, 3.221418389013477, -3.7573234745008564, -2.8081480564812775, -0.5233367323814059, 0.5637598658930179, -4.098020907840336, -4.565924073800955, -2.0747725767035137, -1.8782726100487028], "value_grad": [0.16790437698364258, 1.2097797393798828, -0.1829521656036377, -0.13107538223266602, 0.2407681941986084, 0.26888418197631836, 0.224531888961792, 0.07999205589294434, 0.4649040699005127, 0.0997920036315918, -0.004752159118652344, 0.5254926681518555, 0.07563591003417969, 0.14572787284851074, -0.27918004989624023, 0.140183687210083], "action_grad": [[0.0, 0.0, 0.0], [0.0, 0.0, 0.0], [0.0, 0.0, 0.0], [0.0, 0.0, 0.0], [0.0, 0.0, 0.0], [0.0, 0.0, 0.0], [0.0, 0.0, 0.0], [0.0, 0.0, 0.0], [0.0, 0.0, 0.0], [0.0, 0.0, 0.0], [0.0, 0.0, 0.0], [0.0, 0.0, 0.0], [0.0, 0.0, 0.0], [0.0, 0.0, 0.0], [0.0, 0.0, 0.0], [0.0, 0.0, 0.0]], "action_params_change": 0, "value_params_change": 0.36236273279108744}
