{"iterations": 0, "type_itr": 0, "sub_iteration": 0, "sub_it_time": 0, "total_time": 0, "value_loss": 0, "action_loss": 0, "action_probs": [[0.01903567885064745, 0.0033121191875123113, 0.8327564672097055, 0.14489573475213469], [0.29561234164542083, 0.34807257099693756, 0.1636377290637364, 0.19267735829390506], [0.2129430511436903, 0.7866506128456003, 8.656160300644573e-05, 0.0003197744077028821], [0.00017150661907595533, 0.00023114677298376318, 0.4257695693982814, 0.573827777209659], [0.019693188083443273, 0.0011575815464907946, 0.9247893625832271, 0.05435986778683893], [0.6815662007348348, 0.0246861646456477, 0.2834800548874762, 0.010267579732041449], [0.00011970680613416652, 2.5714431228981924e-05, 0.8230530862793256, 0.17680149248331128], [0.9761869749850189, 0.0070654069189933, 0.01662727388025044, 0.0001203442157372781], [0.5867634087396929, 0.1295835148828623, 0.2323416776232658, 0.05131139875417892], [0.00020180180422806691, 0.06120291690350401, 0.0030846199639194684, 0.9355106613283484], [0.05239639338216441, 0.07226236228068504, 0.3679222044055037, 0.5074190399316468], [0.28627750998255536, 0.02767739496381551, 0.6255652593841365, 0.06047983566949249], [0.21800263556126218, 0.45042974122270546, 0.10813751433713063, 0.22343010887890177], [0.0036689741023331647, 0.276330341089852, 0.009434536882380723, 0.7105661479254339], [0.46211985098748826, 0.21570110049344954, 0.2196528944223803, 0.10252615409668195], [0.7623738746742136, 0.196656123514909, 0.03256880294145778, 0.008401198869419613]], "state_values": [1.6203497201751615, 3.7332767327968877, 2.741549872774824, 0.9317750974029094, 0.8952380272039123, -4.105156289804125, 4.181099180673664, 4.915848820639998, 3.3497603556342814, 4.91964721977681, 4.969775512024548, 3.7087025103334206, 0.18092767489172257, 1.6886428431485137, 4.928884748407671, 4.163726841650619], "value_grad": [0.0, 0.0, 0.0, 0.0, 0.0, 0.0, 0.0, 0.0, 0.0, 0.0, 0.0, 0.0, 0.0, 0.0, 0.0, 0.0], "action_grad": [[0.0, 0.0, 0.0], [0.0, 0.0, 0.0], [0.0, 0.0, 0.0], [0.0, 0.0, 0.0], [0.0, 0.0, 0.0], [0.0, 0.0, 0.0], [0.0, 0.0, 0.0], [0.0, 0.0, 0.0], [0.0, 0.0, 0.0], [0.0, 0.0, 0.0], [0.0, 0.0, 0.0], [0.0, 0.0, 0.0], [0.0, 0.0, 0.0], [0.0, 0.0, 0.0], [0.0, 0.0, 0.0], [0.0, 0.0, 0.0]], "action_params_change": 0, "value_params_change": 0}
{"iterations": 1, "type_itr": 0, "sub_iteration": 0, "sub_it_time": 0.10227394104003906, "total_time": 0.10356545448303223, "value_loss": -15.84000015258789, "action_loss": -2.7166154384613037, "action_probs": [[0.01903567885064745, 0.0033121191875123113, 0.8327564672097055, 0.14489573475213469], [0.29561234164542083, 0.34807257099693756, 0.1636377290637364, 0.19267735829390506], [0.2129430511436903, 0.7866506128456003, 8.656160300644573e-05, 0.0003197744077028821], [0.00017150661907595533, 0.00023114677298376318, 0.4257695693982814, 0.573827777209659], [0.019693188083443273, 0.0011575815464907946, 0.9247893625832271, 0.05435986778683893], [0.6815662007348348, 0.0246861646456477, 0.2834800548874762, 0.010267579732041449], [0.00011970680613416652, 2.5714431228981924e-05, 0.8230530862793256, 0.17680149248331128], [0.9761869749850189, 0.0070654069189933, 0.01662727388025044, 0.0001203442157372781], [0.5867634087396929, 0.1295835148828623, 0.2323416776232658, 0.05131139875417892], [0.00020180180422806691, 0.06120291690350401, 0.0030846199639194684, 0.9355106613283484], [0.05239639338216441, 0.07226236228068504, 0.3679222044055037, 0.5074190399316468], [0.28627750998255536, 0.02767739496381551, 0.6255652593841365, 0.06047983566949249], [0.21800263556126218, 0.45042974122270546, 0.10813751433713063, 0.22343010887890177], [0.0036689741023331647, 0.276330341089852, 0.009434536882380723, 0.7105661479254339], [0.46211985098748826, 0.21570110049344954, 0.2196528944223803, 0.10252615409668195], [0.7623738746742136, 0.196656123514909, 0.03256880294145778, 0.008401198869419613]], "state_values": [2.7402386731635646, 4.4400974858883195, 1.6218327777154982, -0.3125417995150068, -0.34962281962536645, -3.2713430534969414, 3.3727442423500094, 4.537030494030417, 2.3272555379386013, 4.545827902248942, 4.6794681459771015, 4.423061004020958, 1.4115127286133298, 2.8004839264711334, 4.983549886998811, 4.719170296596855], "value_grad": [-31.68000030517578, 11.879999160766602, 27.720001220703125, -11.880000114440918, 19.80000114440918, -47.52000427246094, -3.960000991821289, 39.60000228881836, -35.63999938964844, -31.68000030517578, -7.920001029968262, 19.80000114440918, 7.920000076293945, -35.63999938964844, -7.920000076293945, 43.56000518798828], "action_grad": [[0.0, 0.0, 0.0], [0.0, 0.0, 0.0], [0.0, 0.0, 0.0], [0.0, 0.0, 0.0], [0.0, 0.0, 0.0], [0.0, 0.0, 0.0], [0.0, 0.0, 0.0], [0.0, 0.0, 0.0], [0.0, 0.0, 0.0], [0.0, 0.0, 0.0], [0.0, 0.0, 0.0], [0.0, 0.0, 0.0], [0.0, 0.0, 0.0], [0.0, 0.0, 0.0], [0.0, 0.0, 0.0], [0.0, 0.0, 0.0]], "action_params_change": 0, "value_params_change": 0.49999999989478106}
{"iterations": 1, "type_itr": 0, "sub_iteration": 1, "sub_it_time": 0.1015329360961914, "total_time": 0.21240735054016113, "value_loss": 11.880000114440918, "action_loss": -3.078831195831299, "action_probs": [[0.01903567885064745, 0.0033121191875123113, 0.8327564672097055, 0.14489573475213469], [0.29561234164542083, 0.34807257099693756, 0.1636377290637364, 0.19267735829390506], [0.2129430511436903, 0.7866506128456003, 8.656160300644573e-05, 0.0003197744077028821], [0.00017150661907595533, 0.00023114677298376318, 0.4257695693982814, 0.573827777209659], [0.019693188083443273, 0.0011575815464907946, 0.9247893625832271, 0.05435986778683893], [0.6815662007348348, 0.0246861646456477, 0.2834800548874762, 0.010267579732041449], [0.00011970680613416652, 2.5714431228981924e-05, 0.8230530862793256, 0.17680149248331128], [0.9761869749850189, 0.0070654069189933, 0.01662727388025044, 0.0001203442157372781], [0.5867634087396929, 0.1295835148828623, 0.2323416776232658, 0.05131139875417892], [0.00020180180422806691, 0.06120291690350401, 0.0030846199639194684, 0.9355106613283484], [0.05239639338216441, 0.07226236228068504, 0.3679222044055037, 0.5074190399316468], [0.28627750998255536, 0.02767739496381551, 0.6255652593841365, 0.06047983566949249], [0.21800263556126218, 0.45042974122270546, 0.10813751433713063, 0.22343010887890177], [0.0036689741023331647, 0.276330341089852, 0.009434536882380723, 0.7105661479254339], [0.46211985098748826, 0.21570110049344954, 0.2196528944223803, 0.10252615409668195], [0.7623738746742136, 0.196656123514909, 0.03256880294145778, 0.008401198869419613]], "state_values": [3.690879357664028, 4.211386128113552, 0.40127797582961056, -1.5374263611432208, -0.07953387306956113, -3.0747011620693936, 3.8544246920895615, 3.8793745111743734, 1.5568276849704596, 3.975241532941999, 4.879341868321094, 4.529576549233274, 2.4654530911424475, 3.7382044832664434, 4.800159258713709, 4.981198599317386], "value_grad": [-35.63999938964844, -23.760000228881836, 27.720001220703125, -11.880000114440918, -27.720001220703125, 27.720001220703125, 15.840001106262207, 35.63999938964844, 0.0, -11.880000114440918, 31.680004119873047, -11.880001068115234, 23.760000228881836, -35.63999938964844, -75.24000549316406, 43.560001373291016], "action_grad": [[0.0, 0.0, 0.0], [0.0, 0.0, 0.0], [0.0, 0.0, 0.0], [0.0, 0.0, 0.0], [0.0, 0.0, 0.0], [0.0, 0.0, 0.0], [0.0, 0.0, 0.0], [0.0, 0.0, 0.0], [0.0, 0.0, 0.0], [0.0, 0.0, 0.0], [0.0, 0.0, 0.0], [0.0, 0.0, 0.0], [0.0, 0.0, 0.0], [0.0, 0.0, 0.0], [0.0, 0.0, 0.0], [0.0, 0.0, 0.0]], "action_params_change": 0, "value_params_change": 0.5006678209782716}
{"iterations": 1, "type_itr": 0, "sub_iteration": 2, "sub_it_time": 0.10321903228759766, "total_time": 0.3223543167114258, "value_loss": 31.68000030517578, "action_loss": -2.535507917404175, "action_probs": [[0.01903567885064745, 0.0033121191875123113, 0.8327564672097055, 0.14489573475213469], [0.29561234164542083, 0.34807257099693756, 0.1636377290637364, 0.19267735829390506], [0.2129430511436903, 0.7866506128456003, 8.656160300644573e-05, 0.0003197744077028821], [0.00017150661907595533, 0.00023114677298376318, 0.4257695693982814, 0.573827777209659], [0.019693188083443273, 0.0011575815464907946, 0.9247893625832271, 0.05435986778683893], [0.6815662007348348, 0.0246861646456477, 0.2834800548874762, 0.010267579732041449], [0.00011970680613416652, 2.5714431228981924e-05, 0.8230530862793256, 0.17680149248331128], [0.9761869749850189, 0.0070654069189933, 0.01662727388025044, 0.0001203442157372781], [0.5867634087396929, 0.1295835148828623, 0.2323416776232658, 0.05131139875417892], [0.00020180180422806691, 0.06120291690350401, 0.0030846199639194684, 0.9355106613283484], [0.05239639338216441, 0.07226236228068504, 0.3679222044055037, 0.5074190399316468], [0.28627750998255536, 0.02767739496381551, 0.6255652593841365, 0.06047983566949249], [0.21800263556126218, 0.45042974122270546, 0.10813751433713063, 0.22343010887890177], [0.0036689741023331647, 0.276330341089852, 0.009434536882380723, 0.7105661479254339], [0.46211985098748826, 0.21570110049344954, 0.2196528944223803, 0.10252615409668195], [0.7623738746742136, 0.196656123514909, 0.03256880294145778, 0.008401198869419613]], "state_values": [4.353829151171911, 4.267237308691313, -0.19468542415760143, -1.2390742252370597, 0.2202549949409294, -3.3368148206301362, 4.383798901763272, 3.821640295838195, 1.2096081618063221, 3.694141218426405, 4.9781323364978265, 4.728190727230466, 2.2445182010584075, 4.070393504522056, 4.374771715640684, 4.933520100866768], "value_grad": [-11.880000114440918, 15.840002059936523, -15.840001106262207, 35.63999938964844, -3.9600000381469727, 43.560001373291016, 39.60000228881836, -55.44000244140625, 11.880000114440918, 15.84000015258789, 3.9600000381469727, 11.880001068115234, -43.560001373291016, 23.76000213623047, -59.400001525878906, 43.560001373291016], "action_grad": [[0.0, 0.0, 0.0], [0.0, 0.0, 0.0], [0.0, 0.0, 0.0], [0.0, 0.0, 0.0], [0.0, 0.0, 0.0], [0.0, 0.0, 0.0], [0.0, 0.0, 0.0], [0.0, 0.0, 0.0], [0.0, 0.0, 0.0], [0.0, 0.0, 0.0], [0.0, 0.0, 0.0], [0.0, 0.0, 0.0], [0.0, 0.0, 0.0], [0.0, 0.0, 0.0], [0.0, 0.0, 0.0], [0.0, 0.0, 0.0]], "action_params_change": 0, "value_params_change": 0.49999999839178655}
{"iterations": 1, "type_itr": 0, "sub_iteration": 3, "sub_it_time": 0.10087943077087402, "total_time": 0.43036985397338867, "value_loss": -23.760000228881836, "action_loss": -2.7166154384613037, "action_probs": [[0.01903567885064745, 0.0033121191875123113, 0.8327564672097055, 0.14489573475213469], [0.29561234164542083, 0.34807257099693756, 0.1636377290637364, 0.19267735829390506], [0.2129430511436903, 0.7866506128456003, 8.656160300644573e-05, 0.0003197744077028821], [0.00017150661907595533, 0.00023114677298376318, 0.4257695693982814, 0.573827777209659], [0.019693188083443273, 0.0011575815464907946, 0.9247893625832271, 0.05435986778683893], [0.6815662007348348, 0.0246861646456477, 0.2834800548874762, 0.010267579732041449], [0.00011970680613416652, 2.5714431228981924e-05, 0.8230530862793256, 0.17680149248331128], [0.9761869749850189, 0.0070654069189933, 0.01662727388025044, 0.0001203442157372781], [0.5867634087396929, 0.1295835148828623, 0.2323416776232658, 0.05131139875417892], [0.00020180180422806691, 0.06120291690350401, 0.0030846199639194684, 0.9355106613283484], [0.05239639338216441, 0.07226236228068504, 0.3679222044055037, 0.5074190399316468], [0.28627750998255536, 0.02767739496381551, 0.6255652593841365, 0.06047983566949249], [0.21800263556126218, 0.45042974122270546, 0.10813751433713063, 0.22343010887890177], [0.0036689741023331647, 0.276330341089852, 0.009434536882380723, 0.7105661479254339], [0.46211985098748826, 0.21570110049344954, 0.2196528944223803, 0.10252615409668195], [0.7623738746742136, 0.196656123514909, 0.03256880294145778, 0.008401198869419613]], "state_values": [4.750083534809291, 4.435008967220264, -0.6811808669008881, -0.9209764146336636, -0.3016747604570719, -3.539964365413586, 4.591473125697998, 3.8458701646077174, 1.3435719592872497, 3.8527345492093157, 4.964191790979698, 4.894529103564099, 2.26490066046797, 4.253078741137079, 3.8126895472219813, 4.782926130765198], "value_grad": [-3.960000991821289, 11.880000114440918, 0.0, 3.9600000381469727, 63.36000061035156, 0.0, -15.84000015258789, -11.880000114440918, 23.760000228881836, 35.63999938964844, -31.680002212524414, 7.920000076293945, 15.84000015258789, 7.920000076293945, -11.880000114440918, -31.68000030517578], "action_grad": [[0.0, 0.0, 0.0], [0.0, 0.0, 0.0], [0.0, 0.0, 0.0], [0.0, 0.0, 0.0], [0.0, 0.0, 0.0], [0.0, 0.0, 0.0], [0.0, 0.0, 0.0], [0.0, 0.0, 0.0], [0.0, 0.0, 0.0], [0.0, 0.0, 0.0], [0.0, 0.0, 0.0], [0.0, 0.0, 0.0], [0.0, 0.0, 0.0], [0.0, 0.0, 0.0], [0.0, 0.0, 0.0], [0.0, 0.0, 0.0]], "action_params_change": 0, "value_params_change": 0.3962289926473881}
{"iterations": 1, "type_itr": 0, "sub_iteration": 4, "sub_it_time": 0.1026463508605957, "total_time": 0.5398130416870117, "value_loss": 0.0, "action_loss": -1.0866461992263794, "action_probs": [[0.01903567885064745, 0.0033121191875123113, 0.8327564672097055, 0.14489573475213469], [0.29561234164542083, 0.34807257099693756, 0.1636377290637364, 0.19267735829390506], [0.2129430511436903, 0.7866506128456003, 8.656160300644573e-05, 0.0003197744077028821], [0.00017150661907595533, 0.00023114677298376318, 0.4257695693982814, 0.573827777209659], [0.019693188083443273, 0.0011575815464907946, 0.9247893625832271, 0.05435986778683893], [0.6815662007348348, 0.0246861646456477, 0.2834800548874762, 0.010267579732041449], [0.00011970680613416652, 2.5714431228981924e-05, 0.8230530862793256, 0.17680149248331128], [0.9761869749850189, 0.0070654069189933, 0.01662727388025044, 0.0001203442157372781], [0.5867634087396929, 0.1295835148828623, 0.2323416776232658, 0.05131139875417892], [0.00020180180422806691, 0.06120291690350401, 0.0030846199639194684, 0.9355106613283484], [0.05239639338216441, 0.07226236228068504, 0.3679222044055037, 0.5074190399316468], [0.28627750998255536, 0.02767739496381551, 0.6255652593841365, 0.06047983566949249], [0.21800263556126218, 0.45042974122270546, 0.10813751433713063, 0.22343010887890177], [0.0036689741023331647, 0.276330341089852, 0.009434536882380723, 0.7105661479254339], [0.46211985098748826, 0.21570110049344954, 0.2196528944223803, 0.10252615409668195], [0.7623738746742136, 0.196656123514909, 0.03256880294145778, 0.008401198869419613]], "state_values": [4.961588945463062, 4.252952693950285, -0.8265647313807681, -0.52138471012324, -0.9528937614078579, -3.7530829243909167, 4.437812608239986, 3.9507127559208275, 1.0515710244366938, 3.8496766588818088, 4.914318506597968, 4.9972467714833035, 2.3274459236980536, 4.320949083104622, 3.22022826988054, 4.590111720224235], "value_grad": [-11.880000114440918, -43.560001373291016, -15.840001106262207, 7.920001983642578, 27.720001220703125, 7.920000076293945, -71.2800064086914, -15.84000015258789, -31.68000030517578, -15.840001106262207, -15.84000015258789, 31.68000030517578, 3.9600000381469727, 11.880001068115234, 0.0, 0.0], "action_grad": [[0.0, 0.0, 0.0], [0.0, 0.0, 0.0], [0.0, 0.0, 0.0], [0.0, 0.0, 0.0], [0.0, 0.0, 0.0], [0.0, 0.0, 0.0], [0.0, 0.0, 0.0], [0.0, 0.0, 0.0], [0.0, 0.0, 0.0], [0.0, 0.0, 0.0], [0.0, 0.0, 0.0], [0.0, 0.0, 0.0], [0.0, 0.0, 0.0], [0.0, 0.0, 0.0], [0.0, 0.0, 0.0], [0.0, 0.0, 0.0]], "action_params_change": 0, "value_params_change": 0.38694824886209406}
{"iterations": 1, "type_itr": 0, "sub_iteration": 5, "sub_it_time": 0.10260248184204102, "total_time": 0.6537048816680908, "value_loss": -7.920000076293945, "action_loss": -3.4410464763641357, "action_probs": [[0.01903567885064745, 0.0033121191875123113, 0.8327564672097055, 0.14489573475213469], [0.29561234164542083, 0.34807257099693756, 0.1636377290637364, 0.19267735829390506], [0.2129430511436903, 0.7866506128456003, 8.656160300644573e-05, 0.0003197744077028821], [0.00017150661907595533, 0.00023114677298376318, 0.4257695693982814, 0.573827777209659], [0.019693188083443273, 0.0011575815464907946, 0.9247893625832271, 0.05435986778683893], [0.6815662007348348, 0.0246861646456477, 0.2834800548874762, 0.010267579732041449], [0.00011970680613416652, 2.5714431228981924e-05, 0.8230530862793256, 0.17680149248331128], [0.9761869749850189, 0.0070654069189933, 0.01662727388025044, 0.0001203442157372781], [0.5867634087396929, 0.1295835148828623, 0.2323416776232658, 0.05131139875417892], [0.00020180180422806691, 0.06120291690350401, 0.0030846199639194684, 0.9355106613283484], [0.05239639338216441, 0.07226236228068504, 0.3679222044055037, 0.5074190399316468], [0.28627750998255536, 0.02767739496381551, 0.6255652593841365, 0.06047983566949249], [0.21800263556126218, 0.45042974122270546, 0.10813751433713063, 0.22343010887890177], [0.0036689741023331647, 0.276330341089852, 0.009434536882380723, 0.7105661479254339], [0.46211985098748826, 0.21570110049344954, 0.2196528944223803, 0.10252615409668195], [0.7623738746742136, 0.196656123514909, 0.03256880294145778, 0.008401198869419613]], "state_values": [4.997436062689667, 4.024560901030158, -1.0600849735067657, -0.4967024023386301, -1.532577866852337, -3.5787117835793416, 4.302834576896053, 3.763266763807133, 0.7066918555418011, 3.98694488680564, 4.92838733804982, 4.994202917152936, 2.7261326398140167, 4.175011468374899, 2.6366420912240374, 4.348016046633133], "value_grad": [3.9600000381469727, -7.920000076293945, 7.920000076293945, -19.799999237060547, 3.9599990844726562, -67.32000732421875, 3.9600000381469727, 63.36000061035156, -7.920001029968262, 19.799999237060547, 27.720001220703125, -55.44000244140625, 43.560001373291016, 39.60000228881836, 0.0, 7.920000076293945], "action_grad": [[0.0, 0.0, 0.0], [0.0, 0.0, 0.0], [0.0, 0.0, 0.0], [0.0, 0.0, 0.0], [0.0, 0.0, 0.0], [0.0, 0.0, 0.0], [0.0, 0.0, 0.0], [0.0, 0.0, 0.0], [0.0, 0.0, 0.0], [0.0, 0.0, 0.0], [0.0, 0.0, 0.0], [0.0, 0.0, 0.0], [0.0, 0.0, 0.0], [0.0, 0.0, 0.0], [0.0, 0.0, 0.0], [0.0, 0.0, 0.0]], "action_params_change": 0, "value_params_change": 0.31211752556577105}
{"iterations": 1, "type_itr": 0, "sub_iteration": 6, "sub_it_time": 0.10490250587463379, "total_time": 0.7607223987579346, "value_loss": -3.9600000381469727, "action_loss": -1.6299693584442139, "action_probs": [[0.01903567885064745, 0.0033121191875123113, 0.8327564672097055, 0.14489573475213469], [0.29561234164542083, 0.34807257099693756, 0.1636377290637364, 0.19267735829390506], [0.2129430511436903, 0.7866506128456003, 8.656160300644573e-05, 0.0003197744077028821], [0.00017150661907595533, 0.00023114677298376318, 0.4257695693982814, 0.573827777209659], [0.019693188083443273, 0.0011575815464907946, 0.9247893625832271, 0.05435986778683893], [0.6815662007348348, 0.0246861646456477, 0.2834800548874762, 0.010267579732041449], [0.00011970680613416652, 2.5714431228981924e-05, 0.8230530862793256, 0.17680149248331128], [0.9761869749850189, 0.0070654069189933, 0.01662727388025044, 0.0001203442157372781], [0.5867634087396929, 0.1295835148828623, 0.2323416776232658, 0.05131139875417892], [0.00020180180422806691, 0.06120291690350401, 0.0030846199639194684, 0.9355106613283484], [0.05239639338216441, 0.07226236228068504, 0.3679222044055037, 0.5074190399316468], [0.28627750998255536, 0.02767739496381551, 0.6255652593841365, 0.06047983566949249], [0.21800263556126218, 0.45042974122270546, 0.10813751433713063, 0.22343010887890177], [0.0036689741023331647, 0.276330341089852, 0.009434536882380723, 0.7105661479254339], [0.46211985098748826, 0.21570110049344954, 0.2196528944223803, 0.10252615409668195], [0.7623738746742136, 0.196656123514909, 0.03256880294145778, 0.008401198869419613]], "state_values": [4.996479604728195, 4.090215193586347, -1.4090073990972123, -0.5305517374215394, -2.0501354643336573, -3.4375620845010952, 4.2999431156335985, 3.709141667224092, 0.17722748807150024, 4.170282802678474, 4.939649188575829, 4.9960677824965485, 3.1591123220254183, 4.079708825284685, 2.287112502170155, 4.0446594631046695], "value_grad": [51.480003356933594, 43.56000518798828, 11.880000114440918, -3.9600000381469727, 3.9600000381469727, 3.9600000381469727, 31.68000030517578, -27.720001220703125, -23.760000228881836, 11.880000114440918, 0.0, 11.880000114440918, 15.84000015258789, -7.920000076293945, 31.68000030517578, 11.880000114440918], "action_grad": [[0.0, 0.0, 0.0], [0.0, 0.0, 0.0], [0.0, 0.0, 0.0], [0.0, 0.0, 0.0], [0.0, 0.0, 0.0], [0.0, 0.0, 0.0], [0.0, 0.0, 0.0], [0.0, 0.0, 0.0], [0.0, 0.0, 0.0], [0.0, 0.0, 0.0], [0.0, 0.0, 0.0], [0.0, 0.0, 0.0], [0.0, 0.0, 0.0], [0.0, 0.0, 0.0], [0.0, 0.0, 0.0], [0.0, 0.0, 0.0]], "action_params_change": 0, "value_params_change": 0.22413019898035724}
{"iterations": 1, "type_itr": 0, "sub_iteration": 7, "sub_it_time": 0.10871410369873047, "total_time": 0.87748122215271, "value_loss": 35.6400032043457, "action_loss": -1.4488615989685059, "action_probs": [[0.01903567885064745, 0.0033121191875123113, 0.8327564672097055, 0.14489573475213469], [0.29561234164542083, 0.34807257099693756, 0.1636377290637364, 0.19267735829390506], [0.2129430511436903, 0.7866506128456003, 8.656160300644573e-05, 0.0003197744077028821], [0.00017150661907595533, 0.00023114677298376318, 0.4257695693982814, 0.573827777209659], [0.019693188083443273, 0.0011575815464907946, 0.9247893625832271, 0.05435986778683893], [0.6815662007348348, 0.0246861646456477, 0.2834800548874762, 0.010267579732041449], [0.00011970680613416652, 2.5714431228981924e-05, 0.8230530862793256, 0.17680149248331128], [0.9761869749850189, 0.0070654069189933, 0.01662727388025044, 0.0001203442157372781], [0.5867634087396929, 0.1295835148828623, 0.2323416776232658, 0.05131139875417892], [0.00020180180422806691, 0.06120291690350401, 0.0030846199639194684, 0.9355106613283484], [0.05239639338216441, 0.07226236228068504, 0.3679222044055037, 0.5074190399316468], [0.28627750998255536, 0.02767739496381551, 0.6255652593841365, 0.06047983566949249], [0.21800263556126218, 0.45042974122270546, 0.10813751433713063, 0.22343010887890177], [0.0036689741023331647, 0.276330341089852, 0.009434536882380723, 0.7105661479254339], [0.46211985098748826, 0.21570110049344954, 0.2196528944223803, 0.10252615409668195], [0.7623738746742136, 0.196656123514909, 0.03256880294145778, 0.008401198869419613]], "state_values": [4.988167957435852, 4.067317132908719, -1.6097988593931498, -0.804846755122804, -2.398512769274641, -3.4208945532273454, 4.461714633682897, 3.8089088412383107, 0.011927769767425388, 4.376068469989341, 4.948783127936408, 4.999592225055065, 3.3480670646670014, 4.012914344562748, 1.9666627704374173, 3.7754312030120514], "value_grad": [-15.840001106262207, -15.84000015258789, -7.920000076293945, -19.80000114440918, -11.880000114440918, 23.759998321533203, 59.400001525878906, -39.599998474121094, 27.720001220703125, 11.880000114440918, 0.0, 27.720001220703125, -23.760000228881836, -3.9600000381469727, 0.0, -7.920000076293945], "action_grad": [[0.0, 0.0, 0.0], [0.0, 0.0, 0.0], [0.0, 0.0, 0.0], [0.0, 0.0, 0.0], [0.0, 0.0, 0.0], [0.0, 0.0, 0.0], [0.0, 0.0, 0.0], [0.0, 0.0, 0.0], [0.0, 0.0, 0.0], [0.0, 0.0, 0.0], [0.0, 0.0, 0.0], [0.0, 0.0, 0.0], [0.0, 0.0, 0.0], [0.0, 0.0, 0.0], [0.0, 0.0, 0.0], [0.0, 0.0, 0.0]], "action_params_change": 0, "value_params_change": 0.17309475555019005}
{"iterations": 1, "type_itr": 0, "sub_iteration": 8, "sub_it_time": 0.10445833206176758, "total_time": 0.9834449291229248, "value_loss": -11.880000114440918, "action_loss": -1.2677539587020874, "action_probs": [[0.01903567885064745, 0.0033121191875123113, 0.8327564672097055, 0.14489573475213469], [0.29561234164542083, 0.34807257099693756, 0.1636377290637364, 0.19267735829390506], [0.2129430511436903, 0.7866506128456003, 8.656160300644573e-05, 0.0003197744077028821], [0.00017150661907595533, 0.00023114677298376318, 0.4257695693982814, 0.573827777209659], [0.019693188083443273, 0.0011575815464907946, 0.9247893625832271, 0.05435986778683893], [0.6815662007348348, 0.0246861646456477, 0.2834800548874762, 0.010267579732041449], [0.00011970680613416652, 2.5714431228981924e-05, 0.8230530862793256, 0.17680149248331128], [0.9761869749850189, 0.0070654069189933, 0.01662727388025044, 0.0001203442157372781], [0.5867634087396929, 0.1295835148828623, 0.2323416776232658, 0.05131139875417892], [0.00020180180422806691, 0.06120291690350401, 0.0030846199639194684, 0.9355106613283484], [0.05239639338216441, 0.07226236228068504, 0.3679222044055037, 0.5074190399316468], [0.28627750998255536, 0.02767739496381551, 0.6255652593841365, 0.06047983566949249], [0.21800263556126218, 0.45042974122270546, 0.10813751433713063, 0.22343010887890177], [0.0036689741023331647, 0.276330341089852, 0.009434536882380723, 0.7105661479254339], [0.46211985098748826, 0.21570110049344954, 0.2196528944223803, 0.10252615409668195], [0.7623738746742136, 0.196656123514909, 0.03256880294145778, 0.008401198869419613]], "state_values": [4.987628340206885, 3.8993279375992795, -1.642236551329474, -0.8988712156765417, -2.5589351608392894, -3.4411513625902947, 4.613866759398997, 3.946715459244435, -0.5867756787636158, 4.581783472442878, 4.975376142012984, 4.973522048497497, 3.48532195521508, 3.951878112825514, 1.6738701202197166, 3.387142990698011], "value_grad": [15.84000015258789, -31.68000030517578, -11.879999160766602, 11.879999160766602, -19.799999237060547, 7.920000076293945, 11.880000114440918, -15.84000015258789, -110.8800048828125, 11.880000114440918, 15.840001106262207, 31.68000030517578, -3.9600000381469727, 0.0, 0.0, 27.720001220703125], "action_grad": [[0.0, 0.0, 0.0], [0.0, 0.0, 0.0], [0.0, 0.0, 0.0], [0.0, 0.0, 0.0], [0.0, 0.0, 0.0], [0.0, 0.0, 0.0], [0.0, 0.0, 0.0], [0.0, 0.0, 0.0], [0.0, 0.0, 0.0], [0.0, 0.0, 0.0], [0.0, 0.0, 0.0], [0.0, 0.0, 0.0], [0.0, 0.0, 0.0], [0.0, 0.0, 0.0], [0.0, 0.0, 0.0], [0.0, 0.0, 0.0]], "action_params_change": 0, "value_params_change": 0.2400234976800233}
{"iterations": 1, "type_itr": 0, "sub_iteration": 9, "sub_it_time": 0.10692858695983887, "total_time": 1.0987780094146729, "value_loss": -3.9600000381469727, "action_loss": -1.6299693584442139, "action_probs": [[0.01903567885064745, 0.0033121191875123113, 0.8327564672097055, 0.14489573475213469], [0.29561234164542083, 0.34807257099693756, 0.1636377290637364, 0.19267735829390506], [0.2129430511436903, 0.7866506128456003, 8.656160300644573e-05, 0.0003197744077028821], [0.00017150661907595533, 0.00023114677298376318, 0.4257695693982814, 0.573827777209659], [0.019693188083443273, 0.0011575815464907946, 0.9247893625832271, 0.05435986778683893], [0.6815662007348348, 0.0246861646456477, 0.2834800548874762, 0.010267579732041449], [0.00011970680613416652, 2.5714431228981924e-05, 0.8230530862793256, 0.17680149248331128], [0.9761869749850189, 0.0070654069189933, 0.01662727388025044, 0.0001203442157372781], [0.5867634087396929, 0.1295835148828623, 0.2323416776232658, 0.05131139875417892], [0.00020180180422806691, 0.06120291690350401, 0.0030846199639194684, 0.9355106613283484], [0.05239639338216441, 0.07226236228068504, 0.3679222044055037, 0.5074190399316468], [0.28627750998255536, 0.02767739496381551, 0.6255652593841365, 0.06047983566949249], [0.21800263556126218, 0.45042974122270546, 0.10813751433713063, 0.22343010887890177], [0.0036689741023331647, 0.276330341089852, 0.009434536882380723, 0.7105661479254339], [0.46211985098748826, 0.21570110049344954, 0.2196528944223803, 0.10252615409668195], [0.7623738746742136, 0.196656123514909, 0.03256880294145778, 0.008401198869419613]], "state_values": [4.987136595908943, 3.5841258316361726, -1.9137152843258602, -0.6852475409762084, -2.890629193588561, -3.5423619088412646, 4.714328994079861, 4.025603590029679, -1.212313550609025, 4.765835901084703, 4.978174593611637, 4.968801226023612, 3.6036623061182462, 3.8746559086665058, 1.384493580057457, 2.9431379830778304], "value_grad": [0.0, -35.63999938964844, 23.760000228881836, 27.720003128051758, 35.63999938964844, 19.799999237060547, -7.920000076293945, 11.880000114440918, -23.760000228881836, 11.880000114440918, -15.840001106262207, -47.52000427246094, 0.0, 3.9600000381469727, -3.9599990844726562, 11.880000114440918], "action_grad": [[0.0, 0.0, 0.0], [0.0, 0.0, 0.0], [0.0, 0.0, 0.0], [0.0, 0.0, 0.0], [0.0, 0.0, 0.0], [0.0, 0.0, 0.0], [0.0, 0.0, 0.0], [0.0, 0.0, 0.0], [0.0, 0.0, 0.0], [0.0, 0.0, 0.0], [0.0, 0.0, 0.0], [0.0, 0.0, 0.0], [0.0, 0.0, 0.0], [0.0, 0.0, 0.0], [0.0, 0.0, 0.0], [0.0, 0.0, 0.0]], "action_params_change": 0, "value_params_change": 0.2545546244708863}
{"iterations": 1, "type_itr": 0, "sub_iteration": 10, "sub_it_time": 0.10267233848571777, "total_time": 1.2029118537902832, "value_loss": 15.84000015258789, "action_loss": -2.8977231979370117, "action_probs": [[0.01903567885064745, 0.0033121191875123113, 0.8327564672097055, 0.14489573475213469], [0.29561234164542083, 0.34807257099693756, 0.1636377290637364, 0.19267735829390506], [0.2129430511436903, 0.7866506128456003, 8.656160300644573e-05, 0.0003197744077028821], [0.00017150661907595533, 0.00023114677298376318, 0.4257695693982814, 0.573827777209659], [0.019693188083443273, 0.0011575815464907946, 0.9247893625832271, 0.05435986778683893], [0.6815662007348348, 0.0246861646456477, 0.2834800548874762, 0.010267579732041449], [0.00011970680613416652, 2.5714431228981924e-05, 0.8230530862793256, 0.17680149248331128], [0.9761869749850189, 0.0070654069189933, 0.01662727388025044, 0.0001203442157372781], [0.5867634087396929, 0.1295835148828623, 0.2323416776232658, 0.05131139875417892], [0.00020180180422806691, 0.06120291690350401, 0.0030846199639194684, 0.9355106613283484], [0.05239639338216441, 0.07226236228068504, 0.3679222044055037, 0.5074190399316468], [0.28627750998255536, 0.02767739496381551, 0.6255652593841365, 0.06047983566949249], [0.21800263556126218, 0.45042974122270546, 0.10813751433713063, 0.22343010887890177], [0.0036689741023331647, 0.276330341089852, 0.009434536882380723, 0.7105661479254339], [0.46211985098748826, 0.21570110049344954, 0.2196528944223803, 0.10252615409668195], [0.7623738746742136, 0.196656123514909, 0.03256880294145778, 0.008401198869419613]], "state_values": [4.967293119321203, 3.3167339064651054, -2.434731058646664, -0.6975202455891888, -3.1725631582414726, -3.630660181671466, 4.778990245628721, 4.020589941864439, -1.7214873454864574, 4.901372953447911, 4.995125443881343, 4.961175064429564, 3.822676456175673, 3.948036360564168, 1.3290081114967756, 2.635682627911216], "value_grad": [-27.720001220703125, 7.920000076293945, 43.560001373291016, -19.799999237060547, 0.0, 0.0, -7.920000076293945, 23.76000213623047, 7.920000076293945, 7.920000076293945, 23.76000213623047, 3.9600000381469727, 23.760000228881836, -27.720001220703125, 35.63999938964844, -19.80000114440918], "action_grad": [[0.0, 0.0, 0.0], [0.0, 0.0, 0.0], [0.0, 0.0, 0.0], [0.0, 0.0, 0.0], [0.0, 0.0, 0.0], [0.0, 0.0, 0.0], [0.0, 0.0, 0.0], [0.0, 0.0, 0.0], [0.0, 0.0, 0.0], [0.0, 0.0, 0.0], [0.0, 0.0, 0.0], [0.0, 0.0, 0.0], [0.0, 0.0, 0.0], [0.0, 0.0, 0.0], [0.0, 0.0, 0.0], [0.0, 0.0, 0.0]], "action_params_change": 0, "value_params_change": 0.23165280526534016}
{"iterations": 1, "type_itr": 0, "sub_iteration": 11, "sub_it_time": 0.1023252010345459, "total_time": 1.3121750354766846, "value_loss": 11.880000114440918, "action_loss": -0.9055385589599609, "action_probs": [[0.01903567885064745, 0.0033121191875123113, 0.8327564672097055, 0.14489573475213469], [0.29561234164542083, 0.34807257099693756, 0.1636377290637364, 0.19267735829390506], [0.2129430511436903, 0.7866506128456003, 8.656160300644573e-05, 0.0003197744077028821], [0.00017150661907595533, 0.00023114677298376318, 0.4257695693982814, 0.573827777209659], [0.019693188083443273, 0.0011575815464907946, 0.9247893625832271, 0.05435986778683893], [0.6815662007348348, 0.0246861646456477, 0.2834800548874762, 0.010267579732041449], [0.00011970680613416652, 2.5714431228981924e-05, 0.8230530862793256, 0.17680149248331128], [0.9761869749850189, 0.0070654069189933, 0.01662727388025044, 0.0001203442157372781], [0.5867634087396929, 0.1295835148828623, 0.2323416776232658, 0.05131139875417892], [0.00020180180422806691, 0.06120291690350401, 0.0030846199639194684, 0.9355106613283484], [0.05239639338216441, 0.07226236228068504, 0.3679222044055037, 0.5074190399316468], [0.28627750998255536, 0.02767739496381551, 0.6255652593841365, 0.06047983566949249], [0.21800263556126218, 0.45042974122270546, 0.10813751433713063, 0.22343010887890177], [0.0036689741023331647, 0.276330341089852, 0.009434536882380723, 0.7105661479254339], [0.46211985098748826, 0.21570110049344954, 0.2196528944223803, 0.10252615409668195], [0.7623738746742136, 0.196656123514909, 0.03256880294145778, 0.008401198869419613]], "state_values": [4.891479448074638, 3.1274416386130968, -3.0806639570839045, -0.2735825949342572, -3.3088837360041308, -3.708062261894213, 4.846348513495811, 3.931502403975199, -2.094415496173884, 4.980998461157944, 4.998867861653129, 4.963293974786366, 3.833439959946323, 4.0833733310583, 1.2363646500195407, 2.2394093142255374], "value_grad": [-47.52000427246094, 11.880000114440918, 51.480003356933594, 63.36000061035156, -19.80000114440918, 0.0, 11.880000114440918, 27.720001220703125, 15.84000015258789, 7.920000076293945, 11.880000114440918, -11.880000114440918, -35.63999938964844, -15.840001106262207, -7.920000076293945, 19.799999237060547], "action_grad": [[0.0, 0.0, 0.0], [0.0, 0.0, 0.0], [0.0, 0.0, 0.0], [0.0, 0.0, 0.0], [0.0, 0.0, 0.0], [0.0, 0.0, 0.0], [0.0, 0.0, 0.0], [0.0, 0.0, 0.0], [0.0, 0.0, 0.0], [0.0, 0.0, 0.0], [0.0, 0.0, 0.0], [0.0, 0.0, 0.0], [0.0, 0.0, 0.0], [0.0, 0.0, 0.0], [0.0, 0.0, 0.0], [0.0, 0.0, 0.0]], "action_params_change": 0, "value_params_change": 0.3104666840437913}
{"iterations": 1, "type_itr": 0, "sub_iteration": 12, "sub_it_time": 0.10303974151611328, "total_time": 1.4222428798675537, "value_loss": 3.9600000381469727, "action_loss": -1.4488615989685059, "action_probs": [[0.01903567885064745, 0.0033121191875123113, 0.8327564672097055, 0.14489573475213469], [0.29561234164542083, 0.34807257099693756, 0.1636377290637364, 0.19267735829390506], [0.2129430511436903, 0.7866506128456003, 8.656160300644573e-05, 0.0003197744077028821], [0.00017150661907595533, 0.00023114677298376318, 0.4257695693982814, 0.573827777209659], [0.019693188083443273, 0.0011575815464907946, 0.9247893625832271, 0.05435986778683893], [0.6815662007348348, 0.0246861646456477, 0.2834800548874762, 0.010267579732041449], [0.00011970680613416652, 2.5714431228981924e-05, 0.8230530862793256, 0.17680149248331128], [0.9761869749850189, 0.0070654069189933, 0.01662727388025044, 0.0001203442157372781], [0.5867634087396929, 0.1295835148828623, 0.2323416776232658, 0.05131139875417892], [0.00020180180422806691, 0.06120291690350401, 0.0030846199639194684, 0.9355106613283484], [0.05239639338216441, 0.07226236228068504, 0.3679222044055037, 0.5074190399316468], [0.28627750998255536, 0.02767739496381551, 0.6255652593841365, 0.06047983566949249], [0.21800263556126218, 0.45042974122270546, 0.10813751433713063, 0.22343010887890177], [0.0036689741023331647, 0.276330341089852, 0.009434536882380723, 0.7105661479254339], [0.46211985098748826, 0.21570110049344954, 0.2196528944223803, 0.10252615409668195], [0.7623738746742136, 0.196656123514909, 0.03256880294145778, 0.008401198869419613]], "state_values": [4.843953335199392, 2.827579924012462, -3.2637806615902543, 0.0261915965629813, -3.1882925784758522, -3.7453394970243092, 4.896742610933565, 3.9706154332169903, -2.4792502971159283, 4.990326006013992, 4.977771800784998, 4.935719944167713, 4.033119851197609, 4.028951039845938, 0.8653105579629767, 1.8426945068699236], "value_grad": [31.68000030517578, -23.760000228881836, -59.400001525878906, -11.880002975463867, -51.480003356933594, -7.920000076293945, 0.0, -39.60000228881836, -15.84000015258789, 39.60000228881836, 7.920000076293945, 35.63999938964844, 51.480003356933594, 39.599998474121094, -63.36000061035156, 3.9600000381469727], "action_grad": [[0.0, 0.0, 0.0], [0.0, 0.0, 0.0], [0.0, 0.0, 0.0], [0.0, 0.0, 0.0], [0.0, 0.0, 0.0], [0.0, 0.0, 0.0], [0.0, 0.0, 0.0], [0.0, 0.0, 0.0], [0.0, 0.0, 0.0], [0.0, 0.0, 0.0], [0.0, 0.0, 0.0], [0.0, 0.0, 0.0], [0.0, 0.0, 0.0], [0.0, 0.0, 0.0], [0.0, 0.0, 0.0], [0.0, 0.0, 0.0]], "action_params_change": 0, "value_params_change": 0.29885053248143045}
{"iterations": 1, "type_itr": 0, "sub_iteration": 13, "sub_it_time": 0.10177946090698242, "total_time": 1.5306062698364258, "value_loss": 7.920000076293945, "action_loss": -0.5433230996131897, "action_probs": [[0.01903567885064745, 0.0033121191875123113, 0.8327564672097055, 0.14489573475213469], [0.29561234164542083, 0.34807257099693756, 0.1636377290637364, 0.19267735829390506], [0.2129430511436903, 0.7866506128456003, 8.656160300644573e-05, 0.0003197744077028821], [0.00017150661907595533, 0.00023114677298376318, 0.4257695693982814, 0.573827777209659], [0.019693188083443273, 0.0011575815464907946, 0.9247893625832271, 0.05435986778683893], [0.6815662007348348, 0.0246861646456477, 0.2834800548874762, 0.010267579732041449], [0.00011970680613416652, 2.5714431228981924e-05, 0.8230530862793256, 0.17680149248331128], [0.9761869749850189, 0.0070654069189933, 0.01662727388025044, 0.0001203442157372781], [0.5867634087396929, 0.1295835148828623, 0.2323416776232658, 0.05131139875417892], [0.00020180180422806691, 0.06120291690350401, 0.0030846199639194684, 0.9355106613283484], [0.05239639338216441, 0.07226236228068504, 0.3679222044055037, 0.5074190399316468], [0.28627750998255536, 0.02767739496381551, 0.6255652593841365, 0.06047983566949249], [0.21800263556126218, 0.45042974122270546, 0.10813751433713063, 0.22343010887890177], [0.0036689741023331647, 0.276330341089852, 0.009434536882380723, 0.7105661479254339], [0.46211985098748826, 0.21570110049344954, 0.2196528944223803, 0.10252615409668195], [0.7623738746742136, 0.196656123514909, 0.03256880294145778, 0.008401198869419613]], "state_values": [4.8612628930730635, 2.4194333825466976, -3.23817678386422, 0.05198889785615158, -3.0948088692978613, -3.915487035198028, 4.92641746549909, 4.07095539635179, -2.9054495663109874, 4.922373341521032, 4.957661417298026, 4.929957239976377, 4.224297055180594, 3.839160445741939, 0.5644095021361323, 1.5227148330818034], "value_grad": [43.560001373291016, -23.760000228881836, -43.560001373291016, -35.6400032043457, 3.960000991821289, 39.60000228881836, -7.920001029968262, -23.76000213623047, -27.720001220703125, -11.880000114440918, -15.840001106262207, -23.760000228881836, 7.920000076293945, 35.63999938964844, 7.920000076293945, -7.920000076293945], "action_grad": [[0.0, 0.0, 0.0], [0.0, 0.0, 0.0], [0.0, 0.0, 0.0], [0.0, 0.0, 0.0], [0.0, 0.0, 0.0], [0.0, 0.0, 0.0], [0.0, 0.0, 0.0], [0.0, 0.0, 0.0], [0.0, 0.0, 0.0], [0.0, 0.0, 0.0], [0.0, 0.0, 0.0], [0.0, 0.0, 0.0], [0.0, 0.0, 0.0], [0.0, 0.0, 0.0], [0.0, 0.0, 0.0], [0.0, 0.0, 0.0]], "action_params_change": 0, "value_params_change": 0.2284492793991599}
