{"iterations": 0, "type_itr": 0, "sub_iteration": 0, "sub_it_time": 0, "total_time": 0, "value_loss": 0, "action_loss": 0, "action_probs": [[0.9990684685692383, 5.2869740740686115e-06, 0.0009262395551170835, 4.901570481244239e-09], [0.21442855649775586, 0.7330137505760526, 0.01189504642432816, 0.0406626465018632], [0.06432415563345041, 0.005383923227036037, 0.8584405609525365, 0.07185136018697692], [0.14885358320593195, 0.5498709451147412, 0.0641825664819705, 0.2370929051973564], [0.0008220600823839365, 0.00024031022449637527, 0.7729759998407564, 0.22596162985236326], [0.0014263083781222118, 0.21353356600177598, 0.005208922416632998, 0.7798312032034688], [0.006524204565724345, 0.4251743233782533, 0.0085886673655207, 0.5597128046905016], [0.009947597107233709, 0.26930657726375445, 0.02567442046740194, 0.6950714051616098], [0.02825360633525038, 0.8232696390503637, 0.004926470061202751, 0.1435502845531832], [0.538799408660077, 0.2935065103526768, 0.10855800686711065, 0.059136074120135634], [0.00952461942858729, 0.6124309671724834, 0.005789367026037945, 0.37225504637289125], [0.6149475421886019, 0.2703940810505585, 0.07964031638142721, 0.035018060379412456], [0.005826158889279427, 0.012559057124185452, 0.3110675281368883, 0.6705472558496468], [0.4165442613423663, 0.001619478769866714, 0.5795829046107791, 0.0022533552769878843], [0.19522295615716398, 0.7282867500009677, 0.016169468692712095, 0.06032082514915626], [0.00533804165521418, 0.37414364555770124, 0.008728623048474592, 0.61178968973861]], "state_values": [0.08971659109099496, 2.6425278324395216, -0.5973468608437272, -4.805277708628616, 4.301293068551518, -2.4792172730240853, -3.669877545268151, -0.9431776058010943, 0.7471679974474116, -3.951589692589804, 4.9525081320685445, 1.5606124747754524, 0.4373469110432229, 3.977387239636433, -3.9793266833186056, 1.230014985697051], "value_grad": [0.0, 0.0, 0.0, 0.0, 0.0, 0.0, 0.0, 0.0, 0.0, 0.0, 0.0, 0.0, 0.0, 0.0, 0.0, 0.0], "action_grad": [[0.0, 0.0, 0.0], [0.0, 0.0, 0.0], [0.0, 0.0, 0.0], [0.0, 0.0, 0.0], [0.0, 0.0, 0.0], [0.0, 0.0, 0.0], [0.0, 0.0, 0.0], [0.0, 0.0, 0.0], [0.0, 0.0, 0.0], [0.0, 0.0, 0.0], [0.0, 0.0, 0.0], [0.0, 0.0, 0.0], [0.0, 0.0, 0.0], [0.0, 0.0, 0.0], [0.0, 0.0, 0.0], [0.0, 0.0, 0.0]], "action_params_change": 0, "value_params_change": 0}
{"iterations": 1, "type_itr": 0, "sub_iteration": 0, "sub_it_time": 0.10069060325622559, "total_time": 0.10209321975708008, "value_loss": 11.869228141410154, "action_loss": 0.2665841623155726, "action_probs": [[0.9990684685692383, 5.2869740740686115e-06, 0.0009262395551170835, 4.901570481244239e-09], [0.21442855649775586, 0.7330137505760526, 0.01189504642432816, 0.0406626465018632], [0.06432415563345041, 0.005383923227036037, 0.8584405609525365, 0.07185136018697692], [0.14885358320593195, 0.5498709451147412, 0.0641825664819705, 0.2370929051973564], [0.0008220600823839365, 0.00024031022449637527, 0.7729759998407564, 0.22596162985236326], [0.0014263083781222118, 0.21353356600177598, 0.005208922416632998, 0.7798312032034688], [0.006524204565724345, 0.4251743233782533, 0.0085886673655207, 0.5597128046905016], [0.009947597107233709, 0.26930657726375445, 0.02567442046740194, 0.6950714051616098], [0.02825360633525038, 0.8232696390503637, 0.004926470061202751, 0.1435502845531832], [0.538799408660077, 0.2935065103526768, 0.10855800686711065, 0.059136074120135634], [0.00952461942858729, 0.6124309671724834, 0.005789367026037945, 0.37225504637289125], [0.6149475421886019, 0.2703940810505585, 0.07964031638142721, 0.035018060379412456], [0.005826158889279427, 0.012559057124185452, 0.3110675281368883, 0.6705472558496468], [0.4165442613423663, 0.001619478769866714, 0.5795829046107791, 0.0022533552769878843], [0.19522295615716398, 0.7282867500009677, 0.016169468692712095, 0.06032082514915626], [0.00533804165521418, 0.37414364555770124, 0.008728623048474592, 0.61178968973861]], "state_values": [-1.1498908350685932, 1.510235043081848, -1.8069363585329845, -4.314036328415859, 3.5368719333470144, -1.3279016877324983, -2.715635871901541, 0.3009550622119907, -0.49918984252641896, -3.070826147594517, 4.628455186501091, 0.3368763580619183, 1.6560293722439092, 3.1041267052114803, -3.106636142573447, -0.007228208024391639], "value_grad": [-0.005315597278439554, -0.844857166338306, 0.02099088193930143, -0.21088862969365074, -0.6731887856959773, 0.7430578176892944, 1.0309888696084766, -0.05488770340450344, 0.2564868621055485, 0.1434718821774652, -0.4098449786991534, -0.08785916060021748, 0.2970632809308533, 1.1725927661501174, 1.6814147781371283, 0.695430819655444], "action_grad": [[0.0, 0.0, 0.0], [0.0, 0.0, 0.0], [0.0, 0.0, 0.0], [0.0, 0.0, 0.0], [0.0, 0.0, 0.0], [0.0, 0.0, 0.0], [0.0, 0.0, 0.0], [0.0, 0.0, 0.0], [0.0, 0.0, 0.0], [0.0, 0.0, 0.0], [0.0, 0.0, 0.0], [0.0, 0.0, 0.0], [0.0, 0.0, 0.0], [0.0, 0.0, 0.0], [0.0, 0.0, 0.0], [0.0, 0.0, 0.0]], "action_params_change": 0, "value_params_change": 0.4999999970263138}
{"iterations": 1, "type_itr": 0, "sub_iteration": 1, "sub_it_time": 0.0987100601196289, "total_time": 0.20804667472839355, "value_loss": 8.164088929279501, "action_loss": 0.35594893399250205, "action_probs": [[0.9990684685692383, 5.2869740740686115e-06, 0.0009262395551170835, 4.901570481244239e-09], [0.21442855649775586, 0.7330137505760526, 0.01189504642432816, 0.0406626465018632], [0.06432415563345041, 0.005383923227036037, 0.8584405609525365, 0.07185136018697692], [0.14885358320593195, 0.5498709451147412, 0.0641825664819705, 0.2370929051973564], [0.0008220600823839365, 0.00024031022449637527, 0.7729759998407564, 0.22596162985236326], [0.0014263083781222118, 0.21353356600177598, 0.005208922416632998, 0.7798312032034688], [0.006524204565724345, 0.4251743233782533, 0.0085886673655207, 0.5597128046905016], [0.009947597107233709, 0.26930657726375445, 0.02567442046740194, 0.6950714051616098], [0.02825360633525038, 0.8232696390503637, 0.004926470061202751, 0.1435502845531832], [0.538799408660077, 0.2935065103526768, 0.10855800686711065, 0.059136074120135634], [0.00952461942858729, 0.6124309671724834, 0.005789367026037945, 0.37225504637289125], [0.6149475421886019, 0.2703940810505585, 0.07964031638142721, 0.035018060379412456], [0.005826158889279427, 0.012559057124185452, 0.3110675281368883, 0.6705472558496468], [0.4165442613423663, 0.001619478769866714, 0.5795829046107791, 0.0022533552769878843], [0.19522295615716398, 0.7282867500009677, 0.016169468692712095, 0.06032082514915626], [0.00533804165521418, 0.37414364555770124, 0.008728623048474592, 0.61178968973861]], "state_values": [-0.29978662407700946, 0.28466226556401836, -0.9657936328081022, -3.57386457035951, 2.557723092518943, -0.16044619166908183, -1.5911909522540444, 0.8071713182677066, -0.6121510591343602, -1.9991053067842646, 4.0627468667584, -0.6832958510737269, 2.24808664571162, 2.04009517162542, -2.040903965848795, -1.1752874355351433], "value_grad": [0.06631412823319671, -0.830154660909896, -0.34034031772944573, -0.3710595974882889, -0.9386462610361415, 0.4117774342294691, 1.0981194075397065, 0.017801751743492744, -0.19171932849203088, 0.14360816621685757, -1.0447410939846389, -0.019917361069103023, -0.05797894881520449, 1.1059223733721293, 1.6750993622201245, 0.375784580746263], "action_grad": [[0.0, 0.0, 0.0], [0.0, 0.0, 0.0], [0.0, 0.0, 0.0], [0.0, 0.0, 0.0], [0.0, 0.0, 0.0], [0.0, 0.0, 0.0], [0.0, 0.0, 0.0], [0.0, 0.0, 0.0], [0.0, 0.0, 0.0], [0.0, 0.0, 0.0], [0.0, 0.0, 0.0], [0.0, 0.0, 0.0], [0.0, 0.0, 0.0], [0.0, 0.0, 0.0], [0.0, 0.0, 0.0], [0.0, 0.0, 0.0]], "action_params_change": 0, "value_params_change": 0.5005730811753173}
{"iterations": 1, "type_itr": 0, "sub_iteration": 2, "sub_it_time": 0.10845375061035156, "total_time": 0.32723402976989746, "value_loss": 4.389497501824802, "action_loss": 0.20080516390356878, "action_probs": [[0.9990684685692383, 5.2869740740686115e-06, 0.0009262395551170835, 4.901570481244239e-09], [0.21442855649775586, 0.7330137505760526, 0.01189504642432816, 0.0406626465018632], [0.06432415563345041, 0.005383923227036037, 0.8584405609525365, 0.07185136018697692], [0.14885358320593195, 0.5498709451147412, 0.0641825664819705, 0.2370929051973564], [0.0008220600823839365, 0.00024031022449637527, 0.7729759998407564, 0.22596162985236326], [0.0014263083781222118, 0.21353356600177598, 0.005208922416632998, 0.7798312032034688], [0.006524204565724345, 0.4251743233782533, 0.0085886673655207, 0.5597128046905016], [0.009947597107233709, 0.26930657726375445, 0.02567442046740194, 0.6950714051616098], [0.02825360633525038, 0.8232696390503637, 0.004926470061202751, 0.1435502845531832], [0.538799408660077, 0.2935065103526768, 0.10855800686711065, 0.059136074120135634], [0.00952461942858729, 0.6124309671724834, 0.005789367026037945, 0.37225504637289125], [0.6149475421886019, 0.2703940810505585, 0.07964031638142721, 0.035018060379412456], [0.005826158889279427, 0.012559057124185452, 0.3110675281368883, 0.6705472558496468], [0.4165442613423663, 0.001619478769866714, 0.5795829046107791, 0.0022533552769878843], [0.19522295615716398, 0.7282867500009677, 0.016169468692712095, 0.06032082514915626], [0.00533804165521418, 0.37414364555770124, 0.008728623048474592, 0.61178968973861]], "state_values": [0.5472613748793214, -0.8203734888455592, -0.09561998355747318, -2.619721266437172, 1.4206854921117875, 0.7536296537734317, -0.37296002262316613, 0.6080833291569478, -0.16708216865613276, -0.8240791784650401, 3.260266847400502, -1.0739422091628061, 2.147740174813445, 0.8830049244519184, -0.8699937356939845, -2.0508978569357184], "value_grad": [0.017732887463749236, -0.24780400577082062, -0.100677921623336, -0.482650795573325, -0.7876644514840869, 0.0022299626774824333, 0.9751429865878194, 0.047204220075081516, -0.2689751660356823, 0.10858292606796738, -1.377403720520256, 0.04011107350594134, -0.2426871973443676, 0.7653967382944415, 1.259936868251751, 0.015377113004357845], "action_grad": [[0.0, 0.0, 0.0], [0.0, 0.0, 0.0], [0.0, 0.0, 0.0], [0.0, 0.0, 0.0], [0.0, 0.0, 0.0], [0.0, 0.0, 0.0], [0.0, 0.0, 0.0], [0.0, 0.0, 0.0], [0.0, 0.0, 0.0], [0.0, 0.0, 0.0], [0.0, 0.0, 0.0], [0.0, 0.0, 0.0], [0.0, 0.0, 0.0], [0.0, 0.0, 0.0], [0.0, 0.0, 0.0], [0.0, 0.0, 0.0]], "action_params_change": 0, "value_params_change": 0.4984182577763754}
{"iterations": 1, "type_itr": 0, "sub_iteration": 3, "sub_it_time": 0.10099458694458008, "total_time": 0.4299952983856201, "value_loss": 1.9997623124578345, "action_loss": 0.032053396907314985, "action_probs": [[0.9990684685692383, 5.2869740740686115e-06, 0.0009262395551170835, 4.901570481244239e-09], [0.21442855649775586, 0.7330137505760526, 0.01189504642432816, 0.0406626465018632], [0.06432415563345041, 0.005383923227036037, 0.8584405609525365, 0.07185136018697692], [0.14885358320593195, 0.5498709451147412, 0.0641825664819705, 0.2370929051973564], [0.0008220600823839365, 0.00024031022449637527, 0.7729759998407564, 0.22596162985236326], [0.0014263083781222118, 0.21353356600177598, 0.005208922416632998, 0.7798312032034688], [0.006524204565724345, 0.4251743233782533, 0.0085886673655207, 0.5597128046905016], [0.009947597107233709, 0.26930657726375445, 0.02567442046740194, 0.6950714051616098], [0.02825360633525038, 0.8232696390503637, 0.004926470061202751, 0.1435502845531832], [0.538799408660077, 0.2935065103526768, 0.10855800686711065, 0.059136074120135634], [0.00952461942858729, 0.6124309671724834, 0.005789367026037945, 0.37225504637289125], [0.6149475421886019, 0.2703940810505585, 0.07964031638142721, 0.035018060379412456], [0.005826158889279427, 0.012559057124185452, 0.3110675281368883, 0.6705472558496468], [0.4165442613423663, 0.001619478769866714, 0.5795829046107791, 0.0022533552769878843], [0.19522295615716398, 0.7282867500009677, 0.016169468692712095, 0.06032082514915626], [0.00533804165521418, 0.37414364555770124, 0.008728623048474592, 0.61178968973861]], "state_values": [0.8649545663437163, -1.488908189229854, 0.30787822507811535, -1.498864057637058, 0.2672829086932782, 1.208784980689495, 0.8157206700378589, 0.14657400253950714, 0.42457897092142427, 0.3060091054120386, 2.2510909902504204, -0.9635834849929964, 1.6677228967337818, -0.2026127416483173, 0.26010047519651597, -2.4616116437666804], "value_grad": [-0.03223494550443995, 0.32613847923146766, 0.13900629370284134, -0.5396657653304873, -0.3760668187494982, -0.30164991468511726, 0.5693344288770268, 0.03576651281055199, -0.15206994937451235, 0.04816570609542392, -1.3298688771296332, 0.06215467652723472, -0.3031509027815651, 0.26523866262539597, 0.5695696471600471, -0.29160941214838587], "action_grad": [[0.0, 0.0, 0.0], [0.0, 0.0, 0.0], [0.0, 0.0, 0.0], [0.0, 0.0, 0.0], [0.0, 0.0, 0.0], [0.0, 0.0, 0.0], [0.0, 0.0, 0.0], [0.0, 0.0, 0.0], [0.0, 0.0, 0.0], [0.0, 0.0, 0.0], [0.0, 0.0, 0.0], [0.0, 0.0, 0.0], [0.0, 0.0, 0.0], [0.0, 0.0, 0.0], [0.0, 0.0, 0.0], [0.0, 0.0, 0.0]], "action_params_change": 0, "value_params_change": 0.49404127173340484}
{"iterations": 1, "type_itr": 0, "sub_iteration": 4, "sub_it_time": 0.10261082649230957, "total_time": 0.5429232120513916, "value_loss": 1.2049436186247613, "action_loss": -0.10764529332748551, "action_probs": [[0.9990684685692383, 5.2869740740686115e-06, 0.0009262395551170835, 4.901570481244239e-09], [0.21442855649775586, 0.7330137505760526, 0.01189504642432816, 0.0406626465018632], [0.06432415563345041, 0.005383923227036037, 0.8584405609525365, 0.07185136018697692], [0.14885358320593195, 0.5498709451147412, 0.0641825664819705, 0.2370929051973564], [0.0008220600823839365, 0.00024031022449637527, 0.7729759998407564, 0.22596162985236326], [0.0014263083781222118, 0.21353356600177598, 0.005208922416632998, 0.7798312032034688], [0.006524204565724345, 0.4251743233782533, 0.0085886673655207, 0.5597128046905016], [0.009947597107233709, 0.26930657726375445, 0.02567442046740194, 0.6950714051616098], [0.02825360633525038, 0.8232696390503637, 0.004926470061202751, 0.1435502845531832], [0.538799408660077, 0.2935065103526768, 0.10855800686711065, 0.059136074120135634], [0.00952461942858729, 0.6124309671724834, 0.005789367026037945, 0.37225504637289125], [0.6149475421886019, 0.2703940810505585, 0.07964031638142721, 0.035018060379412456], [0.005826158889279427, 0.012559057124185452, 0.3110675281368883, 0.6705472558496468], [0.4165442613423663, 0.001619478769866714, 0.5795829046107791, 0.0022533552769878843], [0.19522295615716398, 0.7282867500009677, 0.016169468692712095, 0.06032082514915626], [0.00533804165521418, 0.37414364555770124, 0.008728623048474592, 0.61178968973861]], "state_values": [0.7152350469646618, -1.6991615786129155, 0.3285725620408801, -0.2752591328230021, -0.6775842521577337, 1.2909530866598384, 1.784909079931537, -0.31369178113487967, 0.8752194615411679, 1.1977433026856188, 1.1170968776110084, -0.5867040239208798, 0.9655174791408475, -1.0186787620294275, 1.1655999807724893, -2.454365920344816], "value_grad": [-0.050482980980230074, 0.6133106277900433, 0.17798416381733384, -0.5410904341453135, 0.09036972547911093, -0.39567458325459626, -0.006336669929744465, 0.008681994201410248, 0.029263349821681883, -0.018099588166906155, -0.893109309766666, 0.0560299472865351, -0.297373296538628, -0.24055984260236585, -0.16560768035874385, -0.49211890390029667], "action_grad": [[0.0, 0.0, 0.0], [0.0, 0.0, 0.0], [0.0, 0.0, 0.0], [0.0, 0.0, 0.0], [0.0, 0.0, 0.0], [0.0, 0.0, 0.0], [0.0, 0.0, 0.0], [0.0, 0.0, 0.0], [0.0, 0.0, 0.0], [0.0, 0.0, 0.0], [0.0, 0.0, 0.0], [0.0, 0.0, 0.0], [0.0, 0.0, 0.0], [0.0, 0.0, 0.0], [0.0, 0.0, 0.0], [0.0, 0.0, 0.0]], "action_params_change": 0, "value_params_change": 0.49874966502878726}
{"iterations": 1, "type_itr": 0, "sub_iteration": 5, "sub_it_time": 0.09972524642944336, "total_time": 0.6496846675872803, "value_loss": 1.5143265504897068, "action_loss": -0.2049168598538195, "action_probs": [[0.9990684685692383, 5.2869740740686115e-06, 0.0009262395551170835, 4.901570481244239e-09], [0.21442855649775586, 0.7330137505760526, 0.01189504642432816, 0.0406626465018632], [0.06432415563345041, 0.005383923227036037, 0.8584405609525365, 0.07185136018697692], [0.14885358320593195, 0.5498709451147412, 0.0641825664819705, 0.2370929051973564], [0.0008220600823839365, 0.00024031022449637527, 0.7729759998407564, 0.22596162985236326], [0.0014263083781222118, 0.21353356600177598, 0.005208922416632998, 0.7798312032034688], [0.006524204565724345, 0.4251743233782533, 0.0085886673655207, 0.5597128046905016], [0.009947597107233709, 0.26930657726375445, 0.02567442046740194, 0.6950714051616098], [0.02825360633525038, 0.8232696390503637, 0.004926470061202751, 0.1435502845531832], [0.538799408660077, 0.2935065103526768, 0.10855800686711065, 0.059136074120135634], [0.00952461942858729, 0.6124309671724834, 0.005789367026037945, 0.37225504637289125], [0.6149475421886019, 0.2703940810505585, 0.07964031638142721, 0.035018060379412456], [0.005826158889279427, 0.012559057124185452, 0.3110675281368883, 0.6705472558496468], [0.4165442613423663, 0.001619478769866714, 0.5795829046107791, 0.0022533552769878843], [0.19522295615716398, 0.7282867500009677, 0.016169468692712095, 0.06032082514915626], [0.00533804165521418, 0.37414364555770124, 0.008728623048474592, 0.61178968973861]], "state_values": [0.3258571064223074, -1.59903991681877, 0.24680952511290105, 0.9710073807916799, -1.2632109017819437, 1.1477731577578838, 2.382572013962036, -0.5576711552723601, 0.9977637590888438, 1.7363917880091282, 0.03176303717330471, -0.10173558777189126, 0.1454353902090918, -1.4748185743265776, 1.7343447063241881, -2.1423848929839306], "value_grad": [-0.041947739623368285, 0.6583873506943112, 0.06491209062024628, -0.49391551900290565, 0.428721399302076, -0.34576252391671236, -0.5273343907914017, -0.01855222366108178, 0.1757764365161345, -0.06890972032305598, -0.21074947735153682, 0.034526905235965355, -0.23095263130922583, -0.5945371851086834, -0.7326618954025521, -0.6074495246783818], "action_grad": [[0.0, 0.0, 0.0], [0.0, 0.0, 0.0], [0.0, 0.0, 0.0], [0.0, 0.0, 0.0], [0.0, 0.0, 0.0], [0.0, 0.0, 0.0], [0.0, 0.0, 0.0], [0.0, 0.0, 0.0], [0.0, 0.0, 0.0], [0.0, 0.0, 0.0], [0.0, 0.0, 0.0], [0.0, 0.0, 0.0], [0.0, 0.0, 0.0], [0.0, 0.0, 0.0], [0.0, 0.0, 0.0], [0.0, 0.0, 0.0]], "action_params_change": 0, "value_params_change": 0.5010460704057715}
{"iterations": 1, "type_itr": 0, "sub_iteration": 6, "sub_it_time": 0.10301709175109863, "total_time": 0.7626562118530273, "value_loss": 2.1490600165218554, "action_loss": -0.26959781014142575, "action_probs": [[0.9990684685692383, 5.2869740740686115e-06, 0.0009262395551170835, 4.901570481244239e-09], [0.21442855649775586, 0.7330137505760526, 0.01189504642432816, 0.0406626465018632], [0.06432415563345041, 0.005383923227036037, 0.8584405609525365, 0.07185136018697692], [0.14885358320593195, 0.5498709451147412, 0.0641825664819705, 0.2370929051973564], [0.0008220600823839365, 0.00024031022449637527, 0.7729759998407564, 0.22596162985236326], [0.0014263083781222118, 0.21353356600177598, 0.005208922416632998, 0.7798312032034688], [0.006524204565724345, 0.4251743233782533, 0.0085886673655207, 0.5597128046905016], [0.009947597107233709, 0.26930657726375445, 0.02567442046740194, 0.6950714051616098], [0.02825360633525038, 0.8232696390503637, 0.004926470061202751, 0.1435502845531832], [0.538799408660077, 0.2935065103526768, 0.10855800686711065, 0.059136074120135634], [0.00952461942858729, 0.6124309671724834, 0.005789367026037945, 0.37225504637289125], [0.6149475421886019, 0.2703940810505585, 0.07964031638142721, 0.035018060379412456], [0.005826158889279427, 0.012559057124185452, 0.3110675281368883, 0.6705472558496468], [0.4165442613423663, 0.001619478769866714, 0.5795829046107791, 0.0022533552769878843], [0.19522295615716398, 0.7282867500009677, 0.016169468692712095, 0.06032082514915626], [0.00533804165521418, 0.37414364555770124, 0.008728623048474592, 0.61178968973861]], "state_values": [-0.12919679767126402, -1.3021328975195399, 0.281309846613731, 2.1504396666858074, -1.516819152418266, 0.8907642888082341, 2.621174400141833, -0.5292310126077817, 0.827794015236441, 1.9468266327366912, -0.7818296791973104, 0.35076962687329677, -0.6775638371154064, -1.617898144097293, 1.9821570796486563, -1.6059150101939315], "value_grad": [-0.01926868918283553, 0.5816153883843671, -0.07159666819549892, -0.4128024391167844, 0.5707827233215008, -0.2302086943645678, -0.8456154138432406, -0.03284045639650435, 0.22693731332286138, -0.0964916266503324, 0.46896755235182086, 0.006027430497402619, -0.11513966417493826, -0.7536966743134597, -1.0531157005687892, -0.6504571718078622], "action_grad": [[0.0, 0.0, 0.0], [0.0, 0.0, 0.0], [0.0, 0.0, 0.0], [0.0, 0.0, 0.0], [0.0, 0.0, 0.0], [0.0, 0.0, 0.0], [0.0, 0.0, 0.0], [0.0, 0.0, 0.0], [0.0, 0.0, 0.0], [0.0, 0.0, 0.0], [0.0, 0.0, 0.0], [0.0, 0.0, 0.0], [0.0, 0.0, 0.0], [0.0, 0.0, 0.0], [0.0, 0.0, 0.0], [0.0, 0.0, 0.0]], "action_params_change": 0, "value_params_change": 0.49829362749055006}
{"iterations": 1, "type_itr": 0, "sub_iteration": 7, "sub_it_time": 0.10042953491210938, "total_time": 0.870582103729248, "value_loss": 2.4884221806171536, "action_loss": -0.32046832271139697, "action_probs": [[0.9990684685692383, 5.2869740740686115e-06, 0.0009262395551170835, 4.901570481244239e-09], [0.21442855649775586, 0.7330137505760526, 0.01189504642432816, 0.0406626465018632], [0.06432415563345041, 0.005383923227036037, 0.8584405609525365, 0.07185136018697692], [0.14885358320593195, 0.5498709451147412, 0.0641825664819705, 0.2370929051973564], [0.0008220600823839365, 0.00024031022449637527, 0.7729759998407564, 0.22596162985236326], [0.0014263083781222118, 0.21353356600177598, 0.005208922416632998, 0.7798312032034688], [0.006524204565724345, 0.4251743233782533, 0.0085886673655207, 0.5597128046905016], [0.009947597107233709, 0.26930657726375445, 0.02567442046740194, 0.6950714051616098], [0.02825360633525038, 0.8232696390503637, 0.004926470061202751, 0.1435502845531832], [0.538799408660077, 0.2935065103526768, 0.10855800686711065, 0.059136074120135634], [0.00952461942858729, 0.6124309671724834, 0.005789367026037945, 0.37225504637289125], [0.6149475421886019, 0.2703940810505585, 0.07964031638142721, 0.035018060379412456], [0.005826158889279427, 0.012559057124185452, 0.3110675281368883, 0.6705472558496468], [0.4165442613423663, 0.001619478769866714, 0.5795829046107791, 0.0022533552769878843], [0.19522295615716398, 0.7282867500009677, 0.016169468692712095, 0.06032082514915626], [0.00533804165521418, 0.37414364555770124, 0.008728623048474592, 0.61178968973861]], "state_values": [-0.4823666243798049, -0.8844462471032898, 0.5097670852282485, 3.177911976109453, -1.5300269731074188, 0.609024142354125, 2.5874036671206673, -0.30541765609097643, 0.4741783881938519, 1.9036167214236, -1.224109196063194, 0.6486779493257123, -1.3686869780881803, -1.5294372822483362, 1.9796007749230837, -0.9056301761959522], "value_grad": [0.007653427083131437, 0.45278468608841305, -0.14729563614254015, -0.316808613523758, 0.5675570482164725, -0.09399050849229029, -0.9826981118922871, -0.03118516133094973, 0.19437684371409425, -0.10626138418411157, 0.9322605912022919, -0.020734800806747167, 0.020585316495848716, -0.7689038571511797, -1.164695114826782, -0.6130186627472725], "action_grad": [[0.0, 0.0, 0.0], [0.0, 0.0, 0.0], [0.0, 0.0, 0.0], [0.0, 0.0, 0.0], [0.0, 0.0, 0.0], [0.0, 0.0, 0.0], [0.0, 0.0, 0.0], [0.0, 0.0, 0.0], [0.0, 0.0, 0.0], [0.0, 0.0, 0.0], [0.0, 0.0, 0.0], [0.0, 0.0, 0.0], [0.0, 0.0, 0.0], [0.0, 0.0, 0.0], [0.0, 0.0, 0.0], [0.0, 0.0, 0.0]], "action_params_change": 0, "value_params_change": 0.4883449498260153}
{"iterations": 1, "type_itr": 0, "sub_iteration": 8, "sub_it_time": 0.10203790664672852, "total_time": 0.9813249111175537, "value_loss": 2.3372136229116354, "action_loss": -0.37144757634062325, "action_probs": [[0.9990684685692383, 5.2869740740686115e-06, 0.0009262395551170835, 4.901570481244239e-09], [0.21442855649775586, 0.7330137505760526, 0.01189504642432816, 0.0406626465018632], [0.06432415563345041, 0.005383923227036037, 0.8584405609525365, 0.07185136018697692], [0.14885358320593195, 0.5498709451147412, 0.0641825664819705, 0.2370929051973564], [0.0008220600823839365, 0.00024031022449637527, 0.7729759998407564, 0.22596162985236326], [0.0014263083781222118, 0.21353356600177598, 0.005208922416632998, 0.7798312032034688], [0.006524204565724345, 0.4251743233782533, 0.0085886673655207, 0.5597128046905016], [0.009947597107233709, 0.26930657726375445, 0.02567442046740194, 0.6950714051616098], [0.02825360633525038, 0.8232696390503637, 0.004926470061202751, 0.1435502845531832], [0.538799408660077, 0.2935065103526768, 0.10855800686711065, 0.059136074120135634], [0.00952461942858729, 0.6124309671724834, 0.005789367026037945, 0.37225504637289125], [0.6149475421886019, 0.2703940810505585, 0.07964031638142721, 0.035018060379412456], [0.005826158889279427, 0.012559057124185452, 0.3110675281368883, 0.6705472558496468], [0.4165442613423663, 0.001619478769866714, 0.5795829046107791, 0.0022533552769878843], [0.19522295615716398, 0.7282867500009677, 0.016169468692712095, 0.06032082514915626], [0.00533804165521418, 0.37414364555770124, 0.008728623048474592, 0.61178968973861]], "state_values": [-0.6204863908589945, -0.4041384991948334, 0.8769830498465419, 3.9898790606861385, -1.381137707463426, 0.3745258037583307, 2.350991754744655, 0.003105390400818766, 0.05008687246334127, 1.6703912239604664, -1.3445594693398903, 0.7378831642527849, -1.8241860531673304, -1.276926071740177, 1.7922061150436717, -0.10655782290233436], "value_grad": [0.028450899846736988, 0.31426262916385994, -0.1370174513878455, -0.22391784689425354, 0.48710879053887224, 0.030195671389709133, -0.997786004965967, -0.018064736727310127, 0.10667780314760611, -0.10430963620898526, 1.1332546955559508, -0.03811468925010608, 0.13890983090383635, -0.6928379368587168, -1.1236589630405043, -0.4884993154134558], "action_grad": [[0.0, 0.0, 0.0], [0.0, 0.0, 0.0], [0.0, 0.0, 0.0], [0.0, 0.0, 0.0], [0.0, 0.0, 0.0], [0.0, 0.0, 0.0], [0.0, 0.0, 0.0], [0.0, 0.0, 0.0], [0.0, 0.0, 0.0], [0.0, 0.0, 0.0], [0.0, 0.0, 0.0], [0.0, 0.0, 0.0], [0.0, 0.0, 0.0], [0.0, 0.0, 0.0], [0.0, 0.0, 0.0], [0.0, 0.0, 0.0]], "action_params_change": 0, "value_params_change": 0.47033293454629677}
{"iterations": 1, "type_itr": 0, "sub_iteration": 9, "sub_it_time": 0.10825562477111816, "total_time": 1.0981521606445312, "value_loss": 1.8253919086358728, "action_loss": -0.42503204739605915, "action_probs": [[0.9990684685692383, 5.2869740740686115e-06, 0.0009262395551170835, 4.901570481244239e-09], [0.21442855649775586, 0.7330137505760526, 0.01189504642432816, 0.0406626465018632], [0.06432415563345041, 0.005383923227036037, 0.8584405609525365, 0.07185136018697692], [0.14885358320593195, 0.5498709451147412, 0.0641825664819705, 0.2370929051973564], [0.0008220600823839365, 0.00024031022449637527, 0.7729759998407564, 0.22596162985236326], [0.0014263083781222118, 0.21353356600177598, 0.005208922416632998, 0.7798312032034688], [0.006524204565724345, 0.4251743233782533, 0.0085886673655207, 0.5597128046905016], [0.009947597107233709, 0.26930657726375445, 0.02567442046740194, 0.6950714051616098], [0.02825360633525038, 0.8232696390503637, 0.004926470061202751, 0.1435502845531832], [0.538799408660077, 0.2935065103526768, 0.10855800686711065, 0.059136074120135634], [0.00952461942858729, 0.6124309671724834, 0.005789367026037945, 0.37225504637289125], [0.6149475421886019, 0.2703940810505585, 0.07964031638142721, 0.035018060379412456], [0.005826158889279427, 0.012559057124185452, 0.3110675281368883, 0.6705472558496468], [0.4165442613423663, 0.001619478769866714, 0.5795829046107791, 0.0022533552769878843], [0.19522295615716398, 0.7282867500009677, 0.016169468692712095, 0.06032082514915626], [0.00533804165521418, 0.37414364555770124, 0.008728623048474592, 0.61178968973861]], "state_values": [-0.5414406323756941, 0.09115441005196878, 1.2716400021330048, 4.556541888570885, -1.128483959309477, 0.2291597730553386, 1.9596198686686923, 0.277343195095133, -0.3244849863515698, 1.2965575774570979, -1.2280947760063763, 0.637408735600607, -2.0195128547601158, -0.9153958273535056, 1.4727295201950072, 0.708464836646287], "value_grad": [0.036484750272680166, 0.1896426098242472, -0.05997454781056, -0.14580312998279932, 0.37512996140345245, 0.11279618488391385, -0.9182880018453525, 0.00018402013874574408, -0.004087030899540434, -0.09329743062391693, 1.1323994856819863, -0.043246937063134094, 0.21876353932563242, -0.5555923923814174, -0.9667497139651786, -0.28898155300961026], "action_grad": [[0.0, 0.0, 0.0], [0.0, 0.0, 0.0], [0.0, 0.0, 0.0], [0.0, 0.0, 0.0], [0.0, 0.0, 0.0], [0.0, 0.0, 0.0], [0.0, 0.0, 0.0], [0.0, 0.0, 0.0], [0.0, 0.0, 0.0], [0.0, 0.0, 0.0], [0.0, 0.0, 0.0], [0.0, 0.0, 0.0], [0.0, 0.0, 0.0], [0.0, 0.0, 0.0], [0.0, 0.0, 0.0], [0.0, 0.0, 0.0]], "action_params_change": 0, "value_params_change": 0.44504329890949046}
{"iterations": 1, "type_itr": 0, "sub_iteration": 10, "sub_it_time": 0.10190606117248535, "total_time": 1.202124834060669, "value_loss": 1.2068425131277227, "action_loss": -0.4726898488398245, "action_probs": [[0.9990684685692383, 5.2869740740686115e-06, 0.0009262395551170835, 4.901570481244239e-09], [0.21442855649775586, 0.7330137505760526, 0.01189504642432816, 0.0406626465018632], [0.06432415563345041, 0.005383923227036037, 0.8584405609525365, 0.07185136018697692], [0.14885358320593195, 0.5498709451147412, 0.0641825664819705, 0.2370929051973564], [0.0008220600823839365, 0.00024031022449637527, 0.7729759998407564, 0.22596162985236326], [0.0014263083781222118, 0.21353356600177598, 0.005208922416632998, 0.7798312032034688], [0.006524204565724345, 0.4251743233782533, 0.0085886673655207, 0.5597128046905016], [0.009947597107233709, 0.26930657726375445, 0.02567442046740194, 0.6950714051616098], [0.02825360633525038, 0.8232696390503637, 0.004926470061202751, 0.1435502845531832], [0.538799408660077, 0.2935065103526768, 0.10855800686711065, 0.059136074120135634], [0.00952461942858729, 0.6124309671724834, 0.005789367026037945, 0.37225504637289125], [0.6149475421886019, 0.2703940810505585, 0.07964031638142721, 0.035018060379412456], [0.005826158889279427, 0.012559057124185452, 0.3110675281368883, 0.6705472558496468], [0.4165442613423663, 0.001619478769866714, 0.5795829046107791, 0.0022533552769878843], [0.19522295615716398, 0.7282867500009677, 0.016169468692712095, 0.06032082514915626], [0.00533804165521418, 0.37414364555770124, 0.008728623048474592, 0.61178968973861]], "state_values": [-0.3088534774030989, 0.5629659456950207, 1.562711259911397, 4.882554999086177, -0.817593887160542, 0.17546433541523157, 1.4554845850630531, 0.41976933726468013, -0.5522431252361488, 0.8283483106047547, -0.9474584066776475, 0.40162658386689676, -1.9819989901973967, -0.49714219177442365, 1.070353701033426, 1.441947293100062], "value_grad": [0.031896181255838485, 0.08468588167586866, 0.04552921197322757, -0.08577922713717134, 0.259804919345048, 0.1361394481003042, -0.7549068376040212, 0.016409585225801715, -0.09873395941519503, -0.07420367638656944, 0.9859692335688759, -0.03746357887358909, 0.2634062663097019, -0.3752146406459935, -0.7187204060172818, -0.05094961832600786], "action_grad": [[0.0, 0.0, 0.0], [0.0, 0.0, 0.0], [0.0, 0.0, 0.0], [0.0, 0.0, 0.0], [0.0, 0.0, 0.0], [0.0, 0.0, 0.0], [0.0, 0.0, 0.0], [0.0, 0.0, 0.0], [0.0, 0.0, 0.0], [0.0, 0.0, 0.0], [0.0, 0.0, 0.0], [0.0, 0.0, 0.0], [0.0, 0.0, 0.0], [0.0, 0.0, 0.0], [0.0, 0.0, 0.0], [0.0, 0.0, 0.0]], "action_params_change": 0, "value_params_change": 0.41434990460498156}
{"iterations": 1, "type_itr": 0, "sub_iteration": 11, "sub_it_time": 0.09925484657287598, "total_time": 1.3083698749542236, "value_loss": 0.7053034853706543, "action_loss": -0.5017132792642878, "action_probs": [[0.9990684685692383, 5.2869740740686115e-06, 0.0009262395551170835, 4.901570481244239e-09], [0.21442855649775586, 0.7330137505760526, 0.01189504642432816, 0.0406626465018632], [0.06432415563345041, 0.005383923227036037, 0.8584405609525365, 0.07185136018697692], [0.14885358320593195, 0.5498709451147412, 0.0641825664819705, 0.2370929051973564], [0.0008220600823839365, 0.00024031022449637527, 0.7729759998407564, 0.22596162985236326], [0.0014263083781222118, 0.21353356600177598, 0.005208922416632998, 0.7798312032034688], [0.006524204565724345, 0.4251743233782533, 0.0085886673655207, 0.5597128046905016], [0.009947597107233709, 0.26930657726375445, 0.02567442046740194, 0.6950714051616098], [0.02825360633525038, 0.8232696390503637, 0.004926470061202751, 0.1435502845531832], [0.538799408660077, 0.2935065103526768, 0.10855800686711065, 0.059136074120135634], [0.00952461942858729, 0.6124309671724834, 0.005789367026037945, 0.37225504637289125], [0.6149475421886019, 0.2703940810505585, 0.07964031638142721, 0.035018060379412456], [0.005826158889279427, 0.012559057124185452, 0.3110675281368883, 0.6705472558496468], [0.4165442613423663, 0.001619478769866714, 0.5795829046107791, 0.0022533552769878843], [0.19522295615716398, 0.7282867500009677, 0.016169468692712095, 0.06032082514915626], [0.00533804165521418, 0.37414364555770124, 0.008728623048474592, 0.61178968973861]], "state_values": [-0.008492088703312136, 0.9803470218404541, 1.6564448945127175, 4.998164915505443, -0.48448407872844157, 0.18371851408203158, 0.8868942115403682, 0.39838312199841136, -0.6047927507253336, 0.31690845751443075, -0.5665444209862771, 0.09832204397410686, -1.7481783982115169, -0.0760194479593978, 0.6376236547227788, 2.008470390795492], "value_grad": [0.01826718348064882, -0.007859208820664598, 0.1358491142924444, -0.04072818420191726, 0.15910877914542376, 0.10185683662085099, -0.5258198427753518, 0.024787002775067735, -0.14584759816611714, -0.04840820586569872, 0.7303059434391617, -0.023722806975002952, 0.28279248087629116, -0.170859702433937, -0.40985092252030175, 0.17629013351294687], "action_grad": [[0.0, 0.0, 0.0], [0.0, 0.0, 0.0], [0.0, 0.0, 0.0], [0.0, 0.0, 0.0], [0.0, 0.0, 0.0], [0.0, 0.0, 0.0], [0.0, 0.0, 0.0], [0.0, 0.0, 0.0], [0.0, 0.0, 0.0], [0.0, 0.0, 0.0], [0.0, 0.0, 0.0], [0.0, 0.0, 0.0], [0.0, 0.0, 0.0], [0.0, 0.0, 0.0], [0.0, 0.0, 0.0], [0.0, 0.0, 0.0]], "action_params_change": 0, "value_params_change": 0.38015343855061284}
{"iterations": 1, "type_itr": 0, "sub_iteration": 12, "sub_it_time": 0.10545659065246582, "total_time": 1.4280993938446045, "value_loss": 0.4416517914438381, "action_loss": -0.504328596885251, "action_probs": [[0.9990684685692383, 5.2869740740686115e-06, 0.0009262395551170835, 4.901570481244239e-09], [0.21442855649775586, 0.7330137505760526, 0.01189504642432816, 0.0406626465018632], [0.06432415563345041, 0.005383923227036037, 0.8584405609525365, 0.07185136018697692], [0.14885358320593195, 0.5498709451147412, 0.0641825664819705, 0.2370929051973564], [0.0008220600823839365, 0.00024031022449637527, 0.7729759998407564, 0.22596162985236326], [0.0014263083781222118, 0.21353356600177598, 0.005208922416632998, 0.7798312032034688], [0.006524204565724345, 0.4251743233782533, 0.0085886673655207, 0.5597128046905016], [0.009947597107233709, 0.26930657726375445, 0.02567442046740194, 0.6950714051616098], [0.02825360633525038, 0.8232696390503637, 0.004926470061202751, 0.1435502845531832], [0.538799408660077, 0.2935065103526768, 0.10855800686711065, 0.059136074120135634], [0.00952461942858729, 0.6124309671724834, 0.005789367026037945, 0.37225504637289125], [0.6149475421886019, 0.2703940810505585, 0.07964031638142721, 0.035018060379412456], [0.005826158889279427, 0.012559057124185452, 0.3110675281368883, 0.6705472558496468], [0.4165442613423663, 0.001619478769866714, 0.5795829046107791, 0.0022533552769878843], [0.19522295615716398, 0.7282867500009677, 0.016169468692712095, 0.06032082514915626], [0.00533804165521418, 0.37414364555770124, 0.008728623048474592, 0.61178968973861]], "state_values": [0.2649064302800646, 1.3178133498760147, 1.539740716683297, 4.947722796341139, -0.15657921231552244, 0.20718240662311047, 0.31078101767871863, 0.24456202187211518, -0.5154204653049329, -0.1807836379922431, -0.14970335412297048, -0.19812550408840449, -1.351831676731856, 0.29618777487225567, 0.2296922311067866, 2.3663256313048073], "value_grad": [0.0005032260641010255, -0.09717310867194451, 0.18264436989203536, -0.004935130291760181, 0.07934047437244018, 0.02894440147031785, -0.26257090937002303, 0.023532455057049928, -0.13917090512070218, -0.01874169956615579, 0.4028203403102707, -0.00582527114541509, 0.2797506332243836, 0.03166285482041109, -0.0826655817591142, 0.35490221441793557], "action_grad": [[0.0, 0.0, 0.0], [0.0, 0.0, 0.0], [0.0, 0.0, 0.0], [0.0, 0.0, 0.0], [0.0, 0.0, 0.0], [0.0, 0.0, 0.0], [0.0, 0.0, 0.0], [0.0, 0.0, 0.0], [0.0, 0.0, 0.0], [0.0, 0.0, 0.0], [0.0, 0.0, 0.0], [0.0, 0.0, 0.0], [0.0, 0.0, 0.0], [0.0, 0.0, 0.0], [0.0, 0.0, 0.0], [0.0, 0.0, 0.0]], "action_params_change": 0, "value_params_change": 0.3436522595236193}
{"iterations": 1, "type_itr": 0, "sub_iteration": 13, "sub_it_time": 0.10272717475891113, "total_time": 1.5332705974578857, "value_loss": 0.42677400564989654, "action_loss": -0.4817179243878622, "action_probs": [[0.9990684685692383, 5.2869740740686115e-06, 0.0009262395551170835, 4.901570481244239e-09], [0.21442855649775586, 0.7330137505760526, 0.01189504642432816, 0.0406626465018632], [0.06432415563345041, 0.005383923227036037, 0.8584405609525365, 0.07185136018697692], [0.14885358320593195, 0.5498709451147412, 0.0641825664819705, 0.2370929051973564], [0.0008220600823839365, 0.00024031022449637527, 0.7729759998407564, 0.22596162985236326], [0.0014263083781222118, 0.21353356600177598, 0.005208922416632998, 0.7798312032034688], [0.006524204565724345, 0.4251743233782533, 0.0085886673655207, 0.5597128046905016], [0.009947597107233709, 0.26930657726375445, 0.02567442046740194, 0.6950714051616098], [0.02825360633525038, 0.8232696390503637, 0.004926470061202751, 0.1435502845531832], [0.538799408660077, 0.2935065103526768, 0.10855800686711065, 0.059136074120135634], [0.00952461942858729, 0.6124309671724834, 0.005789367026037945, 0.37225504637289125], [0.6149475421886019, 0.2703940810505585, 0.07964031638142721, 0.035018060379412456], [0.005826158889279427, 0.012559057124185452, 0.3110675281368883, 0.6705472558496468], [0.4165442613423663, 0.001619478769866714, 0.5795829046107791, 0.0022533552769878843], [0.19522295615716398, 0.7282867500009677, 0.016169468692712095, 0.06032082514915626], [0.00533804165521418, 0.37414364555770124, 0.008728623048474592, 0.61178968973861]], "state_values": [0.42974838052789793, 1.5546364421818097, 1.2520756692719246, 4.7805665266709845, 0.14541140598582705, 0.1988497618012089, -0.21448700376306587, 0.023961205603895062, -0.34538496145508396, -0.6092215332380979, 0.23770890300974248, -0.418638479795556, -0.8296150322686836, 0.5789034133163928, -0.10398006451155217, 2.5180116944869084], "value_grad": [-0.015675858648988017, -0.18661368014230661, 0.18033162232736177, 0.026705249069212622, 0.01565838834830935, -0.05315062878987775, -0.004653188737717473, 0.014474984821444825, -0.09286921638151557, 0.010705927271465465, 0.054409390537110025, 0.01173136087319393, 0.25040106762268355, 0.20412046196763978, 0.21565478196909205, 0.4742115848681982], "action_grad": [[0.0, 0.0, 0.0], [0.0, 0.0, 0.0], [0.0, 0.0, 0.0], [0.0, 0.0, 0.0], [0.0, 0.0, 0.0], [0.0, 0.0, 0.0], [0.0, 0.0, 0.0], [0.0, 0.0, 0.0], [0.0, 0.0, 0.0], [0.0, 0.0, 0.0], [0.0, 0.0, 0.0], [0.0, 0.0, 0.0], [0.0, 0.0, 0.0], [0.0, 0.0, 0.0], [0.0, 0.0, 0.0], [0.0, 0.0, 0.0]], "action_params_change": 0, "value_params_change": 0.3052556989257307}
