{"iterations": 0, "type_itr": 0, "sub_iteration": 0, "sub_it_time": 0, "total_time": 0, "value_loss": 0, "action_loss": 0, "action_probs": [[0.07387099137214112, 0.17611085831248274, 0.2216344281826645, 0.5283837221327117], [0.2718674746483693, 0.4458617015912638, 0.10692090911603698, 0.17534991464433006], [0.024578331803323233, 0.007250791790370054, 0.7476179786283361, 0.22055289777797066], [0.2737066610187628, 2.1901272875681928e-07, 0.7262925388086995, 5.811598088557558e-07], [0.09473955796919546, 0.2636407613787317, 0.16961524293497823, 0.47200443771709466], [0.0003314650667537346, 0.923342717440735, 2.7389898591198766e-05, 0.07629842759391985], [0.6617437898175295, 0.27501759116779456, 0.04467281023645677, 0.01856580877821921], [0.8055905194933103, 0.04577757309317146, 0.1406400551643589, 0.007991852249159406], [0.005593075321425144, 0.21031784584862845, 0.020311474995508488, 0.7637776038344379], [0.5243497042072632, 0.07168390347978941, 0.35538207172738007, 0.04858432058556739], [0.06450941602777212, 0.04421961073115634, 0.5287950395597955, 0.36247593368127606], [0.03297693503217917, 0.18319760120588086, 0.11957079610236875, 0.6642546676595712], [0.5940379424837082, 0.32013822261679914, 0.05576891658967166, 0.030054918309821016], [0.6995257943322511, 0.06530174393657275, 0.21509320057948744, 0.02007926115168844], [0.3000136978669427, 0.09794803565833284, 0.4538620459371738, 0.14817622053755067], [1.701898031415621e-05, 0.9000990829668041, 1.8885586992454981e-06, 0.09988200949418238]], "state_values": [4.354641384796051, -0.5519091878900206, 0.13269362840588378, -4.996419312469989, 0.15915802452987543, 2.3947584134094586, 0.8044135158706311, 0.01837452591231212, 3.183280460460986, 3.8327952322068657, -0.056245701429403876, 2.77744271799232, -4.252718510061622, 4.839669368175185, -4.705731960062112, -3.3428651659301534], "value_grad": [0.0, 0.0, 0.0, 0.0, 0.0, 0.0, 0.0, 0.0, 0.0, 0.0, 0.0, 0.0, 0.0, 0.0, 0.0, 0.0], "action_grad": [[0.0, 0.0, 0.0], [0.0, 0.0, 0.0], [0.0, 0.0, 0.0], [0.0, 0.0, 0.0], [0.0, 0.0, 0.0], [0.0, 0.0, 0.0], [0.0, 0.0, 0.0], [0.0, 0.0, 0.0], [0.0, 0.0, 0.0], [0.0, 0.0, 0.0], [0.0, 0.0, 0.0], [0.0, 0.0, 0.0], [0.0, 0.0, 0.0], [0.0, 0.0, 0.0], [0.0, 0.0, 0.0], [0.0, 0.0, 0.0]], "action_params_change": 0, "value_params_change": 0}
{"iterations": 1, "type_itr": 0, "sub_iteration": 0, "sub_it_time": 0.3757648468017578, "total_time": 0.3785099983215332, "value_loss": 8.769023895263672, "action_loss": -0.6017846465110779, "action_probs": [[0.07387099137214112, 0.17611085831248274, 0.2216344281826645, 0.5283837221327117], [0.2718674746483693, 0.4458617015912638, 0.10692090911603698, 0.17534991464433006], [0.024578331803323233, 0.007250791790370054, 0.7476179786283361, 0.22055289777797066], [0.2737066610187628, 2.1901272875681928e-07, 0.7262925388086995, 5.811598088557558e-07], [0.09473955796919546, 0.2636407613787317, 0.16961524293497823, 0.47200443771709466], [0.0003314650667537346, 0.923342717440735, 2.7389898591198766e-05, 0.07629842759391985], [0.6617437898175295, 0.27501759116779456, 0.04467281023645677, 0.01856580877821921], [0.8055905194933103, 0.04577757309317146, 0.1406400551643589, 0.007991852249159406], [0.005593075321425144, 0.21031784584862845, 0.020311474995508488, 0.7637776038344379], [0.5243497042072632, 0.07168390347978941, 0.35538207172738007, 0.04858432058556739], [0.06450941602777212, 0.04421961073115634, 0.5287950395597955, 0.36247593368127606], [0.03297693503217917, 0.18319760120588086, 0.11957079610236875, 0.6642546676595712], [0.5940379424837082, 0.32013822261679914, 0.05576891658967166, 0.030054918309821016], [0.6995257943322511, 0.06530174393657275, 0.21509320057948744, 0.02007926115168844], [0.3000136978669427, 0.09794803565833284, 0.4538620459371738, 0.14817622053755067], [1.701898031415621e-05, 0.9000990829668041, 1.8885586992454981e-06, 0.09988200949418238]], "state_values": [3.61138209286038, 0.6947089207031439, -1.1080155500592754, -4.887899886697988, 1.3906030974904362, 1.234404168339827, 2.000311981449389, 1.2548147346898617, 2.130394839338097, 2.9192612161422176, -1.2914385091300022, 1.6624869958385275, -3.469957681796706, 4.378470065536675, -4.141330439377567, -2.3190381761844945], "value_grad": [0.1809711456298828, 0.1310749053955078, -0.2669038772583008, 0.21067237854003906, -0.5686559677124023, 0.7227001190185547, -0.1746358871459961, -0.8054647445678711, 0.4217395782470703, 0.21819591522216797, 0.06890487670898438, -0.09108161926269531, -0.6724081039428711, 0.43599605560302734, 0.7674484252929688, -0.5524206161499023], "action_grad": [[0.0, 0.0, 0.0], [0.0, 0.0, 0.0], [0.0, 0.0, 0.0], [0.0, 0.0, 0.0], [0.0, 0.0, 0.0], [0.0, 0.0, 0.0], [0.0, 0.0, 0.0], [0.0, 0.0, 0.0], [0.0, 0.0, 0.0], [0.0, 0.0, 0.0], [0.0, 0.0, 0.0], [0.0, 0.0, 0.0], [0.0, 0.0, 0.0], [0.0, 0.0, 0.0], [0.0, 0.0, 0.0], [0.0, 0.0, 0.0]], "action_params_change": 0, "value_params_change": 0.4999999937924038}
{"iterations": 1, "type_itr": 0, "sub_iteration": 1, "sub_it_time": 0.38987064361572266, "total_time": 0.7717275619506836, "value_loss": 6.34391975402832, "action_loss": -0.5149616599082947, "action_probs": [[0.07387099137214112, 0.17611085831248274, 0.2216344281826645, 0.5283837221327117], [0.2718674746483693, 0.4458617015912638, 0.10692090911603698, 0.17534991464433006], [0.024578331803323233, 0.007250791790370054, 0.7476179786283361, 0.22055289777797066], [0.2737066610187628, 2.1901272875681928e-07, 0.7262925388086995, 5.811598088557558e-07], [0.09473955796919546, 0.2636407613787317, 0.16961524293497823, 0.47200443771709466], [0.0003314650667537346, 0.923342717440735, 2.7389898591198766e-05, 0.07629842759391985], [0.6617437898175295, 0.27501759116779456, 0.04467281023645677, 0.01856580877821921], [0.8055905194933103, 0.04577757309317146, 0.1406400551643589, 0.007991852249159406], [0.005593075321425144, 0.21031784584862845, 0.020311474995508488, 0.7637776038344379], [0.5243497042072632, 0.07168390347978941, 0.35538207172738007, 0.04858432058556739], [0.06450941602777212, 0.04421961073115634, 0.5287950395597955, 0.36247593368127606], [0.03297693503217917, 0.18319760120588086, 0.11957079610236875, 0.6642546676595712], [0.5940379424837082, 0.32013822261679914, 0.05576891658967166, 0.030054918309821016], [0.6995257943322511, 0.06530174393657275, 0.21509320057948744, 0.02007926115168844], [0.3000136978669427, 0.09794803565833284, 0.4538620459371738, 0.14817622053755067], [1.701898031415621e-05, 0.9000990829668041, 1.8885586992454981e-06, 0.09988200949418238]], "state_values": [3.14595595733902, 0.12143433708843242, -0.49920534750560547, -4.492728690615492, 1.7752156644941663, 0.17715180615158854, 1.2361193973041158, 1.966541114346202, 0.9446325415093209, 1.9932361141182615, -0.4585142396133245, 1.9311224561407767, -2.5105482744752976, 3.6843497481443648, -3.320255722130436, -1.3194511682385546], "value_grad": [-0.03722524642944336, -0.34808349609375, 0.7995238304138184, 0.4070882797241211, 0.24235200881958008, 0.21740436553955078, 1.28383207321167, 0.07088422775268555, 0.5128202438354492, 0.06454849243164062, -0.7274527549743652, 0.13147306442260742, -1.3606553077697754, 0.9666357040405273, 0.7452726364135742, -0.17186403274536133], "action_grad": [[0.0, 0.0, 0.0], [0.0, 0.0, 0.0], [0.0, 0.0, 0.0], [0.0, 0.0, 0.0], [0.0, 0.0, 0.0], [0.0, 0.0, 0.0], [0.0, 0.0, 0.0], [0.0, 0.0, 0.0], [0.0, 0.0, 0.0], [0.0, 0.0, 0.0], [0.0, 0.0, 0.0], [0.0, 0.0, 0.0], [0.0, 0.0, 0.0], [0.0, 0.0, 0.0], [0.0, 0.0, 0.0], [0.0, 0.0, 0.0]], "action_params_change": 0, "value_params_change": 0.5001706836343898}
{"iterations": 1, "type_itr": 0, "sub_iteration": 2, "sub_it_time": 0.3677694797515869, "total_time": 1.1415765285491943, "value_loss": 3.5418241024017334, "action_loss": -0.46926817297935486, "action_probs": [[0.07387099137214112, 0.17611085831248274, 0.2216344281826645, 0.5283837221327117], [0.2718674746483693, 0.4458617015912638, 0.10692090911603698, 0.17534991464433006], [0.024578331803323233, 0.007250791790370054, 0.7476179786283361, 0.22055289777797066], [0.2737066610187628, 2.1901272875681928e-07, 0.7262925388086995, 5.811598088557558e-07], [0.09473955796919546, 0.2636407613787317, 0.16961524293497823, 0.47200443771709466], [0.0003314650667537346, 0.923342717440735, 2.7389898591198766e-05, 0.07629842759391985], [0.6617437898175295, 0.27501759116779456, 0.04467281023645677, 0.01856580877821921], [0.8055905194933103, 0.04577757309317146, 0.1406400551643589, 0.007991852249159406], [0.005593075321425144, 0.21031784584862845, 0.020311474995508488, 0.7637776038344379], [0.5243497042072632, 0.07168390347978941, 0.35538207172738007, 0.04858432058556739], [0.06450941602777212, 0.04421961073115634, 0.5287950395597955, 0.36247593368127606], [0.03297693503217917, 0.18319760120588086, 0.11957079610236875, 0.6642546676595712], [0.5940379424837082, 0.32013822261679914, 0.05576891658967166, 0.030054918309821016], [0.6995257943322511, 0.06530174393657275, 0.21509320057948744, 0.02007926115168844], [0.3000136978669427, 0.09794803565833284, 0.4538620459371738, 0.14817622053755067], [1.701898031415621e-05, 0.9000990829668041, 1.8885586992454981e-06, 0.09988200949418238]], "state_values": [2.3954770838274797, 0.60432655428438, 0.22250441417737502, -3.8443239620458223, 1.7687120946912016, -0.7032322996794973, 0.5202860890382693, 2.2598101457843542, -0.28735065166518337, 0.9369132082722785, 0.3952554745887637, 1.7418910905842944, -1.3870232712209978, 2.781526491850595, -2.2998660242530673, -0.7643592671621459], "value_grad": [0.175032377243042, 0.6739916801452637, 0.3084840774536133, 0.23403573036193848, 0.2482919692993164, 0.05464792251586914, 0.17740797996520996, 0.24631190299987793, 0.7551722526550293, 0.3829319477081299, -0.21661138534545898, -0.0914762020111084, -1.1531522274017334, 0.5837042331695557, 1.1618638038635254, 0.17305207252502441], "action_grad": [[0.0, 0.0, 0.0], [0.0, 0.0, 0.0], [0.0, 0.0, 0.0], [0.0, 0.0, 0.0], [0.0, 0.0, 0.0], [0.0, 0.0, 0.0], [0.0, 0.0, 0.0], [0.0, 0.0, 0.0], [0.0, 0.0, 0.0], [0.0, 0.0, 0.0], [0.0, 0.0, 0.0], [0.0, 0.0, 0.0], [0.0, 0.0, 0.0], [0.0, 0.0, 0.0], [0.0, 0.0, 0.0], [0.0, 0.0, 0.0]], "action_params_change": 0, "value_params_change": 0.4965180522513837}
{"iterations": 1, "type_itr": 0, "sub_iteration": 3, "sub_it_time": 0.3601722717285156, "total_time": 1.504833698272705, "value_loss": 2.192255973815918, "action_loss": -0.43011265993118286, "action_probs": [[0.07387099137214112, 0.17611085831248274, 0.2216344281826645, 0.5283837221327117], [0.2718674746483693, 0.4458617015912638, 0.10692090911603698, 0.17534991464433006], [0.024578331803323233, 0.007250791790370054, 0.7476179786283361, 0.22055289777797066], [0.2737066610187628, 2.1901272875681928e-07, 0.7262925388086995, 5.811598088557558e-07], [0.09473955796919546, 0.2636407613787317, 0.16961524293497823, 0.47200443771709466], [0.0003314650667537346, 0.923342717440735, 2.7389898591198766e-05, 0.07629842759391985], [0.6617437898175295, 0.27501759116779456, 0.04467281023645677, 0.01856580877821921], [0.8055905194933103, 0.04577757309317146, 0.1406400551643589, 0.007991852249159406], [0.005593075321425144, 0.21031784584862845, 0.020311474995508488, 0.7637776038344379], [0.5243497042072632, 0.07168390347978941, 0.35538207172738007, 0.04858432058556739], [0.06450941602777212, 0.04421961073115634, 0.5287950395597955, 0.36247593368127606], [0.03297693503217917, 0.18319760120588086, 0.11957079610236875, 0.6642546676595712], [0.5940379424837082, 0.32013822261679914, 0.05576891658967166, 0.030054918309821016], [0.6995257943322511, 0.06530174393657275, 0.21509320057948744, 0.02007926115168844], [0.3000136978669427, 0.09794803565833284, 0.4538620459371738, 0.14817622053755067], [1.701898031415621e-05, 0.9000990829668041, 1.8885586992454981e-06, 0.09988200949418238]], "state_values": [2.123304200630337, 1.0445745727502782, 0.49334029715297706, -2.987177143511258, 1.4570559589279528, -0.6834054618845682, 0.26297660886671814, 2.314121962991516, -0.956773812616763, 0.05614517180128433, 0.7177833451105331, 1.059763928245075, -0.2950198758572902, 1.6992428200488672, -1.1940939505501458, -0.018819093246629327], "value_grad": [-0.13780784606933594, 0.05385613441467285, -0.36828017234802246, 0.21304810047149658, 0.33184814453125, -0.7820999622344971, -0.5662803649902344, 0.23443222045898438, -0.3979799747467041, -0.012672185897827148, 0.3579845428466797, -0.3152158260345459, -0.3219480514526367, 0.8117998838424683, 0.4795560836791992, -0.3148198127746582], "action_grad": [[0.0, 0.0, 0.0], [0.0, 0.0, 0.0], [0.0, 0.0, 0.0], [0.0, 0.0, 0.0], [0.0, 0.0, 0.0], [0.0, 0.0, 0.0], [0.0, 0.0, 0.0], [0.0, 0.0, 0.0], [0.0, 0.0, 0.0], [0.0, 0.0, 0.0], [0.0, 0.0, 0.0], [0.0, 0.0, 0.0], [0.0, 0.0, 0.0], [0.0, 0.0, 0.0], [0.0, 0.0, 0.0], [0.0, 0.0, 0.0]], "action_params_change": 0, "value_params_change": 0.48635413306024344}
{"iterations": 1, "type_itr": 0, "sub_iteration": 4, "sub_it_time": 0.39278674125671387, "total_time": 1.900491714477539, "value_loss": 1.6006321907043457, "action_loss": -0.37331730127334595, "action_probs": [[0.07387099137214112, 0.17611085831248274, 0.2216344281826645, 0.5283837221327117], [0.2718674746483693, 0.4458617015912638, 0.10692090911603698, 0.17534991464433006], [0.024578331803323233, 0.007250791790370054, 0.7476179786283361, 0.22055289777797066], [0.2737066610187628, 2.1901272875681928e-07, 0.7262925388086995, 5.811598088557558e-07], [0.09473955796919546, 0.2636407613787317, 0.16961524293497823, 0.47200443771709466], [0.0003314650667537346, 0.923342717440735, 2.7389898591198766e-05, 0.07629842759391985], [0.6617437898175295, 0.27501759116779456, 0.04467281023645677, 0.01856580877821921], [0.8055905194933103, 0.04577757309317146, 0.1406400551643589, 0.007991852249159406], [0.005593075321425144, 0.21031784584862845, 0.020311474995508488, 0.7637776038344379], [0.5243497042072632, 0.07168390347978941, 0.35538207172738007, 0.04858432058556739], [0.06450941602777212, 0.04421961073115634, 0.5287950395597955, 0.36247593368127606], [0.03297693503217917, 0.18319760120588086, 0.11957079610236875, 0.6642546676595712], [0.5940379424837082, 0.32013822261679914, 0.05576891658967166, 0.030054918309821016], [0.6995257943322511, 0.06530174393657275, 0.21509320057948744, 0.02007926115168844], [0.3000136978669427, 0.09794803565833284, 0.4538620459371738, 0.14817622053755067], [1.701898031415621e-05, 0.9000990829668041, 1.8885586992454981e-06, 0.09988200949418238]], "state_values": [1.4451151824433675, 1.3824537474574854, 0.7625299935783804, -2.090901723061866, 0.9369080715196132, -0.25644971892112534, -0.005184489342140823, 2.1102263435475104, -1.3571823688694715, -0.4614014657411844, 0.7782993395618217, 0.2639421057928025, 0.8105357792903812, 0.5545932436299233, -0.025662804704264772, 0.10376777839288366], "value_grad": [0.6173641085624695, -0.03247201442718506, 0.060191988945007324, 1.1757240295410156, 0.33858001232147217, -0.8355599045753479, 0.10612797737121582, 0.3853079080581665, -0.23641204833984375, -0.13543188571929932, 0.2593801021575928, -0.13820397853851318, -0.6648843288421631, 0.4268879294395447, 0.6423120498657227, 0.4811398983001709], "action_grad": [[0.0, 0.0, 0.0], [0.0, 0.0, 0.0], [0.0, 0.0, 0.0], [0.0, 0.0, 0.0], [0.0, 0.0, 0.0], [0.0, 0.0, 0.0], [0.0, 0.0, 0.0], [0.0, 0.0, 0.0], [0.0, 0.0, 0.0], [0.0, 0.0, 0.0], [0.0, 0.0, 0.0], [0.0, 0.0, 0.0], [0.0, 0.0, 0.0], [0.0, 0.0, 0.0], [0.0, 0.0, 0.0], [0.0, 0.0, 0.0]], "action_params_change": 0, "value_params_change": 0.4720333551621527}
{"iterations": 1, "type_itr": 0, "sub_iteration": 5, "sub_it_time": 0.39696431159973145, "total_time": 2.3002307415008545, "value_loss": 0.7238879799842834, "action_loss": -0.2907865047454834, "action_probs": [[0.07387099137214112, 0.17611085831248274, 0.2216344281826645, 0.5283837221327117], [0.2718674746483693, 0.4458617015912638, 0.10692090911603698, 0.17534991464433006], [0.024578331803323233, 0.007250791790370054, 0.7476179786283361, 0.22055289777797066], [0.2737066610187628, 2.1901272875681928e-07, 0.7262925388086995, 5.811598088557558e-07], [0.09473955796919546, 0.2636407613787317, 0.16961524293497823, 0.47200443771709466], [0.0003314650667537346, 0.923342717440735, 2.7389898591198766e-05, 0.07629842759391985], [0.6617437898175295, 0.27501759116779456, 0.04467281023645677, 0.01856580877821921], [0.8055905194933103, 0.04577757309317146, 0.1406400551643589, 0.007991852249159406], [0.005593075321425144, 0.21031784584862845, 0.020311474995508488, 0.7637776038344379], [0.5243497042072632, 0.07168390347978941, 0.35538207172738007, 0.04858432058556739], [0.06450941602777212, 0.04421961073115634, 0.5287950395597955, 0.36247593368127606], [0.03297693503217917, 0.18319760120588086, 0.11957079610236875, 0.6642546676595712], [0.5940379424837082, 0.32013822261679914, 0.05576891658967166, 0.030054918309821016], [0.6995257943322511, 0.06530174393657275, 0.21509320057948744, 0.02007926115168844], [0.3000136978669427, 0.09794803565833284, 0.4538620459371738, 0.14817622053755067], [1.701898031415621e-05, 0.9000990829668041, 1.8885586992454981e-06, 0.09988200949418238]], "state_values": [1.059899756192008, 1.7336910537013808, 1.1803855306737683, -1.0490652489511862, 0.1680853591192859, 0.4235212286482844, 0.11480136969784976, 1.9064387132554261, -1.377111068211738, -1.161820066429964, 0.660004888985541, -0.6479383397698321, 1.6060054298148316, -0.5351751588137457, 1.0631086842169908, 0.2288571804919392], "value_grad": [-0.21779990196228027, 0.08474409580230713, 0.3191758990287781, 0.6827040314674377, 0.6914159059524536, -0.9812880158424377, -0.8066519498825073, 0.03920412063598633, -0.5615280270576477, 0.26373594999313354, 0.23799598217010498, -0.1991879940032959, 0.3789718747138977, 0.1999800205230713, 0.2447279691696167, -0.02494800090789795], "action_grad": [[0.0, 0.0, 0.0], [0.0, 0.0, 0.0], [0.0, 0.0, 0.0], [0.0, 0.0, 0.0], [0.0, 0.0, 0.0], [0.0, 0.0, 0.0], [0.0, 0.0, 0.0], [0.0, 0.0, 0.0], [0.0, 0.0, 0.0], [0.0, 0.0, 0.0], [0.0, 0.0, 0.0], [0.0, 0.0, 0.0], [0.0, 0.0, 0.0], [0.0, 0.0, 0.0], [0.0, 0.0, 0.0], [0.0, 0.0, 0.0]], "action_params_change": 0, "value_params_change": 0.440114843709289}
{"iterations": 1, "type_itr": 0, "sub_iteration": 6, "sub_it_time": 0.35968613624572754, "total_time": 2.661790132522583, "value_loss": 0.6359760165214539, "action_loss": -0.2592918872833252, "action_probs": [[0.07387099137214112, 0.17611085831248274, 0.2216344281826645, 0.5283837221327117], [0.2718674746483693, 0.4458617015912638, 0.10692090911603698, 0.17534991464433006], [0.024578331803323233, 0.007250791790370054, 0.7476179786283361, 0.22055289777797066], [0.2737066610187628, 2.1901272875681928e-07, 0.7262925388086995, 5.811598088557558e-07], [0.09473955796919546, 0.2636407613787317, 0.16961524293497823, 0.47200443771709466], [0.0003314650667537346, 0.923342717440735, 2.7389898591198766e-05, 0.07629842759391985], [0.6617437898175295, 0.27501759116779456, 0.04467281023645677, 0.01856580877821921], [0.8055905194933103, 0.04577757309317146, 0.1406400551643589, 0.007991852249159406], [0.005593075321425144, 0.21031784584862845, 0.020311474995508488, 0.7637776038344379], [0.5243497042072632, 0.07168390347978941, 0.35538207172738007, 0.04858432058556739], [0.06450941602777212, 0.04421961073115634, 0.5287950395597955, 0.36247593368127606], [0.03297693503217917, 0.18319760120588086, 0.11957079610236875, 0.6642546676595712], [0.5940379424837082, 0.32013822261679914, 0.05576891658967166, 0.030054918309821016], [0.6995257943322511, 0.06530174393657275, 0.21509320057948744, 0.02007926115168844], [0.3000136978669427, 0.09794803565833284, 0.4538620459371738, 0.14817622053755067], [1.701898031415621e-05, 0.9000990829668041, 1.8885586992454981e-06, 0.09988200949418238]], "state_values": [0.4566012046139069, 2.0406838891856, 1.7170637372303523, 0.06116114247906526, -0.6320984647478516, 1.0522789068956482, 0.2555318421994689, 1.8545503747970866, -1.2610286046670318, -1.6405483933076612, 0.22407067211268736, -1.2808764933238428, 2.011828579592023, -1.3482367153377697, 2.0085573878411194, 0.25181012525065966], "value_grad": [0.3960000276565552, 0.010691940784454346, 0.359171986579895, 0.5258880257606506, 0.2482919692993164, -0.11523604393005371, -0.09385192394256592, -0.20710796117782593, -0.27680420875549316, -0.0958319902420044, 0.6066719889640808, 0.09504002332687378, 0.81576007604599, -0.27007198333740234, 0.11167192459106445, 0.11325597763061523], "action_grad": [[0.0, 0.0, 0.0], [0.0, 0.0, 0.0], [0.0, 0.0, 0.0], [0.0, 0.0, 0.0], [0.0, 0.0, 0.0], [0.0, 0.0, 0.0], [0.0, 0.0, 0.0], [0.0, 0.0, 0.0], [0.0, 0.0, 0.0], [0.0, 0.0, 0.0], [0.0, 0.0, 0.0], [0.0, 0.0, 0.0], [0.0, 0.0, 0.0], [0.0, 0.0, 0.0], [0.0, 0.0, 0.0], [0.0, 0.0, 0.0]], "action_params_change": 0, "value_params_change": 0.44723256645710174}
{"iterations": 1, "type_itr": 0, "sub_iteration": 7, "sub_it_time": 0.3564014434814453, "total_time": 3.020320415496826, "value_loss": 1.3511520624160767, "action_loss": -0.2684016227722168, "action_probs": [[0.07387099137214112, 0.17611085831248274, 0.2216344281826645, 0.5283837221327117], [0.2718674746483693, 0.4458617015912638, 0.10692090911603698, 0.17534991464433006], [0.024578331803323233, 0.007250791790370054, 0.7476179786283361, 0.22055289777797066], [0.2737066610187628, 2.1901272875681928e-07, 0.7262925388086995, 5.811598088557558e-07], [0.09473955796919546, 0.2636407613787317, 0.16961524293497823, 0.47200443771709466], [0.0003314650667537346, 0.923342717440735, 2.7389898591198766e-05, 0.07629842759391985], [0.6617437898175295, 0.27501759116779456, 0.04467281023645677, 0.01856580877821921], [0.8055905194933103, 0.04577757309317146, 0.1406400551643589, 0.007991852249159406], [0.005593075321425144, 0.21031784584862845, 0.020311474995508488, 0.7637776038344379], [0.5243497042072632, 0.07168390347978941, 0.35538207172738007, 0.04858432058556739], [0.06450941602777212, 0.04421961073115634, 0.5287950395597955, 0.36247593368127606], [0.03297693503217917, 0.18319760120588086, 0.11957079610236875, 0.6642546676595712], [0.5940379424837082, 0.32013822261679914, 0.05576891658967166, 0.030054918309821016], [0.6995257943322511, 0.06530174393657275, 0.21509320057948744, 0.02007926115168844], [0.3000136978669427, 0.09794803565833284, 0.4538620459371738, 0.14817622053755067], [1.701898031415621e-05, 0.9000990829668041, 1.8885586992454981e-06, 0.09988200949418238]], "state_values": [0.34880377048763545, 1.9209229791306848, 2.003540865099761, 1.120963849009347, -1.3639627273767008, 1.5936111431232087, 0.4946896364381555, 1.605438576610693, -1.0677771410039454, -2.0899657588084066, -0.02263882699223493, -1.234330417263974, 2.2158366850943856, -1.9322435188684428, 2.4892785457215845, 0.3741444272713515], "value_grad": [-0.5389560461044312, -0.567863941192627, -0.30373191833496094, 0.24314403533935547, 0.07524001598358154, -0.002376079559326172, -0.31798791885375977, 0.3702598810195923, -0.1944359540939331, 0.04039180278778076, -0.2356201410293579, 0.4609442949295044, 0.5468759536743164, -0.25898420810699463, -0.8213040828704834, -0.1409759521484375], "action_grad": [[0.0, 0.0, 0.0], [0.0, 0.0, 0.0], [0.0, 0.0, 0.0], [0.0, 0.0, 0.0], [0.0, 0.0, 0.0], [0.0, 0.0, 0.0], [0.0, 0.0, 0.0], [0.0, 0.0, 0.0], [0.0, 0.0, 0.0], [0.0, 0.0, 0.0], [0.0, 0.0, 0.0], [0.0, 0.0, 0.0], [0.0, 0.0, 0.0], [0.0, 0.0, 0.0], [0.0, 0.0, 0.0], [0.0, 0.0, 0.0]], "action_params_change": 0, "value_params_change": 0.42776421695441424}
{"iterations": 1, "type_itr": 0, "sub_iteration": 8, "sub_it_time": 0.3641090393066406, "total_time": 3.3864519596099854, "value_loss": 2.3625359535217285, "action_loss": -0.24989239871501923, "action_probs": [[0.07387099137214112, 0.17611085831248274, 0.2216344281826645, 0.5283837221327117], [0.2718674746483693, 0.4458617015912638, 0.10692090911603698, 0.17534991464433006], [0.024578331803323233, 0.007250791790370054, 0.7476179786283361, 0.22055289777797066], [0.2737066610187628, 2.1901272875681928e-07, 0.7262925388086995, 5.811598088557558e-07], [0.09473955796919546, 0.2636407613787317, 0.16961524293497823, 0.47200443771709466], [0.0003314650667537346, 0.923342717440735, 2.7389898591198766e-05, 0.07629842759391985], [0.6617437898175295, 0.27501759116779456, 0.04467281023645677, 0.01856580877821921], [0.8055905194933103, 0.04577757309317146, 0.1406400551643589, 0.007991852249159406], [0.005593075321425144, 0.21031784584862845, 0.020311474995508488, 0.7637776038344379], [0.5243497042072632, 0.07168390347978941, 0.35538207172738007, 0.04858432058556739], [0.06450941602777212, 0.04421961073115634, 0.5287950395597955, 0.36247593368127606], [0.03297693503217917, 0.18319760120588086, 0.11957079610236875, 0.6642546676595712], [0.5940379424837082, 0.32013822261679914, 0.05576891658967166, 0.030054918309821016], [0.6995257943322511, 0.06530174393657275, 0.21509320057948744, 0.02007926115168844], [0.3000136978669427, 0.09794803565833284, 0.4538620459371738, 0.14817622053755067], [1.701898031415621e-05, 0.9000990829668041, 1.8885586992454981e-06, 0.09988200949418238]], "state_values": [-0.12359970243117059, 1.6060078941058973, 2.1364985288830196, 2.1604678574154024, -1.4077712126787743, 1.7859971293535224, 0.8296869075276326, 1.4800253548564148, -0.8062169836552273, -1.9221969406379713, -0.4247285441132478, -0.9604719271819984, 2.111007298375549, -2.101765616405872, 2.6494482133126147, 0.5517755832610888], "value_grad": [0.8478362560272217, -0.38887202739715576, -0.22968029975891113, 0.5916240215301514, -1.0791001319885254, 0.757943868637085, -0.3635280132293701, -0.1746358871459961, -0.19522833824157715, -0.6332039833068848, 0.37659597396850586, 0.27640771865844727, 1.2470040321350098, -0.8688238859176636, -0.8803080320358276, -0.09860372543334961], "action_grad": [[0.0, 0.0, 0.0], [0.0, 0.0, 0.0], [0.0, 0.0, 0.0], [0.0, 0.0, 0.0], [0.0, 0.0, 0.0], [0.0, 0.0, 0.0], [0.0, 0.0, 0.0], [0.0, 0.0, 0.0], [0.0, 0.0, 0.0], [0.0, 0.0, 0.0], [0.0, 0.0, 0.0], [0.0, 0.0, 0.0], [0.0, 0.0, 0.0], [0.0, 0.0, 0.0], [0.0, 0.0, 0.0], [0.0, 0.0, 0.0]], "action_params_change": 0, "value_params_change": 0.4413966413897552}
{"iterations": 1, "type_itr": 0, "sub_iteration": 9, "sub_it_time": 0.3566932678222656, "total_time": 3.7450804710388184, "value_loss": 2.488463878631592, "action_loss": -0.3480527400970459, "action_probs": [[0.07387099137214112, 0.17611085831248274, 0.2216344281826645, 0.5283837221327117], [0.2718674746483693, 0.4458617015912638, 0.10692090911603698, 0.17534991464433006], [0.024578331803323233, 0.007250791790370054, 0.7476179786283361, 0.22055289777797066], [0.2737066610187628, 2.1901272875681928e-07, 0.7262925388086995, 5.811598088557558e-07], [0.09473955796919546, 0.2636407613787317, 0.16961524293497823, 0.47200443771709466], [0.0003314650667537346, 0.923342717440735, 2.7389898591198766e-05, 0.07629842759391985], [0.6617437898175295, 0.27501759116779456, 0.04467281023645677, 0.01856580877821921], [0.8055905194933103, 0.04577757309317146, 0.1406400551643589, 0.007991852249159406], [0.005593075321425144, 0.21031784584862845, 0.020311474995508488, 0.7637776038344379], [0.5243497042072632, 0.07168390347978941, 0.35538207172738007, 0.04858432058556739], [0.06450941602777212, 0.04421961073115634, 0.5287950395597955, 0.36247593368127606], [0.03297693503217917, 0.18319760120588086, 0.11957079610236875, 0.6642546676595712], [0.5940379424837082, 0.32013822261679914, 0.05576891658967166, 0.030054918309821016], [0.6995257943322511, 0.06530174393657275, 0.21509320057948744, 0.02007926115168844], [0.3000136978669427, 0.09794803565833284, 0.4538620459371738, 0.14817622053755067], [1.701898031415621e-05, 0.9000990829668041, 1.8885586992454981e-06, 0.09988200949418238]], "state_values": [-0.4747359600547112, 1.4614124895157126, 2.0242003010386056, 3.0084299787076723, -1.1661136893428474, 1.6612959530787215, 1.2618591710293572, 1.2079897374061852, -0.6701935807863235, -2.0206924512665574, -0.5008949898674381, -0.6736918709175546, 1.7782978084368202, -1.959439167730142, 2.5994464789290403, 0.7507969154288813], "value_grad": [-0.14493584632873535, 0.24670791625976562, -0.5017321109771729, 0.025739669799804688, -0.8248679637908936, 1.0200963020324707, -0.43599581718444824, 0.3088798522949219, 0.21067214012145996, 0.3880798816680908, -0.5361838340759277, 0.04712390899658203, 1.2889801263809204, -1.0216799974441528, -0.8157598972320557, -0.059400081634521484], "action_grad": [[0.0, 0.0, 0.0], [0.0, 0.0, 0.0], [0.0, 0.0, 0.0], [0.0, 0.0, 0.0], [0.0, 0.0, 0.0], [0.0, 0.0, 0.0], [0.0, 0.0, 0.0], [0.0, 0.0, 0.0], [0.0, 0.0, 0.0], [0.0, 0.0, 0.0], [0.0, 0.0, 0.0], [0.0, 0.0, 0.0], [0.0, 0.0, 0.0], [0.0, 0.0, 0.0], [0.0, 0.0, 0.0], [0.0, 0.0, 0.0]], "action_params_change": 0, "value_params_change": 0.3975946210286674}
{"iterations": 1, "type_itr": 0, "sub_iteration": 10, "sub_it_time": 0.3281521797180176, "total_time": 4.075134038925171, "value_loss": 2.060784101486206, "action_loss": -0.36453360319137573, "action_probs": [[0.07387099137214112, 0.17611085831248274, 0.2216344281826645, 0.5283837221327117], [0.2718674746483693, 0.4458617015912638, 0.10692090911603698, 0.17534991464433006], [0.024578331803323233, 0.007250791790370054, 0.7476179786283361, 0.22055289777797066], [0.2737066610187628, 2.1901272875681928e-07, 0.7262925388086995, 5.811598088557558e-07], [0.09473955796919546, 0.2636407613787317, 0.16961524293497823, 0.47200443771709466], [0.0003314650667537346, 0.923342717440735, 2.7389898591198766e-05, 0.07629842759391985], [0.6617437898175295, 0.27501759116779456, 0.04467281023645677, 0.01856580877821921], [0.8055905194933103, 0.04577757309317146, 0.1406400551643589, 0.007991852249159406], [0.005593075321425144, 0.21031784584862845, 0.020311474995508488, 0.7637776038344379], [0.5243497042072632, 0.07168390347978941, 0.35538207172738007, 0.04858432058556739], [0.06450941602777212, 0.04421961073115634, 0.5287950395597955, 0.36247593368127606], [0.03297693503217917, 0.18319760120588086, 0.11957079610236875, 0.6642546676595712], [0.5940379424837082, 0.32013822261679914, 0.05576891658967166, 0.030054918309821016], [0.6995257943322511, 0.06530174393657275, 0.21509320057948744, 0.02007926115168844], [0.3000136978669427, 0.09794803565833284, 0.4538620459371738, 0.14817622053755067], [1.701898031415621e-05, 0.9000990829668041, 1.8885586992454981e-06, 0.09988200949418238]], "state_values": [-0.8170904550995159, 1.1823569125301607, 1.941574397741798, 3.7695950923009494, -0.7065045348136645, 1.4955104134750605, 1.579268307754035, 0.822472155733231, -0.66623628620488, -1.935401601252716, -0.49143317833047095, -0.4556289666379767, 1.3625646844684838, -1.616946238811606, 2.3154218593853333, 0.7109836910416674], "value_grad": [0.06573629379272461, -0.28908002376556396, 0.042768001556396484, 0.6035041809082031, -0.863280177116394, 0.19760417938232422, 0.18493199348449707, 0.2803680896759033, 0.25977611541748047, -0.29541611671447754, -0.16790378093719482, -0.04712414741516113, 0.5955837965011597, -0.89060378074646, -1.2050280570983887, 0.3171958923339844], "action_grad": [[0.0, 0.0, 0.0], [0.0, 0.0, 0.0], [0.0, 0.0, 0.0], [0.0, 0.0, 0.0], [0.0, 0.0, 0.0], [0.0, 0.0, 0.0], [0.0, 0.0, 0.0], [0.0, 0.0, 0.0], [0.0, 0.0, 0.0], [0.0, 0.0, 0.0], [0.0, 0.0, 0.0], [0.0, 0.0, 0.0], [0.0, 0.0, 0.0], [0.0, 0.0, 0.0], [0.0, 0.0, 0.0], [0.0, 0.0, 0.0]], "action_params_change": 0, "value_params_change": 0.416793755558605}
{"iterations": 1, "type_itr": 0, "sub_iteration": 11, "sub_it_time": 0.33973121643066406, "total_time": 4.416872501373291, "value_loss": 1.6073640584945679, "action_loss": -0.3736976087093353, "action_probs": [[0.07387099137214112, 0.17611085831248274, 0.2216344281826645, 0.5283837221327117], [0.2718674746483693, 0.4458617015912638, 0.10692090911603698, 0.17534991464433006], [0.024578331803323233, 0.007250791790370054, 0.7476179786283361, 0.22055289777797066], [0.2737066610187628, 2.1901272875681928e-07, 0.7262925388086995, 5.811598088557558e-07], [0.09473955796919546, 0.2636407613787317, 0.16961524293497823, 0.47200443771709466], [0.0003314650667537346, 0.923342717440735, 2.7389898591198766e-05, 0.07629842759391985], [0.6617437898175295, 0.27501759116779456, 0.04467281023645677, 0.01856580877821921], [0.8055905194933103, 0.04577757309317146, 0.1406400551643589, 0.007991852249159406], [0.005593075321425144, 0.21031784584862845, 0.020311474995508488, 0.7637776038344379], [0.5243497042072632, 0.07168390347978941, 0.35538207172738007, 0.04858432058556739], [0.06450941602777212, 0.04421961073115634, 0.5287950395597955, 0.36247593368127606], [0.03297693503217917, 0.18319760120588086, 0.11957079610236875, 0.6642546676595712], [0.5940379424837082, 0.32013822261679914, 0.05576891658967166, 0.030054918309821016], [0.6995257943322511, 0.06530174393657275, 0.21509320057948744, 0.02007926115168844], [0.3000136978669427, 0.09794803565833284, 0.4538620459371738, 0.14817622053755067], [1.701898031415621e-05, 0.9000990829668041, 1.8885586992454981e-06, 0.09988200949418238]], "state_values": [-1.2080685891602059, 0.8038627988332435, 1.7171490058840273, 4.3848828606636285, -0.40284276660696117, 1.225369635374999, 1.7655634778218852, 0.35796275535795713, -0.7356736532677988, -1.7044298310309423, -0.1569869206744801, -0.4518441548641813, 0.8744533161320565, -1.084659070399609, 1.871749786086434, 0.9146161995622525], "value_grad": [0.20275211334228516, -0.24868786334991455, -0.3524399995803833, 0.5848919153213501, 0.3564000129699707, 0.4581719636917114, 0.2867041826248169, 0.23363983631134033, 0.1651320457458496, -0.28036797046661377, -0.8486281633377075, -0.22532415390014648, 0.5742001533508301, -1.0474201440811157, -0.9923763275146484, -0.3967921733856201], "action_grad": [[0.0, 0.0, 0.0], [0.0, 0.0, 0.0], [0.0, 0.0, 0.0], [0.0, 0.0, 0.0], [0.0, 0.0, 0.0], [0.0, 0.0, 0.0], [0.0, 0.0, 0.0], [0.0, 0.0, 0.0], [0.0, 0.0, 0.0], [0.0, 0.0, 0.0], [0.0, 0.0, 0.0], [0.0, 0.0, 0.0], [0.0, 0.0, 0.0], [0.0, 0.0, 0.0], [0.0, 0.0, 0.0], [0.0, 0.0, 0.0]], "action_params_change": 0, "value_params_change": 0.4310532858402043}
{"iterations": 1, "type_itr": 0, "sub_iteration": 12, "sub_it_time": 0.33662939071655273, "total_time": 4.755634546279907, "value_loss": 0.9199080467224121, "action_loss": -0.32981523871421814, "action_probs": [[0.07387099137214112, 0.17611085831248274, 0.2216344281826645, 0.5283837221327117], [0.2718674746483693, 0.4458617015912638, 0.10692090911603698, 0.17534991464433006], [0.024578331803323233, 0.007250791790370054, 0.7476179786283361, 0.22055289777797066], [0.2737066610187628, 2.1901272875681928e-07, 0.7262925388086995, 5.811598088557558e-07], [0.09473955796919546, 0.2636407613787317, 0.16961524293497823, 0.47200443771709466], [0.0003314650667537346, 0.923342717440735, 2.7389898591198766e-05, 0.07629842759391985], [0.6617437898175295, 0.27501759116779456, 0.04467281023645677, 0.01856580877821921], [0.8055905194933103, 0.04577757309317146, 0.1406400551643589, 0.007991852249159406], [0.005593075321425144, 0.21031784584862845, 0.020311474995508488, 0.7637776038344379], [0.5243497042072632, 0.07168390347978941, 0.35538207172738007, 0.04858432058556739], [0.06450941602777212, 0.04421961073115634, 0.5287950395597955, 0.36247593368127606], [0.03297693503217917, 0.18319760120588086, 0.11957079610236875, 0.6642546676595712], [0.5940379424837082, 0.32013822261679914, 0.05576891658967166, 0.030054918309821016], [0.6995257943322511, 0.06530174393657275, 0.21509320057948744, 0.02007926115168844], [0.3000136978669427, 0.09794803565833284, 0.4538620459371738, 0.14817622053755067], [1.701898031415621e-05, 0.9000990829668041, 1.8885586992454981e-06, 0.09988200949418238]], "state_values": [-1.560691195218521, 0.251209666968119, 1.6092944512169478, 4.763431345956149, -0.08136809613856495, 0.9238468940502563, 1.7609261814659247, -0.09855607771479884, -0.782750463518204, -1.5775598662399217, 0.10316340845373424, -0.8249367962209457, 0.3418437558208828, -0.4119472406509417, 1.2837850204395544, 0.8634113383615256], "value_grad": [0.015443921089172363, -0.4795560836791992, 0.21859192848205566, -0.0289078950881958, -0.15562808513641357, 0.20512795448303223, 0.5456880927085876, 0.06890392303466797, -0.03484797477722168, 0.14651989936828613, 0.10691994428634644, -0.5955841541290283, 0.45777595043182373, -0.9472318887710571, -1.010591983795166, 0.4003560543060303], "action_grad": [[0.0, 0.0, 0.0], [0.0, 0.0, 0.0], [0.0, 0.0, 0.0], [0.0, 0.0, 0.0], [0.0, 0.0, 0.0], [0.0, 0.0, 0.0], [0.0, 0.0, 0.0], [0.0, 0.0, 0.0], [0.0, 0.0, 0.0], [0.0, 0.0, 0.0], [0.0, 0.0, 0.0], [0.0, 0.0, 0.0], [0.0, 0.0, 0.0], [0.0, 0.0, 0.0], [0.0, 0.0, 0.0], [0.0, 0.0, 0.0]], "action_params_change": 0, "value_params_change": 0.3848415921249284}
{"iterations": 1, "type_itr": 0, "sub_iteration": 13, "sub_it_time": 0.34397053718566895, "total_time": 5.101348876953125, "value_loss": 0.8034840822219849, "action_loss": -0.23587466776371002, "action_probs": [[0.07387099137214112, 0.17611085831248274, 0.2216344281826645, 0.5283837221327117], [0.2718674746483693, 0.4458617015912638, 0.10692090911603698, 0.17534991464433006], [0.024578331803323233, 0.007250791790370054, 0.7476179786283361, 0.22055289777797066], [0.2737066610187628, 2.1901272875681928e-07, 0.7262925388086995, 5.811598088557558e-07], [0.09473955796919546, 0.2636407613787317, 0.16961524293497823, 0.47200443771709466], [0.0003314650667537346, 0.923342717440735, 2.7389898591198766e-05, 0.07629842759391985], [0.6617437898175295, 0.27501759116779456, 0.04467281023645677, 0.01856580877821921], [0.8055905194933103, 0.04577757309317146, 0.1406400551643589, 0.007991852249159406], [0.005593075321425144, 0.21031784584862845, 0.020311474995508488, 0.7637776038344379], [0.5243497042072632, 0.07168390347978941, 0.35538207172738007, 0.04858432058556739], [0.06450941602777212, 0.04421961073115634, 0.5287950395597955, 0.36247593368127606], [0.03297693503217917, 0.18319760120588086, 0.11957079610236875, 0.6642546676595712], [0.5940379424837082, 0.32013822261679914, 0.05576891658967166, 0.030054918309821016], [0.6995257943322511, 0.06530174393657275, 0.21509320057948744, 0.02007926115168844], [0.3000136978669427, 0.09794803565833284, 0.4538620459371738, 0.14817622053755067], [1.701898031415621e-05, 0.9000990829668041, 1.8885586992454981e-06, 0.09988200949418238]], "state_values": [-1.8953625320900653, -0.31760961175863683, 1.369259303356608, 4.955400567401393, 0.1640836009801072, 0.584466558955194, 1.5177082120590704, -0.3627330893696453, -0.7374614638452027, -1.3477134193075955, 0.2567700382618455, -1.1268525404520466, -0.11725088644810996, 0.24322133715793218, 0.6567091003495655, 0.6376037631394184], "value_grad": [0.05544000864028931, -0.14335191249847412, -0.34056001901626587, 0.020988047122955322, 0.1465199887752533, 0.2391839623451233, 0.8648640513420105, -0.27126002311706543, -0.19918793439865112, -0.20829612016677856, 0.20631587505340576, 0.04949986934661865, -0.12751197814941406, -0.18493199348449707, -0.4197601079940796, 0.3421439528465271], "action_grad": [[0.0, 0.0, 0.0], [0.0, 0.0, 0.0], [0.0, 0.0, 0.0], [0.0, 0.0, 0.0], [0.0, 0.0, 0.0], [0.0, 0.0, 0.0], [0.0, 0.0, 0.0], [0.0, 0.0, 0.0], [0.0, 0.0, 0.0], [0.0, 0.0, 0.0], [0.0, 0.0, 0.0], [0.0, 0.0, 0.0], [0.0, 0.0, 0.0], [0.0, 0.0, 0.0], [0.0, 0.0, 0.0], [0.0, 0.0, 0.0]], "action_params_change": 0, "value_params_change": 0.3503532824988366}
