{"iterations": 0, "type_itr": 0, "sub_iteration": 0, "sub_it_time": 0, "total_time": 0, "value_loss": 0, "action_loss": 0, "action_probs": [[0.37287920020732357, 0.2518662351539819, 0.2239706190981644, 0.15128394554053015], [0.31909795281728953, 0.14438190303539933, 0.3693849419359848, 0.16713520221132638], [0.09030992548492583, 0.6404983547366103, 0.03326547442371973, 0.23592624535474419], [0.1676403381520376, 0.22827945080204612, 0.2557796141441066, 0.34830059690180976], [0.29596796060786257, 0.14212131061387887, 0.3796202814471607, 0.18229044733109792], [0.2767403550687549, 0.6895053324130305, 0.009667500256313953, 0.024086812261900598], [0.0012929640236066086, 0.00256659432802701, 0.3337101388726979, 0.6624303027756684], [0.20828346754141472, 0.16936575381105776, 0.3432428054255746, 0.27910797322195285], [0.014445688301325097, 0.3858601678149629, 0.021640939162672464, 0.5780532047210395], [0.32442106380374136, 0.08489325747987286, 0.46817535155341816, 0.12251032716296753], [0.12159228593181129, 0.07838386550613598, 0.4864416474021916, 0.31358220115986113], [0.007792068276673825, 0.2637127704868641, 0.02090748754767073, 0.7075876736887912], [0.03129064368239622, 0.8859947136297877, 0.0028215804286302643, 0.07989306225918594], [0.13110714506762997, 0.43835534618329797, 0.09912249618517545, 0.3314150125638967], [0.5237546563192405, 0.05845645464393103, 0.3758411199495694, 0.0419477690872591], [0.06513537715624593, 0.8152800211308803, 0.008847173902003043, 0.1107374278108706]], "state_values": [-3.0825525707508814, -1.5051672435423573, -1.4936824015527947, 4.9762570860068545, 2.268703639483687, 4.958806956700914, 2.131965611639977, 3.3987409902960137, -1.434984092310436, -4.053390339013552, -4.951929807233042, -3.0222924141072958, 0.6674082630220158, 3.803718893369319, -0.127074942161652, 4.405000685338711], "value_grad": [0.0, 0.0, 0.0, 0.0, 0.0, 0.0, 0.0, 0.0, 0.0, 0.0, 0.0, 0.0, 0.0, 0.0, 0.0, 0.0], "action_grad": [[0.0, 0.0, 0.0], [0.0, 0.0, 0.0], [0.0, 0.0, 0.0], [0.0, 0.0, 0.0], [0.0, 0.0, 0.0], [0.0, 0.0, 0.0], [0.0, 0.0, 0.0], [0.0, 0.0, 0.0], [0.0, 0.0, 0.0], [0.0, 0.0, 0.0], [0.0, 0.0, 0.0], [0.0, 0.0, 0.0], [0.0, 0.0, 0.0], [0.0, 0.0, 0.0], [0.0, 0.0, 0.0], [0.0, 0.0, 0.0]], "action_params_change": 0, "value_params_change": 0}
{"iterations": 1, "type_itr": 0, "sub_iteration": 0, "sub_it_time": 0.36113667488098145, "total_time": 0.3625805377960205, "value_loss": 9.336178961221453, "action_loss": -0.06163989052809711, "action_probs": [[0.37287920020732357, 0.2518662351539819, 0.2239706190981644, 0.15128394554053015], [0.31909795281728953, 0.14438190303539933, 0.3693849419359848, 0.16713520221132638], [0.09030992548492583, 0.6404983547366103, 0.03326547442371973, 0.23592624535474419], [0.1676403381520376, 0.22827945080204612, 0.2557796141441066, 0.34830059690180976], [0.29596796060786257, 0.14212131061387887, 0.3796202814471607, 0.18229044733109792], [0.2767403550687549, 0.6895053324130305, 0.009667500256313953, 0.024086812261900598], [0.0012929640236066086, 0.00256659432802701, 0.3337101388726979, 0.6624303027756684], [0.20828346754141472, 0.16936575381105776, 0.3432428054255746, 0.27910797322195285], [0.014445688301325097, 0.3858601678149629, 0.021640939162672464, 0.5780532047210395], [0.32442106380374136, 0.08489325747987286, 0.46817535155341816, 0.12251032716296753], [0.12159228593181129, 0.07838386550613598, 0.4864416474021916, 0.31358220115986113], [0.007792068276673825, 0.2637127704868641, 0.02090748754767073, 0.7075876736887912], [0.03129064368239622, 0.8859947136297877, 0.0028215804286302643, 0.07989306225918594], [0.13110714506762997, 0.43835534618329797, 0.09912249618517545, 0.3314150125638967], [0.5237546563192405, 0.05845645464393103, 0.3758411199495694, 0.0419477690872591], [0.06513537715624593, 0.8152800211308803, 0.008847173902003043, 0.1107374278108706]], "state_values": [-2.012760128848263, -0.2787363806969832, -0.2667153637691326, 4.941965944461917, 1.0958250688421345, 4.646188729582641, 0.9467566301103286, 2.3857957711264013, -0.20539374922273274, -3.2031149192870427, -4.626867324145814, -1.9428814497967977, 1.8726101125068726, 2.882579935487097, 1.113495090165955, 3.682806023076066], "value_grad": [-0.15169033690580846, -0.6257123061953802, -1.1566238926973913, -0.03792362325768117, 0.7963700910707789, 0.26547961398696884, -0.663640352610777, 0.13272995806248922, 0.11376565666516214, -0.15169311090933846, 0.22755194162158965, 0.1327287407759652, 0.11376512974216801, -1.0997985760441065, -0.018960811235549713, -0.7584925137380569], "action_grad": [[0.0, 0.0, 0.0], [0.0, 0.0, 0.0], [0.0, 0.0, 0.0], [0.0, 0.0, 0.0], [0.0, 0.0, 0.0], [0.0, 0.0, 0.0], [0.0, 0.0, 0.0], [0.0, 0.0, 0.0], [0.0, 0.0, 0.0], [0.0, 0.0, 0.0], [0.0, 0.0, 0.0], [0.0, 0.0, 0.0], [0.0, 0.0, 0.0], [0.0, 0.0, 0.0], [0.0, 0.0, 0.0], [0.0, 0.0, 0.0]], "action_params_change": 0, "value_params_change": 0.49999999567707354}
{"iterations": 1, "type_itr": 0, "sub_iteration": 1, "sub_it_time": 0.34681105613708496, "total_time": 0.7112698554992676, "value_loss": -198.00000000000009, "action_loss": -0.384485541778376, "action_probs": [[0.37287920020732357, 0.2518662351539819, 0.2239706190981644, 0.15128394554053015], [0.31909795281728953, 0.14438190303539933, 0.3693849419359848, 0.16713520221132638], [0.09030992548492583, 0.6404983547366103, 0.03326547442371973, 0.23592624535474419], [0.1676403381520376, 0.22827945080204612, 0.2557796141441066, 0.34830059690180976], [0.29596796060786257, 0.14212131061387887, 0.3796202814471607, 0.18229044733109792], [0.2767403550687549, 0.6895053324130305, 0.009667500256313953, 0.024086812261900598], [0.0012929640236066086, 0.00256659432802701, 0.3337101388726979, 0.6624303027756684], [0.20828346754141472, 0.16936575381105776, 0.3432428054255746, 0.27910797322195285], [0.014445688301325097, 0.3858601678149629, 0.021640939162672464, 0.5780532047210395], [0.32442106380374136, 0.08489325747987286, 0.46817535155341816, 0.12251032716296753], [0.12159228593181129, 0.07838386550613598, 0.4864416474021916, 0.31358220115986113], [0.007792068276673825, 0.2637127704868641, 0.02090748754767073, 0.7075876736887912], [0.03129064368239622, 0.8859947136297877, 0.0028215804286302643, 0.07989306225918594], [0.13110714506762997, 0.43835534618329797, 0.09912249618517545, 0.3314150125638967], [0.5237546563192405, 0.05845645464393103, 0.3758411199495694, 0.0419477690872591], [0.06513537715624593, 0.8152800211308803, 0.008847173902003043, 0.1107374278108706]], "state_values": [-0.8392343711994689, 0.9219959811905692, 0.9561492649818142, 4.951585432401826, 0.029433713803365402, 4.907514956160988, 1.8359728224765084, 3.156951349385188, -0.3669621809512609, -2.1600540797114296, -4.1959694801579825, -0.7512062834701677, 1.4807771847903666, 1.8037496443153578, 0.22829409625049157, 2.731026230010047], "value_grad": [-0.11383720851359413, -0.39842703334142104, -0.8727457475894633, 0.03794679332533324, 0.2466461099488999, -203.75104375873136, 204.39616216512226, -204.39616216512235, -0.13280903105277364, -0.13281152595915557, 204.49102695114195, 0.11383720851359413, -0.20870121471410563, -0.815844196524286, 0.4553473100352683, -0.7779075752807714], "action_grad": [[0.0, 0.0, 0.0], [0.0, 0.0, 0.0], [0.0, 0.0, 0.0], [0.0, 0.0, 0.0], [0.0, 0.0, 0.0], [0.0, 0.0, 0.0], [0.0, 0.0, 0.0], [0.0, 0.0, 0.0], [0.0, 0.0, 0.0], [0.0, 0.0, 0.0], [0.0, 0.0, 0.0], [0.0, 0.0, 0.0], [0.0, 0.0, 0.0], [0.0, 0.0, 0.0], [0.0, 0.0, 0.0], [0.0, 0.0, 0.0]], "action_params_change": 0, "value_params_change": 0.5002894332841847}
{"iterations": 1, "type_itr": 0, "sub_iteration": 2, "sub_it_time": 0.364011287689209, "total_time": 1.0769877433776855, "value_loss": 4.78325371239526, "action_loss": -0.6765448746097292, "action_probs": [[0.37287920020732357, 0.2518662351539819, 0.2239706190981644, 0.15128394554053015], [0.31909795281728953, 0.14438190303539933, 0.3693849419359848, 0.16713520221132638], [0.09030992548492583, 0.6404983547366103, 0.03326547442371973, 0.23592624535474419], [0.1676403381520376, 0.22827945080204612, 0.2557796141441066, 0.34830059690180976], [0.29596796060786257, 0.14212131061387887, 0.3796202814471607, 0.18229044733109792], [0.2767403550687549, 0.6895053324130305, 0.009667500256313953, 0.024086812261900598], [0.0012929640236066086, 0.00256659432802701, 0.3337101388726979, 0.6624303027756684], [0.20828346754141472, 0.16936575381105776, 0.3432428054255746, 0.27910797322195285], [0.014445688301325097, 0.3858601678149629, 0.021640939162672464, 0.5780532047210395], [0.32442106380374136, 0.08489325747987286, 0.46817535155341816, 0.12251032716296753], [0.12159228593181129, 0.07838386550613598, 0.4864416474021916, 0.31358220115986113], [0.007792068276673825, 0.2637127704868641, 0.02090748754767073, 0.7075876736887912], [0.03129064368239622, 0.8859947136297877, 0.0028215804286302643, 0.07989306225918594], [0.13110714506762997, 0.43835534618329797, 0.09912249618517545, 0.3314150125638967], [0.5237546563192405, 0.05845645464393103, 0.3758411199495694, 0.0419477690872591], [0.06513537715624593, 0.8152800211308803, 0.008847173902003043, 0.1107374278108706]], "state_values": [0.2956754834401097, 1.6949507711736935, 2.0815867380360196, 4.985439304558685, -0.539760754974441, 4.993925576863963, 2.480464142146335, 3.6793373952957977, 0.4305825984472913, -2.8488819173760436, -3.760015524388698, 0.20546194164044956, 0.702695302539033, 0.6526804165799074, -0.7681852123427564, 2.02552308002442], "value_grad": [-0.0569308649024034, -203.1248409195564, -0.6072615866335225, 0.018977450171542287, -0.24670039945923694, 0.37955800441849075, -0.36056383610450826, 0.15181763823119088, 202.99200320773926, 202.8971177478187, 0.9678601174969863, 0.0, -0.24670099596963446, -0.6072659832596514, 0.2656770284028278, -203.2386999805162], "action_grad": [[0.0, 0.0, 0.0], [0.0, 0.0, 0.0], [0.0, 0.0, 0.0], [0.0, 0.0, 0.0], [0.0, 0.0, 0.0], [0.0, 0.0, 0.0], [0.0, 0.0, 0.0], [0.0, 0.0, 0.0], [0.0, 0.0, 0.0], [0.0, 0.0, 0.0], [0.0, 0.0, 0.0], [0.0, 0.0, 0.0], [0.0, 0.0, 0.0], [0.0, 0.0, 0.0], [0.0, 0.0, 0.0], [0.0, 0.0, 0.0]], "action_params_change": 0, "value_params_change": 0.4763243424813335}
{"iterations": 1, "type_itr": 0, "sub_iteration": 3, "sub_it_time": 0.34612107276916504, "total_time": 1.4247362613677979, "value_loss": -198.00000000000009, "action_loss": 9.055385138137419, "action_probs": [[0.37287920020732357, 0.2518662351539819, 0.2239706190981644, 0.15128394554053015], [0.31909795281728953, 0.14438190303539933, 0.3693849419359848, 0.16713520221132638], [0.09030992548492583, 0.6404983547366103, 0.03326547442371973, 0.23592624535474419], [0.1676403381520376, 0.22827945080204612, 0.2557796141441066, 0.34830059690180976], [0.29596796060786257, 0.14212131061387887, 0.3796202814471607, 0.18229044733109792], [0.2767403550687549, 0.6895053324130305, 0.009667500256313953, 0.024086812261900598], [0.0012929640236066086, 0.00256659432802701, 0.3337101388726979, 0.6624303027756684], [0.20828346754141472, 0.16936575381105776, 0.3432428054255746, 0.27910797322195285], [0.014445688301325097, 0.3858601678149629, 0.021640939162672464, 0.5780532047210395], [0.32442106380374136, 0.08489325747987286, 0.46817535155341816, 0.12251032716296753], [0.12159228593181129, 0.07838386550613598, 0.4864416474021916, 0.31358220115986113], [0.007792068276673825, 0.2637127704868641, 0.02090748754767073, 0.7075876736887912], [0.03129064368239622, 0.8859947136297877, 0.0028215804286302643, 0.07989306225918594], [0.13110714506762997, 0.43835534618329797, 0.09912249618517545, 0.3314150125638967], [0.5237546563192405, 0.05845645464393103, 0.3758411199495694, 0.0419477690872591], [0.06513537715624593, 0.8152800211308803, 0.008847173902003043, 0.1107374278108706]], "state_values": [1.0669965335378395, 2.297096264548976, 3.025809558969597, 4.999137148780559, -0.4816727350461056, 4.988427934756145, 2.969867309368904, 4.05092901884163, 1.0749658375263311, -3.3596122827747377, -3.3413333857983885, 0.9034786873972332, -0.11916273004752971, -0.07904196897260919, -1.5877008197896447, 1.4057679197146171], "value_grad": [0.03795671398039069, -0.1708057502041962, -0.3416118285988068, 0.01897880896558135, -0.6452652203222291, 0.09489609753302064, -0.4554852520538084, 0.15182938719099237, -0.4744593151586187, -0.1328500298527011, 0.9679221819373551, -0.01897837714186057, -0.0948918848373923, -202.61245470328683, 0.01897837714186057, -0.6073123006147325], "action_grad": [[0.0, 0.0, 0.0], [0.0, 0.0, 0.0], [0.0, 0.0, 0.0], [0.0, 0.0, 0.0], [0.0, 0.0, 0.0], [0.0, 0.0, 0.0], [0.0, 0.0, 0.0], [0.0, 0.0, 0.0], [0.0, 0.0, 0.0], [0.0, 0.0, 0.0], [0.0, 0.0, 0.0], [0.0, 0.0, 0.0], [0.0, 0.0, 0.0], [0.0, 0.0, 0.0], [0.0, 0.0, 0.0], [0.0, 0.0, 0.0]], "action_params_change": 0, "value_params_change": 0.441156062988334}
{"iterations": 1, "type_itr": 0, "sub_iteration": 4, "sub_it_time": 0.3561577796936035, "total_time": 1.782480001449585, "value_loss": 3.929225597227637, "action_loss": 9.055385138137419, "action_probs": [[0.37287920020732357, 0.2518662351539819, 0.2239706190981644, 0.15128394554053015], [0.31909795281728953, 0.14438190303539933, 0.3693849419359848, 0.16713520221132638], [0.09030992548492583, 0.6404983547366103, 0.03326547442371973, 0.23592624535474419], [0.1676403381520376, 0.22827945080204612, 0.2557796141441066, 0.34830059690180976], [0.29596796060786257, 0.14212131061387887, 0.3796202814471607, 0.18229044733109792], [0.2767403550687549, 0.6895053324130305, 0.009667500256313953, 0.024086812261900598], [0.0012929640236066086, 0.00256659432802701, 0.3337101388726979, 0.6624303027756684], [0.20828346754141472, 0.16936575381105776, 0.3432428054255746, 0.27910797322195285], [0.014445688301325097, 0.3858601678149629, 0.021640939162672464, 0.5780532047210395], [0.32442106380374136, 0.08489325747987286, 0.46817535155341816, 0.12251032716296753], [0.12159228593181129, 0.07838386550613598, 0.4864416474021916, 0.31358220115986113], [0.007792068276673825, 0.2637127704868641, 0.02090748754767073, 0.7075876736887912], [0.03129064368239622, 0.8859947136297877, 0.0028215804286302643, 0.07989306225918594], [0.13110714506762997, 0.43835534618329797, 0.09912249618517545, 0.3314150125638967], [0.5237546563192405, 0.05845645464393103, 0.3758411199495694, 0.0419477690872591], [0.06513537715624593, 0.8152800211308803, 0.008847173902003043, 0.1107374278108706]], "state_values": [1.5001072474933599, 3.035193878072824, 3.741816387897489, 4.9653654565345935, -0.0380728042133171, 4.930182092791579, 3.59419492275783, 4.321357993776399, 1.6033202535129434, -3.7466801295561787, -2.9476981378676297, 1.3289544863729141, -0.4908010889526648, -0.9929783543380404, -1.9730290730039723, 0.8608161426000084], "value_grad": [0.056936541352500925, -202.15697423530398, -0.11387387569508967, -201.9482048532, -0.7971102416635176, -0.11387755069051542, 201.79636980392797, 0.15183331567532754, -0.778132233532097, -0.1518324300359737, 0.9299791227432466, -0.03795765614139324, 0.15183062107615264, -202.38471737113852, -0.20876772772876784, -0.4744720168882477], "action_grad": [[0.0, 0.0, 0.0], [0.0, 0.0, 0.0], [0.0, 0.0, 0.0], [0.0, 0.0, 0.0], [0.0, 0.0, 0.0], [0.0, 0.0, 0.0], [0.0, 0.0, 0.0], [0.0, 0.0, 0.0], [0.0, 0.0, 0.0], [0.0, 0.0, 0.0], [0.0, 0.0, 0.0], [0.0, 0.0, 0.0], [0.0, 0.0, 0.0], [0.0, 0.0, 0.0], [0.0, 0.0, 0.0], [0.0, 0.0, 0.0]], "action_params_change": 0, "value_params_change": 0.391243628438118}
{"iterations": 1, "type_itr": 0, "sub_iteration": 5, "sub_it_time": 0.3942389488220215, "total_time": 2.1784863471984863, "value_loss": 3.796369803927778, "action_loss": -0.9178176808434692, "action_probs": [[0.37287920020732357, 0.2518662351539819, 0.2239706190981644, 0.15128394554053015], [0.31909795281728953, 0.14438190303539933, 0.3693849419359848, 0.16713520221132638], [0.09030992548492583, 0.6404983547366103, 0.03326547442371973, 0.23592624535474419], [0.1676403381520376, 0.22827945080204612, 0.2557796141441066, 0.34830059690180976], [0.29596796060786257, 0.14212131061387887, 0.3796202814471607, 0.18229044733109792], [0.2767403550687549, 0.6895053324130305, 0.009667500256313953, 0.024086812261900598], [0.0012929640236066086, 0.00256659432802701, 0.3337101388726979, 0.6624303027756684], [0.20828346754141472, 0.16936575381105776, 0.3432428054255746, 0.27910797322195285], [0.014445688301325097, 0.3858601678149629, 0.021640939162672464, 0.5780532047210395], [0.32442106380374136, 0.08489325747987286, 0.46817535155341816, 0.12251032716296753], [0.12159228593181129, 0.07838386550613598, 0.4864416474021916, 0.31358220115986113], [0.007792068276673825, 0.2637127704868641, 0.02090748754767073, 0.7075876736887912], [0.03129064368239622, 0.8859947136297877, 0.0028215804286302643, 0.07989306225918594], [0.13110714506762997, 0.43835534618329797, 0.09912249618517545, 0.3314150125638967], [0.5237546563192405, 0.05845645464393103, 0.3758411199495694, 0.0419477690872591], [0.06513537715624593, 0.8152800211308803, 0.008847173902003043, 0.1107374278108706]], "state_values": [1.6334562227167844, 3.597660552370929, 4.24526911404818, 4.862268239508443, 0.6155348184412927, 4.84079212926842, 4.052672403626126, 4.520225089157667, 1.4829140482210392, -4.0436465592809485, -2.581651534291339, 1.4178465624519156, -0.4627312184896937, -1.7553456696175116, -2.5550844135991606, 0.06266708719914521], "value_grad": [0.07591651232454577, 0.037958548060793795, 6.572520305780927e-14, 0.037958975179706034, -202.38471737113852, -0.2657171266049163, -0.5693823176449317, 0.13285628794158644, -202.4416522600461, -0.15183504927201996, 0.8540707088795334, -0.07591651232454577, 0.20877019777802674, -0.22774908298900254, 201.85330821391807, -202.1759530442696], "action_grad": [[0.0, 0.0, 0.0], [0.0, 0.0, 0.0], [0.0, 0.0, 0.0], [0.0, 0.0, 0.0], [0.0, 0.0, 0.0], [0.0, 0.0, 0.0], [0.0, 0.0, 0.0], [0.0, 0.0, 0.0], [0.0, 0.0, 0.0], [0.0, 0.0, 0.0], [0.0, 0.0, 0.0], [0.0, 0.0, 0.0], [0.0, 0.0, 0.0], [0.0, 0.0, 0.0], [0.0, 0.0, 0.0], [0.0, 0.0, 0.0]], "action_params_change": 0, "value_params_change": 0.33720139661113113}
{"iterations": 1, "type_itr": 0, "sub_iteration": 6, "sub_it_time": 0.3587453365325928, "total_time": 2.5389933586120605, "value_loss": 3.5306531475407623, "action_loss": -0.9039973540766368, "action_probs": [[0.37287920020732357, 0.2518662351539819, 0.2239706190981644, 0.15128394554053015], [0.31909795281728953, 0.14438190303539933, 0.3693849419359848, 0.16713520221132638], [0.09030992548492583, 0.6404983547366103, 0.03326547442371973, 0.23592624535474419], [0.1676403381520376, 0.22827945080204612, 0.2557796141441066, 0.34830059690180976], [0.29596796060786257, 0.14212131061387887, 0.3796202814471607, 0.18229044733109792], [0.2767403550687549, 0.6895053324130305, 0.009667500256313953, 0.024086812261900598], [0.0012929640236066086, 0.00256659432802701, 0.3337101388726979, 0.6624303027756684], [0.20828346754141472, 0.16936575381105776, 0.3432428054255746, 0.27910797322195285], [0.014445688301325097, 0.3858601678149629, 0.021640939162672464, 0.5780532047210395], [0.32442106380374136, 0.08489325747987286, 0.46817535155341816, 0.12251032716296753], [0.12159228593181129, 0.07838386550613598, 0.4864416474021916, 0.31358220115986113], [0.007792068276673825, 0.2637127704868641, 0.02090748754767073, 0.7075876736887912], [0.03129064368239622, 0.8859947136297877, 0.0028215804286302643, 0.07989306225918594], [0.13110714506762997, 0.43835534618329797, 0.09912249618517545, 0.3314150125638967], [0.5237546563192405, 0.05845645464393103, 0.3758411199495694, 0.0419477690872591], [0.06513537715624593, 0.8152800211308803, 0.008847173902003043, 0.1107374278108706]], "state_values": [1.5495603679212446, 4.162751630710214, 4.54724369241605, 4.61050735674941, 1.1795253649370696, 4.733296899090777, 4.385170489212936, 4.666838999205394, 1.3749663651135324, -4.2730415978546805, -2.2435659846209126, 1.22052461911755, -0.3309238928730608, -2.385708994190503, -3.02720028297236, -0.6367227991243009], "value_grad": [0.0759185055456375, -201.56861307048328, -201.54963312532576, -201.53065314754085, -0.4744892551312403, -0.322662852473377, -0.5314396735624118, 0.11387976743186812, -0.9489821307469679, -0.15183916344984638, 0.721230579750499, -0.09489804556591563, 0.0759183677084816, -0.03795925294720526, -0.34163507661527026, -0.15183673262583408], "action_grad": [[0.0, 0.0, 0.0], [0.0, 0.0, 0.0], [0.0, 0.0, 0.0], [0.0, 0.0, 0.0], [0.0, 0.0, 0.0], [0.0, 0.0, 0.0], [0.0, 0.0, 0.0], [0.0, 0.0, 0.0], [0.0, 0.0, 0.0], [0.0, 0.0, 0.0], [0.0, 0.0, 0.0], [0.0, 0.0, 0.0], [0.0, 0.0, 0.0], [0.0, 0.0, 0.0], [0.0, 0.0, 0.0], [0.0, 0.0, 0.0]], "action_params_change": 0, "value_params_change": 0.3611348837496775}
{"iterations": 1, "type_itr": 0, "sub_iteration": 7, "sub_it_time": 0.3646736145019531, "total_time": 2.905348062515259, "value_loss": 3.4737130201656963, "action_loss": -0.8521524489458255, "action_probs": [[0.37287920020732357, 0.2518662351539819, 0.2239706190981644, 0.15128394554053015], [0.31909795281728953, 0.14438190303539933, 0.3693849419359848, 0.16713520221132638], [0.09030992548492583, 0.6404983547366103, 0.03326547442371973, 0.23592624535474419], [0.1676403381520376, 0.22827945080204612, 0.2557796141441066, 0.34830059690180976], [0.29596796060786257, 0.14212131061387887, 0.3796202814471607, 0.18229044733109792], [0.2767403550687549, 0.6895053324130305, 0.009667500256313953, 0.024086812261900598], [0.0012929640236066086, 0.00256659432802701, 0.3337101388726979, 0.6624303027756684], [0.20828346754141472, 0.16936575381105776, 0.3432428054255746, 0.27910797322195285], [0.014445688301325097, 0.3858601678149629, 0.021640939162672464, 0.5780532047210395], [0.32442106380374136, 0.08489325747987286, 0.46817535155341816, 0.12251032716296753], [0.12159228593181129, 0.07838386550613598, 0.4864416474021916, 0.31358220115986113], [0.007792068276673825, 0.2637127704868641, 0.02090748754767073, 0.7075876736887912], [0.03129064368239622, 0.8859947136297877, 0.0028215804286302643, 0.07989306225918594], [0.13110714506762997, 0.43835534618329797, 0.09912249618517545, 0.3314150125638967], [0.5237546563192405, 0.05845645464393103, 0.3758411199495694, 0.0419477690872591], [0.06513537715624593, 0.8152800211308803, 0.008847173902003043, 0.1107374278108706]], "state_values": [1.257317337137076, 4.548987914435456, 4.752034956394775, 4.288154032893024, 1.6648057532750704, 4.616002913219263, 4.713707769200988, 4.7745109118458195, 1.2773564646266382, -4.450841810458152, -1.9328194938658727, 0.8961387819193039, -0.2940444527793813, -3.099987587928841, -3.410126419770895, -1.243435365076199], "value_grad": [0.09489872777300246, 0.22776069061035464, 0.07592023392530889, 0.07592010516016456, -0.24673623856930282, -0.34164442307883114, 201.17002760244137, 0.11388073317118863, -0.8920488775977438, -0.13286029517320097, 0.5504153635464739, -0.056939237012723964, -0.056939135466778534, -201.56861307048328, -0.39857809230031904, -0.037959457609344494], "action_grad": [[0.0, 0.0, 0.0], [0.0, 0.0, 0.0], [0.0, 0.0, 0.0], [0.0, 0.0, 0.0], [0.0, 0.0, 0.0], [0.0, 0.0, 0.0], [0.0, 0.0, 0.0], [0.0, 0.0, 0.0], [0.0, 0.0, 0.0], [0.0, 0.0, 0.0], [0.0, 0.0, 0.0], [0.0, 0.0, 0.0], [0.0, 0.0, 0.0], [0.0, 0.0, 0.0], [0.0, 0.0, 0.0], [0.0, 0.0, 0.0]], "action_params_change": 0, "value_params_change": 0.34268000531336185}
{"iterations": 1, "type_itr": 0, "sub_iteration": 8, "sub_it_time": 0.34667444229125977, "total_time": 3.253713846206665, "value_loss": 3.6065728622179747, "action_loss": -0.760491942414635, "action_probs": [[0.37287920020732357, 0.2518662351539819, 0.2239706190981644, 0.15128394554053015], [0.31909795281728953, 0.14438190303539933, 0.3693849419359848, 0.16713520221132638], [0.09030992548492583, 0.6404983547366103, 0.03326547442371973, 0.23592624535474419], [0.1676403381520376, 0.22827945080204612, 0.2557796141441066, 0.34830059690180976], [0.29596796060786257, 0.14212131061387887, 0.3796202814471607, 0.18229044733109792], [0.2767403550687549, 0.6895053324130305, 0.009667500256313953, 0.024086812261900598], [0.0012929640236066086, 0.00256659432802701, 0.3337101388726979, 0.6624303027756684], [0.20828346754141472, 0.16936575381105776, 0.3432428054255746, 0.27910797322195285], [0.014445688301325097, 0.3858601678149629, 0.021640939162672464, 0.5780532047210395], [0.32442106380374136, 0.08489325747987286, 0.46817535155341816, 0.12251032716296753], [0.12159228593181129, 0.07838386550613598, 0.4864416474021916, 0.31358220115986113], [0.007792068276673825, 0.2637127704868641, 0.02090748754767073, 0.7075876736887912], [0.03129064368239622, 0.8859947136297877, 0.0028215804286302643, 0.07989306225918594], [0.13110714506762997, 0.43835534618329797, 0.09912249618517545, 0.3314150125638967], [0.5237546563192405, 0.05845645464393103, 0.3758411199495694, 0.0419477690872591], [0.06513537715624593, 0.8152800211308803, 0.008847173902003043, 0.1107374278108706]], "state_values": [0.8325964904679662, 4.795712435576484, 4.883445184691048, 4.201357020262537, 2.3505346043192845, 4.4943725789876945, 4.903139547570361, 4.852818987543712, 1.5441946021333846, -4.588750919553071, -1.648151953846458, 0.46412484065371595, -0.4584934446092509, -3.658290930950128, -3.7206609583092582, -1.766301637001956], "value_grad": [0.07591795001035395, 0.22775873819640768, 0.05693963796315282, 201.73943107987907, -201.83432877910758, -0.34163926461202765, -0.3796004699730253, 0.07591958312060854, 201.35983190802608, -0.11387897599853103, 0.41755018561320467, -0.05693840999027344, -0.1518356159723706, 0.26571523107917594, -0.41755395694256725, 0.05693840999027344], "action_grad": [[0.0, 0.0, 0.0], [0.0, 0.0, 0.0], [0.0, 0.0, 0.0], [0.0, 0.0, 0.0], [0.0, 0.0, 0.0], [0.0, 0.0, 0.0], [0.0, 0.0, 0.0], [0.0, 0.0, 0.0], [0.0, 0.0, 0.0], [0.0, 0.0, 0.0], [0.0, 0.0, 0.0], [0.0, 0.0, 0.0], [0.0, 0.0, 0.0], [0.0, 0.0, 0.0], [0.0, 0.0, 0.0], [0.0, 0.0, 0.0]], "action_params_change": 0, "value_params_change": 0.3040235509542777}
{"iterations": 1, "type_itr": 0, "sub_iteration": 9, "sub_it_time": 0.3542628288269043, "total_time": 3.6097452640533447, "value_loss": 3.8722876133097586, "action_loss": -0.680873535562605, "action_probs": [[0.37287920020732357, 0.2518662351539819, 0.2239706190981644, 0.15128394554053015], [0.31909795281728953, 0.14438190303539933, 0.3693849419359848, 0.16713520221132638], [0.09030992548492583, 0.6404983547366103, 0.03326547442371973, 0.23592624535474419], [0.1676403381520376, 0.22827945080204612, 0.2557796141441066, 0.34830059690180976], [0.29596796060786257, 0.14212131061387887, 0.3796202814471607, 0.18229044733109792], [0.2767403550687549, 0.6895053324130305, 0.009667500256313953, 0.024086812261900598], [0.0012929640236066086, 0.00256659432802701, 0.3337101388726979, 0.6624303027756684], [0.20828346754141472, 0.16936575381105776, 0.3432428054255746, 0.27910797322195285], [0.014445688301325097, 0.3858601678149629, 0.021640939162672464, 0.5780532047210395], [0.32442106380374136, 0.08489325747987286, 0.46817535155341816, 0.12251032716296753], [0.12159228593181129, 0.07838386550613598, 0.4864416474021916, 0.31358220115986113], [0.007792068276673825, 0.2637127704868641, 0.02090748754767073, 0.7075876736887912], [0.03129064368239622, 0.8859947136297877, 0.0028215804286302643, 0.07989306225918594], [0.13110714506762997, 0.43835534618329797, 0.09912249618517545, 0.3314150125638967], [0.5237546563192405, 0.05845645464393103, 0.3758411199495694, 0.0419477690872591], [0.06513537715624593, 0.8152800211308803, 0.008847173902003043, 0.1107374278108706]], "state_values": [0.36622205647172945, 4.935402773955422, 4.857685041241837, 3.9528632905686902, 3.0995222957515196, 4.372071740036242, 4.987855480616655, 4.908778799725593, 1.7768550990142615, -4.695532198503645, -1.3882339187874742, -0.017598207822265906, -0.7811273889858446, -4.0853383372669905, -3.972403962361509, -2.214938540981589], "value_grad": [0.03795788383136678, 0.1708152252601205, 201.89126697710827, -201.89126697710827, -201.9482048532, -0.32265035619035265, -0.22775509196037858, 0.07591766805571032, -0.91099379867455, -0.11387628817532525, 0.22774819106960198, -0.03795788383136678, -0.1518315318364829, 0.3226473159368779, -0.41754395190884175, 0.1328529854561138], "action_grad": [[0.0, 0.0, 0.0], [0.0, 0.0, 0.0], [0.0, 0.0, 0.0], [0.0, 0.0, 0.0], [0.0, 0.0, 0.0], [0.0, 0.0, 0.0], [0.0, 0.0, 0.0], [0.0, 0.0, 0.0], [0.0, 0.0, 0.0], [0.0, 0.0, 0.0], [0.0, 0.0, 0.0], [0.0, 0.0, 0.0], [0.0, 0.0, 0.0], [0.0, 0.0, 0.0], [0.0, 0.0, 0.0], [0.0, 0.0, 0.0]], "action_params_change": 0, "value_params_change": 0.3584180466773028}
{"iterations": 1, "type_itr": 0, "sub_iteration": 10, "sub_it_time": 0.35576677322387695, "total_time": 3.96714448928833, "value_loss": 4.17595304426951, "action_loss": -0.5760783647604013, "action_probs": [[0.37287920020732357, 0.2518662351539819, 0.2239706190981644, 0.15128394554053015], [0.31909795281728953, 0.14438190303539933, 0.3693849419359848, 0.16713520221132638], [0.09030992548492583, 0.6404983547366103, 0.03326547442371973, 0.23592624535474419], [0.1676403381520376, 0.22827945080204612, 0.2557796141441066, 0.34830059690180976], [0.29596796060786257, 0.14212131061387887, 0.3796202814471607, 0.18229044733109792], [0.2767403550687549, 0.6895053324130305, 0.009667500256313953, 0.024086812261900598], [0.0012929640236066086, 0.00256659432802701, 0.3337101388726979, 0.6624303027756684], [0.20828346754141472, 0.16936575381105776, 0.3432428054255746, 0.27910797322195285], [0.014445688301325097, 0.3858601678149629, 0.021640939162672464, 0.5780532047210395], [0.32442106380374136, 0.08489325747987286, 0.46817535155341816, 0.12251032716296753], [0.12159228593181129, 0.07838386550613598, 0.4864416474021916, 0.31358220115986113], [0.007792068276673825, 0.2637127704868641, 0.02090748754767073, 0.7075876736887912], [0.03129064368239622, 0.8859947136297877, 0.0028215804286302643, 0.07989306225918594], [0.13110714506762997, 0.43835534618329797, 0.09912249618517545, 0.3314150125638967], [0.5237546563192405, 0.05845645464393103, 0.3758411199495694, 0.0419477690872591], [0.06513537715624593, 0.8152800211308803, 0.008847173902003043, 0.1107374278108706]], "state_values": [-0.09631360498197829, 4.99421370265866, 4.832418783180262, 3.7054117400139037, 3.68660125076461, 4.2516216148401655, 4.995057394366464, 4.852786324751011, 1.9801411458835745, -4.777918310019215, -1.1516000190722526, -0.4964261835279998, -1.1530361369825444, -4.404304939073359, -4.345670724530838, -2.2234188417594836], "value_grad": [0.018978296360790736, 0.13285245906403897, 0.05693642672264332, 0.15182844712365995, 0.37957106896380477, -0.26570303728945, -0.09489517717263851, 202.19493181485083, -0.9868777163938369, -0.075915158744845, 0.0569350103411157, -0.01897829636072501, -0.07591326604945081, 0.32263840879104055, 202.00514240267208, 202.44165226004617], "action_grad": [[0.0, 0.0, 0.0], [0.0, 0.0, 0.0], [0.0, 0.0, 0.0], [0.0, 0.0, 0.0], [0.0, 0.0, 0.0], [0.0, 0.0, 0.0], [0.0, 0.0, 0.0], [0.0, 0.0, 0.0], [0.0, 0.0, 0.0], [0.0, 0.0, 0.0], [0.0, 0.0, 0.0], [0.0, 0.0, 0.0], [0.0, 0.0, 0.0], [0.0, 0.0, 0.0], [0.0, 0.0, 0.0], [0.0, 0.0, 0.0]], "action_params_change": 0, "value_params_change": 0.3209479549550256}
{"iterations": 1, "type_itr": 0, "sub_iteration": 11, "sub_it_time": 0.34961390495300293, "total_time": 4.318546533584595, "value_loss": 4.574498897088235, "action_loss": 9.055385138137419, "action_probs": [[0.37287920020732357, 0.2518662351539819, 0.2239706190981644, 0.15128394554053015], [0.31909795281728953, 0.14438190303539933, 0.3693849419359848, 0.16713520221132638], [0.09030992548492583, 0.6404983547366103, 0.03326547442371973, 0.23592624535474419], [0.1676403381520376, 0.22827945080204612, 0.2557796141441066, 0.34830059690180976], [0.29596796060786257, 0.14212131061387887, 0.3796202814471607, 0.18229044733109792], [0.2767403550687549, 0.6895053324130305, 0.009667500256313953, 0.024086812261900598], [0.0012929640236066086, 0.00256659432802701, 0.3337101388726979, 0.6624303027756684], [0.20828346754141472, 0.16936575381105776, 0.3432428054255746, 0.27910797322195285], [0.014445688301325097, 0.3858601678149629, 0.021640939162672464, 0.5780532047210395], [0.32442106380374136, 0.08489325747987286, 0.46817535155341816, 0.12251032716296753], [0.12159228593181129, 0.07838386550613598, 0.4864416474021916, 0.31358220115986113], [0.007792068276673825, 0.2637127704868641, 0.02090748754767073, 0.7075876736887912], [0.03129064368239622, 0.8859947136297877, 0.0028215804286302643, 0.07989306225918594], [0.13110714506762997, 0.43835534618329797, 0.09912249618517545, 0.3314150125638967], [0.5237546563192405, 0.05845645464393103, 0.3758411199495694, 0.0419477690872591], [0.06513537715624593, 0.8152800211308803, 0.008847173902003043, 0.1107374278108706]], "state_values": [0.5040602741868391, 4.992899684955229, 4.80792724954468, 3.464259535058747, 4.13346924579005, 4.134700186964909, 4.9459646412474845, 4.791222314959769, 2.158086440366434, -4.841078956586105, -0.9368494630876019, -1.0906897068883943, -1.4598785333376723, -4.635704400678769, -4.613315502966649, -2.230949379384548], "value_grad": [-202.80223116256684, 0.037956306585639865, 0.07591194843038807, 0.1518215149705906, 0.5124015261004962, -0.22773482497944286, 0.05693464447075325, 0.056934024219918555, -1.024789433643094, -0.07591194843045468, -0.13284214875740474, -202.7832537123955, 0.018977450171542287, 0.2846694694501961, -0.39853810360141484, 0.05693261361607238], "action_grad": [[0.0, 0.0, 0.0], [0.0, 0.0, 0.0], [0.0, 0.0, 0.0], [0.0, 0.0, 0.0], [0.0, 0.0, 0.0], [0.0, 0.0, 0.0], [0.0, 0.0, 0.0], [0.0, 0.0, 0.0], [0.0, 0.0, 0.0], [0.0, 0.0, 0.0], [0.0, 0.0, 0.0], [0.0, 0.0, 0.0], [0.0, 0.0, 0.0], [0.0, 0.0, 0.0], [0.0, 0.0, 0.0], [0.0, 0.0, 0.0]], "action_params_change": 0, "value_params_change": 0.28822226577955257}
{"iterations": 1, "type_itr": 0, "sub_iteration": 12, "sub_it_time": 0.3515024185180664, "total_time": 4.671775817871094, "value_loss": 4.707343473787889, "action_loss": -0.4200455211971638, "action_probs": [[0.37287920020732357, 0.2518662351539819, 0.2239706190981644, 0.15128394554053015], [0.31909795281728953, 0.14438190303539933, 0.3693849419359848, 0.16713520221132638], [0.09030992548492583, 0.6404983547366103, 0.03326547442371973, 0.23592624535474419], [0.1676403381520376, 0.22827945080204612, 0.2557796141441066, 0.34830059690180976], [0.29596796060786257, 0.14212131061387887, 0.3796202814471607, 0.18229044733109792], [0.2767403550687549, 0.6895053324130305, 0.009667500256313953, 0.024086812261900598], [0.0012929640236066086, 0.00256659432802701, 0.3337101388726979, 0.6624303027756684], [0.20828346754141472, 0.16936575381105776, 0.3432428054255746, 0.27910797322195285], [0.014445688301325097, 0.3858601678149629, 0.021640939162672464, 0.5780532047210395], [0.32442106380374136, 0.08489325747987286, 0.46817535155341816, 0.12251032716296753], [0.12159228593181129, 0.07838386550613598, 0.4864416474021916, 0.31358220115986113], [0.007792068276673825, 0.2637127704868641, 0.02090748754767073, 0.7075876736887912], [0.03129064368239622, 0.8859947136297877, 0.0028215804286302643, 0.07989306225918594], [0.13110714506762997, 0.43835534618329797, 0.09912249618517545, 0.3314150125638967], [0.5237546563192405, 0.05845645464393103, 0.3758411199495694, 0.0419477690872591], [0.06513537715624593, 0.8152800211308803, 0.008847173902003043, 0.1107374278108706]], "state_values": [1.0391912575202453, 4.987093739657558, 4.7843998476135985, 3.23283341288759, 4.555698276951151, 4.022381653828161, 4.930611004066252, 4.72669803648715, 2.314058594674957, -4.889057230409914, -0.7425805216548147, -1.612949645840526, -0.8751498856455473, -4.7970686442037636, -4.796202429681156, -2.5029021621342205], "value_grad": [0.03795422967918327, 202.5934768212988, 0.07591075888074972, 0.20875047987912954, -202.47960864880852, -0.20875290763822107, -202.49858678151344, 0.07591075888074972, -1.0627297355336909, -0.07591075888074972, -0.30363380812912943, 0.05693141238765964, 202.97302620682842, 0.2467102317366292, -0.34159991978870163, -202.8971177478188], "action_grad": [[0.0, 0.0, 0.0], [0.0, 0.0, 0.0], [0.0, 0.0, 0.0], [0.0, 0.0, 0.0], [0.0, 0.0, 0.0], [0.0, 0.0, 0.0], [0.0, 0.0, 0.0], [0.0, 0.0, 0.0], [0.0, 0.0, 0.0], [0.0, 0.0, 0.0], [0.0, 0.0, 0.0], [0.0, 0.0, 0.0], [0.0, 0.0, 0.0], [0.0, 0.0, 0.0], [0.0, 0.0, 0.0], [0.0, 0.0, 0.0]], "action_params_change": 0, "value_params_change": 0.34567022048922935}
{"iterations": 1, "type_itr": 0, "sub_iteration": 13, "sub_it_time": 0.3503725528717041, "total_time": 5.023808002471924, "value_loss": 4.897117747818613, "action_loss": -0.418311034176293, "action_probs": [[0.37287920020732357, 0.2518662351539819, 0.2239706190981644, 0.15128394554053015], [0.31909795281728953, 0.14438190303539933, 0.3693849419359848, 0.16713520221132638], [0.09030992548492583, 0.6404983547366103, 0.03326547442371973, 0.23592624535474419], [0.1676403381520376, 0.22827945080204612, 0.2557796141441066, 0.34830059690180976], [0.29596796060786257, 0.14212131061387887, 0.3796202814471607, 0.18229044733109792], [0.2767403550687549, 0.6895053324130305, 0.009667500256313953, 0.024086812261900598], [0.0012929640236066086, 0.00256659432802701, 0.3337101388726979, 0.6624303027756684], [0.20828346754141472, 0.16936575381105776, 0.3432428054255746, 0.27910797322195285], [0.014445688301325097, 0.3858601678149629, 0.021640939162672464, 0.5780532047210395], [0.32442106380374136, 0.08489325747987286, 0.46817535155341816, 0.12251032716296753], [0.12159228593181129, 0.07838386550613598, 0.4864416474021916, 0.31358220115986113], [0.007792068276673825, 0.2637127704868641, 0.02090748754767073, 0.7075876736887912], [0.03129064368239622, 0.8859947136297877, 0.0028215804286302643, 0.07989306225918594], [0.13110714506762997, 0.43835534618329797, 0.09912249618517545, 0.3314150125638967], [0.5237546563192405, 0.05845645464393103, 0.3758411199495694, 0.0419477690872591], [0.06513537715624593, 0.8152800211308803, 0.008847173902003043, 0.1107374278108706]], "state_values": [1.5121086929499559, 4.980360293946048, 4.761954165343004, 3.0131772118604143, 4.820548861012884, 3.9153698940909187, 4.958845887563317, 4.661105858537646, 2.45100388201203, -4.818622883726118, -0.5674202337884156, -2.0683497036171983, -0.33599628265253617, -4.903064511911552, -4.912087875676023, -2.7404337985991085], "value_grad": [0.07590679771511244, -0.07590971205449648, 0.07590900021520053, 0.20874548045215935, 0.37954673183223875, -0.17079382419401767, -202.6693880941731, 0.09488613773591936, -1.0247531848879827, -202.8971177478188, -0.4554395601490846, 0.0948836140378937, -0.07590679771517905, 0.20875096926855363, -0.2656839738748671, -0.01897681632271464], "action_grad": [[0.0, 0.0, 0.0], [0.0, 0.0, 0.0], [0.0, 0.0, 0.0], [0.0, 0.0, 0.0], [0.0, 0.0, 0.0], [0.0, 0.0, 0.0], [0.0, 0.0, 0.0], [0.0, 0.0, 0.0], [0.0, 0.0, 0.0], [0.0, 0.0, 0.0], [0.0, 0.0, 0.0], [0.0, 0.0, 0.0], [0.0, 0.0, 0.0], [0.0, 0.0, 0.0], [0.0, 0.0, 0.0], [0.0, 0.0, 0.0]], "action_params_change": 0, "value_params_change": 0.3120571453864135}
