{"iterations": 0, "type_itr": 0, "sub_iteration": 0, "sub_it_time": 0, "total_time": 0, "value_loss": 0, "action_loss": 0, "action_probs": [[0.023659954586649126, 0.3813574629942309, 0.03475717405924261, 0.5602254083598773], [0.13675043403039092, 0.7814088389160848, 0.012189339339803873, 0.06965138771372038], [0.29229908825892803, 0.7075980230959481, 3.0077351779875862e-05, 7.281129334398973e-05], [0.001147742438665577, 0.14945642501065065, 0.006473178403726345, 0.8429226541469576], [0.07600446551490665, 0.016706196016040432, 0.7437983949094701, 0.16349094355958277], [0.35826668044140947, 0.4851923286600827, 0.06649217158989265, 0.09004881930861505], [0.028805588399266894, 0.6313964123676972, 0.014825888581722436, 0.3249721106513135], [0.31742552841923233, 0.6486087391540937, 0.011160670926060025, 0.022805061500614166], [0.10990918625244737, 0.14879047257074207, 0.31494327297543967, 0.426357068201371], [0.5568666568139272, 0.4210910035100025, 0.012551304112393313, 0.009491035563677041], [0.2671241153485169, 0.19904123538078988, 0.30590027380997875, 0.2279343754607145], [0.011439746182612901, 0.978376782806451, 0.0001176948658779084, 0.010065776145058132], [0.11398654600621505, 0.5763856780950658, 0.051122277939594056, 0.2585054979591251], [0.12574640202179554, 0.3707023914155457, 0.12754538493400555, 0.37600582162865315], [0.4281929466552478, 0.4684599316003144, 0.04935299898237388, 0.05399412276206372], [0.11393567799670032, 0.8776447353183463, 0.0009674367348534679, 0.007452149950099974]], "state_values": [4.895933092379723, -0.24217378192158198, 2.571549538818614, 4.963181709645808, 0.6217695525976157, 4.391461550018542, 4.712420108948883, 2.82676466786253, -3.7959734782219163, 1.9799542133444707, 4.018068746708958, 3.0123833436731906, -2.985827295056663, -4.948560553036237, -1.590384904884142, 4.32681624183541], "value_grad": [0.0, 0.0, 0.0, 0.0, 0.0, 0.0, 0.0, 0.0, 0.0, 0.0, 0.0, 0.0, 0.0, 0.0, 0.0, 0.0], "action_grad": [[0.0, 0.0, 0.0], [0.0, 0.0, 0.0], [0.0, 0.0, 0.0], [0.0, 0.0, 0.0], [0.0, 0.0, 0.0], [0.0, 0.0, 0.0], [0.0, 0.0, 0.0], [0.0, 0.0, 0.0], [0.0, 0.0, 0.0], [0.0, 0.0, 0.0], [0.0, 0.0, 0.0], [0.0, 0.0, 0.0], [0.0, 0.0, 0.0], [0.0, 0.0, 0.0], [0.0, 0.0, 0.0], [0.0, 0.0, 0.0]], "action_params_change": 0, "value_params_change": 0}
{"iterations": 1, "type_itr": 0, "sub_iteration": 0, "sub_it_time": 0.1282176971435547, "total_time": 0.1296241283416748, "value_loss": 5.437080383300781, "action_loss": -1.4200655221939087, "action_probs": [[0.023659954586649126, 0.3813574629942309, 0.03475717405924261, 0.5602254083598773], [0.13675043403039092, 0.7814088389160848, 0.012189339339803873, 0.06965138771372038], [0.29229908825892803, 0.7075980230959481, 3.0077351779875862e-05, 7.281129334398973e-05], [0.001147742438665577, 0.14945642501065065, 0.006473178403726345, 0.8429226541469576], [0.07600446551490665, 0.016706196016040432, 0.7437983949094701, 0.16349094355958277], [0.35826668044140947, 0.4851923286600827, 0.06649217158989265, 0.09004881930861505], [0.028805588399266894, 0.6313964123676972, 0.014825888581722436, 0.3249721106513135], [0.31742552841923233, 0.6486087391540937, 0.011160670926060025, 0.022805061500614166], [0.10990918625244737, 0.14879047257074207, 0.31494327297543967, 0.426357068201371], [0.5568666568139272, 0.4210910035100025, 0.012551304112393313, 0.009491035563677041], [0.2671241153485169, 0.19904123538078988, 0.30590027380997875, 0.2279343754607145], [0.011439746182612901, 0.978376782806451, 0.0001176948658779084, 0.010065776145058132], [0.11398654600621505, 0.5763856780950658, 0.051122277939594056, 0.2585054979591251], [0.12574640202179554, 0.3707023914155457, 0.12754538493400555, 0.37600582162865315], [0.4281929466552478, 0.4684599316003144, 0.04935299898237388, 0.05399412276206372], [0.11393567799670032, 0.8776447353183463, 0.0009674367348534679, 0.007452149950099974]], "state_values": [4.492662403398147, 1.0009227714148856, 1.4307326818578812, 4.65904506286442, 1.829858167017466, 3.663492722091131, 4.152447029954204, 3.7592420694541575, -2.87283471309833, 0.7825033359363136, 3.1569429349992633, 3.906046241453148, -1.90077067095048, -4.971706160691196, -0.3681687409706449, 4.812232455693515], "value_grad": [1.3265995979309082, -1.338479995727539, 0.617760181427002, -0.8474397659301758, 0.3326401710510254, 1.425600528717041, 0.7959609031677246, -0.6256804466247559, -2.3680810928344727, -0.25343942642211914, 0.44351959228515625, 0.1821603775024414, -0.007919788360595703, -1.20383882522583, -0.14256048202514648, -1.2117605209350586], "action_grad": [[0.0, 0.0, 0.0], [0.0, 0.0, 0.0], [0.0, 0.0, 0.0], [0.0, 0.0, 0.0], [0.0, 0.0, 0.0], [0.0, 0.0, 0.0], [0.0, 0.0, 0.0], [0.0, 0.0, 0.0], [0.0, 0.0, 0.0], [0.0, 0.0, 0.0], [0.0, 0.0, 0.0], [0.0, 0.0, 0.0], [0.0, 0.0, 0.0], [0.0, 0.0, 0.0], [0.0, 0.0, 0.0], [0.0, 0.0, 0.0]], "action_params_change": 0, "value_params_change": 0.49999999788858585}
{"iterations": 1, "type_itr": 0, "sub_iteration": 1, "sub_it_time": 0.1277909278869629, "total_time": 0.25904393196105957, "value_loss": 5.3499603271484375, "action_loss": -1.5841491222381592, "action_probs": [[0.023659954586649126, 0.3813574629942309, 0.03475717405924261, 0.5602254083598773], [0.13675043403039092, 0.7814088389160848, 0.012189339339803873, 0.06965138771372038], [0.29229908825892803, 0.7075980230959481, 3.0077351779875862e-05, 7.281129334398973e-05], [0.001147742438665577, 0.14945642501065065, 0.006473178403726345, 0.8429226541469576], [0.07600446551490665, 0.016706196016040432, 0.7437983949094701, 0.16349094355958277], [0.35826668044140947, 0.4851923286600827, 0.06649217158989265, 0.09004881930861505], [0.028805588399266894, 0.6313964123676972, 0.014825888581722436, 0.3249721106513135], [0.31742552841923233, 0.6486087391540937, 0.011160670926060025, 0.022805061500614166], [0.10990918625244737, 0.14879047257074207, 0.31494327297543967, 0.426357068201371], [0.5568666568139272, 0.4210910035100025, 0.012551304112393313, 0.009491035563677041], [0.2671241153485169, 0.19904123538078988, 0.30590027380997875, 0.2279343754607145], [0.011439746182612901, 0.978376782806451, 0.0001176948658779084, 0.010065776145058132], [0.11398654600621505, 0.5763856780950658, 0.051122277939594056, 0.2585054979591251], [0.12574640202179554, 0.3707023914155457, 0.12754538493400555, 0.37600582162865315], [0.4281929466552478, 0.4684599316003144, 0.04935299898237388, 0.05399412276206372], [0.11393567799670032, 0.8776447353183463, 0.0009674367348534679, 0.007452149950099974]], "state_values": [3.9238108205199302, 2.166926481716303, 0.2980462616590461, 4.077431478767681, 2.0543736695051176, 2.811271241110976, 3.469309838932728, 3.7656285650016996, -2.694145727213194, 0.8474136869142566, 2.156816579635162, 4.460381468771961, -2.69518646209342, -4.823523440241131, -1.0360502418784192, 4.930093014399786], "value_grad": [0.3999595642089844, -1.0533599853515625, 1.7859606742858887, -1.4057998657226562, -0.1979999542236328, 0.5781607627868652, 0.2336406707763672, 0.5543999671936035, 1.4850006103515625, 0.25343990325927734, 1.021679401397705, 1.4612398147583008, 0.20196056365966797, 0.04752063751220703, 0.5187602043151855, 0.36036014556884766], "action_grad": [[0.0, 0.0, 0.0], [0.0, 0.0, 0.0], [0.0, 0.0, 0.0], [0.0, 0.0, 0.0], [0.0, 0.0, 0.0], [0.0, 0.0, 0.0], [0.0, 0.0, 0.0], [0.0, 0.0, 0.0], [0.0, 0.0, 0.0], [0.0, 0.0, 0.0], [0.0, 0.0, 0.0], [0.0, 0.0, 0.0], [0.0, 0.0, 0.0], [0.0, 0.0, 0.0], [0.0, 0.0, 0.0], [0.0, 0.0, 0.0]], "action_params_change": 0, "value_params_change": 0.4933990201603309}
{"iterations": 1, "type_itr": 0, "sub_iteration": 2, "sub_it_time": 0.12667608261108398, "total_time": 0.3872520923614502, "value_loss": 5.199479579925537, "action_loss": -1.3901827335357666, "action_probs": [[0.023659954586649126, 0.3813574629942309, 0.03475717405924261, 0.5602254083598773], [0.13675043403039092, 0.7814088389160848, 0.012189339339803873, 0.06965138771372038], [0.29229908825892803, 0.7075980230959481, 3.0077351779875862e-05, 7.281129334398973e-05], [0.001147742438665577, 0.14945642501065065, 0.006473178403726345, 0.8429226541469576], [0.07600446551490665, 0.016706196016040432, 0.7437983949094701, 0.16349094355958277], [0.35826668044140947, 0.4851923286600827, 0.06649217158989265, 0.09004881930861505], [0.028805588399266894, 0.6313964123676972, 0.014825888581722436, 0.3249721106513135], [0.31742552841923233, 0.6486087391540937, 0.011160670926060025, 0.022805061500614166], [0.10990918625244737, 0.14879047257074207, 0.31494327297543967, 0.426357068201371], [0.5568666568139272, 0.4210910035100025, 0.012551304112393313, 0.009491035563677041], [0.2671241153485169, 0.19904123538078988, 0.30590027380997875, 0.2279343754607145], [0.011439746182612901, 0.978376782806451, 0.0001176948658779084, 0.010065776145058132], [0.11398654600621505, 0.5763856780950658, 0.051122277939594056, 0.2585054979591251], [0.12574640202179554, 0.3707023914155457, 0.12754538493400555, 0.37600582162865315], [0.4281929466552478, 0.4684599316003144, 0.04935299898237388, 0.05399412276206372], [0.11393567799670032, 0.8776447353183463, 0.0009674367348534679, 0.007452149950099974]], "state_values": [3.317251466788579, 2.977250608475752, 0.37039040875324447, 3.564838547831095, 2.755688554337743, 1.9427820068337605, 3.5534320609565353, 3.4850964668486633, -2.4258572276892156, 0.1434840117694885, 1.7042480502096324, 4.535750303507194, -2.1703948696356177, -4.565383912636973, -0.35668843034914305, 4.947962093970477], "value_grad": [0.10296010971069336, 0.011879920959472656, -2.3839199542999268, 0.28511953353881836, 0.8078403472900391, 0.2574000358581543, -1.0533599853515625, 0.5068802833557129, -0.5306398868560791, -0.799919605255127, -0.5227200984954834, -1.069199562072754, -0.7880401611328125, -0.2494807243347168, -2.8195207118988037, 0.4633197784423828], "action_grad": [[0.0, 0.0, 0.0], [0.0, 0.0, 0.0], [0.0, 0.0, 0.0], [0.0, 0.0, 0.0], [0.0, 0.0, 0.0], [0.0, 0.0, 0.0], [0.0, 0.0, 0.0], [0.0, 0.0, 0.0], [0.0, 0.0, 0.0], [0.0, 0.0, 0.0], [0.0, 0.0, 0.0], [0.0, 0.0, 0.0], [0.0, 0.0, 0.0], [0.0, 0.0, 0.0], [0.0, 0.0, 0.0], [0.0, 0.0, 0.0]], "action_params_change": 0, "value_params_change": 0.39608968290738655}
{"iterations": 1, "type_itr": 0, "sub_iteration": 3, "sub_it_time": 0.14221477508544922, "total_time": 0.5310685634613037, "value_loss": 3.5442001819610596, "action_loss": -1.4254987239837646, "action_probs": [[0.023659954586649126, 0.3813574629942309, 0.03475717405924261, 0.5602254083598773], [0.13675043403039092, 0.7814088389160848, 0.012189339339803873, 0.06965138771372038], [0.29229908825892803, 0.7075980230959481, 3.0077351779875862e-05, 7.281129334398973e-05], [0.001147742438665577, 0.14945642501065065, 0.006473178403726345, 0.8429226541469576], [0.07600446551490665, 0.016706196016040432, 0.7437983949094701, 0.16349094355958277], [0.35826668044140947, 0.4851923286600827, 0.06649217158989265, 0.09004881930861505], [0.028805588399266894, 0.6313964123676972, 0.014825888581722436, 0.3249721106513135], [0.31742552841923233, 0.6486087391540937, 0.011160670926060025, 0.022805061500614166], [0.10990918625244737, 0.14879047257074207, 0.31494327297543967, 0.426357068201371], [0.5568666568139272, 0.4210910035100025, 0.012551304112393313, 0.009491035563677041], [0.2671241153485169, 0.19904123538078988, 0.30590027380997875, 0.2279343754607145], [0.011439746182612901, 0.978376782806451, 0.0001176948658779084, 0.010065776145058132], [0.11398654600621505, 0.5763856780950658, 0.051122277939594056, 0.2585054979591251], [0.12574640202179554, 0.3707023914155457, 0.12754538493400555, 0.37600582162865315], [0.4281929466552478, 0.4684599316003144, 0.04935299898237388, 0.05399412276206372], [0.11393567799670032, 0.8776447353183463, 0.0009674367348534679, 0.007452149950099974]], "state_values": [2.915934094376174, 2.9682156773255595, 0.36640980291841985, 3.5360080411500054, 2.6570110414798225, 1.0872250042708378, 3.4106818866528577, 2.888151660111848, -2.0146588788638202, -0.675635954311068, 1.6830836124815527, 4.55889058321594, -1.3634326581732956, -4.173697604748213, 0.34391939900674307, 4.899337338419832], "value_grad": [-0.36827969551086426, 1.8572399616241455, 0.26531982421875, 1.378079891204834, -1.0296001434326172, 0.20591998100280762, 0.5781600475311279, 1.235520362854004, -0.8791203498840332, -0.380159854888916, -0.6375598907470703, -0.21384000778198242, -0.8355598449707031, -0.3801600933074951, -0.609839916229248, 0.7801201343536377], "action_grad": [[0.0, 0.0, 0.0], [0.0, 0.0, 0.0], [0.0, 0.0, 0.0], [0.0, 0.0, 0.0], [0.0, 0.0, 0.0], [0.0, 0.0, 0.0], [0.0, 0.0, 0.0], [0.0, 0.0, 0.0], [0.0, 0.0, 0.0], [0.0, 0.0, 0.0], [0.0, 0.0, 0.0], [0.0, 0.0, 0.0], [0.0, 0.0, 0.0], [0.0, 0.0, 0.0], [0.0, 0.0, 0.0], [0.0, 0.0, 0.0]], "action_params_change": 0, "value_params_change": 0.359736600681003}
{"iterations": 1, "type_itr": 0, "sub_iteration": 4, "sub_it_time": 0.12729525566101074, "total_time": 0.6599948406219482, "value_loss": 3.5125200748443604, "action_loss": -1.2864080667495728, "action_probs": [[0.023659954586649126, 0.3813574629942309, 0.03475717405924261, 0.5602254083598773], [0.13675043403039092, 0.7814088389160848, 0.012189339339803873, 0.06965138771372038], [0.29229908825892803, 0.7075980230959481, 3.0077351779875862e-05, 7.281129334398973e-05], [0.001147742438665577, 0.14945642501065065, 0.006473178403726345, 0.8429226541469576], [0.07600446551490665, 0.016706196016040432, 0.7437983949094701, 0.16349094355958277], [0.35826668044140947, 0.4851923286600827, 0.06649217158989265, 0.09004881930861505], [0.028805588399266894, 0.6313964123676972, 0.014825888581722436, 0.3249721106513135], [0.31742552841923233, 0.6486087391540937, 0.011160670926060025, 0.022805061500614166], [0.10990918625244737, 0.14879047257074207, 0.31494327297543967, 0.426357068201371], [0.5568666568139272, 0.4210910035100025, 0.012551304112393313, 0.009491035563677041], [0.2671241153485169, 0.19904123538078988, 0.30590027380997875, 0.2279343754607145], [0.011439746182612901, 0.978376782806451, 0.0001176948658779084, 0.010065776145058132], [0.11398654600621505, 0.5763856780950658, 0.051122277939594056, 0.2585054979591251], [0.12574640202179554, 0.3707023914155457, 0.12754538493400555, 0.37600582162865315], [0.4281929466552478, 0.4684599316003144, 0.04935299898237388, 0.05399412276206372], [0.11393567799670032, 0.8776447353183463, 0.0009674367348534679, 0.007452149950099974]], "state_values": [2.7166557539618283, 3.0854899116208085, 0.4324164307625602, 3.8115270241512635, 2.1998683248238713, 0.8899239272400254, 3.0832366924657544, 2.1480988219107635, -1.525629879194078, -1.4327636364583294, 1.3843269682149792, 4.391475108418743, -1.4442605227039218, -3.567028501983273, 0.9439383773321449, 4.915029200034108], "value_grad": [-0.3880801200866699, -0.5940001010894775, -0.31283998489379883, 1.7780399322509766, -1.191960096359253, -1.1721599102020264, 0.6494402885437012, 0.609839677810669, -0.6415197849273682, -0.12276029586791992, 0.6692404747009277, -1.3978803157806396, 1.4810409545898438, -1.0850398540496826, -0.05543994903564453, -0.7524001598358154], "action_grad": [[0.0, 0.0, 0.0], [0.0, 0.0, 0.0], [0.0, 0.0, 0.0], [0.0, 0.0, 0.0], [0.0, 0.0, 0.0], [0.0, 0.0, 0.0], [0.0, 0.0, 0.0], [0.0, 0.0, 0.0], [0.0, 0.0, 0.0], [0.0, 0.0, 0.0], [0.0, 0.0, 0.0], [0.0, 0.0, 0.0], [0.0, 0.0, 0.0], [0.0, 0.0, 0.0], [0.0, 0.0, 0.0], [0.0, 0.0, 0.0]], "action_params_change": 0, "value_params_change": 0.38662647519245574}
{"iterations": 1, "type_itr": 0, "sub_iteration": 5, "sub_it_time": 0.1259479522705078, "total_time": 0.7874903678894043, "value_loss": 2.950200319290161, "action_loss": -1.2521787881851196, "action_probs": [[0.023659954586649126, 0.3813574629942309, 0.03475717405924261, 0.5602254083598773], [0.13675043403039092, 0.7814088389160848, 0.012189339339803873, 0.06965138771372038], [0.29229908825892803, 0.7075980230959481, 3.0077351779875862e-05, 7.281129334398973e-05], [0.001147742438665577, 0.14945642501065065, 0.006473178403726345, 0.8429226541469576], [0.07600446551490665, 0.016706196016040432, 0.7437983949094701, 0.16349094355958277], [0.35826668044140947, 0.4851923286600827, 0.06649217158989265, 0.09004881930861505], [0.028805588399266894, 0.6313964123676972, 0.014825888581722436, 0.3249721106513135], [0.31742552841923233, 0.6486087391540937, 0.011160670926060025, 0.022805061500614166], [0.10990918625244737, 0.14879047257074207, 0.31494327297543967, 0.426357068201371], [0.5568666568139272, 0.4210910035100025, 0.012551304112393313, 0.009491035563677041], [0.2671241153485169, 0.19904123538078988, 0.30590027380997875, 0.2279343754607145], [0.011439746182612901, 0.978376782806451, 0.0001176948658779084, 0.010065776145058132], [0.11398654600621505, 0.5763856780950658, 0.051122277939594056, 0.2585054979591251], [0.12574640202179554, 0.3707023914155457, 0.12754538493400555, 0.37600582162865315], [0.4281929466552478, 0.4684599316003144, 0.04935299898237388, 0.05399412276206372], [0.11393567799670032, 0.8776447353183463, 0.0009674367348534679, 0.007452149950099974]], "state_values": [2.5100777224831488, 2.9322493183314498, 0.4137771807924564, 3.996824738313974, 2.16383861806217, 0.832991897783214, 2.625300475231991, 1.3868897519983807, -1.0547960959330953, -2.26380968832393, 1.5341221052729694, 4.332117297421966, -1.8827989764790392, -2.7593050517408186, 1.6866279070207097, 4.85318909044975], "value_grad": [0.07920002937316895, 1.3622403144836426, 0.3564000129699707, -0.22572016716003418, 1.1206800937652588, -0.34451937675476074, 0.5306396484375, 0.20988035202026367, -0.1742398738861084, -1.7146801948547363, -1.0890002250671387, 0.6969602108001709, 1.5127201080322266, -0.9860403537750244, -1.5998399257659912, 1.1008801460266113], "action_grad": [[0.0, 0.0, 0.0], [0.0, 0.0, 0.0], [0.0, 0.0, 0.0], [0.0, 0.0, 0.0], [0.0, 0.0, 0.0], [0.0, 0.0, 0.0], [0.0, 0.0, 0.0], [0.0, 0.0, 0.0], [0.0, 0.0, 0.0], [0.0, 0.0, 0.0], [0.0, 0.0, 0.0], [0.0, 0.0, 0.0], [0.0, 0.0, 0.0], [0.0, 0.0, 0.0], [0.0, 0.0, 0.0], [0.0, 0.0, 0.0]], "action_params_change": 0, "value_params_change": 0.4195042835750522}
{"iterations": 1, "type_itr": 0, "sub_iteration": 6, "sub_it_time": 0.1257939338684082, "total_time": 0.9148547649383545, "value_loss": 3.880800247192383, "action_loss": -1.1435140371322632, "action_probs": [[0.023659954586649126, 0.3813574629942309, 0.03475717405924261, 0.5602254083598773], [0.13675043403039092, 0.7814088389160848, 0.012189339339803873, 0.06965138771372038], [0.29229908825892803, 0.7075980230959481, 3.0077351779875862e-05, 7.281129334398973e-05], [0.001147742438665577, 0.14945642501065065, 0.006473178403726345, 0.8429226541469576], [0.07600446551490665, 0.016706196016040432, 0.7437983949094701, 0.16349094355958277], [0.35826668044140947, 0.4851923286600827, 0.06649217158989265, 0.09004881930861505], [0.028805588399266894, 0.6313964123676972, 0.014825888581722436, 0.3249721106513135], [0.31742552841923233, 0.6486087391540937, 0.011160670926060025, 0.022805061500614166], [0.10990918625244737, 0.14879047257074207, 0.31494327297543967, 0.426357068201371], [0.5568666568139272, 0.4210910035100025, 0.012551304112393313, 0.009491035563677041], [0.2671241153485169, 0.19904123538078988, 0.30590027380997875, 0.2279343754607145], [0.011439746182612901, 0.978376782806451, 0.0001176948658779084, 0.010065776145058132], [0.11398654600621505, 0.5763856780950658, 0.051122277939594056, 0.2585054979591251], [0.12574640202179554, 0.3707023914155457, 0.12754538493400555, 0.37600582162865315], [0.4281929466552478, 0.4684599316003144, 0.04935299898237388, 0.05399412276206372], [0.11393567799670032, 0.8776447353183463, 0.0009674367348534679, 0.007452149950099974]], "state_values": [2.4210917657669504, 2.717846665318062, 0.7211844867859741, 4.1456469405308365, 2.141847150006993, 1.0573216457385215, 2.1012752008068882, 0.7572714880267273, -0.6768925132537333, -2.9142234342245237, 1.3892509640742516, 4.4621771263854875, -2.1923790003457384, -1.772802999553963, 2.3688430839916967, 4.828850910302866], "value_grad": [-0.25343966484069824, 0.4395599365234375, -1.8334802389144897, -0.011879920959472656, 0.03564023971557617, -0.9543600082397461, 0.31284022331237793, -0.17027997970581055, 0.1979999542236328, 0.06336021423339844, 0.9068400859832764, 1.6671602725982666, -0.2494797706604004, -1.5523197650909424, -0.4237196445465088, -0.49896013736724854], "action_grad": [[0.0, 0.0, 0.0], [0.0, 0.0, 0.0], [0.0, 0.0, 0.0], [0.0, 0.0, 0.0], [0.0, 0.0, 0.0], [0.0, 0.0, 0.0], [0.0, 0.0, 0.0], [0.0, 0.0, 0.0], [0.0, 0.0, 0.0], [0.0, 0.0, 0.0], [0.0, 0.0, 0.0], [0.0, 0.0, 0.0], [0.0, 0.0, 0.0], [0.0, 0.0, 0.0], [0.0, 0.0, 0.0], [0.0, 0.0, 0.0]], "action_params_change": 0, "value_params_change": 0.44430019450235747}
{"iterations": 1, "type_itr": 0, "sub_iteration": 7, "sub_it_time": 0.12814664840698242, "total_time": 1.0445706844329834, "value_loss": 1.651319980621338, "action_loss": -1.113631248474121, "action_probs": [[0.023659954586649126, 0.3813574629942309, 0.03475717405924261, 0.5602254083598773], [0.13675043403039092, 0.7814088389160848, 0.012189339339803873, 0.06965138771372038], [0.29229908825892803, 0.7075980230959481, 3.0077351779875862e-05, 7.281129334398973e-05], [0.001147742438665577, 0.14945642501065065, 0.006473178403726345, 0.8429226541469576], [0.07600446551490665, 0.016706196016040432, 0.7437983949094701, 0.16349094355958277], [0.35826668044140947, 0.4851923286600827, 0.06649217158989265, 0.09004881930861505], [0.028805588399266894, 0.6313964123676972, 0.014825888581722436, 0.3249721106513135], [0.31742552841923233, 0.6486087391540937, 0.011160670926060025, 0.022805061500614166], [0.10990918625244737, 0.14879047257074207, 0.31494327297543967, 0.426357068201371], [0.5568666568139272, 0.4210910035100025, 0.012551304112393313, 0.009491035563677041], [0.2671241153485169, 0.19904123538078988, 0.30590027380997875, 0.2279343754607145], [0.011439746182612901, 0.978376782806451, 0.0001176948658779084, 0.010065776145058132], [0.11398654600621505, 0.5763856780950658, 0.051122277939594056, 0.2585054979591251], [0.12574640202179554, 0.3707023914155457, 0.12754538493400555, 0.37600582162865315], [0.4281929466552478, 0.4684599316003144, 0.04935299898237388, 0.05399412276206372], [0.11393567799670032, 0.8776447353183463, 0.0009674367348534679, 0.007452149950099974]], "state_values": [2.1928945511449425, 2.784707440065551, 1.1440588549071014, 4.230838342678771, 2.2424817243990627, 1.5408149694684123, 1.699630994330974, 0.3443461183607577, -0.08099329022100644, -3.491972060153982, 1.6243429632802526, 4.439869390061176, -2.5138913462236694, -0.6640951780462873, 2.5771849554729207, 4.805876593755501], "value_grad": [0.4316401481628418, -1.5206403732299805, -1.0098001956939697, -0.31283998489379883, 0.46727991104125977, -1.3899600505828857, -0.23759984970092773, -0.3920400142669678, -1.7067601680755615, -0.2890799045562744, -1.4652003049850464, -1.3939200639724731, 0.2653200626373291, -1.1008801460266113, 2.0512802600860596, 0.0], "action_grad": [[0.0, 0.0, 0.0], [0.0, 0.0, 0.0], [0.0, 0.0, 0.0], [0.0, 0.0, 0.0], [0.0, 0.0, 0.0], [0.0, 0.0, 0.0], [0.0, 0.0, 0.0], [0.0, 0.0, 0.0], [0.0, 0.0, 0.0], [0.0, 0.0, 0.0], [0.0, 0.0, 0.0], [0.0, 0.0, 0.0], [0.0, 0.0, 0.0], [0.0, 0.0, 0.0], [0.0, 0.0, 0.0], [0.0, 0.0, 0.0]], "action_params_change": 0, "value_params_change": 0.4584628379844684}
{"iterations": 1, "type_itr": 0, "sub_iteration": 8, "sub_it_time": 0.12794017791748047, "total_time": 1.1741204261779785, "value_loss": 2.3284802436828613, "action_loss": -1.0681732892990112, "action_probs": [[0.023659954586649126, 0.3813574629942309, 0.03475717405924261, 0.5602254083598773], [0.13675043403039092, 0.7814088389160848, 0.012189339339803873, 0.06965138771372038], [0.29229908825892803, 0.7075980230959481, 3.0077351779875862e-05, 7.281129334398973e-05], [0.001147742438665577, 0.14945642501065065, 0.006473178403726345, 0.8429226541469576], [0.07600446551490665, 0.016706196016040432, 0.7437983949094701, 0.16349094355958277], [0.35826668044140947, 0.4851923286600827, 0.06649217158989265, 0.09004881930861505], [0.028805588399266894, 0.6313964123676972, 0.014825888581722436, 0.3249721106513135], [0.31742552841923233, 0.6486087391540937, 0.011160670926060025, 0.022805061500614166], [0.10990918625244737, 0.14879047257074207, 0.31494327297543967, 0.426357068201371], [0.5568666568139272, 0.4210910035100025, 0.012551304112393313, 0.009491035563677041], [0.2671241153485169, 0.19904123538078988, 0.30590027380997875, 0.2279343754607145], [0.011439746182612901, 0.978376782806451, 0.0001176948658779084, 0.010065776145058132], [0.11398654600621505, 0.5763856780950658, 0.051122277939594056, 0.2585054979591251], [0.12574640202179554, 0.3707023914155457, 0.12754538493400555, 0.37600582162865315], [0.4281929466552478, 0.4684599316003144, 0.04935299898237388, 0.05399412276206372], [0.11393567799670032, 0.8776447353183463, 0.0009674367348534679, 0.007452149950099974]], "state_values": [1.7736922655701324, 2.5854086533021547, 1.5598534034456184, 4.360974016301383, 2.054816772814281, 2.1026673318811877, 1.1663079667522676, -0.11650571958080758, 0.4139367182655897, -3.6327965775700326, 1.8756157548602188, 4.424593867276474, -2.9631130673231283, -0.1891890965709706, 2.8147942082191895, 4.851364179226407], "value_grad": [0.6969598531723022, 1.8572403192520142, -0.31283998489379883, 0.5583598613739014, -1.1998801231384277, -0.7959600687026978, 0.5662798881530762, 0.2811601161956787, 0.19799983501434326, 1.3820399045944214, -0.20987987518310547, 0.05544018745422363, 1.0414800643920898, 1.9285199642181396, -0.45936012268066406, -0.922680139541626], "action_grad": [[0.0, 0.0, 0.0], [0.0, 0.0, 0.0], [0.0, 0.0, 0.0], [0.0, 0.0, 0.0], [0.0, 0.0, 0.0], [0.0, 0.0, 0.0], [0.0, 0.0, 0.0], [0.0, 0.0, 0.0], [0.0, 0.0, 0.0], [0.0, 0.0, 0.0], [0.0, 0.0, 0.0], [0.0, 0.0, 0.0], [0.0, 0.0, 0.0], [0.0, 0.0, 0.0], [0.0, 0.0, 0.0], [0.0, 0.0, 0.0]], "action_params_change": 0, "value_params_change": 0.24154355851666587}
{"iterations": 1, "type_itr": 0, "sub_iteration": 9, "sub_it_time": 0.12709426879882812, "total_time": 1.3027997016906738, "value_loss": 1.9681200981140137, "action_loss": -1.049156904220581, "action_probs": [[0.023659954586649126, 0.3813574629942309, 0.03475717405924261, 0.5602254083598773], [0.13675043403039092, 0.7814088389160848, 0.012189339339803873, 0.06965138771372038], [0.29229908825892803, 0.7075980230959481, 3.0077351779875862e-05, 7.281129334398973e-05], [0.001147742438665577, 0.14945642501065065, 0.006473178403726345, 0.8429226541469576], [0.07600446551490665, 0.016706196016040432, 0.7437983949094701, 0.16349094355958277], [0.35826668044140947, 0.4851923286600827, 0.06649217158989265, 0.09004881930861505], [0.028805588399266894, 0.6313964123676972, 0.014825888581722436, 0.3249721106513135], [0.31742552841923233, 0.6486087391540937, 0.011160670926060025, 0.022805061500614166], [0.10990918625244737, 0.14879047257074207, 0.31494327297543967, 0.426357068201371], [0.5568666568139272, 0.4210910035100025, 0.012551304112393313, 0.009491035563677041], [0.2671241153485169, 0.19904123538078988, 0.30590027380997875, 0.2279343754607145], [0.011439746182612901, 0.978376782806451, 0.0001176948658779084, 0.010065776145058132], [0.11398654600621505, 0.5763856780950658, 0.051122277939594056, 0.2585054979591251], [0.12574640202179554, 0.3707023914155457, 0.12754538493400555, 0.37600582162865315], [0.4281929466552478, 0.4684599316003144, 0.04935299898237388, 0.05399412276206372], [0.11393567799670032, 0.8776447353183463, 0.0009674367348534679, 0.007452149950099974]], "state_values": [1.3023836377706837, 2.4433443263574, 2.0780247288030855, 4.470569449059187, 1.7216682510502515, 2.209476161595849, 0.7783209421819289, -0.19676842093923105, 0.7424039930771047, -3.7774241770403334, 1.98980523173487, 4.3105440528453, -3.1804212121418143, 0.0925500105565663, 3.024598467530199, 4.880607726242357], "value_grad": [0.26532018184661865, -0.2890799045562744, -1.239479899406433, 0.03168034553527832, -0.7880399227142334, 1.7859601974487305, -0.2890801429748535, -0.9385201930999756, 0.613800048828125, -0.14652013778686523, 0.4791600704193115, -1.1761200428009033, -0.8355605602264404, 0.7524001598358154, -0.043560028076171875, 0.11088013648986816], "action_grad": [[0.0, 0.0, 0.0], [0.0, 0.0, 0.0], [0.0, 0.0, 0.0], [0.0, 0.0, 0.0], [0.0, 0.0, 0.0], [0.0, 0.0, 0.0], [0.0, 0.0, 0.0], [0.0, 0.0, 0.0], [0.0, 0.0, 0.0], [0.0, 0.0, 0.0], [0.0, 0.0, 0.0], [0.0, 0.0, 0.0], [0.0, 0.0, 0.0], [0.0, 0.0, 0.0], [0.0, 0.0, 0.0], [0.0, 0.0, 0.0]], "action_params_change": 0, "value_params_change": 0.22268256285688492}
{"iterations": 1, "type_itr": 0, "sub_iteration": 10, "sub_it_time": 0.12991881370544434, "total_time": 1.434281826019287, "value_loss": 3.1680002212524414, "action_loss": -1.0236207246780396, "action_probs": [[0.023659954586649126, 0.3813574629942309, 0.03475717405924261, 0.5602254083598773], [0.13675043403039092, 0.7814088389160848, 0.012189339339803873, 0.06965138771372038], [0.29229908825892803, 0.7075980230959481, 3.0077351779875862e-05, 7.281129334398973e-05], [0.001147742438665577, 0.14945642501065065, 0.006473178403726345, 0.8429226541469576], [0.07600446551490665, 0.016706196016040432, 0.7437983949094701, 0.16349094355958277], [0.35826668044140947, 0.4851923286600827, 0.06649217158989265, 0.09004881930861505], [0.028805588399266894, 0.6313964123676972, 0.014825888581722436, 0.3249721106513135], [0.31742552841923233, 0.6486087391540937, 0.011160670926060025, 0.022805061500614166], [0.10990918625244737, 0.14879047257074207, 0.31494327297543967, 0.426357068201371], [0.5568666568139272, 0.4210910035100025, 0.012551304112393313, 0.009491035563677041], [0.2671241153485169, 0.19904123538078988, 0.30590027380997875, 0.2279343754607145], [0.011439746182612901, 0.978376782806451, 0.0001176948658779084, 0.010065776145058132], [0.11398654600621505, 0.5763856780950658, 0.051122277939594056, 0.2585054979591251], [0.12574640202179554, 0.3707023914155457, 0.12754538493400555, 0.37600582162865315], [0.4281929466552478, 0.4684599316003144, 0.04935299898237388, 0.05399412276206372], [0.11393567799670032, 0.8776447353183463, 0.0009674367348534679, 0.007452149950099974]], "state_values": [0.664008856216644, 2.3433080292430053, 2.5492822562259305, 4.587933182091244, 1.2699262901875934, 1.947727856987401, 0.4238137214901182, 0.13851486440982463, 1.069618706425544, -3.7136627933138278, 1.8997330768390794, 4.3636937299662595, -3.2338746523720485, 0.21871376280876087, 3.148091552926224, 4.892403685827018], "value_grad": [0.7761602401733398, -0.20988011360168457, -0.22176003456115723, 0.3326399326324463, -0.7326004505157471, 2.5462803840637207, 0.007919788360595703, -1.7028002738952637, -0.21779990196228027, 1.2078001499176025, 0.9266397953033447, 1.8968398571014404, -0.803879976272583, 0.7009198665618896, 0.4831199645996094, 0.22176003456115723], "action_grad": [[0.0, 0.0, 0.0], [0.0, 0.0, 0.0], [0.0, 0.0, 0.0], [0.0, 0.0, 0.0], [0.0, 0.0, 0.0], [0.0, 0.0, 0.0], [0.0, 0.0, 0.0], [0.0, 0.0, 0.0], [0.0, 0.0, 0.0], [0.0, 0.0, 0.0], [0.0, 0.0, 0.0], [0.0, 0.0, 0.0], [0.0, 0.0, 0.0], [0.0, 0.0, 0.0], [0.0, 0.0, 0.0], [0.0, 0.0, 0.0]], "action_params_change": 0, "value_params_change": 0.2606413697274532}
{"iterations": 1, "type_itr": 0, "sub_iteration": 11, "sub_it_time": 0.1268482208251953, "total_time": 1.5627477169036865, "value_loss": 3.5838003158569336, "action_loss": -1.0321327447891235, "action_probs": [[0.023659954586649126, 0.3813574629942309, 0.03475717405924261, 0.5602254083598773], [0.13675043403039092, 0.7814088389160848, 0.012189339339803873, 0.06965138771372038], [0.29229908825892803, 0.7075980230959481, 3.0077351779875862e-05, 7.281129334398973e-05], [0.001147742438665577, 0.14945642501065065, 0.006473178403726345, 0.8429226541469576], [0.07600446551490665, 0.016706196016040432, 0.7437983949094701, 0.16349094355958277], [0.35826668044140947, 0.4851923286600827, 0.06649217158989265, 0.09004881930861505], [0.028805588399266894, 0.6313964123676972, 0.014825888581722436, 0.3249721106513135], [0.31742552841923233, 0.6486087391540937, 0.011160670926060025, 0.022805061500614166], [0.10990918625244737, 0.14879047257074207, 0.31494327297543967, 0.426357068201371], [0.5568666568139272, 0.4210910035100025, 0.012551304112393313, 0.009491035563677041], [0.2671241153485169, 0.19904123538078988, 0.30590027380997875, 0.2279343754607145], [0.011439746182612901, 0.978376782806451, 0.0001176948658779084, 0.010065776145058132], [0.11398654600621505, 0.5763856780950658, 0.051122277939594056, 0.2585054979591251], [0.12574640202179554, 0.3707023914155457, 0.12754538493400555, 0.37600582162865315], [0.4281929466552478, 0.4684599316003144, 0.04935299898237388, 0.05399412276206372], [0.11393567799670032, 0.8776447353183463, 0.0009674367348534679, 0.007452149950099974]], "state_values": [-0.1597929976205351, 2.083817880972338, 2.984785162919895, 4.699021774109503, 0.9146465126213907, 1.6290559606581287, 0.44919210417836425, 0.7170204117088024, 1.40944891086596, -3.73488446408635, 1.9994138664300671, 4.324623243124985, -3.0536151923677024, 0.4829413462230503, 3.1378047079416884, 4.867197922881786], "value_grad": [1.3424403667449951, 1.2870001792907715, -0.3049198389053345, 0.2494797706604004, 0.26927995681762695, 0.5900397300720215, -1.069200038909912, -1.710720181465149, -0.31283998489379883, -0.534600019454956, -0.9266402721405029, -1.1642396450042725, -1.5681605339050293, -0.9306001663208008, 1.025639533996582, 0.6534004211425781], "action_grad": [[0.0, 0.0, 0.0], [0.0, 0.0, 0.0], [0.0, 0.0, 0.0], [0.0, 0.0, 0.0], [0.0, 0.0, 0.0], [0.0, 0.0, 0.0], [0.0, 0.0, 0.0], [0.0, 0.0, 0.0], [0.0, 0.0, 0.0], [0.0, 0.0, 0.0], [0.0, 0.0, 0.0], [0.0, 0.0, 0.0], [0.0, 0.0, 0.0], [0.0, 0.0, 0.0], [0.0, 0.0, 0.0], [0.0, 0.0, 0.0]], "action_params_change": 0, "value_params_change": 0.3303185997781042}
{"iterations": 1, "type_itr": 0, "sub_iteration": 12, "sub_it_time": 0.12767648696899414, "total_time": 1.6920416355133057, "value_loss": 2.8908002376556396, "action_loss": -1.0565823316574097, "action_probs": [[0.023659954586649126, 0.3813574629942309, 0.03475717405924261, 0.5602254083598773], [0.13675043403039092, 0.7814088389160848, 0.012189339339803873, 0.06965138771372038], [0.29229908825892803, 0.7075980230959481, 3.0077351779875862e-05, 7.281129334398973e-05], [0.001147742438665577, 0.14945642501065065, 0.006473178403726345, 0.8429226541469576], [0.07600446551490665, 0.016706196016040432, 0.7437983949094701, 0.16349094355958277], [0.35826668044140947, 0.4851923286600827, 0.06649217158989265, 0.09004881930861505], [0.028805588399266894, 0.6313964123676972, 0.014825888581722436, 0.3249721106513135], [0.31742552841923233, 0.6486087391540937, 0.011160670926060025, 0.022805061500614166], [0.10990918625244737, 0.14879047257074207, 0.31494327297543967, 0.426357068201371], [0.5568666568139272, 0.4210910035100025, 0.012551304112393313, 0.009491035563677041], [0.2671241153485169, 0.19904123538078988, 0.30590027380997875, 0.2279343754607145], [0.011439746182612901, 0.978376782806451, 0.0001176948658779084, 0.010065776145058132], [0.11398654600621505, 0.5763856780950658, 0.051122277939594056, 0.2585054979591251], [0.12574640202179554, 0.3707023914155457, 0.12754538493400555, 0.37600582162865315], [0.4281929466552478, 0.4684599316003144, 0.04935299898237388, 0.05399412276206372], [0.11393567799670032, 0.8776447353183463, 0.0009674367348534679, 0.007452149950099974]], "state_values": [-0.8496680499863273, 1.715974151648806, 3.4998628641856095, 4.691633664359179, 0.522198005621424, 1.2332123182545578, 0.46870356004701375, 1.217814900280319, 1.4364235470167446, -3.8167452249881846, 1.9883106822671197, 4.246694798070478, -2.8509147345146264, 0.90473139219648, 3.121271966119068, 4.750656999238079], "value_grad": [-0.18612027168273926, 0.9939601421356201, -1.7859606742858887, -1.417680263519287, -0.32075977325439453, 0.7801202535629272, 0.011880159378051758, 0.06731986999511719, 1.686959981918335, -0.4474799633026123, 0.5306403636932373, -0.5543999671936035, -0.23363995552062988, -1.2751202583312988, 0.06336021423339844, 1.6750798225402832], "action_grad": [[0.0, 0.0, 0.0], [0.0, 0.0, 0.0], [0.0, 0.0, 0.0], [0.0, 0.0, 0.0], [0.0, 0.0, 0.0], [0.0, 0.0, 0.0], [0.0, 0.0, 0.0], [0.0, 0.0, 0.0], [0.0, 0.0, 0.0], [0.0, 0.0, 0.0], [0.0, 0.0, 0.0], [0.0, 0.0, 0.0], [0.0, 0.0, 0.0], [0.0, 0.0, 0.0], [0.0, 0.0, 0.0], [0.0, 0.0, 0.0]], "action_params_change": 0, "value_params_change": 0.2775965133704359}
{"iterations": 1, "type_itr": 0, "sub_iteration": 13, "sub_it_time": 0.12677550315856934, "total_time": 1.8205058574676514, "value_loss": 2.4750001430511475, "action_loss": -1.0000767707824707, "action_probs": [[0.023659954586649126, 0.3813574629942309, 0.03475717405924261, 0.5602254083598773], [0.13675043403039092, 0.7814088389160848, 0.012189339339803873, 0.06965138771372038], [0.29229908825892803, 0.7075980230959481, 3.0077351779875862e-05, 7.281129334398973e-05], [0.001147742438665577, 0.14945642501065065, 0.006473178403726345, 0.8429226541469576], [0.07600446551490665, 0.016706196016040432, 0.7437983949094701, 0.16349094355958277], [0.35826668044140947, 0.4851923286600827, 0.06649217158989265, 0.09004881930861505], [0.028805588399266894, 0.6313964123676972, 0.014825888581722436, 0.3249721106513135], [0.31742552841923233, 0.6486087391540937, 0.011160670926060025, 0.022805061500614166], [0.10990918625244737, 0.14879047257074207, 0.31494327297543967, 0.426357068201371], [0.5568666568139272, 0.4210910035100025, 0.012551304112393313, 0.009491035563677041], [0.2671241153485169, 0.19904123538078988, 0.30590027380997875, 0.2279343754607145], [0.011439746182612901, 0.978376782806451, 0.0001176948658779084, 0.010065776145058132], [0.11398654600621505, 0.5763856780950658, 0.051122277939594056, 0.2585054979591251], [0.12574640202179554, 0.3707023914155457, 0.12754538493400555, 0.37600582162865315], [0.4281929466552478, 0.4684599316003144, 0.04935299898237388, 0.05399412276206372], [0.11393567799670032, 0.8776447353183463, 0.0009674367348534679, 0.007452149950099974]], "state_values": [-1.601426957813211, 1.2818907599589349, 3.837826754436849, 4.751836645039851, 0.005037650218785257, 0.8953020044798955, 0.8013926659053388, 1.43726452279374, 1.2689560851938368, -3.925088098539715, 1.9782698377682935, 4.244333846957866, -2.5132802418899396, 1.3372547871543985, 3.0166354717756456, 4.553075073098387], "value_grad": [0.7128002643585205, 0.7009198665618896, 0.7642800807952881, 1.1404802799224854, -0.8276400566101074, -0.1900796890258789, -1.326599359512329, 1.1365203857421875, 1.3661999702453613, -0.273240327835083, 0.0, 0.9028801918029785, -1.0533599853515625, -0.3880798816680908, 0.7880399227142334, 0.8632802963256836], "action_grad": [[0.0, 0.0, 0.0], [0.0, 0.0, 0.0], [0.0, 0.0, 0.0], [0.0, 0.0, 0.0], [0.0, 0.0, 0.0], [0.0, 0.0, 0.0], [0.0, 0.0, 0.0], [0.0, 0.0, 0.0], [0.0, 0.0, 0.0], [0.0, 0.0, 0.0], [0.0, 0.0, 0.0], [0.0, 0.0, 0.0], [0.0, 0.0, 0.0], [0.0, 0.0, 0.0], [0.0, 0.0, 0.0], [0.0, 0.0, 0.0]], "action_params_change": 0, "value_params_change": 0.3105368695610653}
