{"iterations": 0, "type_itr": 0, "sub_iteration": 0, "sub_it_time": 0, "total_time": 0, "value_loss": 0, "action_loss": 0, "action_probs": [[3.0607371567025802e-06, 3.989307944891596e-06, 0.43414127629842875, 0.5658516736564697], [0.9934189947598103, 0.00035600177910067373, 0.006222773467061446, 2.22999402759554e-06], [0.0720039256928357, 0.003239062991495252, 0.884948036900195, 0.039808974415474124], [0.46306807631267527, 0.0552866882363227, 0.43027391257706565, 0.051371322873936254], [0.9374074354989271, 0.06167435291015019, 0.0008615294390091009, 5.668215191364547e-05], [0.09182865970499138, 0.014412204305910085, 0.7725153999928737, 0.12124373599622487], [0.49720598938103966, 0.19990137302269192, 0.21603563765700834, 0.08685699993926013], [0.0006567833875174069, 0.0006591967700532026, 0.4984262641334076, 0.5002577557090218], [0.570305709924631, 0.14732954330841186, 0.2243956475620969, 0.05796909920486006], [0.025829514290428734, 0.33766248372651636, 0.04522986096774304, 0.5912781410153118], [0.033835602054334675, 0.022173831214087805, 0.5702698151917067, 0.3737207515398708], [0.0464195676279739, 0.022417716123092304, 0.6279180165776915, 0.30324469967124207], [9.242397269071627e-07, 0.02647713687773131, 3.3981629052803776e-05, 0.973487957253489], [0.43480229264923514, 1.9649368934842872e-05, 0.5651525178903535, 2.5540091476567968e-05], [0.23912170763715815, 0.7559975459418394, 0.0011728166393490628, 0.003707929781653445], [0.07475633924154311, 0.09310977195116774, 0.370576781960762, 0.46155710684652734]], "state_values": [2.4536056738510896, 1.155929719197099, 0.4886854803463607, 4.934636836199015, -1.421669094589977, 0.3045454270202115, 4.638303758296097, 4.892296940833532, 4.999798663050185, 1.0233013319875075, 4.889089147161006, -4.063818377339681, 4.634543966032627, 4.792142083875065, 0.13689221946463295, 3.710573056419409], "value_grad": [0.0, 0.0, 0.0, 0.0, 0.0, 0.0, 0.0, 0.0, 0.0, 0.0, 0.0, 0.0, 0.0, 0.0, 0.0, 0.0], "action_grad": [[0.0, 0.0, 0.0], [0.0, 0.0, 0.0], [0.0, 0.0, 0.0], [0.0, 0.0, 0.0], [0.0, 0.0, 0.0], [0.0, 0.0, 0.0], [0.0, 0.0, 0.0], [0.0, 0.0, 0.0], [0.0, 0.0, 0.0], [0.0, 0.0, 0.0], [0.0, 0.0, 0.0], [0.0, 0.0, 0.0], [0.0, 0.0, 0.0], [0.0, 0.0, 0.0], [0.0, 0.0, 0.0], [0.0, 0.0, 0.0]], "action_params_change": 0, "value_params_change": 0}
{"iterations": 1, "type_itr": 0, "sub_iteration": 0, "sub_it_time": 0.35787367820739746, "total_time": 0.35948824882507324, "value_loss": 6.528972449121693, "action_loss": -1.735101732721844, "action_probs": [[3.0607371567025802e-06, 3.989307944891596e-06, 0.43414127629842875, 0.5658516736564697], [0.9934189947598103, 0.00035600177910067373, 0.006222773467061446, 2.22999402759554e-06], [0.0720039256928357, 0.003239062991495252, 0.884948036900195, 0.039808974415474124], [0.46306807631267527, 0.0552866882363227, 0.43027391257706565, 0.051371322873936254], [0.9374074354989271, 0.06167435291015019, 0.0008615294390091009, 5.668215191364547e-05], [0.09182865970499138, 0.014412204305910085, 0.7725153999928737, 0.12124373599622487], [0.49720598938103966, 0.19990137302269192, 0.21603563765700834, 0.08685699993926013], [0.0006567833875174069, 0.0006591967700532026, 0.4984262641334076, 0.5002577557090218], [0.570305709924631, 0.14732954330841186, 0.2243956475620969, 0.05796909920486006], [0.025829514290428734, 0.33766248372651636, 0.04522986096774304, 0.5912781410153118], [0.033835602054334675, 0.022173831214087805, 0.5702698151917067, 0.3737207515398708], [0.0464195676279739, 0.022417716123092304, 0.6279180165776915, 0.30324469967124207], [9.242397269071627e-07, 0.02647713687773131, 3.3981629052803776e-05, 0.973487957253489], [0.43480229264923514, 1.9649368934842872e-05, 0.5651525178903535, 2.5540091476567968e-05], [0.23912170763715815, 0.7559975459418394, 0.0011728166393490628, 0.003707929781653445], [0.07475633924154311, 0.09310977195116774, 0.370576781960762, 0.46155710684652734]], "state_values": [1.2994931164404937, -0.08351375224115276, 1.7045906925700274, 4.980596104133578, -0.19151062767520272, -0.9396451966374484, 4.956043083757396, 4.484837749721139, 4.8332661504948655, -0.21934629145571805, 4.477996593948665, -4.658163820967026, 4.0262302354486685, 4.290203337007422, 1.3691926510647012, 4.42436130438837], "value_grad": [-0.13280520629281956, 204.87047096120025, 0.664017074230733, 0.01897265905768286, 1.4987980594980899, -204.71869631034295, 204.28232248367624, -0.0569183365530348, -0.018973192895727742, 0.05691596204329041, 0.39843821097737653, -204.50999973005116, -0.11383613298975792, 0.30356776188238044, 1.4987785168383079, -204.14950689720214], "action_grad": [[0.0, 0.0, 0.0], [0.0, 0.0, 0.0], [0.0, 0.0, 0.0], [0.0, 0.0, 0.0], [0.0, 0.0, 0.0], [0.0, 0.0, 0.0], [0.0, 0.0, 0.0], [0.0, 0.0, 0.0], [0.0, 0.0, 0.0], [0.0, 0.0, 0.0], [0.0, 0.0, 0.0], [0.0, 0.0, 0.0], [0.0, 0.0, 0.0], [0.0, 0.0, 0.0], [0.0, 0.0, 0.0], [0.0, 0.0, 0.0]], "action_params_change": 0, "value_params_change": 0.4999999999755942}
{"iterations": 1, "type_itr": 0, "sub_iteration": 1, "sub_it_time": 0.35413479804992676, "total_time": 0.7153410911560059, "value_loss": 5.561291114289518, "action_loss": -1.462516646829654, "action_probs": [[3.0607371567025802e-06, 3.989307944891596e-06, 0.43414127629842875, 0.5658516736564697], [0.9934189947598103, 0.00035600177910067373, 0.006222773467061446, 2.22999402759554e-06], [0.0720039256928357, 0.003239062991495252, 0.884948036900195, 0.039808974415474124], [0.46306807631267527, 0.0552866882363227, 0.43027391257706565, 0.051371322873936254], [0.9374074354989271, 0.06167435291015019, 0.0008615294390091009, 5.668215191364547e-05], [0.09182865970499138, 0.014412204305910085, 0.7725153999928737, 0.12124373599622487], [0.49720598938103966, 0.19990137302269192, 0.21603563765700834, 0.08685699993926013], [0.0006567833875174069, 0.0006591967700532026, 0.4984262641334076, 0.5002577557090218], [0.570305709924631, 0.14732954330841186, 0.2243956475620969, 0.05796909920486006], [0.025829514290428734, 0.33766248372651636, 0.04522986096774304, 0.5912781410153118], [0.033835602054334675, 0.022173831214087805, 0.5702698151917067, 0.3737207515398708], [0.0464195676279739, 0.022417716123092304, 0.6279180165776915, 0.30324469967124207], [9.242397269071627e-07, 0.02647713687773131, 3.3981629052803776e-05, 0.973487957253489], [0.43480229264923514, 1.9649368934842872e-05, 0.5651525178903535, 2.5540091476567968e-05], [0.23912170763715815, 0.7559975459418394, 0.0011728166393490628, 0.003707929781653445], [0.07475633924154311, 0.09310977195116774, 0.370576781960762, 0.46155710684652734]], "state_values": [2.169613713428462, -0.9153810027068369, 2.546933668224409, 4.9859622037555384, 0.9605500507464336, -1.743195570010226, 4.9969937464264715, 3.840603622926518, 4.495392401812621, -0.7171554868209165, 3.8126410431821856, -4.962867202776466, 3.1675814953353023, 3.5377077507868107, 2.4802183092257812, 4.7499396997620975], "value_grad": [203.73206872928998, -0.11384938022481972, 203.8459181095148, -0.018975497353953763, 0.7210456859320411, 0.4933485746043411, -0.15180660837273052, -0.13282847903574257, -0.37951747178297257, -0.01897487033112899, 0.7590325953443564, -203.50436431621625, -0.11385221124614198, 0.5123410413801937, 0.9677174232546246, 0.5882465079051133], "action_grad": [[0.0, 0.0, 0.0], [0.0, 0.0, 0.0], [0.0, 0.0, 0.0], [0.0, 0.0, 0.0], [0.0, 0.0, 0.0], [0.0, 0.0, 0.0], [0.0, 0.0, 0.0], [0.0, 0.0, 0.0], [0.0, 0.0, 0.0], [0.0, 0.0, 0.0], [0.0, 0.0, 0.0], [0.0, 0.0, 0.0], [0.0, 0.0, 0.0], [0.0, 0.0, 0.0], [0.0, 0.0, 0.0], [0.0, 0.0, 0.0]], "action_params_change": 0, "value_params_change": 0.5000017954653857}
{"iterations": 1, "type_itr": 0, "sub_iteration": 2, "sub_it_time": 0.35575437545776367, "total_time": 1.0727999210357666, "value_loss": 5.124840919556376, "action_loss": -1.36132561271692, "action_probs": [[3.0607371567025802e-06, 3.989307944891596e-06, 0.43414127629842875, 0.5658516736564697], [0.9934189947598103, 0.00035600177910067373, 0.006222773467061446, 2.22999402759554e-06], [0.0720039256928357, 0.003239062991495252, 0.884948036900195, 0.039808974415474124], [0.46306807631267527, 0.0552866882363227, 0.43027391257706565, 0.051371322873936254], [0.9374074354989271, 0.06167435291015019, 0.0008615294390091009, 5.668215191364547e-05], [0.09182865970499138, 0.014412204305910085, 0.7725153999928737, 0.12124373599622487], [0.49720598938103966, 0.19990137302269192, 0.21603563765700834, 0.08685699993926013], [0.0006567833875174069, 0.0006591967700532026, 0.4984262641334076, 0.5002577557090218], [0.570305709924631, 0.14732954330841186, 0.2243956475620969, 0.05796909920486006], [0.025829514290428734, 0.33766248372651636, 0.04522986096774304, 0.5912781410153118], [0.033835602054334675, 0.022173831214087805, 0.5702698151917067, 0.3737207515398708], [0.0464195676279739, 0.022417716123092304, 0.6279180165776915, 0.30324469967124207], [9.242397269071627e-07, 0.02647713687773131, 3.3981629052803776e-05, 0.973487957253489], [0.43480229264923514, 1.9649368934842872e-05, 0.5651525178903535, 2.5540091476567968e-05], [0.23912170763715815, 0.7559975459418394, 0.0011728166393490628, 0.003707929781653445], [0.07475633924154311, 0.09310977195116774, 0.370576781960762, 0.46155710684652734]], "state_values": [2.7920732777204087, -1.5406536437681877, 3.1383784202011724, 4.998358936453403, 1.8905168858462615, -2.6571043743248945, 4.932836405993026, 2.961622220587685, 3.9249251420411038, -0.6175703934332205, 2.9119607368916856, -4.987312054978917, 2.1119831832048135, 2.5656014922251233, 3.3529294524327327, 4.715616550513598], "value_grad": [-0.11385732745164212, -0.3795224179015735, -0.1707862070810684, -0.018976628943590867, 0.17078488811193537, -202.9160949305271, 0.037953955936554706, -0.15181169791615368, -0.6072586276406202, -0.03795214932155311, 0.8539497602896899, 0.03795349272163673, -0.11385790947386809, 0.5882723441381703, 0.37952339665973867, 203.21972358972127], "action_grad": [[0.0, 0.0, 0.0], [0.0, 0.0, 0.0], [0.0, 0.0, 0.0], [0.0, 0.0, 0.0], [0.0, 0.0, 0.0], [0.0, 0.0, 0.0], [0.0, 0.0, 0.0], [0.0, 0.0, 0.0], [0.0, 0.0, 0.0], [0.0, 0.0, 0.0], [0.0, 0.0, 0.0], [0.0, 0.0, 0.0], [0.0, 0.0, 0.0], [0.0, 0.0, 0.0], [0.0, 0.0, 0.0], [0.0, 0.0, 0.0]], "action_params_change": 0, "value_params_change": 0.5000032471292468}
{"iterations": 1, "type_itr": 0, "sub_iteration": 3, "sub_it_time": 0.3593573570251465, "total_time": 1.4338738918304443, "value_loss": -198.00000000000009, "action_loss": -1.2376034965721385, "action_probs": [[3.0607371567025802e-06, 3.989307944891596e-06, 0.43414127629842875, 0.5658516736564697], [0.9934189947598103, 0.00035600177910067373, 0.006222773467061446, 2.22999402759554e-06], [0.0720039256928357, 0.003239062991495252, 0.884948036900195, 0.039808974415474124], [0.46306807631267527, 0.0552866882363227, 0.43027391257706565, 0.051371322873936254], [0.9374074354989271, 0.06167435291015019, 0.0008615294390091009, 5.668215191364547e-05], [0.09182865970499138, 0.014412204305910085, 0.7725153999928737, 0.12124373599622487], [0.49720598938103966, 0.19990137302269192, 0.21603563765700834, 0.08685699993926013], [0.0006567833875174069, 0.0006591967700532026, 0.4984262641334076, 0.5002577557090218], [0.570305709924631, 0.14732954330841186, 0.2243956475620969, 0.05796909920486006], [0.025829514290428734, 0.33766248372651636, 0.04522986096774304, 0.5912781410153118], [0.033835602054334675, 0.022173831214087805, 0.5702698151917067, 0.3737207515398708], [0.0464195676279739, 0.022417716123092304, 0.6279180165776915, 0.30324469967124207], [9.242397269071627e-07, 0.02647713687773131, 3.3981629052803776e-05, 0.973487957253489], [0.43480229264923514, 1.9649368934842872e-05, 0.5651525178903535, 2.5540091476567968e-05], [0.23912170763715815, 0.7559975459418394, 0.0011728166393490628, 0.003707929781653445], [0.07475633924154311, 0.09310977195116774, 0.370576781960762, 0.46155710684652734]], "state_values": [3.259292672569808, -2.0325217416933783, 3.573998955441475, 4.998530120383693, 2.5463336072421843, -3.323021655731244, 4.818508390144683, 1.8926194504203986, 3.1253301395854334, -0.2037408217647957, 1.8317571577540588, -4.868871603735493, 0.9885346729530201, 1.432615786409708, 3.9293584836724835, 4.68558980831548], "value_grad": [-0.1328330355575904, -0.5123532087926694, -0.3605486207288848, 0.01897648657759543, 203.20074715094776, 1.081647430404554, 0.22772261797287818, -0.15180937819949225, -0.7021313978042603, -0.03795185255416911, 0.6831453842513522, -0.018976628943525142, -0.056928150008489276, 0.4933803635047296, -0.09488122819113443, 0.3605576869455067], "action_grad": [[0.0, 0.0, 0.0], [0.0, 0.0, 0.0], [0.0, 0.0, 0.0], [0.0, 0.0, 0.0], [0.0, 0.0, 0.0], [0.0, 0.0, 0.0], [0.0, 0.0, 0.0], [0.0, 0.0, 0.0], [0.0, 0.0, 0.0], [0.0, 0.0, 0.0], [0.0, 0.0, 0.0], [0.0, 0.0, 0.0], [0.0, 0.0, 0.0], [0.0, 0.0, 0.0], [0.0, 0.0, 0.0], [0.0, 0.0, 0.0]], "action_params_change": 0, "value_params_change": 0.4964407241724409}
{"iterations": 1, "type_itr": 0, "sub_iteration": 4, "sub_it_time": 0.3559284210205078, "total_time": 1.7914726734161377, "value_loss": 5.7889936588526565, "action_loss": -1.0998588497953943, "action_probs": [[3.0607371567025802e-06, 3.989307944891596e-06, 0.43414127629842875, 0.5658516736564697], [0.9934189947598103, 0.00035600177910067373, 0.006222773467061446, 2.22999402759554e-06], [0.0720039256928357, 0.003239062991495252, 0.884948036900195, 0.039808974415474124], [0.46306807631267527, 0.0552866882363227, 0.43027391257706565, 0.051371322873936254], [0.9374074354989271, 0.06167435291015019, 0.0008615294390091009, 5.668215191364547e-05], [0.09182865970499138, 0.014412204305910085, 0.7725153999928737, 0.12124373599622487], [0.49720598938103966, 0.19990137302269192, 0.21603563765700834, 0.08685699993926013], [0.0006567833875174069, 0.0006591967700532026, 0.4984262641334076, 0.5002577557090218], [0.570305709924631, 0.14732954330841186, 0.2243956475620969, 0.05796909920486006], [0.025829514290428734, 0.33766248372651636, 0.04522986096774304, 0.5912781410153118], [0.033835602054334675, 0.022173831214087805, 0.5702698151917067, 0.3737207515398708], [0.0464195676279739, 0.022417716123092304, 0.6279180165776915, 0.30324469967124207], [9.242397269071627e-07, 0.02647713687773131, 3.3981629052803776e-05, 0.973487957253489], [0.43480229264923514, 1.9649368934842872e-05, 0.5651525178903535, 2.5540091476567968e-05], [0.23912170763715815, 0.7559975459418394, 0.0011728166393490628, 0.003707929781653445], [0.07475633924154311, 0.09310977195116774, 0.370576781960762, 0.46155710684652734]], "state_values": [3.6190489250204667, -2.4291131091244615, 3.902813392538834, 4.998667459684543, 2.5060928098946333, -3.812819250104005, 4.679021778786621, 0.7133081087686862, 2.1285532709054573, 0.29435465965003443, 0.7407818373592464, -4.67359646497305, 0.060322743752472555, 0.3014972702204547, 4.31644663086642, 4.658764758956564], "value_grad": [-0.132822209170965, -0.6071826641158626, -0.4743689712692314, 0.0, -204.225401861031, 1.233364576238217, 0.3984810467261921, -0.11384613523024445, -0.6451389270466459, -0.01897427349684211, 0.2087182098082998, -0.056924929562820914, 0.01897427349684211, 0.17076895240703305, 203.61821745229918, 0.3605275085065385], "action_grad": [[0.0, 0.0, 0.0], [0.0, 0.0, 0.0], [0.0, 0.0, 0.0], [0.0, 0.0, 0.0], [0.0, 0.0, 0.0], [0.0, 0.0, 0.0], [0.0, 0.0, 0.0], [0.0, 0.0, 0.0], [0.0, 0.0, 0.0], [0.0, 0.0, 0.0], [0.0, 0.0, 0.0], [0.0, 0.0, 0.0], [0.0, 0.0, 0.0], [0.0, 0.0, 0.0], [0.0, 0.0, 0.0], [0.0, 0.0, 0.0]], "action_params_change": 0, "value_params_change": 0.49010195260095246}
{"iterations": 1, "type_itr": 0, "sub_iteration": 5, "sub_it_time": 0.3518223762512207, "total_time": 2.1455328464508057, "value_loss": 6.718696310342922, "action_loss": -0.9445883891347904, "action_probs": [[3.0607371567025802e-06, 3.989307944891596e-06, 0.43414127629842875, 0.5658516736564697], [0.9934189947598103, 0.00035600177910067373, 0.006222773467061446, 2.22999402759554e-06], [0.0720039256928357, 0.003239062991495252, 0.884948036900195, 0.039808974415474124], [0.46306807631267527, 0.0552866882363227, 0.43027391257706565, 0.051371322873936254], [0.9374074354989271, 0.06167435291015019, 0.0008615294390091009, 5.668215191364547e-05], [0.09182865970499138, 0.014412204305910085, 0.7725153999928737, 0.12124373599622487], [0.49720598938103966, 0.19990137302269192, 0.21603563765700834, 0.08685699993926013], [0.0006567833875174069, 0.0006591967700532026, 0.4984262641334076, 0.5002577557090218], [0.570305709924631, 0.14732954330841186, 0.2243956475620969, 0.05796909920486006], [0.025829514290428734, 0.33766248372651636, 0.04522986096774304, 0.5912781410153118], [0.033835602054334675, 0.022173831214087805, 0.5702698151917067, 0.3737207515398708], [0.0464195676279739, 0.022417716123092304, 0.6279180165776915, 0.30324469967124207], [9.242397269071627e-07, 0.02647713687773131, 3.3981629052803776e-05, 0.973487957253489], [0.43480229264923514, 1.9649368934842872e-05, 0.5651525178903535, 2.5540091476567968e-05], [0.23912170763715815, 0.7559975459418394, 0.0011728166393490628, 0.003707929781653445], [0.07475633924154311, 0.09310977195116774, 0.370576781960762, 0.46155710684652734]], "state_values": [3.9003347858413386, -2.258899598038729, 4.154596782893309, 4.998780425531764, 2.4697772261613857, -4.1736146996738785, 4.527537964749659, -0.4172898282972589, 1.010868783285983, 0.5657165462082572, -0.038931988218218784, -4.437993557402701, -0.6120488442646926, -0.5633435890262772, 4.293517291243035, 4.634505273553608], "value_grad": [-0.15177465085725483, -205.17400804846892, -0.5122451892776985, -6.572520305780927e-14, -0.7398973488218425, 1.2331972006570702, 0.6071219608925231, -0.037942780680240595, -0.4553178341877482, 0.01897135850255882, -0.36045576185246464, -0.09486055459747433, 0.037942780680240595, -0.17074222129277583, -204.92738541806102, 0.34150182340374524], "action_grad": [[0.0, 0.0, 0.0], [0.0, 0.0, 0.0], [0.0, 0.0, 0.0], [0.0, 0.0, 0.0], [0.0, 0.0, 0.0], [0.0, 0.0, 0.0], [0.0, 0.0, 0.0], [0.0, 0.0, 0.0], [0.0, 0.0, 0.0], [0.0, 0.0, 0.0], [0.0, 0.0, 0.0], [0.0, 0.0, 0.0], [0.0, 0.0, 0.0], [0.0, 0.0, 0.0], [0.0, 0.0, 0.0], [0.0, 0.0, 0.0]], "action_params_change": 0, "value_params_change": 0.4723402192978474}
{"iterations": 1, "type_itr": 0, "sub_iteration": 6, "sub_it_time": 0.3573002815246582, "total_time": 2.5045223236083984, "value_loss": 7.53443635593062, "action_loss": -0.8080620414288542, "action_probs": [[3.0607371567025802e-06, 3.989307944891596e-06, 0.43414127629842875, 0.5658516736564697], [0.9934189947598103, 0.00035600177910067373, 0.006222773467061446, 2.22999402759554e-06], [0.0720039256928357, 0.003239062991495252, 0.884948036900195, 0.039808974415474124], [0.46306807631267527, 0.0552866882363227, 0.43027391257706565, 0.051371322873936254], [0.9374074354989271, 0.06167435291015019, 0.0008615294390091009, 5.668215191364547e-05], [0.09182865970499138, 0.014412204305910085, 0.7725153999928737, 0.12124373599622487], [0.49720598938103966, 0.19990137302269192, 0.21603563765700834, 0.08685699993926013], [0.0006567833875174069, 0.0006591967700532026, 0.4984262641334076, 0.5002577557090218], [0.570305709924631, 0.14732954330841186, 0.2243956475620969, 0.05796909920486006], [0.025829514290428734, 0.33766248372651636, 0.04522986096774304, 0.5912781410153118], [0.033835602054334675, 0.022173831214087805, 0.5702698151917067, 0.3737207515398708], [0.0464195676279739, 0.022417716123092304, 0.6279180165776915, 0.30324469967124207], [9.242397269071627e-07, 0.02647713687773131, 3.3981629052803776e-05, 0.973487957253489], [0.43480229264923514, 1.9649368934842872e-05, 0.5651525178903535, 2.5540091476567968e-05], [0.23912170763715815, 0.7559975459418394, 0.0011728166393490628, 0.003707929781653445], [0.07475633924154311, 0.09310977195116774, 0.370576781960762, 0.46155710684652734]], "state_values": [4.122491895670457, -2.106256659645711, 4.34910126719815, 4.998874987405648, 2.7576214173008844, -4.438285031629665, 4.371542098434597, -1.3465931147167212, -0.0655580522653421, 0.5242256236253521, -0.35908910818972545, -4.18371625502938, -1.23426523973608, -0.9977899108761399, 4.272473017260081, 4.612374217147404], "value_grad": [-0.15175243579090836, -0.6259681316128853, -0.5121727707109249, 0.0, 205.23091939452172, 1.1571506586006812, 0.7777603971141493, 0.01896845551979709, -0.11381094524278446, 0.03793698221247954, -0.739769334620143, -0.11381557935996689, -205.72412549900673, -0.4362743887335796, -0.6449617103749388, 0.3414516616635561], "action_grad": [[0.0, 0.0, 0.0], [0.0, 0.0, 0.0], [0.0, 0.0, 0.0], [0.0, 0.0, 0.0], [0.0, 0.0, 0.0], [0.0, 0.0, 0.0], [0.0, 0.0, 0.0], [0.0, 0.0, 0.0], [0.0, 0.0, 0.0], [0.0, 0.0, 0.0], [0.0, 0.0, 0.0], [0.0, 0.0, 0.0], [0.0, 0.0, 0.0], [0.0, 0.0, 0.0], [0.0, 0.0, 0.0], [0.0, 0.0, 0.0]], "action_params_change": 0, "value_params_change": 0.4333779849176489}
{"iterations": 1, "type_itr": 0, "sub_iteration": 7, "sub_it_time": 0.3800325393676758, "total_time": 2.886336326599121, "value_loss": 8.331082186663885, "action_loss": -0.6947241942916653, "action_probs": [[3.0607371567025802e-06, 3.989307944891596e-06, 0.43414127629842875, 0.5658516736564697], [0.9934189947598103, 0.00035600177910067373, 0.006222773467061446, 2.22999402759554e-06], [0.0720039256928357, 0.003239062991495252, 0.884948036900195, 0.039808974415474124], [0.46306807631267527, 0.0552866882363227, 0.43027391257706565, 0.051371322873936254], [0.9374074354989271, 0.06167435291015019, 0.0008615294390091009, 5.668215191364547e-05], [0.09182865970499138, 0.014412204305910085, 0.7725153999928737, 0.12124373599622487], [0.49720598938103966, 0.19990137302269192, 0.21603563765700834, 0.08685699993926013], [0.0006567833875174069, 0.0006591967700532026, 0.4984262641334076, 0.5002577557090218], [0.570305709924631, 0.14732954330841186, 0.2243956475620969, 0.05796909920486006], [0.025829514290428734, 0.33766248372651636, 0.04522986096774304, 0.5912781410153118], [0.033835602054334675, 0.022173831214087805, 0.5702698151917067, 0.3737207515398708], [0.0464195676279739, 0.022417716123092304, 0.6279180165776915, 0.30324469967124207], [9.242397269071627e-07, 0.02647713687773131, 3.3981629052803776e-05, 0.973487957253489], [0.43480229264923514, 1.9649368934842872e-05, 0.5651525178903535, 2.5540091476567968e-05], [0.23912170763715815, 0.7559975459418394, 0.0011728166393490628, 0.003707929781653445], [0.07475633924154311, 0.09310977195116774, 0.370576781960762, 0.46155710684652734]], "state_values": [4.299178239777357, -1.659964653361765, 4.5001597818484695, 4.973642137382426, 2.9995160788099384, -4.444021807260299, 4.017927266727024, -1.956106914190222, -0.6889603395009136, 0.36464353480444517, -0.30886084393484103, -3.9240601834286157, -1.1903949272846939, -1.08338090138297, 4.434808284814385, 4.592039576036242], "value_grad": [-0.13276206060798756, -206.7862485547517, -0.4931250713673343, 206.33108218666396, -1.0431207966304026, 206.6914259841869, 206.67246122970735, 0.07586139194745023, -206.42591223082704, 0.01896530882629932, -0.8913687610621075, -0.13276206060794316, 206.59660141637906, -0.5120653149104104, 205.9327753493512, 0.36036284134631913], "action_grad": [[0.0, 0.0, 0.0], [0.0, 0.0, 0.0], [0.0, 0.0, 0.0], [0.0, 0.0, 0.0], [0.0, 0.0, 0.0], [0.0, 0.0, 0.0], [0.0, 0.0, 0.0], [0.0, 0.0, 0.0], [0.0, 0.0, 0.0], [0.0, 0.0, 0.0], [0.0, 0.0, 0.0], [0.0, 0.0, 0.0], [0.0, 0.0, 0.0], [0.0, 0.0, 0.0], [0.0, 0.0, 0.0], [0.0, 0.0, 0.0]], "action_params_change": 0, "value_params_change": 0.26142825092009914}
{"iterations": 1, "type_itr": 0, "sub_iteration": 8, "sub_it_time": 0.3525354862213135, "total_time": 3.2405459880828857, "value_loss": 8.444878008009308, "action_loss": 9.055385138137419, "action_probs": [[3.0607371567025802e-06, 3.989307944891596e-06, 0.43414127629842875, 0.5658516736564697], [0.9934189947598103, 0.00035600177910067373, 0.006222773467061446, 2.22999402759554e-06], [0.0720039256928357, 0.003239062991495252, 0.884948036900195, 0.039808974415474124], [0.46306807631267527, 0.0552866882363227, 0.43027391257706565, 0.051371322873936254], [0.9374074354989271, 0.06167435291015019, 0.0008615294390091009, 5.668215191364547e-05], [0.09182865970499138, 0.014412204305910085, 0.7725153999928737, 0.12124373599622487], [0.49720598938103966, 0.19990137302269192, 0.21603563765700834, 0.08685699993926013], [0.0006567833875174069, 0.0006591967700532026, 0.4984262641334076, 0.5002577557090218], [0.570305709924631, 0.14732954330841186, 0.2243956475620969, 0.05796909920486006], [0.025829514290428734, 0.33766248372651636, 0.04522986096774304, 0.5912781410153118], [0.033835602054334675, 0.022173831214087805, 0.5702698151917067, 0.3737207515398708], [0.0464195676279739, 0.022417716123092304, 0.6279180165776915, 0.30324469967124207], [9.242397269071627e-07, 0.02647713687773131, 3.3981629052803776e-05, 0.973487957253489], [0.43480229264923514, 1.9649368934842872e-05, 0.5651525178903535, 2.5540091476567968e-05], [0.23912170763715815, 0.7559975459418394, 0.0011728166393490628, 0.003707929781653445], [0.07475633924154311, 0.09310977195116774, 0.370576781960762, 0.46155710684652734]], "state_values": [4.440355634418306, -1.6001214056239184, 4.74077872312272, 4.88728181643764, 3.203965406398513, -4.448269095704548, 3.64485152808427, -2.2814501500250204, -1.2321283596793824, 0.9696617485739194, -0.017392558772989723, -3.6673146228087883, -1.1512131729678718, -0.9037614667388714, 4.5622447937321935, 4.708800574023808], "value_grad": [-0.13275934988684135, 206.36901443528214, 206.16038329743094, -0.01896569955899352, -1.1379287157418867, 1.043150346058673, 1.0431292872654474, 0.09482496464162793, 0.531016312397524, -206.67246122970735, -0.8344503333900448, -0.13275825705644628, 0.07585949551271476, -0.5499823214044142, -0.6258805749924932, -206.2172836085278], "action_grad": [[0.0, 0.0, 0.0], [0.0, 0.0, 0.0], [0.0, 0.0, 0.0], [0.0, 0.0, 0.0], [0.0, 0.0, 0.0], [0.0, 0.0, 0.0], [0.0, 0.0, 0.0], [0.0, 0.0, 0.0], [0.0, 0.0, 0.0], [0.0, 0.0, 0.0], [0.0, 0.0, 0.0], [0.0, 0.0, 0.0], [0.0, 0.0, 0.0], [0.0, 0.0, 0.0], [0.0, 0.0, 0.0], [0.0, 0.0, 0.0]], "action_params_change": 0, "value_params_change": 0.2550776433134393}
{"iterations": 1, "type_itr": 0, "sub_iteration": 9, "sub_it_time": 0.3528320789337158, "total_time": 3.5951969623565674, "value_loss": -198.00000000000009, "action_loss": -0.7777926764058912, "action_probs": [[3.0607371567025802e-06, 3.989307944891596e-06, 0.43414127629842875, 0.5658516736564697], [0.9934189947598103, 0.00035600177910067373, 0.006222773467061446, 2.22999402759554e-06], [0.0720039256928357, 0.003239062991495252, 0.884948036900195, 0.039808974415474124], [0.46306807631267527, 0.0552866882363227, 0.43027391257706565, 0.051371322873936254], [0.9374074354989271, 0.06167435291015019, 0.0008615294390091009, 5.668215191364547e-05], [0.09182865970499138, 0.014412204305910085, 0.7725153999928737, 0.12124373599622487], [0.49720598938103966, 0.19990137302269192, 0.21603563765700834, 0.08685699993926013], [0.0006567833875174069, 0.0006591967700532026, 0.4984262641334076, 0.5002577557090218], [0.570305709924631, 0.14732954330841186, 0.2243956475620969, 0.05796909920486006], [0.025829514290428734, 0.33766248372651636, 0.04522986096774304, 0.5912781410153118], [0.033835602054334675, 0.022173831214087805, 0.5702698151917067, 0.3737207515398708], [0.0464195676279739, 0.022417716123092304, 0.6279180165776915, 0.30324469967124207], [9.242397269071627e-07, 0.02647713687773131, 3.3981629052803776e-05, 0.973487957253489], [0.43480229264923514, 1.9649368934842872e-05, 0.5651525178903535, 2.5540091476567968e-05], [0.23912170763715815, 0.7559975459418394, 0.0011728166393490628, 0.003707929781653445], [0.07475633924154311, 0.09310977195116774, 0.370576781960762, 0.46155710684652734]], "state_values": [4.688467497929183, -1.54577807165418, 4.890425261850174, 4.760274712592392, 3.3775786783050714, -4.451203935887789, 3.2683021002363084, -2.3630960381863617, -1.7020848097415984, 1.497581440526364, 0.4416407895357532, -3.418576422529132, -1.115988916560282, -0.7424224325370192, 4.662467436389894, 4.796706766225604], "value_grad": [206.6914259841869, -0.5120198197806687, -0.36033331130018453, -0.01896443387446567, -1.194752441441695, 1.0810167742110846, 1.0809805432690283, 0.11378245844801249, 0.8154386224608015, 0.03792715799089308, -0.7775045507797813, -0.15171320479936945, 0.0948180999308299, 0.0, -0.5499823214044142, 0.2844712927862627], "action_grad": [[0.0, 0.0, 0.0], [0.0, 0.0, 0.0], [0.0, 0.0, 0.0], [0.0, 0.0, 0.0], [0.0, 0.0, 0.0], [0.0, 0.0, 0.0], [0.0, 0.0, 0.0], [0.0, 0.0, 0.0], [0.0, 0.0, 0.0], [0.0, 0.0, 0.0], [0.0, 0.0, 0.0], [0.0, 0.0, 0.0], [0.0, 0.0, 0.0], [0.0, 0.0, 0.0], [0.0, 0.0, 0.0], [0.0, 0.0, 0.0]], "action_params_change": 0, "value_params_change": 0.24559894027283724}
{"iterations": 1, "type_itr": 0, "sub_iteration": 10, "sub_it_time": 0.35622620582580566, "total_time": 3.9532113075256348, "value_loss": 8.937960459002788, "action_loss": -0.8815348006285734, "action_probs": [[3.0607371567025802e-06, 3.989307944891596e-06, 0.43414127629842875, 0.5658516736564697], [0.9934189947598103, 0.00035600177910067373, 0.006222773467061446, 2.22999402759554e-06], [0.0720039256928357, 0.003239062991495252, 0.884948036900195, 0.039808974415474124], [0.46306807631267527, 0.0552866882363227, 0.43027391257706565, 0.051371322873936254], [0.9374074354989271, 0.06167435291015019, 0.0008615294390091009, 5.668215191364547e-05], [0.09182865970499138, 0.014412204305910085, 0.7725153999928737, 0.12124373599622487], [0.49720598938103966, 0.19990137302269192, 0.21603563765700834, 0.08685699993926013], [0.0006567833875174069, 0.0006591967700532026, 0.4984262641334076, 0.5002577557090218], [0.570305709924631, 0.14732954330841186, 0.2243956475620969, 0.05796909920486006], [0.025829514290428734, 0.33766248372651636, 0.04522986096774304, 0.5912781410153118], [0.033835602054334675, 0.022173831214087805, 0.5702698151917067, 0.3737207515398708], [0.0464195676279739, 0.022417716123092304, 0.6279180165776915, 0.30324469967124207], [9.242397269071627e-07, 0.02647713687773131, 3.3981629052803776e-05, 0.973487957253489], [0.43480229264923514, 1.9649368934842872e-05, 0.5651525178903535, 2.5540091476567968e-05], [0.23912170763715815, 0.7559975459418394, 0.0011728166393490628, 0.003707929781653445], [0.07475633924154311, 0.09310977195116774, 0.370576781960762, 0.46155710684652734]], "state_values": [4.850855519811547, -1.4961867936572595, 4.970880667636163, 4.607520378413866, 3.5256017435152605, -4.583226109654829, 2.8987056764334604, -2.2580605646076317, -2.1066816021256, 1.4190803717397085, 0.9980317443091454, -3.1809512460861895, -0.7467150144291078, -0.36601156270519497, 4.7413161732346865, 4.862235854590777], "value_grad": [-0.11378196603618207, -0.5119951606644779, -0.2654980949765857, -0.05689061331690759, -1.213667153648153, -206.19831691346127, 1.0429888349733218, 0.11377748726534875, 1.0239962559048266, 207.18448104948803, -0.6257662221755815, -0.13274244492743392, 207.2224060374381, -0.5878436370777411, -0.4741026487139681, 0.24653130473019935], "action_grad": [[0.0, 0.0, 0.0], [0.0, 0.0, 0.0], [0.0, 0.0, 0.0], [0.0, 0.0, 0.0], [0.0, 0.0, 0.0], [0.0, 0.0, 0.0], [0.0, 0.0, 0.0], [0.0, 0.0, 0.0], [0.0, 0.0, 0.0], [0.0, 0.0, 0.0], [0.0, 0.0, 0.0], [0.0, 0.0, 0.0], [0.0, 0.0, 0.0], [0.0, 0.0, 0.0], [0.0, 0.0, 0.0], [0.0, 0.0, 0.0]], "action_params_change": 0, "value_params_change": 0.2250255033607158}
{"iterations": 1, "type_itr": 0, "sub_iteration": 11, "sub_it_time": 0.3567187786102295, "total_time": 4.311695098876953, "value_loss": 8.994851072319696, "action_loss": -0.9437249468664469, "action_probs": [[3.0607371567025802e-06, 3.989307944891596e-06, 0.43414127629842875, 0.5658516736564697], [0.9934189947598103, 0.00035600177910067373, 0.006222773467061446, 2.22999402759554e-06], [0.0720039256928357, 0.003239062991495252, 0.884948036900195, 0.039808974415474124], [0.46306807631267527, 0.0552866882363227, 0.43027391257706565, 0.051371322873936254], [0.9374074354989271, 0.06167435291015019, 0.0008615294390091009, 5.668215191364547e-05], [0.09182865970499138, 0.014412204305910085, 0.7725153999928737, 0.12124373599622487], [0.49720598938103966, 0.19990137302269192, 0.21603563765700834, 0.08685699993926013], [0.0006567833875174069, 0.0006591967700532026, 0.4984262641334076, 0.5002577557090218], [0.570305709924631, 0.14732954330841186, 0.2243956475620969, 0.05796909920486006], [0.025829514290428734, 0.33766248372651636, 0.04522986096774304, 0.5912781410153118], [0.033835602054334675, 0.022173831214087805, 0.5702698151917067, 0.3737207515398708], [0.0464195676279739, 0.022417716123092304, 0.6279180165776915, 0.30324469967124207], [9.242397269071627e-07, 0.02647713687773131, 3.3981629052803776e-05, 0.973487957253489], [0.43480229264923514, 1.9649368934842872e-05, 0.5651525178903535, 2.5540091476567968e-05], [0.23912170763715815, 0.7559975459418394, 0.0011728166393490628, 0.003707929781653445], [0.07475633924154311, 0.09310977195116774, 0.370576781960762, 0.46155710684652734]], "state_values": [4.977740022599433, -1.7132021631958747, 4.999315956811304, 4.4398272668217365, 3.652222243204843, -4.686522341699986, 2.54281081175624, -1.97397853515273, -2.4537777832859695, 1.3480199011884466, 1.5758692792643176, -2.9561655890003546, -0.41089731246719274, 0.15025125845362863, 4.803290292077823, 4.91036729070024], "value_grad": [206.93796045900288, 206.93796045900288, -0.15171190425121495, -0.07585299277330293, -1.232622602104236, 1.005105362963322, 0.9102231220771735, 0.1327383424234565, 1.1756937907463687, 0.07584997555144213, -0.3792481283168243, -0.1327401079602044, 0.07584963681848222, -0.49302251469684144, -0.3982411210953991, 0.189637426098324], "action_grad": [[0.0, 0.0, 0.0], [0.0, 0.0, 0.0], [0.0, 0.0, 0.0], [0.0, 0.0, 0.0], [0.0, 0.0, 0.0], [0.0, 0.0, 0.0], [0.0, 0.0, 0.0], [0.0, 0.0, 0.0], [0.0, 0.0, 0.0], [0.0, 0.0, 0.0], [0.0, 0.0, 0.0], [0.0, 0.0, 0.0], [0.0, 0.0, 0.0], [0.0, 0.0, 0.0], [0.0, 0.0, 0.0], [0.0, 0.0, 0.0]], "action_params_change": 0, "value_params_change": 0.30092938949017484}
{"iterations": 1, "type_itr": 0, "sub_iteration": 12, "sub_it_time": 0.36199259757995605, "total_time": 4.675378084182739, "value_loss": 9.089667105282166, "action_loss": -1.0050073184893045, "action_probs": [[3.0607371567025802e-06, 3.989307944891596e-06, 0.43414127629842875, 0.5658516736564697], [0.9934189947598103, 0.00035600177910067373, 0.006222773467061446, 2.22999402759554e-06], [0.0720039256928357, 0.003239062991495252, 0.884948036900195, 0.039808974415474124], [0.46306807631267527, 0.0552866882363227, 0.43027391257706565, 0.051371322873936254], [0.9374074354989271, 0.06167435291015019, 0.0008615294390091009, 5.668215191364547e-05], [0.09182865970499138, 0.014412204305910085, 0.7725153999928737, 0.12124373599622487], [0.49720598938103966, 0.19990137302269192, 0.21603563765700834, 0.08685699993926013], [0.0006567833875174069, 0.0006591967700532026, 0.4984262641334076, 0.5002577557090218], [0.570305709924631, 0.14732954330841186, 0.2243956475620969, 0.05796909920486006], [0.025829514290428734, 0.33766248372651636, 0.04522986096774304, 0.5912781410153118], [0.033835602054334675, 0.022173831214087805, 0.5702698151917067, 0.3737207515398708], [0.0464195676279739, 0.022417716123092304, 0.6279180165776915, 0.30324469967124207], [9.242397269071627e-07, 0.02647713687773131, 3.3981629052803776e-05, 0.973487957253489], [0.43480229264923514, 1.9649368934842872e-05, 0.5651525178903535, 2.5540091476567968e-05], [0.23912170763715815, 0.7559975459418394, 0.0011728166393490628, 0.003707929781653445], [0.07475633924154311, 0.09310977195116774, 0.370576781960762, 0.46155710684652734]], "state_values": [4.995748383596021, -1.9051037021778172, 4.989153534377102, 4.265006260437972, 3.7608225669983253, -4.7670154963976366, 2.2047808637524944, -1.5566690404033188, -2.7507864514962352, 1.2835544246367978, 2.1042347389710665, -2.745047369887266, -0.10634323979612072, 0.7391937343479323, 4.851892219807465, 4.944950864887399], "value_grad": [-0.0189631235652179, -0.5499035315343459, -0.018963620160564076, -0.09481352383997077, -1.2515613178170035, 0.8913047899542548, 0.7584959080370677, 0.11377292378342752, 1.2894473087247746, 0.07584827491491986, -0.11377241150096395, -0.13273656590583371, 0.09480970132976374, -0.3602768186906946, -0.32237729944396065, 0.15170664627930996], "action_grad": [[0.0, 0.0, 0.0], [0.0, 0.0, 0.0], [0.0, 0.0, 0.0], [0.0, 0.0, 0.0], [0.0, 0.0, 0.0], [0.0, 0.0, 0.0], [0.0, 0.0, 0.0], [0.0, 0.0, 0.0], [0.0, 0.0, 0.0], [0.0, 0.0, 0.0], [0.0, 0.0, 0.0], [0.0, 0.0, 0.0], [0.0, 0.0, 0.0], [0.0, 0.0, 0.0], [0.0, 0.0, 0.0], [0.0, 0.0, 0.0]], "action_params_change": 0, "value_params_change": 0.2712756459441962}
{"iterations": 1, "type_itr": 0, "sub_iteration": 13, "sub_it_time": 0.36777281761169434, "total_time": 5.044906377792358, "value_loss": -198.00000000000009, "action_loss": -1.0671052524299647, "action_probs": [[3.0607371567025802e-06, 3.989307944891596e-06, 0.43414127629842875, 0.5658516736564697], [0.9934189947598103, 0.00035600177910067373, 0.006222773467061446, 2.22999402759554e-06], [0.0720039256928357, 0.003239062991495252, 0.884948036900195, 0.039808974415474124], [0.46306807631267527, 0.0552866882363227, 0.43027391257706565, 0.051371322873936254], [0.9374074354989271, 0.06167435291015019, 0.0008615294390091009, 5.668215191364547e-05], [0.09182865970499138, 0.014412204305910085, 0.7725153999928737, 0.12124373599622487], [0.49720598938103966, 0.19990137302269192, 0.21603563765700834, 0.08685699993926013], [0.0006567833875174069, 0.0006591967700532026, 0.4984262641334076, 0.5002577557090218], [0.570305709924631, 0.14732954330841186, 0.2243956475620969, 0.05796909920486006], [0.025829514290428734, 0.33766248372651636, 0.04522986096774304, 0.5912781410153118], [0.033835602054334675, 0.022173831214087805, 0.5702698151917067, 0.3737207515398708], [0.0464195676279739, 0.022417716123092304, 0.6279180165776915, 0.30324469967124207], [9.242397269071627e-07, 0.02647713687773131, 3.3981629052803776e-05, 0.973487957253489], [0.43480229264923514, 1.9649368934842872e-05, 0.5651525178903535, 2.5540091476567968e-05], [0.23912170763715815, 0.7559975459418394, 0.0011728166393490628, 0.003707929781653445], [0.07475633924154311, 0.09310977195116774, 0.370576781960762, 0.46155710684652734]], "state_values": [4.933085197398414, -2.07502196706602, 4.950814088585076, 4.088657185597042, 3.8541604135539442, -4.82939758643595, 1.8870512210967083, -1.0407015793959555, -3.0044876037487795, 1.2250035740237573, 2.5230361503314342, -2.2763863938885667, 0.16932853877173226, 1.3350510236092274, 4.8898698845010955, 4.968990817358649], "value_grad": [0.018962536273145147, -0.5688463909908723, 0.09481520007442867, -0.11377241150096395, -1.2704934027447, 0.77749777827405, 0.5688489837753234, 0.09480711377328, 1.3652662461968053, 0.056884268612556355, 0.15169241949979728, -207.44994879562356, 0.09480667946376542, -0.20857468715153793, -0.2465162413395916, 0.11377648047898781], "action_grad": [[0.0, 0.0, 0.0], [0.0, 0.0, 0.0], [0.0, 0.0, 0.0], [0.0, 0.0, 0.0], [0.0, 0.0, 0.0], [0.0, 0.0, 0.0], [0.0, 0.0, 0.0], [0.0, 0.0, 0.0], [0.0, 0.0, 0.0], [0.0, 0.0, 0.0], [0.0, 0.0, 0.0], [0.0, 0.0, 0.0], [0.0, 0.0, 0.0], [0.0, 0.0, 0.0], [0.0, 0.0, 0.0], [0.0, 0.0, 0.0]], "action_params_change": 0, "value_params_change": 0.24508825480977098}
