{"iterations": 0, "type_itr": 0, "sub_iteration": 0, "sub_it_time": 0, "total_time": 0, "value_loss": 0, "action_loss": 0, "action_probs": [[0.36629383856021847, 0.6107490596815002, 0.008606628163810649, 0.014350473594470541], [0.29302589626424813, 0.10799037244261855, 0.437682354573433, 0.16130137671970016], [0.9951414370942271, 0.0023127575694192625, 0.0025399024782643046, 5.902858089544417e-06], [0.7218062945247681, 0.008928596978167773, 0.26597505123825693, 0.00329005725880717], [0.007561079857766622, 0.7829520803511314, 0.002003694314707064, 0.20748314547639482], [7.85459885666686e-05, 0.010641156006428188, 0.007248708873867248, 0.9820315891311382], [0.09237352327687588, 0.013057690213111733, 0.7837761502317975, 0.11079263627821496], [0.1796110348744463, 0.19945342037733813, 0.2942161266702677, 0.32671941807794774], [0.14951880760125227, 0.8068061275721337, 0.006828477826523252, 0.03684658700009097], [0.7224687688224743, 0.1550873952847374, 0.1008047700939588, 0.0216390657988295], [0.013464915121235098, 0.04665309731931661, 0.21050980684000756, 0.7293721807194407], [0.00010683398462404808, 0.0031734633911933833, 0.032461550031909106, 0.9642581525922735], [0.888342762679444, 0.11048863315650334, 0.0010393356235107133, 0.00012926854054193346], [0.3010255903375483, 0.02673328221778041, 0.6174105392190434, 0.05483058822562792], [0.0020612588250062103, 5.206405781144605e-07, 0.9976862211616728, 0.0002519993727429547], [0.20492042590071374, 0.4277722814672874, 0.1189657569402136, 0.24834153569178527]], "state_values": [4.18611028163291, -4.054545688316109, 3.471909885806412, -4.8674004691321455, 3.28547554664592, 2.7746262311465846, -4.50249769308816, -1.8808821723824014, -1.1342570768119564, -0.297851284757812, 4.943752738928256, 3.832091742525495, 1.6174773011341992, -3.681588730804163, 4.509127748731426, 4.640823769535775], "value_grad": [0.0, 0.0, 0.0, 0.0, 0.0, 0.0, 0.0, 0.0, 0.0, 0.0, 0.0, 0.0, 0.0, 0.0, 0.0, 0.0], "action_grad": [[0.0, 0.0, 0.0], [0.0, 0.0, 0.0], [0.0, 0.0, 0.0], [0.0, 0.0, 0.0], [0.0, 0.0, 0.0], [0.0, 0.0, 0.0], [0.0, 0.0, 0.0], [0.0, 0.0, 0.0], [0.0, 0.0, 0.0], [0.0, 0.0, 0.0], [0.0, 0.0, 0.0], [0.0, 0.0, 0.0], [0.0, 0.0, 0.0], [0.0, 0.0, 0.0], [0.0, 0.0, 0.0], [0.0, 0.0, 0.0]], "action_params_change": 0, "value_params_change": 0}
{"iterations": 1, "type_itr": 0, "sub_iteration": 0, "sub_it_time": 0.12614011764526367, "total_time": 0.12744498252868652, "value_loss": 13.170960426330566, "action_loss": -0.7655423283576965, "action_probs": [[0.36629383856021847, 0.6107490596815002, 0.008606628163810649, 0.014350473594470541], [0.29302589626424813, 0.10799037244261855, 0.437682354573433, 0.16130137671970016], [0.9951414370942271, 0.0023127575694192625, 0.0025399024782643046, 5.902858089544417e-06], [0.7218062945247681, 0.008928596978167773, 0.26597505123825693, 0.00329005725880717], [0.007561079857766622, 0.7829520803511314, 0.002003694314707064, 0.20748314547639482], [7.85459885666686e-05, 0.010641156006428188, 0.007248708873867248, 0.9820315891311382], [0.09237352327687588, 0.013057690213111733, 0.7837761502317975, 0.11079263627821496], [0.1796110348744463, 0.19945342037733813, 0.2942161266702677, 0.32671941807794774], [0.14951880760125227, 0.8068061275721337, 0.006828477826523252, 0.03684658700009097], [0.7224687688224743, 0.1550873952847374, 0.1008047700939588, 0.0216390657988295], [0.013464915121235098, 0.04665309731931661, 0.21050980684000756, 0.7293721807194407], [0.00010683398462404808, 0.0031734633911933833, 0.032461550031909106, 0.9642581525922735], [0.888342762679444, 0.11048863315650334, 0.0010393356235107133, 0.00012926854054193346], [0.3010255903375483, 0.02673328221778041, 0.6174105392190434, 0.05483058822562792], [0.0020612588250062103, 5.206405781144605e-07, 0.9976862211616728, 0.0002519993727429547], [0.20492042590071374, 0.4277722814672874, 0.1189657569402136, 0.24834153569178527]], "state_values": [4.732454703791019, -3.2046302436716734, 2.473809003914416, -4.99907994178449, 2.250863067282907, 1.6592927906319368, -3.824599272142026, -0.676251831602926, 0.10577405808228621, 0.9462311534937031, 4.975089325917191, 4.5075507361317, 0.39668899501467125, -4.4041490458453625, 4.903466517451428, 4.036170673017079], "value_grad": [-1.4968814849853516, 0.5741996765136719, 1.4097614288330078, -0.8909997940063477, 0.5385608673095703, -1.770120620727539, 1.9285192489624023, 1.0454378128051758, -0.13463973999023438, 0.42768001556396484, -1.4414405822753906, -0.8118000030517578, -0.2811603546142578, 0.13859939575195312, -0.36431884765625, 2.7482404708862305], "action_grad": [[0.0, 0.0, 0.0], [0.0, 0.0, 0.0], [0.0, 0.0, 0.0], [0.0, 0.0, 0.0], [0.0, 0.0, 0.0], [0.0, 0.0, 0.0], [0.0, 0.0, 0.0], [0.0, 0.0, 0.0], [0.0, 0.0, 0.0], [0.0, 0.0, 0.0], [0.0, 0.0, 0.0], [0.0, 0.0, 0.0], [0.0, 0.0, 0.0], [0.0, 0.0, 0.0], [0.0, 0.0, 0.0], [0.0, 0.0, 0.0]], "action_params_change": 0, "value_params_change": 0.499999998180654}
{"iterations": 1, "type_itr": 0, "sub_iteration": 1, "sub_it_time": 0.12893223762512207, "total_time": 0.2580385208129883, "value_loss": 9.92772102355957, "action_loss": -0.9180349111557007, "action_probs": [[0.36629383856021847, 0.6107490596815002, 0.008606628163810649, 0.014350473594470541], [0.29302589626424813, 0.10799037244261855, 0.437682354573433, 0.16130137671970016], [0.9951414370942271, 0.0023127575694192625, 0.0025399024782643046, 5.902858089544417e-06], [0.7218062945247681, 0.008928596978167773, 0.26597505123825693, 0.00329005725880717], [0.007561079857766622, 0.7829520803511314, 0.002003694314707064, 0.20748314547639482], [7.85459885666686e-05, 0.010641156006428188, 0.007248708873867248, 0.9820315891311382], [0.09237352327687588, 0.013057690213111733, 0.7837761502317975, 0.11079263627821496], [0.1796110348744463, 0.19945342037733813, 0.2942161266702677, 0.32671941807794774], [0.14951880760125227, 0.8068061275721337, 0.006828477826523252, 0.03684658700009097], [0.7224687688224743, 0.1550873952847374, 0.1008047700939588, 0.0216390657988295], [0.013464915121235098, 0.04665309731931661, 0.21050980684000756, 0.7293721807194407], [0.00010683398462404808, 0.0031734633911933833, 0.032461550031909106, 0.9642581525922735], [0.888342762679444, 0.11048863315650334, 0.0010393356235107133, 0.00012926854054193346], [0.3010255903375483, 0.02673328221778041, 0.6174105392190434, 0.05483058822562792], [0.0020612588250062103, 5.206405781144605e-07, 0.9976862211616728, 0.0002519993727429547], [0.20492042590071374, 0.4277722814672874, 0.1189657569402136, 0.24834153569178527]], "state_values": [4.952947802121732, -2.3097983759551015, 1.3206906724651422, -4.822503731292668, 1.1002121714351254, 0.4595965920699888, -2.9149332328074293, 0.5648619368294432, 1.165043393930587, 1.0272017391226103, 4.7453967867562, 4.70513896378514, -0.705997135638896, -3.93259478500024, 4.998857387213888, 3.2137077303678514], "value_grad": [-0.20592021942138672, 2.843280792236328, 1.651320457458496, -1.3067998886108398, 0.9226808547973633, -1.3622407913208008, 2.7442808151245117, 0.9345617294311523, -0.7088394165039062, -0.33659934997558594, -0.5187597274780273, 0.26136016845703125, -1.1246404647827148, -1.778040885925293, -0.015840530395507812, 1.7582387924194336], "action_grad": [[0.0, 0.0, 0.0], [0.0, 0.0, 0.0], [0.0, 0.0, 0.0], [0.0, 0.0, 0.0], [0.0, 0.0, 0.0], [0.0, 0.0, 0.0], [0.0, 0.0, 0.0], [0.0, 0.0, 0.0], [0.0, 0.0, 0.0], [0.0, 0.0, 0.0], [0.0, 0.0, 0.0], [0.0, 0.0, 0.0], [0.0, 0.0, 0.0], [0.0, 0.0, 0.0], [0.0, 0.0, 0.0], [0.0, 0.0, 0.0]], "action_params_change": 0, "value_params_change": 0.5005010021460987}
{"iterations": 1, "type_itr": 0, "sub_iteration": 2, "sub_it_time": 0.13138794898986816, "total_time": 0.39107418060302734, "value_loss": 7.702199935913086, "action_loss": -0.8716713786125183, "action_probs": [[0.36629383856021847, 0.6107490596815002, 0.008606628163810649, 0.014350473594470541], [0.29302589626424813, 0.10799037244261855, 0.437682354573433, 0.16130137671970016], [0.9951414370942271, 0.0023127575694192625, 0.0025399024782643046, 5.902858089544417e-06], [0.7218062945247681, 0.008928596978167773, 0.26597505123825693, 0.00329005725880717], [0.007561079857766622, 0.7829520803511314, 0.002003694314707064, 0.20748314547639482], [7.85459885666686e-05, 0.010641156006428188, 0.007248708873867248, 0.9820315891311382], [0.09237352327687588, 0.013057690213111733, 0.7837761502317975, 0.11079263627821496], [0.1796110348744463, 0.19945342037733813, 0.2942161266702677, 0.32671941807794774], [0.14951880760125227, 0.8068061275721337, 0.006828477826523252, 0.03684658700009097], [0.7224687688224743, 0.1550873952847374, 0.1008047700939588, 0.0216390657988295], [0.013464915121235098, 0.04665309731931661, 0.21050980684000756, 0.7293721807194407], [0.00010683398462404808, 0.0031734633911933833, 0.032461550031909106, 0.9642581525922735], [0.888342762679444, 0.11048863315650334, 0.0010393356235107133, 0.00012926854054193346], [0.3010255903375483, 0.02673328221778041, 0.6174105392190434, 0.05483058822562792], [0.0020612588250062103, 5.206405781144605e-07, 0.9976862211616728, 0.0002519993727429547], [0.20492042590071374, 0.4277722814672874, 0.1189657569402136, 0.24834153569178527]], "state_values": [4.997734384119785, -1.2843893738262655, 0.09889798905795087, -4.493237305738076, 0.9589124201705561, -0.39639599473263537, -1.820123755942469, 1.31007827786804, 2.121079444009244, 0.32283529523705634, 4.371167853206383, 4.886668740870148, -1.821539360982266, -3.213697854059529, 4.925714138940595, 2.3507863709814516], "value_grad": [-0.1979999542236328, 1.4493598937988281, 1.2632393836975098, 0.047519683837890625, -1.0018787384033203, 0.2494802474975586, 2.8195204734802246, -0.32076025009155273, -0.20591974258422852, -1.294919490814209, -0.16236019134521484, -0.3326396942138672, -0.7920012474060059, -1.7622003555297852, -1.1127595901489258, 0.498960018157959], "action_grad": [[0.0, 0.0, 0.0], [0.0, 0.0, 0.0], [0.0, 0.0, 0.0], [0.0, 0.0, 0.0], [0.0, 0.0, 0.0], [0.0, 0.0, 0.0], [0.0, 0.0, 0.0], [0.0, 0.0, 0.0], [0.0, 0.0, 0.0], [0.0, 0.0, 0.0], [0.0, 0.0, 0.0], [0.0, 0.0, 0.0], [0.0, 0.0, 0.0], [0.0, 0.0, 0.0], [0.0, 0.0, 0.0], [0.0, 0.0, 0.0]], "action_params_change": 0, "value_params_change": 0.4996286419244158}
{"iterations": 1, "type_itr": 0, "sub_iteration": 3, "sub_it_time": 0.13621282577514648, "total_time": 0.5289106369018555, "value_loss": 5.460840225219727, "action_loss": -0.8905065059661865, "action_probs": [[0.36629383856021847, 0.6107490596815002, 0.008606628163810649, 0.014350473594470541], [0.29302589626424813, 0.10799037244261855, 0.437682354573433, 0.16130137671970016], [0.9951414370942271, 0.0023127575694192625, 0.0025399024782643046, 5.902858089544417e-06], [0.7218062945247681, 0.008928596978167773, 0.26597505123825693, 0.00329005725880717], [0.007561079857766622, 0.7829520803511314, 0.002003694314707064, 0.20748314547639482], [7.85459885666686e-05, 0.010641156006428188, 0.007248708873867248, 0.9820315891311382], [0.09237352327687588, 0.013057690213111733, 0.7837761502317975, 0.11079263627821496], [0.1796110348744463, 0.19945342037733813, 0.2942161266702677, 0.32671941807794774], [0.14951880760125227, 0.8068061275721337, 0.006828477826523252, 0.03684658700009097], [0.7224687688224743, 0.1550873952847374, 0.1008047700939588, 0.0216390657988295], [0.013464915121235098, 0.04665309731931661, 0.21050980684000756, 0.7293721807194407], [0.00010683398462404808, 0.0031734633911933833, 0.032461550031909106, 0.9642581525922735], [0.888342762679444, 0.11048863315650334, 0.0010393356235107133, 0.00012926854054193346], [0.3010255903375483, 0.02673328221778041, 0.6174105392190434, 0.05483058822562792], [0.0020612588250062103, 5.206405781144605e-07, 0.9976862211616728, 0.0002519993727429547], [0.20492042590071374, 0.4277722814672874, 0.1189657569402136, 0.24834153569178527]], "state_values": [4.938730348451913, -0.18224440176148093, -1.0628846721836618, -4.059361823098326, 1.2673333884797555, -0.8391797939066612, -0.6320525803660691, 1.7082635363629592, 2.5476998924106224, -0.389054318896032, 4.034518612681267, 4.990910818071308, -2.7981251849266906, -2.3819709996943295, 4.64567736457048, 1.5394430911457904], "value_grad": [0.10691976547241211, 1.3978800773620605, 0.6890397071838379, -0.1900801658630371, -1.0137600898742676, 0.7207202911376953, 1.9285202026367188, -0.37620019912719727, 0.3168001174926758, -0.27719950675964355, 0.2732400894165039, -0.35244035720825195, -0.38411951065063477, -0.6732001304626465, -0.5623202323913574, 0.13068008422851562], "action_grad": [[0.0, 0.0, 0.0], [0.0, 0.0, 0.0], [0.0, 0.0, 0.0], [0.0, 0.0, 0.0], [0.0, 0.0, 0.0], [0.0, 0.0, 0.0], [0.0, 0.0, 0.0], [0.0, 0.0, 0.0], [0.0, 0.0, 0.0], [0.0, 0.0, 0.0], [0.0, 0.0, 0.0], [0.0, 0.0, 0.0], [0.0, 0.0, 0.0], [0.0, 0.0, 0.0], [0.0, 0.0, 0.0], [0.0, 0.0, 0.0]], "action_params_change": 0, "value_params_change": 0.4916717450595005}
{"iterations": 1, "type_itr": 0, "sub_iteration": 4, "sub_it_time": 0.13190174102783203, "total_time": 0.6625311374664307, "value_loss": 2.6611201763153076, "action_loss": -0.8454107642173767, "action_probs": [[0.36629383856021847, 0.6107490596815002, 0.008606628163810649, 0.014350473594470541], [0.29302589626424813, 0.10799037244261855, 0.437682354573433, 0.16130137671970016], [0.9951414370942271, 0.0023127575694192625, 0.0025399024782643046, 5.902858089544417e-06], [0.7218062945247681, 0.008928596978167773, 0.26597505123825693, 0.00329005725880717], [0.007561079857766622, 0.7829520803511314, 0.002003694314707064, 0.20748314547639482], [7.85459885666686e-05, 0.010641156006428188, 0.007248708873867248, 0.9820315891311382], [0.09237352327687588, 0.013057690213111733, 0.7837761502317975, 0.11079263627821496], [0.1796110348744463, 0.19945342037733813, 0.2942161266702677, 0.32671941807794774], [0.14951880760125227, 0.8068061275721337, 0.006828477826523252, 0.03684658700009097], [0.7224687688224743, 0.1550873952847374, 0.1008047700939588, 0.0216390657988295], [0.013464915121235098, 0.04665309731931661, 0.21050980684000756, 0.7293721807194407], [0.00010683398462404808, 0.0031734633911933833, 0.032461550031909106, 0.9642581525922735], [0.888342762679444, 0.11048863315650334, 0.0010393356235107133, 0.00012926854054193346], [0.3010255903375483, 0.02673328221778041, 0.6174105392190434, 0.05483058822562792], [0.0020612588250062103, 5.206405781144605e-07, 0.9976862211616728, 0.0002519993727429547], [0.20492042590071374, 0.4277722814672874, 0.1189657569402136, 0.24834153569178527]], "state_values": [4.737718596420807, 0.8890493893901337, -1.4526596614821041, -3.8011967353822587, 1.6498957335714872, -0.7926315189589546, 0.4931458631160457, 2.2826202193451053, 3.002357907322199, -1.284607295910831, 3.5771024599817185, 4.992968293464064, -3.3138962195844885, -1.3738712831806534, 4.137294860953585, 1.2733404976801197], "value_grad": [-1.2117602825164795, 0.8395204544067383, -1.877040147781372, 0.6217200756072998, -0.36828088760375977, 1.496880054473877, 0.7088398933410645, 0.7682397365570068, -0.1821599006652832, -1.6315200328826904, -0.4910399913787842, 0.8593199253082275, 0.5147995948791504, -2.0552401542663574, -1.4731197357177734, -2.031480073928833], "action_grad": [[0.0, 0.0, 0.0], [0.0, 0.0, 0.0], [0.0, 0.0, 0.0], [0.0, 0.0, 0.0], [0.0, 0.0, 0.0], [0.0, 0.0, 0.0], [0.0, 0.0, 0.0], [0.0, 0.0, 0.0], [0.0, 0.0, 0.0], [0.0, 0.0, 0.0], [0.0, 0.0, 0.0], [0.0, 0.0, 0.0], [0.0, 0.0, 0.0], [0.0, 0.0, 0.0], [0.0, 0.0, 0.0], [0.0, 0.0, 0.0]], "action_params_change": 0, "value_params_change": 0.45107881661465754}
{"iterations": 1, "type_itr": 0, "sub_iteration": 5, "sub_it_time": 0.1279916763305664, "total_time": 0.7920963764190674, "value_loss": 3.2828400135040283, "action_loss": -0.8481273055076599, "action_probs": [[0.36629383856021847, 0.6107490596815002, 0.008606628163810649, 0.014350473594470541], [0.29302589626424813, 0.10799037244261855, 0.437682354573433, 0.16130137671970016], [0.9951414370942271, 0.0023127575694192625, 0.0025399024782643046, 5.902858089544417e-06], [0.7218062945247681, 0.008928596978167773, 0.26597505123825693, 0.00329005725880717], [0.007561079857766622, 0.7829520803511314, 0.002003694314707064, 0.20748314547639482], [7.85459885666686e-05, 0.010641156006428188, 0.007248708873867248, 0.9820315891311382], [0.09237352327687588, 0.013057690213111733, 0.7837761502317975, 0.11079263627821496], [0.1796110348744463, 0.19945342037733813, 0.2942161266702677, 0.32671941807794774], [0.14951880760125227, 0.8068061275721337, 0.006828477826523252, 0.03684658700009097], [0.7224687688224743, 0.1550873952847374, 0.1008047700939588, 0.0216390657988295], [0.013464915121235098, 0.04665309731931661, 0.21050980684000756, 0.7293721807194407], [0.00010683398462404808, 0.0031734633911933833, 0.032461550031909106, 0.9642581525922735], [0.888342762679444, 0.11048863315650334, 0.0010393356235107133, 0.00012926854054193346], [0.3010255903375483, 0.02673328221778041, 0.6174105392190434, 0.05483058822562792], [0.0020612588250062103, 5.206405781144605e-07, 0.9976862211616728, 0.0002519993727429547], [0.20492042590071374, 0.4277722814672874, 0.1189657569402136, 0.24834153569178527]], "state_values": [4.668887645748199, 1.3668305837162735, -1.9454635124881476, -3.320594989877832, 1.583834095609322, -0.49374788402945496, 1.45954661115371, 2.249223224068931, 2.7915235732239183, -1.654835326352929, 2.9302648550544115, 4.999061760560036, -3.563202659367582, -0.6702511376294423, 3.4217207018390146, 1.1790289441205266], "value_grad": [1.417680025100708, -2.0275204181671143, 0.9900007247924805, -1.342440128326416, 1.191960096359253, 1.2355196475982666, 0.11483955383300781, -1.5127193927764893, 1.1721594333648682, 1.1483993530273438, -0.9464404582977295, -0.2811598777770996, 0.4791598320007324, 0.9662408828735352, -0.7167601585388184, -0.8276398181915283], "action_grad": [[0.0, 0.0, 0.0], [0.0, 0.0, 0.0], [0.0, 0.0, 0.0], [0.0, 0.0, 0.0], [0.0, 0.0, 0.0], [0.0, 0.0, 0.0], [0.0, 0.0, 0.0], [0.0, 0.0, 0.0], [0.0, 0.0, 0.0], [0.0, 0.0, 0.0], [0.0, 0.0, 0.0], [0.0, 0.0, 0.0], [0.0, 0.0, 0.0], [0.0, 0.0, 0.0], [0.0, 0.0, 0.0], [0.0, 0.0, 0.0]], "action_params_change": 0, "value_params_change": 0.4417268351942556}
{"iterations": 1, "type_itr": 0, "sub_iteration": 6, "sub_it_time": 0.12743020057678223, "total_time": 0.9210727214813232, "value_loss": 4.542119979858398, "action_loss": -0.7883617877960205, "action_probs": [[0.36629383856021847, 0.6107490596815002, 0.008606628163810649, 0.014350473594470541], [0.29302589626424813, 0.10799037244261855, 0.437682354573433, 0.16130137671970016], [0.9951414370942271, 0.0023127575694192625, 0.0025399024782643046, 5.902858089544417e-06], [0.7218062945247681, 0.008928596978167773, 0.26597505123825693, 0.00329005725880717], [0.007561079857766622, 0.7829520803511314, 0.002003694314707064, 0.20748314547639482], [7.85459885666686e-05, 0.010641156006428188, 0.007248708873867248, 0.9820315891311382], [0.09237352327687588, 0.013057690213111733, 0.7837761502317975, 0.11079263627821496], [0.1796110348744463, 0.19945342037733813, 0.2942161266702677, 0.32671941807794774], [0.14951880760125227, 0.8068061275721337, 0.006828477826523252, 0.03684658700009097], [0.7224687688224743, 0.1550873952847374, 0.1008047700939588, 0.0216390657988295], [0.013464915121235098, 0.04665309731931661, 0.21050980684000756, 0.7293721807194407], [0.00010683398462404808, 0.0031734633911933833, 0.032461550031909106, 0.9642581525922735], [0.888342762679444, 0.11048863315650334, 0.0010393356235107133, 0.00012926854054193346], [0.3010255903375483, 0.02673328221778041, 0.6174105392190434, 0.05483058822562792], [0.0020612588250062103, 5.206405781144605e-07, 0.9976862211616728, 0.0002519993727429547], [0.20492042590071374, 0.4277722814672874, 0.1189657569402136, 0.24834153569178527]], "state_values": [4.639793456041958, 1.882826906391436, -2.363781933431233, -2.653250501779281, 1.2997886304762885, 0.029898959689782838, 2.204378250068169, 2.1283730284003872, 2.582016200718796, -2.0493957112597974, 2.687186962142889, 4.987536478043745, -3.393253863903042, -0.12034973418476179, 2.498482940303991, 1.3886201859855196], "value_grad": [0.36827993392944336, 0.8434803485870361, 0.03168010711669922, -1.2394797801971436, 0.8909997940063477, 1.576080322265625, -0.43559980392456055, -0.36828017234802246, 0.05148005485534668, -0.35244035720825195, 1.1919598579406738, 0.9781193733215332, 1.6196398735046387, 0.39600038528442383, -1.5166800022125244, -2.0592000484466553], "action_grad": [[0.0, 0.0, 0.0], [0.0, 0.0, 0.0], [0.0, 0.0, 0.0], [0.0, 0.0, 0.0], [0.0, 0.0, 0.0], [0.0, 0.0, 0.0], [0.0, 0.0, 0.0], [0.0, 0.0, 0.0], [0.0, 0.0, 0.0], [0.0, 0.0, 0.0], [0.0, 0.0, 0.0], [0.0, 0.0, 0.0], [0.0, 0.0, 0.0], [0.0, 0.0, 0.0], [0.0, 0.0, 0.0], [0.0, 0.0, 0.0]], "action_params_change": 0, "value_params_change": 0.4609107675406041}
{"iterations": 1, "type_itr": 0, "sub_iteration": 7, "sub_it_time": 0.12714028358459473, "total_time": 1.0498216152191162, "value_loss": 3.5046000480651855, "action_loss": -0.7758654356002808, "action_probs": [[0.36629383856021847, 0.6107490596815002, 0.008606628163810649, 0.014350473594470541], [0.29302589626424813, 0.10799037244261855, 0.437682354573433, 0.16130137671970016], [0.9951414370942271, 0.0023127575694192625, 0.0025399024782643046, 5.902858089544417e-06], [0.7218062945247681, 0.008928596978167773, 0.26597505123825693, 0.00329005725880717], [0.007561079857766622, 0.7829520803511314, 0.002003694314707064, 0.20748314547639482], [7.85459885666686e-05, 0.010641156006428188, 0.007248708873867248, 0.9820315891311382], [0.09237352327687588, 0.013057690213111733, 0.7837761502317975, 0.11079263627821496], [0.1796110348744463, 0.19945342037733813, 0.2942161266702677, 0.32671941807794774], [0.14951880760125227, 0.8068061275721337, 0.006828477826523252, 0.03684658700009097], [0.7224687688224743, 0.1550873952847374, 0.1008047700939588, 0.0216390657988295], [0.013464915121235098, 0.04665309731931661, 0.21050980684000756, 0.7293721807194407], [0.00010683398462404808, 0.0031734633911933833, 0.032461550031909106, 0.9642581525922735], [0.888342762679444, 0.11048863315650334, 0.0010393356235107133, 0.00012926854054193346], [0.3010255903375483, 0.02673328221778041, 0.6174105392190434, 0.05483058822562792], [0.0020612588250062103, 5.206405781144605e-07, 0.9976862211616728, 0.0002519993727429547], [0.20492042590071374, 0.4277722814672874, 0.1189657569402136, 0.24834153569178527]], "state_values": [4.606152740048185, 2.265598642776471, -2.326732215309402, -2.1610440410953133, 0.9221538277863535, 0.47563825786107206, 2.769510646038134, 2.069857181055036, 2.2683106354877753, -2.1814488066446285, 2.268404435418681, 4.918582172641643, -3.1528994929838006, 0.5449859380956205, 1.4106182148632773, 1.684861148374873], "value_grad": [-0.07127976417541504, -0.3999602794647217, -2.494799852371216, 0.6296391487121582, 0.5108399391174316, -0.08712005615234375, -0.4078803062438965, 0.1979999542236328, 0.3484799861907959, 0.879119873046875, -0.958319902420044, 1.223639726638794, 0.423720121383667, -1.235520362854004, -1.3067996501922607, -0.9107997417449951], "action_grad": [[0.0, 0.0, 0.0], [0.0, 0.0, 0.0], [0.0, 0.0, 0.0], [0.0, 0.0, 0.0], [0.0, 0.0, 0.0], [0.0, 0.0, 0.0], [0.0, 0.0, 0.0], [0.0, 0.0, 0.0], [0.0, 0.0, 0.0], [0.0, 0.0, 0.0], [0.0, 0.0, 0.0], [0.0, 0.0, 0.0], [0.0, 0.0, 0.0], [0.0, 0.0, 0.0], [0.0, 0.0, 0.0], [0.0, 0.0, 0.0]], "action_params_change": 0, "value_params_change": 0.47448301575686225}
{"iterations": 1, "type_itr": 0, "sub_iteration": 8, "sub_it_time": 0.12790799140930176, "total_time": 1.1794042587280273, "value_loss": 3.603600263595581, "action_loss": -0.8602616190910339, "action_probs": [[0.36629383856021847, 0.6107490596815002, 0.008606628163810649, 0.014350473594470541], [0.29302589626424813, 0.10799037244261855, 0.437682354573433, 0.16130137671970016], [0.9951414370942271, 0.0023127575694192625, 0.0025399024782643046, 5.902858089544417e-06], [0.7218062945247681, 0.008928596978167773, 0.26597505123825693, 0.00329005725880717], [0.007561079857766622, 0.7829520803511314, 0.002003694314707064, 0.20748314547639482], [7.85459885666686e-05, 0.010641156006428188, 0.007248708873867248, 0.9820315891311382], [0.09237352327687588, 0.013057690213111733, 0.7837761502317975, 0.11079263627821496], [0.1796110348744463, 0.19945342037733813, 0.2942161266702677, 0.32671941807794774], [0.14951880760125227, 0.8068061275721337, 0.006828477826523252, 0.03684658700009097], [0.7224687688224743, 0.1550873952847374, 0.1008047700939588, 0.0216390657988295], [0.013464915121235098, 0.04665309731931661, 0.21050980684000756, 0.7293721807194407], [0.00010683398462404808, 0.0031734633911933833, 0.032461550031909106, 0.9642581525922735], [0.888342762679444, 0.11048863315650334, 0.0010393356235107133, 0.00012926854054193346], [0.3010255903375483, 0.02673328221778041, 0.6174105392190434, 0.05483058822562792], [0.0020612588250062103, 5.206405781144605e-07, 0.9976862211616728, 0.0002519993727429547], [0.20492042590071374, 0.4277722814672874, 0.1189657569402136, 0.24834153569178527]], "state_values": [4.625995917124998, 2.3242849384847775, -2.21327282302939, -1.5235126151054659, 0.7199899610638407, 1.0286367367710114, 3.1471924171673, 1.8000066492567302, 1.6650305737257782, -2.3602619907804563, 1.6591287063021063, 4.8580492358826515, -3.0111709554469512, 0.9511494295531073, 0.6000357757044107, 1.8019324189995747], "value_grad": [0.5227200984954834, -2.0869197845458984, -0.6256799697875977, -1.0018799304962158, -0.5266799926757812, 1.065239667892456, -0.8236799240112305, -0.9781198501586914, 1.4731197357177734, -0.31283998489379883, -1.2751197814941406, -0.6217200756072998, -0.3801603317260742, 0.9979197978973389, 0.8830797672271729, 1.1008799076080322], "action_grad": [[0.0, 0.0, 0.0], [0.0, 0.0, 0.0], [0.0, 0.0, 0.0], [0.0, 0.0, 0.0], [0.0, 0.0, 0.0], [0.0, 0.0, 0.0], [0.0, 0.0, 0.0], [0.0, 0.0, 0.0], [0.0, 0.0, 0.0], [0.0, 0.0, 0.0], [0.0, 0.0, 0.0], [0.0, 0.0, 0.0], [0.0, 0.0, 0.0], [0.0, 0.0, 0.0], [0.0, 0.0, 0.0], [0.0, 0.0, 0.0]], "action_params_change": 0, "value_params_change": 0.33141972718094426}
{"iterations": 1, "type_itr": 0, "sub_iteration": 9, "sub_it_time": 0.1269214153289795, "total_time": 1.3081328868865967, "value_loss": 3.9481201171875, "action_loss": -0.7651800513267517, "action_probs": [[0.36629383856021847, 0.6107490596815002, 0.008606628163810649, 0.014350473594470541], [0.29302589626424813, 0.10799037244261855, 0.437682354573433, 0.16130137671970016], [0.9951414370942271, 0.0023127575694192625, 0.0025399024782643046, 5.902858089544417e-06], [0.7218062945247681, 0.008928596978167773, 0.26597505123825693, 0.00329005725880717], [0.007561079857766622, 0.7829520803511314, 0.002003694314707064, 0.20748314547639482], [7.85459885666686e-05, 0.010641156006428188, 0.007248708873867248, 0.9820315891311382], [0.09237352327687588, 0.013057690213111733, 0.7837761502317975, 0.11079263627821496], [0.1796110348744463, 0.19945342037733813, 0.2942161266702677, 0.32671941807794774], [0.14951880760125227, 0.8068061275721337, 0.006828477826523252, 0.03684658700009097], [0.7224687688224743, 0.1550873952847374, 0.1008047700939588, 0.0216390657988295], [0.013464915121235098, 0.04665309731931661, 0.21050980684000756, 0.7293721807194407], [0.00010683398462404808, 0.0031734633911933833, 0.032461550031909106, 0.9642581525922735], [0.888342762679444, 0.11048863315650334, 0.0010393356235107133, 0.00012926854054193346], [0.3010255903375483, 0.02673328221778041, 0.6174105392190434, 0.05483058822562792], [0.0020612588250062103, 5.206405781144605e-07, 0.9976862211616728, 0.0002519993727429547], [0.20492042590071374, 0.4277722814672874, 0.1189657569402136, 0.24834153569178527]], "state_values": [4.710262319631558, 2.3311379348668235, -1.988798984830536, -0.7158189081509189, 0.46567514485346995, 1.6341337992777119, 3.302251545578923, 1.8863681952209215, 0.9776349291512262, -2.3341845086629984, 0.8544236134928724, 4.821948855681635, -2.6419292363008346, 1.0696538537009856, -0.04578015865173692, 1.9290324391733509], "value_grad": [0.8316001892089844, -0.3999602794647217, -0.9781198501586914, -1.536480188369751, 0.3049201965332031, 0.8751592636108398, -1.6632001399993896, 1.5206401348114014, 0.5108399391174316, 0.9187202453613281, -1.9285204410552979, -0.3999602794647217, 1.4018404483795166, 1.488959550857544, 0.42768001556396484, -0.19800019264221191], "action_grad": [[0.0, 0.0, 0.0], [0.0, 0.0, 0.0], [0.0, 0.0, 0.0], [0.0, 0.0, 0.0], [0.0, 0.0, 0.0], [0.0, 0.0, 0.0], [0.0, 0.0, 0.0], [0.0, 0.0, 0.0], [0.0, 0.0, 0.0], [0.0, 0.0, 0.0], [0.0, 0.0, 0.0], [0.0, 0.0, 0.0], [0.0, 0.0, 0.0], [0.0, 0.0, 0.0], [0.0, 0.0, 0.0], [0.0, 0.0, 0.0]], "action_params_change": 0, "value_params_change": 0.3330215759730586}
{"iterations": 1, "type_itr": 0, "sub_iteration": 10, "sub_it_time": 0.1257936954498291, "total_time": 1.4355881214141846, "value_loss": 4.403520107269287, "action_loss": -0.8751123547554016, "action_probs": [[0.36629383856021847, 0.6107490596815002, 0.008606628163810649, 0.014350473594470541], [0.29302589626424813, 0.10799037244261855, 0.437682354573433, 0.16130137671970016], [0.9951414370942271, 0.0023127575694192625, 0.0025399024782643046, 5.902858089544417e-06], [0.7218062945247681, 0.008928596978167773, 0.26597505123825693, 0.00329005725880717], [0.007561079857766622, 0.7829520803511314, 0.002003694314707064, 0.20748314547639482], [7.85459885666686e-05, 0.010641156006428188, 0.007248708873867248, 0.9820315891311382], [0.09237352327687588, 0.013057690213111733, 0.7837761502317975, 0.11079263627821496], [0.1796110348744463, 0.19945342037733813, 0.2942161266702677, 0.32671941807794774], [0.14951880760125227, 0.8068061275721337, 0.006828477826523252, 0.03684658700009097], [0.7224687688224743, 0.1550873952847374, 0.1008047700939588, 0.0216390657988295], [0.013464915121235098, 0.04665309731931661, 0.21050980684000756, 0.7293721807194407], [0.00010683398462404808, 0.0031734633911933833, 0.032461550031909106, 0.9642581525922735], [0.888342762679444, 0.11048863315650334, 0.0010393356235107133, 0.00012926854054193346], [0.3010255903375483, 0.02673328221778041, 0.6174105392190434, 0.05483058822562792], [0.0020612588250062103, 5.206405781144605e-07, 0.9976862211616728, 0.0002519993727429547], [0.20492042590071374, 0.4277722814672874, 0.1189657569402136, 0.24834153569178527]], "state_values": [4.829752140061194, 2.144587169290413, -1.703898206049856, 0.14181355946673185, -0.08691937003356119, 2.037601601220035, 3.2837140655855337, 1.9518949453261747, 0.2697206378457895, -2.6285025858247657, -0.004255533012577842, 4.8305032101674374, -2.146083993436621, 1.1622418922765037, -0.7254037229300435, 1.9933933049127328], "value_grad": [0.9385199546813965, -1.8136801719665527, -0.6336002349853516, -0.7286403179168701, 1.9483203887939453, -0.7405197620391846, -1.793879508972168, -0.059400081634521484, 0.2890801429748535, -2.0869200229644775, -0.7761595249176025, -0.5900402069091797, 0.8711998462677002, 0.0910801887512207, -0.5781598091125488, 0.4078807830810547], "action_grad": [[0.0, 0.0, 0.0], [0.0, 0.0, 0.0], [0.0, 0.0, 0.0], [0.0, 0.0, 0.0], [0.0, 0.0, 0.0], [0.0, 0.0, 0.0], [0.0, 0.0, 0.0], [0.0, 0.0, 0.0], [0.0, 0.0, 0.0], [0.0, 0.0, 0.0], [0.0, 0.0, 0.0], [0.0, 0.0, 0.0], [0.0, 0.0, 0.0], [0.0, 0.0, 0.0], [0.0, 0.0, 0.0], [0.0, 0.0, 0.0]], "action_params_change": 0, "value_params_change": 0.3451572727539238}
{"iterations": 1, "type_itr": 0, "sub_iteration": 11, "sub_it_time": 0.12655878067016602, "total_time": 1.564018726348877, "value_loss": 3.2076001167297363, "action_loss": -0.8486707210540771, "action_probs": [[0.36629383856021847, 0.6107490596815002, 0.008606628163810649, 0.014350473594470541], [0.29302589626424813, 0.10799037244261855, 0.437682354573433, 0.16130137671970016], [0.9951414370942271, 0.0023127575694192625, 0.0025399024782643046, 5.902858089544417e-06], [0.7218062945247681, 0.008928596978167773, 0.26597505123825693, 0.00329005725880717], [0.007561079857766622, 0.7829520803511314, 0.002003694314707064, 0.20748314547639482], [7.85459885666686e-05, 0.010641156006428188, 0.007248708873867248, 0.9820315891311382], [0.09237352327687588, 0.013057690213111733, 0.7837761502317975, 0.11079263627821496], [0.1796110348744463, 0.19945342037733813, 0.2942161266702677, 0.32671941807794774], [0.14951880760125227, 0.8068061275721337, 0.006828477826523252, 0.03684658700009097], [0.7224687688224743, 0.1550873952847374, 0.1008047700939588, 0.0216390657988295], [0.013464915121235098, 0.04665309731931661, 0.21050980684000756, 0.7293721807194407], [0.00010683398462404808, 0.0031734633911933833, 0.032461550031909106, 0.9642581525922735], [0.888342762679444, 0.11048863315650334, 0.0010393356235107133, 0.00012926854054193346], [0.3010255903375483, 0.02673328221778041, 0.6174105392190434, 0.05483058822562792], [0.0020612588250062103, 5.206405781144605e-07, 0.9976862211616728, 0.0002519993727429547], [0.20492042590071374, 0.4277722814672874, 0.1189657569402136, 0.24834153569178527]], "state_values": [4.912955851614309, 1.9252675498122782, -1.242846850893183, 0.987222142785653, -0.23944669383639955, 2.3381917985193517, 3.2120296378824635, 1.8339572941446567, -0.45377812466191325, -2.8412470354082973, -0.7045666797179441, 4.82801843132014, -1.5806276197298874, 1.1367941139150033, -1.42971725057645, 1.9171335552481694], "value_grad": [0.059400081634521484, -0.45143938064575195, -1.7859601974487305, -0.4712398052215576, -1.694880723953247, -0.3405599594116211, -0.665280818939209, -0.958319902420044, 0.3247199058532715, 0.2890801429748535, 0.39203977584838867, 0.14652037620544434, 0.534599781036377, 0.7603201866149902, -0.6375603675842285, 1.1563198566436768], "action_grad": [[0.0, 0.0, 0.0], [0.0, 0.0, 0.0], [0.0, 0.0, 0.0], [0.0, 0.0, 0.0], [0.0, 0.0, 0.0], [0.0, 0.0, 0.0], [0.0, 0.0, 0.0], [0.0, 0.0, 0.0], [0.0, 0.0, 0.0], [0.0, 0.0, 0.0], [0.0, 0.0, 0.0], [0.0, 0.0, 0.0], [0.0, 0.0, 0.0], [0.0, 0.0, 0.0], [0.0, 0.0, 0.0], [0.0, 0.0, 0.0]], "action_params_change": 0, "value_params_change": 0.3407676533008388}
{"iterations": 1, "type_itr": 0, "sub_iteration": 12, "sub_it_time": 0.12650084495544434, "total_time": 1.6921989917755127, "value_loss": 3.5125200748443604, "action_loss": -0.7858263254165649, "action_probs": [[0.36629383856021847, 0.6107490596815002, 0.008606628163810649, 0.014350473594470541], [0.29302589626424813, 0.10799037244261855, 0.437682354573433, 0.16130137671970016], [0.9951414370942271, 0.0023127575694192625, 0.0025399024782643046, 5.902858089544417e-06], [0.7218062945247681, 0.008928596978167773, 0.26597505123825693, 0.00329005725880717], [0.007561079857766622, 0.7829520803511314, 0.002003694314707064, 0.20748314547639482], [7.85459885666686e-05, 0.010641156006428188, 0.007248708873867248, 0.9820315891311382], [0.09237352327687588, 0.013057690213111733, 0.7837761502317975, 0.11079263627821496], [0.1796110348744463, 0.19945342037733813, 0.2942161266702677, 0.32671941807794774], [0.14951880760125227, 0.8068061275721337, 0.006828477826523252, 0.03684658700009097], [0.7224687688224743, 0.1550873952847374, 0.1008047700939588, 0.0216390657988295], [0.013464915121235098, 0.04665309731931661, 0.21050980684000756, 0.7293721807194407], [0.00010683398462404808, 0.0031734633911933833, 0.032461550031909106, 0.9642581525922735], [0.888342762679444, 0.11048863315650334, 0.0010393356235107133, 0.00012926854054193346], [0.3010255903375483, 0.02673328221778041, 0.6174105392190434, 0.05483058822562792], [0.0020612588250062103, 5.206405781144605e-07, 0.9976862211616728, 0.0002519993727429547], [0.20492042590071374, 0.4277722814672874, 0.1189657569402136, 0.24834153569178527]], "state_values": [4.976350810745483, 1.7489301652233369, -0.6423849574702128, 1.732989746850737, -0.13472847685405284, 2.6497855881225205, 2.9658174359198926, 1.4758512067254619, -1.3221137538691194, -3.176533031365543, -0.9889242646723793, 4.754947121483339, -0.902490523729932, 1.0542507478956145, -1.7206554025442868, 1.87823306593761], "value_grad": [0.5504403114318848, 0.22571992874145508, -1.6790399551391602, -0.04356050491333008, -1.4889602661132812, 0.37620043754577637, -2.34432053565979, -1.5919198989868164, 2.486879825592041, -1.2632403373718262, 1.774080753326416, 1.0256397724151611, 0.883080005645752, 0.4237203598022461, 1.6117198467254639, -0.26135945320129395], "action_grad": [[0.0, 0.0, 0.0], [0.0, 0.0, 0.0], [0.0, 0.0, 0.0], [0.0, 0.0, 0.0], [0.0, 0.0, 0.0], [0.0, 0.0, 0.0], [0.0, 0.0, 0.0], [0.0, 0.0, 0.0], [0.0, 0.0, 0.0], [0.0, 0.0, 0.0], [0.0, 0.0, 0.0], [0.0, 0.0, 0.0], [0.0, 0.0, 0.0], [0.0, 0.0, 0.0], [0.0, 0.0, 0.0], [0.0, 0.0, 0.0]], "action_params_change": 0, "value_params_change": 0.35344928901609585}
{"iterations": 1, "type_itr": 0, "sub_iteration": 13, "sub_it_time": 0.12679219245910645, "total_time": 1.8207142353057861, "value_loss": 3.9996001720428467, "action_loss": -0.751234769821167, "action_probs": [[0.36629383856021847, 0.6107490596815002, 0.008606628163810649, 0.014350473594470541], [0.29302589626424813, 0.10799037244261855, 0.437682354573433, 0.16130137671970016], [0.9951414370942271, 0.0023127575694192625, 0.0025399024782643046, 5.902858089544417e-06], [0.7218062945247681, 0.008928596978167773, 0.26597505123825693, 0.00329005725880717], [0.007561079857766622, 0.7829520803511314, 0.002003694314707064, 0.20748314547639482], [7.85459885666686e-05, 0.010641156006428188, 0.007248708873867248, 0.9820315891311382], [0.09237352327687588, 0.013057690213111733, 0.7837761502317975, 0.11079263627821496], [0.1796110348744463, 0.19945342037733813, 0.2942161266702677, 0.32671941807794774], [0.14951880760125227, 0.8068061275721337, 0.006828477826523252, 0.03684658700009097], [0.7224687688224743, 0.1550873952847374, 0.1008047700939588, 0.0216390657988295], [0.013464915121235098, 0.04665309731931661, 0.21050980684000756, 0.7293721807194407], [0.00010683398462404808, 0.0031734633911933833, 0.032461550031909106, 0.9642581525922735], [0.888342762679444, 0.11048863315650334, 0.0010393356235107133, 0.00012926854054193346], [0.3010255903375483, 0.02673328221778041, 0.6174105392190434, 0.05483058822562792], [0.0020612588250062103, 5.206405781144605e-07, 0.9976862211616728, 0.0002519993727429547], [0.20492042590071374, 0.4277722814672874, 0.1189657569402136, 0.24834153569178527]], "state_values": [4.999135995356193, 1.681081741893288, 0.11328276046192542, 2.562022454688707, 0.17212758781698648, 2.688245236668175, 2.636386264365971, 0.9886883192995063, -2.221721530916981, -3.3151374345258984, -1.2268001641087949, 4.707914033231847, -0.15445098398954107, 0.6609279977720485, -1.8656734288983834, 1.7236156400913427], "value_grad": [-0.05148005485534668, 0.8276400566101074, -2.3562002182006836, -2.253239870071411, -1.5008397102355957, -1.7265598773956299, -1.223639965057373, -1.0414800643920898, 1.302839756011963, 1.1602799892425537, 0.10691976547241211, -0.3484799861907959, 0.7048797607421875, 2.7878401279449463, 0.6969599723815918, 1.0533595085144043], "action_grad": [[0.0, 0.0, 0.0], [0.0, 0.0, 0.0], [0.0, 0.0, 0.0], [0.0, 0.0, 0.0], [0.0, 0.0, 0.0], [0.0, 0.0, 0.0], [0.0, 0.0, 0.0], [0.0, 0.0, 0.0], [0.0, 0.0, 0.0], [0.0, 0.0, 0.0], [0.0, 0.0, 0.0], [0.0, 0.0, 0.0], [0.0, 0.0, 0.0], [0.0, 0.0, 0.0], [0.0, 0.0, 0.0], [0.0, 0.0, 0.0]], "action_params_change": 0, "value_params_change": 0.38567377927992563}
