{"iterations": 0, "type_itr": 0, "sub_iteration": 0, "sub_it_time": 0, "total_time": 0, "value_loss": 0, "action_loss": 0, "action_probs": [[0.4877893386451855, 0.5051557423445642, 0.00346576496937284, 0.003589154040877484], [0.8089179267539022, 0.17082020465162145, 0.0167291526278462, 0.003532715966630187], [0.00013061855238967238, 0.004745343676979664, 0.026657643178375774, 0.9684663945922549], [0.04616395026541132, 0.15770415177339087, 0.180276330503107, 0.6158555674580907], [0.004399231656189266, 0.29491660253295693, 0.010298392571098578, 0.6903857732397553], [0.24439188397107503, 0.6110494512773799, 0.041299108386798004, 0.1032595563647471], [0.9103383812072011, 0.002626703518495744, 0.08678450600673325, 0.00025040926756983147], [0.8334315085392607, 0.0271855488994545, 0.13498005306705768, 0.004402889494227226], [0.039227189052640464, 0.9460994175649674, 0.0005841676986991589, 0.014089225683692967], [0.8581183518774446, 0.08999545921118501, 0.04696112470158371, 0.0049250642097866965], [0.1867681947969448, 0.06305455049609673, 0.5608346488827455, 0.18934260582421306], [0.36072903006262563, 0.010028112848214189, 0.6122233107352271, 0.01701954635393303], [0.007907149243567151, 0.6138733737197298, 0.004809796610386372, 0.37340968042631684], [1.2875223733903159e-05, 0.7236038909688286, 4.9176527380564715e-06, 0.2763783161546994], [0.16964517469043106, 0.7623505648525098, 0.012378377019823087, 0.05562588343723601], [0.02058240585437933, 0.9721495401689284, 0.0001506892543541666, 0.007117364722337961]], "state_values": [-3.7012619619612543, 4.550978864572229, -2.4679875941511646, 2.9874944036117763, 2.6426550567100935, -4.997626393476249, 4.89059604055015, 2.2822201246228073, 4.963069948846128, -3.0204441797708843, -0.48109971644511157, 4.432125451384259, 3.855221023507568, 4.789764151917889, 4.611282545174673, 1.2998312360940878], "value_grad": [0.0, 0.0, 0.0, 0.0, 0.0, 0.0, 0.0, 0.0, 0.0, 0.0, 0.0, 0.0, 0.0, 0.0, 0.0, 0.0], "action_grad": [[0.0, 0.0, 0.0], [0.0, 0.0, 0.0], [0.0, 0.0, 0.0], [0.0, 0.0, 0.0], [0.0, 0.0, 0.0], [0.0, 0.0, 0.0], [0.0, 0.0, 0.0], [0.0, 0.0, 0.0], [0.0, 0.0, 0.0], [0.0, 0.0, 0.0], [0.0, 0.0, 0.0], [0.0, 0.0, 0.0], [0.0, 0.0, 0.0], [0.0, 0.0, 0.0], [0.0, 0.0, 0.0], [0.0, 0.0, 0.0]], "action_params_change": 0, "value_params_change": 0}
{"iterations": 1, "type_itr": 0, "sub_iteration": 0, "sub_it_time": 0.284914493560791, "total_time": 0.28627657890319824, "value_loss": 15.993648529052734, "action_loss": -1.3521863222122192, "action_probs": [[0.4877893386451855, 0.5051557423445642, 0.00346576496937284, 0.003589154040877484], [0.8089179267539022, 0.17082020465162145, 0.0167291526278462, 0.003532715966630187], [0.00013061855238967238, 0.004745343676979664, 0.026657643178375774, 0.9684663945922549], [0.04616395026541132, 0.15770415177339087, 0.180276330503107, 0.6158555674580907], [0.004399231656189266, 0.29491660253295693, 0.010298392571098578, 0.6903857732397553], [0.24439188397107503, 0.6110494512773799, 0.041299108386798004, 0.1032595563647471], [0.9103383812072011, 0.002626703518495744, 0.08678450600673325, 0.00025040926756983147], [0.8334315085392607, 0.0271855488994545, 0.13498005306705768, 0.004402889494227226], [0.039227189052640464, 0.9460994175649674, 0.0005841676986991589, 0.014089225683692967], [0.8581183518774446, 0.08999545921118501, 0.04696112470158371, 0.0049250642097866965], [0.1867681947969448, 0.06305455049609673, 0.5608346488827455, 0.18934260582421306], [0.36072903006262563, 0.010028112848214189, 0.6122233107352271, 0.01701954635393303], [0.007907149243567151, 0.6138733737197298, 0.004809796610386372, 0.37340968042631684], [1.2875223733903159e-05, 0.7236038909688286, 4.9176527380564715e-06, 0.2763783161546994], [0.16964517469043106, 0.7623505648525098, 0.012378377019823087, 0.05562588343723601], [0.02058240585437933, 0.9721495401689284, 0.0001506892543541666, 0.007117364722337961]], "state_values": [-2.754514605285863, 3.8971532190160416, -1.3154395312554068, 1.902691743227007, 1.510377909949179, -4.88037416394209, 4.481203203473536, 1.110630471506358, 4.658710369549485, -1.9407438515688935, 0.7651366405938348, 3.7217595028935673, 4.5230829923745315, 4.2859292074956805, 3.989723696793015, 2.453910823067893], "value_grad": [0.03484916687011719, -0.8997116088867188, 2.208491325378418, 0.21384143829345703, 0.7575492858886719, -0.037619590759277344, -0.5943937301635742, -0.29184913635253906, 0.6569633483886719, -0.2257223129272461, -0.9998979568481445, -0.40906715393066406, 0.2906646728515625, 0.1999807357788086, -0.9563398361206055, 0.46926116943359375], "action_grad": [[0.0, 0.0, 0.0], [0.0, 0.0, 0.0], [0.0, 0.0, 0.0], [0.0, 0.0, 0.0], [0.0, 0.0, 0.0], [0.0, 0.0, 0.0], [0.0, 0.0, 0.0], [0.0, 0.0, 0.0], [0.0, 0.0, 0.0], [0.0, 0.0, 0.0], [0.0, 0.0, 0.0], [0.0, 0.0, 0.0], [0.0, 0.0, 0.0], [0.0, 0.0, 0.0], [0.0, 0.0, 0.0], [0.0, 0.0, 0.0]], "action_params_change": 0, "value_params_change": 0.499999997736011}
{"iterations": 1, "type_itr": 0, "sub_iteration": 1, "sub_it_time": 0.2817037105560303, "total_time": 0.5696282386779785, "value_loss": 10.947816848754883, "action_loss": -1.2824780941009521, "action_probs": [[0.4877893386451855, 0.5051557423445642, 0.00346576496937284, 0.003589154040877484], [0.8089179267539022, 0.17082020465162145, 0.0167291526278462, 0.003532715966630187], [0.00013061855238967238, 0.004745343676979664, 0.026657643178375774, 0.9684663945922549], [0.04616395026541132, 0.15770415177339087, 0.180276330503107, 0.6158555674580907], [0.004399231656189266, 0.29491660253295693, 0.010298392571098578, 0.6903857732397553], [0.24439188397107503, 0.6110494512773799, 0.041299108386798004, 0.1032595563647471], [0.9103383812072011, 0.002626703518495744, 0.08678450600673325, 0.00025040926756983147], [0.8334315085392607, 0.0271855488994545, 0.13498005306705768, 0.004402889494227226], [0.039227189052640464, 0.9460994175649674, 0.0005841676986991589, 0.014089225683692967], [0.8581183518774446, 0.08999545921118501, 0.04696112470158371, 0.0049250642097866965], [0.1867681947969448, 0.06305455049609673, 0.5608346488827455, 0.18934260582421306], [0.36072903006262563, 0.010028112848214189, 0.6122233107352271, 0.01701954635393303], [0.007907149243567151, 0.6138733737197298, 0.004809796610386372, 0.37340968042631684], [1.2875223733903159e-05, 0.7236038909688286, 4.9176527380564715e-06, 0.2763783161546994], [0.16964517469043106, 0.7623505648525098, 0.012378377019823087, 0.05562588343723601], [0.02058240585437933, 0.9721495401689284, 0.0001506892543541666, 0.007117364722337961]], "state_values": [-1.9064110871390387, 3.0122728785482904, -0.08691234504130707, 0.9543596994483003, 0.33733984203650547, -4.582413131850898, 3.8053890842785423, -0.11032467775716724, 4.240710274289892, -1.8155760317743104, 1.9586722978473396, 2.7826708871548127, 4.908044419377862, 3.5794331405441984, 3.1198327223639564, 3.4565206342772044], "value_grad": [0.9163436889648438, -1.3903560638427734, 1.9681196212768555, 0.03920269012451172, 0.4542121887207031, -0.9654474258422852, -0.964655876159668, -0.22294902801513672, 0.07167816162109375, 0.16275596618652344, -0.894169807434082, -0.3801593780517578, 0.248687744140625, 0.5532121658325195, -1.166219711303711, 0.5385618209838867], "action_grad": [[0.0, 0.0, 0.0], [0.0, 0.0, 0.0], [0.0, 0.0, 0.0], [0.0, 0.0, 0.0], [0.0, 0.0, 0.0], [0.0, 0.0, 0.0], [0.0, 0.0, 0.0], [0.0, 0.0, 0.0], [0.0, 0.0, 0.0], [0.0, 0.0, 0.0], [0.0, 0.0, 0.0], [0.0, 0.0, 0.0], [0.0, 0.0, 0.0], [0.0, 0.0, 0.0], [0.0, 0.0, 0.0], [0.0, 0.0, 0.0]], "action_params_change": 0, "value_params_change": 0.5006102310268497}
{"iterations": 1, "type_itr": 0, "sub_iteration": 2, "sub_it_time": 0.28096747398376465, "total_time": 0.8523499965667725, "value_loss": 7.453512191772461, "action_loss": -1.0851067304611206, "action_probs": [[0.4877893386451855, 0.5051557423445642, 0.00346576496937284, 0.003589154040877484], [0.8089179267539022, 0.17082020465162145, 0.0167291526278462, 0.003532715966630187], [0.00013061855238967238, 0.004745343676979664, 0.026657643178375774, 0.9684663945922549], [0.04616395026541132, 0.15770415177339087, 0.180276330503107, 0.6158555674580907], [0.004399231656189266, 0.29491660253295693, 0.010298392571098578, 0.6903857732397553], [0.24439188397107503, 0.6110494512773799, 0.041299108386798004, 0.1032595563647471], [0.9103383812072011, 0.002626703518495744, 0.08678450600673325, 0.00025040926756983147], [0.8334315085392607, 0.0271855488994545, 0.13498005306705768, 0.004402889494227226], [0.039227189052640464, 0.9460994175649674, 0.0005841676986991589, 0.014089225683692967], [0.8581183518774446, 0.08999545921118501, 0.04696112470158371, 0.0049250642097866965], [0.1867681947969448, 0.06305455049609673, 0.5608346488827455, 0.18934260582421306], [0.36072903006262563, 0.010028112848214189, 0.6122233107352271, 0.01701954635393303], [0.007907149243567151, 0.6138733737197298, 0.004809796610386372, 0.37340968042631684], [1.2875223733903159e-05, 0.7236038909688286, 4.9176527380564715e-06, 0.2763783161546994], [0.16964517469043106, 0.7623505648525098, 0.012378377019823087, 0.05562588343723601], [0.02058240585437933, 0.9721495401689284, 0.0001506892543541666, 0.007117364722337961]], "state_values": [-1.4821968677599995, 1.9361857887654637, 1.0703053607455264, 1.4550280399913265, -0.8789256069491004, -4.046225382007931, 2.9160331259118153, -1.3169536533452768, 3.577670179728878, -2.3426647094808484, 2.7316631342428526, 2.30752490007854, 4.9965387521087585, 2.6926767518982753, 2.19393495309626, 4.245096680589619], "value_grad": [-0.3069000244140625, -1.4592599868774414, 0.9899997711181641, -0.6537957191467285, 0.8244719505310059, -1.3594679832458496, -1.4913358688354492, -0.21067237854003906, 0.7931880950927734, 0.37620019912719727, 0.13463973999023438, 0.2502727508544922, 0.7523999214172363, 0.2665090560913086, -0.2843284606933594, 0.5658841133117676], "action_grad": [[0.0, 0.0, 0.0], [0.0, 0.0, 0.0], [0.0, 0.0, 0.0], [0.0, 0.0, 0.0], [0.0, 0.0, 0.0], [0.0, 0.0, 0.0], [0.0, 0.0, 0.0], [0.0, 0.0, 0.0], [0.0, 0.0, 0.0], [0.0, 0.0, 0.0], [0.0, 0.0, 0.0], [0.0, 0.0, 0.0], [0.0, 0.0, 0.0], [0.0, 0.0, 0.0], [0.0, 0.0, 0.0], [0.0, 0.0, 0.0]], "action_params_change": 0, "value_params_change": 0.5016682242108264}
{"iterations": 1, "type_itr": 0, "sub_iteration": 3, "sub_it_time": 0.2845730781555176, "total_time": 1.1386075019836426, "value_loss": 5.412528038024902, "action_loss": -0.8139523863792419, "action_probs": [[0.4877893386451855, 0.5051557423445642, 0.00346576496937284, 0.003589154040877484], [0.8089179267539022, 0.17082020465162145, 0.0167291526278462, 0.003532715966630187], [0.00013061855238967238, 0.004745343676979664, 0.026657643178375774, 0.9684663945922549], [0.04616395026541132, 0.15770415177339087, 0.180276330503107, 0.6158555674580907], [0.004399231656189266, 0.29491660253295693, 0.010298392571098578, 0.6903857732397553], [0.24439188397107503, 0.6110494512773799, 0.041299108386798004, 0.1032595563647471], [0.9103383812072011, 0.002626703518495744, 0.08678450600673325, 0.00025040926756983147], [0.8334315085392607, 0.0271855488994545, 0.13498005306705768, 0.004402889494227226], [0.039227189052640464, 0.9460994175649674, 0.0005841676986991589, 0.014089225683692967], [0.8581183518774446, 0.08999545921118501, 0.04696112470158371, 0.0049250642097866965], [0.1867681947969448, 0.06305455049609673, 0.5608346488827455, 0.18934260582421306], [0.36072903006262563, 0.010028112848214189, 0.6122233107352271, 0.01701954635393303], [0.007907149243567151, 0.6138733737197298, 0.004809796610386372, 0.37340968042631684], [1.2875223733903159e-05, 0.7236038909688286, 4.9176527380564715e-06, 0.2763783161546994], [0.16964517469043106, 0.7623505648525098, 0.012378377019823087, 0.05562588343723601], [0.02058240585437933, 0.9721495401689284, 0.0001506892543541666, 0.007117364722337961]], "state_values": [-1.0484138007648973, 0.788210458034922, 2.024019887316355, 2.001506933788951, -1.8337312139251263, -3.275643347375587, 1.8480615407771548, -2.089145776275726, 2.6987330097952285, -2.261601283597089, 2.9760445025704496, 1.633136584833845, 4.870233915472157, 1.6436845090442174, 1.435116738541873, 4.600568108252589], "value_grad": [0.10890007019042969, -0.7329959869384766, 0.22769975662231445, -0.16790485382080078, -0.010295391082763672, -1.5879602432250977, -1.0414795875549316, 0.09266471862792969, 1.0367279052734375, -0.381744384765625, 0.7084450721740723, -0.3144240379333496, 0.019403934478759766, 0.3381838798522949, 0.1663198471069336, -0.27720022201538086], "action_grad": [[0.0, 0.0, 0.0], [0.0, 0.0, 0.0], [0.0, 0.0, 0.0], [0.0, 0.0, 0.0], [0.0, 0.0, 0.0], [0.0, 0.0, 0.0], [0.0, 0.0, 0.0], [0.0, 0.0, 0.0], [0.0, 0.0, 0.0], [0.0, 0.0, 0.0], [0.0, 0.0, 0.0], [0.0, 0.0, 0.0], [0.0, 0.0, 0.0], [0.0, 0.0, 0.0], [0.0, 0.0, 0.0], [0.0, 0.0, 0.0]], "action_params_change": 0, "value_params_change": 0.48815769285901744}
{"iterations": 1, "type_itr": 0, "sub_iteration": 4, "sub_it_time": 0.28679370880126953, "total_time": 1.4271328449249268, "value_loss": 4.321944236755371, "action_loss": -0.6001728177070618, "action_probs": [[0.4877893386451855, 0.5051557423445642, 0.00346576496937284, 0.003589154040877484], [0.8089179267539022, 0.17082020465162145, 0.0167291526278462, 0.003532715966630187], [0.00013061855238967238, 0.004745343676979664, 0.026657643178375774, 0.9684663945922549], [0.04616395026541132, 0.15770415177339087, 0.180276330503107, 0.6158555674580907], [0.004399231656189266, 0.29491660253295693, 0.010298392571098578, 0.6903857732397553], [0.24439188397107503, 0.6110494512773799, 0.041299108386798004, 0.1032595563647471], [0.9103383812072011, 0.002626703518495744, 0.08678450600673325, 0.00025040926756983147], [0.8334315085392607, 0.0271855488994545, 0.13498005306705768, 0.004402889494227226], [0.039227189052640464, 0.9460994175649674, 0.0005841676986991589, 0.014089225683692967], [0.8581183518774446, 0.08999545921118501, 0.04696112470158371, 0.0049250642097866965], [0.1867681947969448, 0.06305455049609673, 0.5608346488827455, 0.18934260582421306], [0.36072903006262563, 0.010028112848214189, 0.6122233107352271, 0.01701954635393303], [0.007907149243567151, 0.6138733737197298, 0.004809796610386372, 0.37340968042631684], [1.2875223733903159e-05, 0.7236038909688286, 4.9176527380564715e-06, 0.2763783161546994], [0.16964517469043106, 0.7623505648525098, 0.012378377019823087, 0.05562588343723601], [0.02058240585437933, 0.9721495401689284, 0.0001506892543541666, 0.007117364722337961]], "state_values": [-0.5897468823672972, -0.26416759185608096, 2.7303926893045545, 2.612131439569454, -2.1834155914935223, -2.2998707878583504, 0.6546336759462319, -2.9084154895929215, 1.642036951567535, -1.8842488165100086, 2.868382984743705, 1.1182163488942656, 4.528511916102271, 0.8066435752877116, 0.8755400232124653, 4.658648892656932], "value_grad": [0.12830352783203125, -0.15958786010742188, -0.1987919807434082, -0.24631214141845703, -0.7040882110595703, -1.5543005466461182, -1.383228063583374, -0.2641315460205078, 1.0830600261688232, -0.35877561569213867, 0.9056518077850342, 0.08197164535522461, 0.5342044830322266, -0.11919546127319336, 0.2415599822998047, -0.6494402885437012], "action_grad": [[0.0, 0.0, 0.0], [0.0, 0.0, 0.0], [0.0, 0.0, 0.0], [0.0, 0.0, 0.0], [0.0, 0.0, 0.0], [0.0, 0.0, 0.0], [0.0, 0.0, 0.0], [0.0, 0.0, 0.0], [0.0, 0.0, 0.0], [0.0, 0.0, 0.0], [0.0, 0.0, 0.0], [0.0, 0.0, 0.0], [0.0, 0.0, 0.0], [0.0, 0.0, 0.0], [0.0, 0.0, 0.0], [0.0, 0.0, 0.0]], "action_params_change": 0, "value_params_change": 0.49457608808427445}
{"iterations": 1, "type_itr": 0, "sub_iteration": 5, "sub_it_time": 0.2787971496582031, "total_time": 1.707554817199707, "value_loss": 3.9473283290863037, "action_loss": -0.44588714838027954, "action_probs": [[0.4877893386451855, 0.5051557423445642, 0.00346576496937284, 0.003589154040877484], [0.8089179267539022, 0.17082020465162145, 0.0167291526278462, 0.003532715966630187], [0.00013061855238967238, 0.004745343676979664, 0.026657643178375774, 0.9684663945922549], [0.04616395026541132, 0.15770415177339087, 0.180276330503107, 0.6158555674580907], [0.004399231656189266, 0.29491660253295693, 0.010298392571098578, 0.6903857732397553], [0.24439188397107503, 0.6110494512773799, 0.041299108386798004, 0.1032595563647471], [0.9103383812072011, 0.002626703518495744, 0.08678450600673325, 0.00025040926756983147], [0.8334315085392607, 0.0271855488994545, 0.13498005306705768, 0.004402889494227226], [0.039227189052640464, 0.9460994175649674, 0.0005841676986991589, 0.014089225683692967], [0.8581183518774446, 0.08999545921118501, 0.04696112470158371, 0.0049250642097866965], [0.1867681947969448, 0.06305455049609673, 0.5608346488827455, 0.18934260582421306], [0.36072903006262563, 0.010028112848214189, 0.6122233107352271, 0.01701954635393303], [0.007907149243567151, 0.6138733737197298, 0.004809796610386372, 0.37340968042631684], [1.2875223733903159e-05, 0.7236038909688286, 4.9176527380564715e-06, 0.2763783161546994], [0.16964517469043106, 0.7623505648525098, 0.012378377019823087, 0.05562588343723601], [0.02058240585437933, 0.9721495401689284, 0.0001506892543541666, 0.007117364722337961]], "state_values": [0.07586838874857708, -1.0528542246147865, 3.178397299664557, 3.2097383523890155, -2.2072400388584303, -1.2283738644623599, -0.3848596932895255, -3.3009779393288454, 0.5066759769894423, -1.32425420200472, 2.5739018002022878, 0.9667958788453742, 3.9753265857950018, -0.02322590432555481, 0.6722908454912071, 4.6040488651448825], "value_grad": [0.5429158210754395, 0.36907196044921875, -0.6082556247711182, -0.1908721923828125, -0.6419165134429932, -0.7108197212219238, 0.0906836986541748, 0.21265172958374023, 0.5817239284515381, -0.31165194511413574, 0.7171556949615479, 0.30967140197753906, 0.3567962646484375, 0.11008763313293457, 0.652212381362915, -0.5140080451965332], "action_grad": [[0.0, 0.0, 0.0], [0.0, 0.0, 0.0], [0.0, 0.0, 0.0], [0.0, 0.0, 0.0], [0.0, 0.0, 0.0], [0.0, 0.0, 0.0], [0.0, 0.0, 0.0], [0.0, 0.0, 0.0], [0.0, 0.0, 0.0], [0.0, 0.0, 0.0], [0.0, 0.0, 0.0], [0.0, 0.0, 0.0], [0.0, 0.0, 0.0], [0.0, 0.0, 0.0], [0.0, 0.0, 0.0], [0.0, 0.0, 0.0]], "action_params_change": 0, "value_params_change": 0.4662150340799722}
{"iterations": 1, "type_itr": 0, "sub_iteration": 6, "sub_it_time": 0.28110551834106445, "total_time": 1.9905054569244385, "value_loss": 3.979008197784424, "action_loss": -0.3735165297985077, "action_probs": [[0.4877893386451855, 0.5051557423445642, 0.00346576496937284, 0.003589154040877484], [0.8089179267539022, 0.17082020465162145, 0.0167291526278462, 0.003532715966630187], [0.00013061855238967238, 0.004745343676979664, 0.026657643178375774, 0.9684663945922549], [0.04616395026541132, 0.15770415177339087, 0.180276330503107, 0.6158555674580907], [0.004399231656189266, 0.29491660253295693, 0.010298392571098578, 0.6903857732397553], [0.24439188397107503, 0.6110494512773799, 0.041299108386798004, 0.1032595563647471], [0.9103383812072011, 0.002626703518495744, 0.08678450600673325, 0.00025040926756983147], [0.8334315085392607, 0.0271855488994545, 0.13498005306705768, 0.004402889494227226], [0.039227189052640464, 0.9460994175649674, 0.0005841676986991589, 0.014089225683692967], [0.8581183518774446, 0.08999545921118501, 0.04696112470158371, 0.0049250642097866965], [0.1867681947969448, 0.06305455049609673, 0.5608346488827455, 0.18934260582421306], [0.36072903006262563, 0.010028112848214189, 0.6122233107352271, 0.01701954635393303], [0.007907149243567151, 0.6138733737197298, 0.004809796610386372, 0.37340968042631684], [1.2875223733903159e-05, 0.7236038909688286, 4.9176527380564715e-06, 0.2763783161546994], [0.16964517469043106, 0.7623505648525098, 0.012378377019823087, 0.05562588343723601], [0.02058240585437933, 0.9721495401689284, 0.0001506892543541666, 0.007117364722337961]], "state_values": [0.46082530453275794, -1.621576332882928, 3.3697161179501602, 3.8284245967851973, -2.0504911973440714, -0.15593046833782137, -1.0613243661845957, -3.4527509640537373, -0.6864685588957697, -0.5911060549227923, 2.0923532619877756, 1.0572362068702739, 3.1960539830880257, -0.6129327779610524, 0.7678598116595637, 4.428827457857427], "value_grad": [-0.32076025009155273, 0.3643195629119873, -1.0957319736480713, -0.4542124271392822, -0.4981682300567627, -0.4241156578063965, 0.7813076972961426, 0.1908719539642334, 1.0240557193756104, -0.3908514976501465, 0.8870396614074707, 0.27957582473754883, 0.6949799060821533, -0.14731216430664062, 0.7623000144958496, -0.6735963821411133], "action_grad": [[0.0, 0.0, 0.0], [0.0, 0.0, 0.0], [0.0, 0.0, 0.0], [0.0, 0.0, 0.0], [0.0, 0.0, 0.0], [0.0, 0.0, 0.0], [0.0, 0.0, 0.0], [0.0, 0.0, 0.0], [0.0, 0.0, 0.0], [0.0, 0.0, 0.0], [0.0, 0.0, 0.0], [0.0, 0.0, 0.0], [0.0, 0.0, 0.0], [0.0, 0.0, 0.0], [0.0, 0.0, 0.0], [0.0, 0.0, 0.0]], "action_params_change": 0, "value_params_change": 0.47847633395492606}
{"iterations": 1, "type_itr": 0, "sub_iteration": 7, "sub_it_time": 0.29863715171813965, "total_time": 2.290935516357422, "value_loss": 3.817836284637451, "action_loss": -0.3826443552970886, "action_probs": [[0.4877893386451855, 0.5051557423445642, 0.00346576496937284, 0.003589154040877484], [0.8089179267539022, 0.17082020465162145, 0.0167291526278462, 0.003532715966630187], [0.00013061855238967238, 0.004745343676979664, 0.026657643178375774, 0.9684663945922549], [0.04616395026541132, 0.15770415177339087, 0.180276330503107, 0.6158555674580907], [0.004399231656189266, 0.29491660253295693, 0.010298392571098578, 0.6903857732397553], [0.24439188397107503, 0.6110494512773799, 0.041299108386798004, 0.1032595563647471], [0.9103383812072011, 0.002626703518495744, 0.08678450600673325, 0.00025040926756983147], [0.8334315085392607, 0.0271855488994545, 0.13498005306705768, 0.004402889494227226], [0.039227189052640464, 0.9460994175649674, 0.0005841676986991589, 0.014089225683692967], [0.8581183518774446, 0.08999545921118501, 0.04696112470158371, 0.0049250642097866965], [0.1867681947969448, 0.06305455049609673, 0.5608346488827455, 0.18934260582421306], [0.36072903006262563, 0.010028112848214189, 0.6122233107352271, 0.01701954635393303], [0.007907149243567151, 0.6138733737197298, 0.004809796610386372, 0.37340968042631684], [1.2875223733903159e-05, 0.7236038909688286, 4.9176527380564715e-06, 0.2763783161546994], [0.16964517469043106, 0.7623505648525098, 0.012378377019823087, 0.05562588343723601], [0.02058240585437933, 0.9721495401689284, 0.0001506892543541666, 0.007117364722337961]], "state_values": [0.8104033141859832, -1.8626787686447297, 3.366165790666126, 4.1635555701239735, -1.7641655275621855, 0.6401473170949834, -1.558420161790382, -3.438437207974369, -1.8294033165677361, 0.13268751234078205, 1.411593453204788, 1.3650403314402237, 2.219095912198961, -0.6225082961769561, 0.8314663915569329, 4.121266354688712], "value_grad": [0.023759841918945312, 0.9385201930999756, -1.2402725219726562, 0.27086424827575684, -0.4383716583251953, 0.6486480236053467, 0.3575873374938965, 0.1896839141845703, 0.6189472675323486, -0.09820795059204102, 1.2319567203521729, 0.34293603897094727, 0.937727689743042, -0.6233036518096924, -0.061776161193847656, -0.6953756809234619], "action_grad": [[0.0, 0.0, 0.0], [0.0, 0.0, 0.0], [0.0, 0.0, 0.0], [0.0, 0.0, 0.0], [0.0, 0.0, 0.0], [0.0, 0.0, 0.0], [0.0, 0.0, 0.0], [0.0, 0.0, 0.0], [0.0, 0.0, 0.0], [0.0, 0.0, 0.0], [0.0, 0.0, 0.0], [0.0, 0.0, 0.0], [0.0, 0.0, 0.0], [0.0, 0.0, 0.0], [0.0, 0.0, 0.0], [0.0, 0.0, 0.0]], "action_params_change": 0, "value_params_change": 0.4737003413267056}
{"iterations": 1, "type_itr": 0, "sub_iteration": 8, "sub_it_time": 0.2826075553894043, "total_time": 2.575382947921753, "value_loss": 3.520836114883423, "action_loss": -0.4069490134716034, "action_probs": [[0.4877893386451855, 0.5051557423445642, 0.00346576496937284, 0.003589154040877484], [0.8089179267539022, 0.17082020465162145, 0.0167291526278462, 0.003532715966630187], [0.00013061855238967238, 0.004745343676979664, 0.026657643178375774, 0.9684663945922549], [0.04616395026541132, 0.15770415177339087, 0.180276330503107, 0.6158555674580907], [0.004399231656189266, 0.29491660253295693, 0.010298392571098578, 0.6903857732397553], [0.24439188397107503, 0.6110494512773799, 0.041299108386798004, 0.1032595563647471], [0.9103383812072011, 0.002626703518495744, 0.08678450600673325, 0.00025040926756983147], [0.8334315085392607, 0.0271855488994545, 0.13498005306705768, 0.004402889494227226], [0.039227189052640464, 0.9460994175649674, 0.0005841676986991589, 0.014089225683692967], [0.8581183518774446, 0.08999545921118501, 0.04696112470158371, 0.0049250642097866965], [0.1867681947969448, 0.06305455049609673, 0.5608346488827455, 0.18934260582421306], [0.36072903006262563, 0.010028112848214189, 0.6122233107352271, 0.01701954635393303], [0.007907149243567151, 0.6138733737197298, 0.004809796610386372, 0.37340968042631684], [1.2875223733903159e-05, 0.7236038909688286, 4.9176527380564715e-06, 0.2763783161546994], [0.16964517469043106, 0.7623505648525098, 0.012378377019823087, 0.05562588343723601], [0.02058240585437933, 0.9721495401689284, 0.0001506892543541666, 0.007117364722337961]], "state_values": [1.0934691982926508, -1.868736920521483, 3.2987742672030484, 4.363151863832504, -1.3177620892681754, 1.1601921558880077, -1.8105208115896363, -3.6871152459560808, -2.691414724785961, 0.9395854026060274, 0.6513385461178538, 1.393868821017127, 1.1633336292423913, -0.1383954597535222, 0.9440632873228036, 3.670593913447073], "value_grad": [-0.04633212089538574, 0.9274322986602783, -0.5108401775360107, 0.1651325225830078, -0.6165719032287598, 0.7821002006530762, 0.7848720550537109, -0.4625284671783447, -0.2760124206542969, -0.31125569343566895, 0.626471996307373, -0.3575882911682129, 0.26967620849609375, -1.3246197700500488, 0.1750316619873047, -0.6561717987060547], "action_grad": [[0.0, 0.0, 0.0], [0.0, 0.0, 0.0], [0.0, 0.0, 0.0], [0.0, 0.0, 0.0], [0.0, 0.0, 0.0], [0.0, 0.0, 0.0], [0.0, 0.0, 0.0], [0.0, 0.0, 0.0], [0.0, 0.0, 0.0], [0.0, 0.0, 0.0], [0.0, 0.0, 0.0], [0.0, 0.0, 0.0], [0.0, 0.0, 0.0], [0.0, 0.0, 0.0], [0.0, 0.0, 0.0], [0.0, 0.0, 0.0]], "action_params_change": 0, "value_params_change": 0.45007472368877144}
{"iterations": 1, "type_itr": 0, "sub_iteration": 9, "sub_it_time": 0.2813999652862549, "total_time": 2.858477830886841, "value_loss": 4.3251118659973145, "action_loss": -0.4434964954853058, "action_probs": [[0.4877893386451855, 0.5051557423445642, 0.00346576496937284, 0.003589154040877484], [0.8089179267539022, 0.17082020465162145, 0.0167291526278462, 0.003532715966630187], [0.00013061855238967238, 0.004745343676979664, 0.026657643178375774, 0.9684663945922549], [0.04616395026541132, 0.15770415177339087, 0.180276330503107, 0.6158555674580907], [0.004399231656189266, 0.29491660253295693, 0.010298392571098578, 0.6903857732397553], [0.24439188397107503, 0.6110494512773799, 0.041299108386798004, 0.1032595563647471], [0.9103383812072011, 0.002626703518495744, 0.08678450600673325, 0.00025040926756983147], [0.8334315085392607, 0.0271855488994545, 0.13498005306705768, 0.004402889494227226], [0.039227189052640464, 0.9460994175649674, 0.0005841676986991589, 0.014089225683692967], [0.8581183518774446, 0.08999545921118501, 0.04696112470158371, 0.0049250642097866965], [0.1867681947969448, 0.06305455049609673, 0.5608346488827455, 0.18934260582421306], [0.36072903006262563, 0.010028112848214189, 0.6122233107352271, 0.01701954635393303], [0.007907149243567151, 0.6138733737197298, 0.004809796610386372, 0.37340968042631684], [1.2875223733903159e-05, 0.7236038909688286, 4.9176527380564715e-06, 0.2763783161546994], [0.16964517469043106, 0.7623505648525098, 0.012378377019823087, 0.05562588343723601], [0.02058240585437933, 0.9721495401689284, 0.0001506892543541666, 0.007117364722337961]], "state_values": [1.0537525844810618, -1.7153644145758338, 3.1449476319871366, 4.504831820789459, -0.8264042831480243, 1.356939474113882, -1.8682707318659948, -3.904887775901879, -3.276326793694352, 1.6716820686401566, -0.06294626503293642, 1.634023108051328, 0.0613145851437766, 0.46531982472702244, 1.0922580870817318, 3.1800475685223777], "value_grad": [-0.5821197032928467, 0.795168399810791, -0.7456681728363037, 0.053460121154785156, -0.2641322612762451, 1.2743284702301025, 0.8054640293121338, -0.023363590240478516, -0.449063777923584, -0.05385541915893555, 0.09306001663208008, 0.382932186126709, 0.35996365547180176, -0.5563802719116211, 0.15285634994506836, -0.08870458602905273], "action_grad": [[0.0, 0.0, 0.0], [0.0, 0.0, 0.0], [0.0, 0.0, 0.0], [0.0, 0.0, 0.0], [0.0, 0.0, 0.0], [0.0, 0.0, 0.0], [0.0, 0.0, 0.0], [0.0, 0.0, 0.0], [0.0, 0.0, 0.0], [0.0, 0.0, 0.0], [0.0, 0.0, 0.0], [0.0, 0.0, 0.0], [0.0, 0.0, 0.0], [0.0, 0.0, 0.0], [0.0, 0.0, 0.0], [0.0, 0.0, 0.0]], "action_params_change": 0, "value_params_change": 0.44511107667236116}
{"iterations": 1, "type_itr": 0, "sub_iteration": 10, "sub_it_time": 0.2837562561035156, "total_time": 3.1439311504364014, "value_loss": 3.5517239570617676, "action_loss": -0.482416570186615, "action_probs": [[0.4877893386451855, 0.5051557423445642, 0.00346576496937284, 0.003589154040877484], [0.8089179267539022, 0.17082020465162145, 0.0167291526278462, 0.003532715966630187], [0.00013061855238967238, 0.004745343676979664, 0.026657643178375774, 0.9684663945922549], [0.04616395026541132, 0.15770415177339087, 0.180276330503107, 0.6158555674580907], [0.004399231656189266, 0.29491660253295693, 0.010298392571098578, 0.6903857732397553], [0.24439188397107503, 0.6110494512773799, 0.041299108386798004, 0.1032595563647471], [0.9103383812072011, 0.002626703518495744, 0.08678450600673325, 0.00025040926756983147], [0.8334315085392607, 0.0271855488994545, 0.13498005306705768, 0.004402889494227226], [0.039227189052640464, 0.9460994175649674, 0.0005841676986991589, 0.014089225683692967], [0.8581183518774446, 0.08999545921118501, 0.04696112470158371, 0.0049250642097866965], [0.1867681947969448, 0.06305455049609673, 0.5608346488827455, 0.18934260582421306], [0.36072903006262563, 0.010028112848214189, 0.6122233107352271, 0.01701954635393303], [0.007907149243567151, 0.6138733737197298, 0.004809796610386372, 0.37340968042631684], [1.2875223733903159e-05, 0.7236038909688286, 4.9176527380564715e-06, 0.2763783161546994], [0.16964517469043106, 0.7623505648525098, 0.012378377019823087, 0.05562588343723601], [0.02058240585437933, 0.9721495401689284, 0.0001506892543541666, 0.007117364722337961]], "state_values": [1.1123495245496204, -1.3614142562375866, 2.89402711636201, 4.610960334322736, -0.4912772546310902, 1.3883077317627006, -1.857111555153823, -4.076142154908516, -3.5422658531713647, 2.417753126728166, -0.6696861337634005, 1.8420362131200332, -1.0526628560085498, 1.003935402887139, 1.2167666607293883, 2.511703339799436], "value_grad": [0.20987939834594727, 1.209780216217041, -0.8791203498840332, 0.026135921478271484, 0.32115626335144043, 0.8177399635314941, 0.32709598541259766, 0.01979994773864746, -0.991584062576294, -0.26096415519714355, -0.13424420356750488, -0.006731986999511719, 0.45302438735961914, -0.009107828140258789, -0.023760318756103516, -0.8945636749267578], "action_grad": [[0.0, 0.0, 0.0], [0.0, 0.0, 0.0], [0.0, 0.0, 0.0], [0.0, 0.0, 0.0], [0.0, 0.0, 0.0], [0.0, 0.0, 0.0], [0.0, 0.0, 0.0], [0.0, 0.0, 0.0], [0.0, 0.0, 0.0], [0.0, 0.0, 0.0], [0.0, 0.0, 0.0], [0.0, 0.0, 0.0], [0.0, 0.0, 0.0], [0.0, 0.0, 0.0], [0.0, 0.0, 0.0], [0.0, 0.0, 0.0]], "action_params_change": 0, "value_params_change": 0.4487658674048052}
{"iterations": 1, "type_itr": 0, "sub_iteration": 11, "sub_it_time": 0.2788524627685547, "total_time": 3.424431800842285, "value_loss": 3.706559896469116, "action_loss": -0.507174015045166, "action_probs": [[0.4877893386451855, 0.5051557423445642, 0.00346576496937284, 0.003589154040877484], [0.8089179267539022, 0.17082020465162145, 0.0167291526278462, 0.003532715966630187], [0.00013061855238967238, 0.004745343676979664, 0.026657643178375774, 0.9684663945922549], [0.04616395026541132, 0.15770415177339087, 0.180276330503107, 0.6158555674580907], [0.004399231656189266, 0.29491660253295693, 0.010298392571098578, 0.6903857732397553], [0.24439188397107503, 0.6110494512773799, 0.041299108386798004, 0.1032595563647471], [0.9103383812072011, 0.002626703518495744, 0.08678450600673325, 0.00025040926756983147], [0.8334315085392607, 0.0271855488994545, 0.13498005306705768, 0.004402889494227226], [0.039227189052640464, 0.9460994175649674, 0.0005841676986991589, 0.014089225683692967], [0.8581183518774446, 0.08999545921118501, 0.04696112470158371, 0.0049250642097866965], [0.1867681947969448, 0.06305455049609673, 0.5608346488827455, 0.18934260582421306], [0.36072903006262563, 0.010028112848214189, 0.6122233107352271, 0.01701954635393303], [0.007907149243567151, 0.6138733737197298, 0.004809796610386372, 0.37340968042631684], [1.2875223733903159e-05, 0.7236038909688286, 4.9176527380564715e-06, 0.2763783161546994], [0.16964517469043106, 0.7623505648525098, 0.012378377019823087, 0.05562588343723601], [0.02058240585437933, 0.9721495401689284, 0.0001506892543541666, 0.007117364722337961]], "state_values": [1.16806596489961, -0.8244212868613532, 2.577073331641093, 4.590939557982862, -0.3406107992526047, 1.291758134170394, -1.7235476390112898, -4.236256942159152, -3.641138487192253, 3.1523483447403104, -1.0161064883363609, 1.8163200740154402, -2.017898286987098, 1.3426929635956317, 1.1629689704635964, 1.697022602766022], "value_grad": [0.0071277618408203125, 1.3725364208221436, -0.636768102645874, 0.4569835662841797, 0.45025157928466797, 0.7484397888183594, 0.6605286598205566, -0.041976213455200195, -0.7464601993560791, -0.3136324882507324, -0.7543795108795166, -0.3880798816680908, 0.022176265716552734, 0.3837239742279053, -0.5349962711334229, -0.745272159576416], "action_grad": [[0.0, 0.0, 0.0], [0.0, 0.0, 0.0], [0.0, 0.0, 0.0], [0.0, 0.0, 0.0], [0.0, 0.0, 0.0], [0.0, 0.0, 0.0], [0.0, 0.0, 0.0], [0.0, 0.0, 0.0], [0.0, 0.0, 0.0], [0.0, 0.0, 0.0], [0.0, 0.0, 0.0], [0.0, 0.0, 0.0], [0.0, 0.0, 0.0], [0.0, 0.0, 0.0], [0.0, 0.0, 0.0], [0.0, 0.0, 0.0]], "action_params_change": 0, "value_params_change": 0.4066124153813817}
{"iterations": 1, "type_itr": 0, "sub_iteration": 12, "sub_it_time": 0.30808377265930176, "total_time": 3.734233856201172, "value_loss": 3.6234002113342285, "action_loss": -0.5355897545814514, "action_probs": [[0.4877893386451855, 0.5051557423445642, 0.00346576496937284, 0.003589154040877484], [0.8089179267539022, 0.17082020465162145, 0.0167291526278462, 0.003532715966630187], [0.00013061855238967238, 0.004745343676979664, 0.026657643178375774, 0.9684663945922549], [0.04616395026541132, 0.15770415177339087, 0.180276330503107, 0.6158555674580907], [0.004399231656189266, 0.29491660253295693, 0.010298392571098578, 0.6903857732397553], [0.24439188397107503, 0.6110494512773799, 0.041299108386798004, 0.1032595563647471], [0.9103383812072011, 0.002626703518495744, 0.08678450600673325, 0.00025040926756983147], [0.8334315085392607, 0.0271855488994545, 0.13498005306705768, 0.004402889494227226], [0.039227189052640464, 0.9460994175649674, 0.0005841676986991589, 0.014089225683692967], [0.8581183518774446, 0.08999545921118501, 0.04696112470158371, 0.0049250642097866965], [0.1867681947969448, 0.06305455049609673, 0.5608346488827455, 0.18934260582421306], [0.36072903006262563, 0.010028112848214189, 0.6122233107352271, 0.01701954635393303], [0.007907149243567151, 0.6138733737197298, 0.004809796610386372, 0.37340968042631684], [1.2875223733903159e-05, 0.7236038909688286, 4.9176527380564715e-06, 0.2763783161546994], [0.16964517469043106, 0.7623505648525098, 0.012378377019823087, 0.05562588343723601], [0.02058240585437933, 0.9721495401689284, 0.0001506892543541666, 0.007117364722337961]], "state_values": [1.3932335352528369, -0.20700561972684503, 2.2260490295308903, 4.670600655315523, -0.11661810486510014, 1.0677282709570681, -1.5926698040604113, -4.318797977051424, -3.629130707867006, 3.6490659872043723, -1.0815537797082597, 1.8342302806578248, -2.7721921263112455, 1.5168757897381222, 1.0395371830164686, 1.0994136536846733], "value_grad": [0.4217398166656494, 0.792395830154419, -0.3888719081878662, -0.488663911819458, -0.2823479175567627, 0.852191686630249, 0.04870772361755371, 0.1251358985900879, -0.6351842880249023, 0.1825559139251709, -1.0664281845092773, 0.07999205589294434, -0.14612388610839844, 0.37897181510925293, -0.2498762607574463, 0.5694479942321777], "action_grad": [[0.0, 0.0, 0.0], [0.0, 0.0, 0.0], [0.0, 0.0, 0.0], [0.0, 0.0, 0.0], [0.0, 0.0, 0.0], [0.0, 0.0, 0.0], [0.0, 0.0, 0.0], [0.0, 0.0, 0.0], [0.0, 0.0, 0.0], [0.0, 0.0, 0.0], [0.0, 0.0, 0.0], [0.0, 0.0, 0.0], [0.0, 0.0, 0.0], [0.0, 0.0, 0.0], [0.0, 0.0, 0.0], [0.0, 0.0, 0.0]], "action_params_change": 0, "value_params_change": 0.34452421997927063}
{"iterations": 1, "type_itr": 0, "sub_iteration": 13, "sub_it_time": 0.2952396869659424, "total_time": 4.031442642211914, "value_loss": 3.457080125808716, "action_loss": -0.5670844316482544, "action_probs": [[0.4877893386451855, 0.5051557423445642, 0.00346576496937284, 0.003589154040877484], [0.8089179267539022, 0.17082020465162145, 0.0167291526278462, 0.003532715966630187], [0.00013061855238967238, 0.004745343676979664, 0.026657643178375774, 0.9684663945922549], [0.04616395026541132, 0.15770415177339087, 0.180276330503107, 0.6158555674580907], [0.004399231656189266, 0.29491660253295693, 0.010298392571098578, 0.6903857732397553], [0.24439188397107503, 0.6110494512773799, 0.041299108386798004, 0.1032595563647471], [0.9103383812072011, 0.002626703518495744, 0.08678450600673325, 0.00025040926756983147], [0.8334315085392607, 0.0271855488994545, 0.13498005306705768, 0.004402889494227226], [0.039227189052640464, 0.9460994175649674, 0.0005841676986991589, 0.014089225683692967], [0.8581183518774446, 0.08999545921118501, 0.04696112470158371, 0.0049250642097866965], [0.1867681947969448, 0.06305455049609673, 0.5608346488827455, 0.18934260582421306], [0.36072903006262563, 0.010028112848214189, 0.6122233107352271, 0.01701954635393303], [0.007907149243567151, 0.6138733737197298, 0.004809796610386372, 0.37340968042631684], [1.2875223733903159e-05, 0.7236038909688286, 4.9176527380564715e-06, 0.2763783161546994], [0.16964517469043106, 0.7623505648525098, 0.012378377019823087, 0.05562588343723601], [0.02058240585437933, 0.9721495401689284, 0.0001506892543541666, 0.007117364722337961]], "state_values": [1.4809931869277673, 0.37107276122527744, 1.879214578178565, 4.724894079083695, -0.1278126915084433, 0.783333780078864, -1.458682445604419, -4.379628844628098, -3.4781321767158313, 4.045253005507094, -0.8403483586973886, 1.609018510280314, -3.3644792392418417, 1.4860874907303079, 0.9111218673199107, 0.6152719452566799], "value_grad": [-0.2676963806152344, 0.10058331489562988, -0.12117552757263184, 0.061776161193847656, 0.6743881702423096, 0.4989602565765381, 0.07642793655395508, 0.02653217315673828, -0.9432721138000488, -0.014651775360107422, -1.6081562042236328, -0.5100481510162354, -0.07127976417541504, 0.5959799289703369, -0.05385613441467285, 0.24195551872253418], "action_grad": [[0.0, 0.0, 0.0], [0.0, 0.0, 0.0], [0.0, 0.0, 0.0], [0.0, 0.0, 0.0], [0.0, 0.0, 0.0], [0.0, 0.0, 0.0], [0.0, 0.0, 0.0], [0.0, 0.0, 0.0], [0.0, 0.0, 0.0], [0.0, 0.0, 0.0], [0.0, 0.0, 0.0], [0.0, 0.0, 0.0], [0.0, 0.0, 0.0], [0.0, 0.0, 0.0], [0.0, 0.0, 0.0], [0.0, 0.0, 0.0]], "action_params_change": 0, "value_params_change": 0.3008570459847295}
