{"iterations": 0, "type_itr": 0, "sub_iteration": 0, "sub_it_time": 0, "total_time": 0, "value_loss": 0, "action_loss": 0, "action_probs": [[0.14381784467777922, 0.009276052093549701, 0.7955915485823256, 0.05131455464634549], [0.18581454466363223, 0.6555150506441674, 0.03504366084814718, 0.12362674384405312], [0.5019412564631538, 0.13021328443857366, 0.2920754340555398, 0.07577002504273267], [0.03085668791735539, 0.7533062912548263, 0.008493152277765667, 0.20734386855005268], [0.3278636899554675, 0.2777790817335455, 0.2134846184559797, 0.18087260985500733], [0.3320159952098773, 0.036392185988692975, 0.5692017631192252, 0.06239005568220456], [0.21639139891529185, 0.02951612540269344, 0.6635792303505054, 0.09051324533150933], [0.1406911797534647, 0.8117996906405671, 0.007017511349540586, 0.04049161825642751], [0.009236265444857804, 0.2377004800663116, 0.028167100448453653, 0.724896154040377], [0.22779625805706377, 0.5275951549529092, 0.07376430264533376, 0.1708442843446934], [0.8041910197779566, 0.0010846592561857453, 0.19446203869080705, 0.00026228227505073666], [0.001868862343389171, 0.10530643748096158, 0.015568572834791282, 0.8772561273408579], [0.07517245245788436, 0.01090125448419448, 0.7981773209923261, 0.11574897206559509], [0.4069778366788269, 0.46549494578478334, 0.05948695724819909, 0.06804026028819074], [0.1525080875001739, 0.8425100085498017, 0.0007635847494070466, 0.004218319200617446], [0.9488646064475977, 0.035339149640014694, 0.015229058688883391, 0.0005671852235040005]], "state_values": [1.4800523502395422, 1.4269914231554512, 4.935784997297768, 3.321288279462266, 0.09250278087789754, 3.059809832114684, 4.945468087341993, -0.28911843177126, -3.1044295054725666, 0.06756355562378824, 4.744871482698736, 1.5504986462462924, 4.516118728318292, -1.322810366140458, 2.285301990212514, -4.590450595317204], "value_grad": [0.0, 0.0, 0.0, 0.0, 0.0, 0.0, 0.0, 0.0, 0.0, 0.0, 0.0, 0.0, 0.0, 0.0, 0.0, 0.0], "action_grad": [[0.0, 0.0, 0.0], [0.0, 0.0, 0.0], [0.0, 0.0, 0.0], [0.0, 0.0, 0.0], [0.0, 0.0, 0.0], [0.0, 0.0, 0.0], [0.0, 0.0, 0.0], [0.0, 0.0, 0.0], [0.0, 0.0, 0.0], [0.0, 0.0, 0.0], [0.0, 0.0, 0.0], [0.0, 0.0, 0.0], [0.0, 0.0, 0.0], [0.0, 0.0, 0.0], [0.0, 0.0, 0.0], [0.0, 0.0, 0.0]], "action_params_change": 0, "value_params_change": 0}
{"iterations": 1, "type_itr": 0, "sub_iteration": 0, "sub_it_time": 0.45606160163879395, "total_time": 0.45798373222351074, "value_loss": 5.662800312042236, "action_loss": -1.200381875038147, "action_probs": [[0.14381784467777922, 0.009276052093549701, 0.7955915485823256, 0.05131455464634549], [0.18581454466363223, 0.6555150506441674, 0.03504366084814718, 0.12362674384405312], [0.5019412564631538, 0.13021328443857366, 0.2920754340555398, 0.07577002504273267], [0.03085668791735539, 0.7533062912548263, 0.008493152277765667, 0.20734386855005268], [0.3278636899554675, 0.2777790817335455, 0.2134846184559797, 0.18087260985500733], [0.3320159952098773, 0.036392185988692975, 0.5692017631192252, 0.06239005568220456], [0.21639139891529185, 0.02951612540269344, 0.6635792303505054, 0.09051324533150933], [0.1406911797534647, 0.8117996906405671, 0.007017511349540586, 0.04049161825642751], [0.009236265444857804, 0.2377004800663116, 0.028167100448453653, 0.724896154040377], [0.22779625805706377, 0.5275951549529092, 0.07376430264533376, 0.1708442843446934], [0.8041910197779566, 0.0010846592561857453, 0.19446203869080705, 0.00026228227505073666], [0.001868862343389171, 0.10530643748096158, 0.015568572834791282, 0.8772561273408579], [0.07517245245788436, 0.01090125448419448, 0.7981773209923261, 0.11574897206559509], [0.4069778366788269, 0.46549494578478334, 0.05948695724819909, 0.06804026028819074], [0.1525080875001739, 0.8425100085498017, 0.0007635847494070466, 0.004218319200617446], [0.9488646064475977, 0.035339149640014694, 0.015229058688883391, 0.0005671852235040005]], "state_values": [0.25245874058726386, 2.5682002880232417, 4.584725640902953, 4.142714322887815, 1.3264351653955109, 3.943030857611821, 4.973923890014649, -1.515080453115221, -2.038219338851012, -1.1714436770204935, 4.2072664935190005, 2.678337081976452, 4.906615249978901, -0.08874428282351478, 1.1140079733052688, -3.957424952958841], "value_grad": [-1.188000202178955, -0.03168058395385742, -0.34452104568481445, 0.7365603446960449, 1.4256000518798828, -0.7088398933410645, -0.9385204315185547, 0.7959604263305664, -0.5464797019958496, -1.2157196998596191, 0.879119873046875, -0.41976022720336914, 0.06731939315795898, 1.4018397331237793, -2.0156407356262207, 2.4710397720336914], "action_grad": [[0.0, 0.0, 0.0], [0.0, 0.0, 0.0], [0.0, 0.0, 0.0], [0.0, 0.0, 0.0], [0.0, 0.0, 0.0], [0.0, 0.0, 0.0], [0.0, 0.0, 0.0], [0.0, 0.0, 0.0], [0.0, 0.0, 0.0], [0.0, 0.0, 0.0], [0.0, 0.0, 0.0], [0.0, 0.0, 0.0], [0.0, 0.0, 0.0], [0.0, 0.0, 0.0], [0.0, 0.0, 0.0], [0.0, 0.0, 0.0]], "action_params_change": 0, "value_params_change": 0.4999999979765599}
{"iterations": 1, "type_itr": 0, "sub_iteration": 1, "sub_it_time": 0.12770628929138184, "total_time": 0.5874941349029541, "value_loss": 4.435200214385986, "action_loss": -1.1485850811004639, "action_probs": [[0.14381784467777922, 0.009276052093549701, 0.7955915485823256, 0.05131455464634549], [0.18581454466363223, 0.6555150506441674, 0.03504366084814718, 0.12362674384405312], [0.5019412564631538, 0.13021328443857366, 0.2920754340555398, 0.07577002504273267], [0.03085668791735539, 0.7533062912548263, 0.008493152277765667, 0.20734386855005268], [0.3278636899554675, 0.2777790817335455, 0.2134846184559797, 0.18087260985500733], [0.3320159952098773, 0.036392185988692975, 0.5692017631192252, 0.06239005568220456], [0.21639139891529185, 0.02951612540269344, 0.6635792303505054, 0.09051324533150933], [0.1406911797534647, 0.8117996906405671, 0.007017511349540586, 0.04049161825642751], [0.009236265444857804, 0.2377004800663116, 0.028167100448453653, 0.724896154040377], [0.22779625805706377, 0.5275951549529092, 0.07376430264533376, 0.1708442843446934], [0.8041910197779566, 0.0010846592561857453, 0.19446203869080705, 0.00026228227505073666], [0.001868862343389171, 0.10530643748096158, 0.015568572834791282, 0.8772561273408579], [0.07517245245788436, 0.01090125448419448, 0.7981773209923261, 0.11574897206559509], [0.4069778366788269, 0.46549494578478334, 0.05948695724819909, 0.06804026028819074], [0.1525080875001739, 0.8425100085498017, 0.0007635847494070466, 0.004218319200617446], [0.9488646064475977, 0.035339149640014694, 0.015229058688883391, 0.0005671852235040005]], "state_values": [-0.9917827137233959, 3.3657592926793716, 4.053100497684253, 4.707033205414717, 2.1637555452570667, 3.737716026950446, 4.692586395891308, -2.6278440328159323, -0.8980382180163341, -1.582781742433279, 3.409286678938106, 3.4934531586881734, 4.727011755004488, 1.075997658642776, -0.023766613725063734, -3.3284089438383746], "value_grad": [-1.231560230255127, -0.3880805969238281, -0.10691976547241211, 0.8553600311279297, 0.0910797119140625, 1.0850400924682617, -1.07315993309021, 0.5940008163452148, -1.1761198043823242, 0.4910397529602051, 1.1325602531433105, -0.10692024230957031, -0.26135969161987305, 0.732600212097168, -0.9147601127624512, 0.2415599822998047], "action_grad": [[0.0, 0.0, 0.0], [0.0, 0.0, 0.0], [0.0, 0.0, 0.0], [0.0, 0.0, 0.0], [0.0, 0.0, 0.0], [0.0, 0.0, 0.0], [0.0, 0.0, 0.0], [0.0, 0.0, 0.0], [0.0, 0.0, 0.0], [0.0, 0.0, 0.0], [0.0, 0.0, 0.0], [0.0, 0.0, 0.0], [0.0, 0.0, 0.0], [0.0, 0.0, 0.0], [0.0, 0.0, 0.0], [0.0, 0.0, 0.0]], "action_params_change": 0, "value_params_change": 0.5006245428881066}
{"iterations": 1, "type_itr": 0, "sub_iteration": 2, "sub_it_time": 0.13468456268310547, "total_time": 0.7238776683807373, "value_loss": 4.767840385437012, "action_loss": -1.1715857982635498, "action_probs": [[0.14381784467777922, 0.009276052093549701, 0.7955915485823256, 0.05131455464634549], [0.18581454466363223, 0.6555150506441674, 0.03504366084814718, 0.12362674384405312], [0.5019412564631538, 0.13021328443857366, 0.2920754340555398, 0.07577002504273267], [0.03085668791735539, 0.7533062912548263, 0.008493152277765667, 0.20734386855005268], [0.3278636899554675, 0.2777790817335455, 0.2134846184559797, 0.18087260985500733], [0.3320159952098773, 0.036392185988692975, 0.5692017631192252, 0.06239005568220456], [0.21639139891529185, 0.02951612540269344, 0.6635792303505054, 0.09051324533150933], [0.1406911797534647, 0.8117996906405671, 0.007017511349540586, 0.04049161825642751], [0.009236265444857804, 0.2377004800663116, 0.028167100448453653, 0.724896154040377], [0.22779625805706377, 0.5275951549529092, 0.07376430264533376, 0.1708442843446934], [0.8041910197779566, 0.0010846592561857453, 0.19446203869080705, 0.00026228227505073666], [0.001868862343389171, 0.10530643748096158, 0.015568572834791282, 0.8772561273408579], [0.07517245245788436, 0.01090125448419448, 0.7981773209923261, 0.11574897206559509], [0.4069778366788269, 0.46549494578478334, 0.05948695724819909, 0.06804026028819074], [0.1525080875001739, 0.8425100085498017, 0.0007635847494070466, 0.004218319200617446], [0.9488646064475977, 0.035339149640014694, 0.015229058688883391, 0.0005671852235040005]], "state_values": [-2.1638051663911284, 3.1352109460997757, 4.074418208232436, 4.975578148962509, 1.9975898168270176, 3.609561694191354, 4.353962638552739, -3.5908743337003237, -0.1065120229451563, -1.3091442722574973, 2.4062874480162555, 4.145536125033302, 4.3370669493414, 1.846953682421002, -0.28372036648573945, -2.50728043287293], "value_grad": [-1.0177202224731445, 0.6692397594451904, 0.3999598026275635, 1.4335198402404785, -1.7542798519134521, -0.09504032135009766, 0.26135969161987305, 0.9147601127624512, 0.19404077529907227, 1.1721601486206055, 1.5562798976898193, -1.2355198860168457, -0.6336002349853516, -0.18612003326416016, 1.572120189666748, 1.4097599983215332], "action_grad": [[0.0, 0.0, 0.0], [0.0, 0.0, 0.0], [0.0, 0.0, 0.0], [0.0, 0.0, 0.0], [0.0, 0.0, 0.0], [0.0, 0.0, 0.0], [0.0, 0.0, 0.0], [0.0, 0.0, 0.0], [0.0, 0.0, 0.0], [0.0, 0.0, 0.0], [0.0, 0.0, 0.0], [0.0, 0.0, 0.0], [0.0, 0.0, 0.0], [0.0, 0.0, 0.0], [0.0, 0.0, 0.0], [0.0, 0.0, 0.0]], "action_params_change": 0, "value_params_change": 0.49642015822428487}
{"iterations": 1, "type_itr": 0, "sub_iteration": 3, "sub_it_time": 0.1249990463256836, "total_time": 0.8505282402038574, "value_loss": 3.373920202255249, "action_loss": -1.1005915403366089, "action_probs": [[0.14381784467777922, 0.009276052093549701, 0.7955915485823256, 0.05131455464634549], [0.18581454466363223, 0.6555150506441674, 0.03504366084814718, 0.12362674384405312], [0.5019412564631538, 0.13021328443857366, 0.2920754340555398, 0.07577002504273267], [0.03085668791735539, 0.7533062912548263, 0.008493152277765667, 0.20734386855005268], [0.3278636899554675, 0.2777790817335455, 0.2134846184559797, 0.18087260985500733], [0.3320159952098773, 0.036392185988692975, 0.5692017631192252, 0.06239005568220456], [0.21639139891529185, 0.02951612540269344, 0.6635792303505054, 0.09051324533150933], [0.1406911797534647, 0.8117996906405671, 0.007017511349540586, 0.04049161825642751], [0.009236265444857804, 0.2377004800663116, 0.028167100448453653, 0.724896154040377], [0.22779625805706377, 0.5275951549529092, 0.07376430264533376, 0.1708442843446934], [0.8041910197779566, 0.0010846592561857453, 0.19446203869080705, 0.00026228227505073666], [0.001868862343389171, 0.10530643748096158, 0.015568572834791282, 0.8772561273408579], [0.07517245245788436, 0.01090125448419448, 0.7981773209923261, 0.11574897206559509], [0.4069778366788269, 0.46549494578478334, 0.05948695724819909, 0.06804026028819074], [0.1525080875001739, 0.8425100085498017, 0.0007635847494070466, 0.004218319200617446], [0.9488646064475977, 0.035339149640014694, 0.015229058688883391, 0.0005671852235040005]], "state_values": [-3.20124352972974, 2.8227696598505663, 4.432347863824022, 4.9994494192413494, 2.1351762054880763, 3.4109871511103287, 3.792800482760163, -4.063063863079813, 0.8617149512735478, -1.2786073251027017, 1.248155648240012, 4.09321629512819, 3.716963878970479, 2.4875623906074718, -0.6872638265901662, -1.6444201287647016], "value_grad": [-1.0414800643920898, 0.1583995819091797, 1.346400260925293, -1.2434396743774414, 0.9781203269958496, 0.22968029975891113, -1.3305597305297852, -0.44351959228515625, -1.7463600635528564, -0.48708033561706543, 1.4216406345367432, 1.7859601974487305, -0.5742001533508301, 0.11484003067016602, -0.7801198959350586, 0.5306403636932373], "action_grad": [[0.0, 0.0, 0.0], [0.0, 0.0, 0.0], [0.0, 0.0, 0.0], [0.0, 0.0, 0.0], [0.0, 0.0, 0.0], [0.0, 0.0, 0.0], [0.0, 0.0, 0.0], [0.0, 0.0, 0.0], [0.0, 0.0, 0.0], [0.0, 0.0, 0.0], [0.0, 0.0, 0.0], [0.0, 0.0, 0.0], [0.0, 0.0, 0.0], [0.0, 0.0, 0.0], [0.0, 0.0, 0.0], [0.0, 0.0, 0.0]], "action_params_change": 0, "value_params_change": 0.4995787680142354}
{"iterations": 1, "type_itr": 0, "sub_iteration": 4, "sub_it_time": 0.13432049751281738, "total_time": 0.9868838787078857, "value_loss": 3.6550803184509277, "action_loss": -0.9763515591621399, "action_probs": [[0.14381784467777922, 0.009276052093549701, 0.7955915485823256, 0.05131455464634549], [0.18581454466363223, 0.6555150506441674, 0.03504366084814718, 0.12362674384405312], [0.5019412564631538, 0.13021328443857366, 0.2920754340555398, 0.07577002504273267], [0.03085668791735539, 0.7533062912548263, 0.008493152277765667, 0.20734386855005268], [0.3278636899554675, 0.2777790817335455, 0.2134846184559797, 0.18087260985500733], [0.3320159952098773, 0.036392185988692975, 0.5692017631192252, 0.06239005568220456], [0.21639139891529185, 0.02951612540269344, 0.6635792303505054, 0.09051324533150933], [0.1406911797534647, 0.8117996906405671, 0.007017511349540586, 0.04049161825642751], [0.009236265444857804, 0.2377004800663116, 0.028167100448453653, 0.724896154040377], [0.22779625805706377, 0.5275951549529092, 0.07376430264533376, 0.1708442843446934], [0.8041910197779566, 0.0010846592561857453, 0.19446203869080705, 0.00026228227505073666], [0.001868862343389171, 0.10530643748096158, 0.015568572834791282, 0.8772561273408579], [0.07517245245788436, 0.01090125448419448, 0.7981773209923261, 0.11574897206559509], [0.4069778366788269, 0.46549494578478334, 0.05948695724819909, 0.06804026028819074], [0.1525080875001739, 0.8425100085498017, 0.0007635847494070466, 0.004218319200617446], [0.9488646064475977, 0.035339149640014694, 0.015229058688883391, 0.0005671852235040005]], "state_values": [-3.6113893477634997, 2.1691312259884277, 4.467694965569294, 4.9945386822837845, 2.0847321803290577, 3.213089435593483, 3.358936478920409, -4.336769493479104, 1.3255393090940337, -1.2627972232282325, 0.3655053080947915, 4.0799358519654705, 3.367274460062297, 2.9291344938424855, -1.18211151436323, -1.0933012817803944], "value_grad": [1.302839994430542, 1.9166390895843506, -1.0296001434326172, -0.15048003196716309, -0.6692399978637695, 0.05544018745422363, 0.526679515838623, -0.22968029975891113, 0.9662399291992188, -0.027719736099243164, -0.5266799926757812, -0.17820000648498535, 0.4474802017211914, -0.17027997970581055, -0.7365601062774658, -0.8712003231048584], "action_grad": [[0.0, 0.0, 0.0], [0.0, 0.0, 0.0], [0.0, 0.0, 0.0], [0.0, 0.0, 0.0], [0.0, 0.0, 0.0], [0.0, 0.0, 0.0], [0.0, 0.0, 0.0], [0.0, 0.0, 0.0], [0.0, 0.0, 0.0], [0.0, 0.0, 0.0], [0.0, 0.0, 0.0], [0.0, 0.0, 0.0], [0.0, 0.0, 0.0], [0.0, 0.0, 0.0], [0.0, 0.0, 0.0], [0.0, 0.0, 0.0]], "action_params_change": 0, "value_params_change": 0.35826596341998096}
{"iterations": 1, "type_itr": 0, "sub_iteration": 5, "sub_it_time": 0.12989020347595215, "total_time": 1.1185557842254639, "value_loss": 3.4293601512908936, "action_loss": -0.8807267546653748, "action_probs": [[0.14381784467777922, 0.009276052093549701, 0.7955915485823256, 0.05131455464634549], [0.18581454466363223, 0.6555150506441674, 0.03504366084814718, 0.12362674384405312], [0.5019412564631538, 0.13021328443857366, 0.2920754340555398, 0.07577002504273267], [0.03085668791735539, 0.7533062912548263, 0.008493152277765667, 0.20734386855005268], [0.3278636899554675, 0.2777790817335455, 0.2134846184559797, 0.18087260985500733], [0.3320159952098773, 0.036392185988692975, 0.5692017631192252, 0.06239005568220456], [0.21639139891529185, 0.02951612540269344, 0.6635792303505054, 0.09051324533150933], [0.1406911797534647, 0.8117996906405671, 0.007017511349540586, 0.04049161825642751], [0.009236265444857804, 0.2377004800663116, 0.028167100448453653, 0.724896154040377], [0.22779625805706377, 0.5275951549529092, 0.07376430264533376, 0.1708442843446934], [0.8041910197779566, 0.0010846592561857453, 0.19446203869080705, 0.00026228227505073666], [0.001868862343389171, 0.10530643748096158, 0.015568572834791282, 0.8772561273408579], [0.07517245245788436, 0.01090125448419448, 0.7981773209923261, 0.11574897206559509], [0.4069778366788269, 0.46549494578478334, 0.05948695724819909, 0.06804026028819074], [0.1525080875001739, 0.8425100085498017, 0.0007635847494070466, 0.004218319200617446], [0.9488646064475977, 0.035339149640014694, 0.015229058688883391, 0.0005671852235040005]], "state_values": [-3.7719069169776054, 1.3101641586280048, 4.630780223854508, 4.940408701463295, 1.8232680172213476, 2.8324937809189747, 2.940972592704967, -4.43105470145148, 1.89289716387781, -1.1971072053193832, -0.20949608322872734, 3.9936247142451564, 2.868432676264173, 2.926925937279534, -1.5145598977824137, -0.5096729432935655], "value_grad": [0.918720006942749, 1.7186403274536133, 1.0731596946716309, 1.1642396450042725, -1.0058398246765137, 0.6019206047058105, -0.007920265197753906, -0.5029196739196777, -0.8197197914123535, 0.1504802703857422, -0.7009198665618896, 0.4395599365234375, -0.3999605178833008, -1.120680332183838, 0.38411974906921387, 0.4870791435241699], "action_grad": [[0.0, 0.0, 0.0], [0.0, 0.0, 0.0], [0.0, 0.0, 0.0], [0.0, 0.0, 0.0], [0.0, 0.0, 0.0], [0.0, 0.0, 0.0], [0.0, 0.0, 0.0], [0.0, 0.0, 0.0], [0.0, 0.0, 0.0], [0.0, 0.0, 0.0], [0.0, 0.0, 0.0], [0.0, 0.0, 0.0], [0.0, 0.0, 0.0], [0.0, 0.0, 0.0], [0.0, 0.0, 0.0], [0.0, 0.0, 0.0]], "action_params_change": 0, "value_params_change": 0.3672142058958543}
{"iterations": 1, "type_itr": 0, "sub_iteration": 6, "sub_it_time": 0.13425803184509277, "total_time": 1.2544963359832764, "value_loss": 3.908520221710205, "action_loss": -0.7954250574111938, "action_probs": [[0.14381784467777922, 0.009276052093549701, 0.7955915485823256, 0.05131455464634549], [0.18581454466363223, 0.6555150506441674, 0.03504366084814718, 0.12362674384405312], [0.5019412564631538, 0.13021328443857366, 0.2920754340555398, 0.07577002504273267], [0.03085668791735539, 0.7533062912548263, 0.008493152277765667, 0.20734386855005268], [0.3278636899554675, 0.2777790817335455, 0.2134846184559797, 0.18087260985500733], [0.3320159952098773, 0.036392185988692975, 0.5692017631192252, 0.06239005568220456], [0.21639139891529185, 0.02951612540269344, 0.6635792303505054, 0.09051324533150933], [0.1406911797534647, 0.8117996906405671, 0.007017511349540586, 0.04049161825642751], [0.009236265444857804, 0.2377004800663116, 0.028167100448453653, 0.724896154040377], [0.22779625805706377, 0.5275951549529092, 0.07376430264533376, 0.1708442843446934], [0.8041910197779566, 0.0010846592561857453, 0.19446203869080705, 0.00026228227505073666], [0.001868862343389171, 0.10530643748096158, 0.015568572834791282, 0.8772561273408579], [0.07517245245788436, 0.01090125448419448, 0.7981773209923261, 0.11574897206559509], [0.4069778366788269, 0.46549494578478334, 0.05948695724819909, 0.06804026028819074], [0.1525080875001739, 0.8425100085498017, 0.0007635847494070466, 0.004218319200617446], [0.9488646064475977, 0.035339149640014694, 0.015229058688883391, 0.0005671852235040005]], "state_values": [-4.023279799427012, 0.4325179867420484, 4.617532223835051, 4.838578758746743, 1.340487491115027, 2.286580476938503, 2.3288177171230386, -4.599386739916117, 2.2318981304106487, -1.3782181846401376, -0.8017060735513242, 3.8323686451824464, 2.9273582267695675, 2.715634332055716, -1.9052628483697813, 0.19679445338277796], "value_grad": [-0.9424805641174316, 0.43560028076171875, -1.2632403373718262, 0.12276029586791992, -1.4018404483795166, 0.6336002349853516, -1.152360439300537, 0.6058802604675293, 0.5662803649902344, -0.7563605308532715, 0.42768096923828125, 0.4910399913787842, 1.1286001205444336, -0.855360746383667, -0.5662803649902344, 1.1602802276611328], "action_grad": [[0.0, 0.0, 0.0], [0.0, 0.0, 0.0], [0.0, 0.0, 0.0], [0.0, 0.0, 0.0], [0.0, 0.0, 0.0], [0.0, 0.0, 0.0], [0.0, 0.0, 0.0], [0.0, 0.0, 0.0], [0.0, 0.0, 0.0], [0.0, 0.0, 0.0], [0.0, 0.0, 0.0], [0.0, 0.0, 0.0], [0.0, 0.0, 0.0], [0.0, 0.0, 0.0], [0.0, 0.0, 0.0], [0.0, 0.0, 0.0]], "action_params_change": 0, "value_params_change": 0.3570323805976847}
{"iterations": 1, "type_itr": 0, "sub_iteration": 7, "sub_it_time": 0.12888717651367188, "total_time": 1.3850853443145752, "value_loss": 3.8530800342559814, "action_loss": -0.7014301419258118, "action_probs": [[0.14381784467777922, 0.009276052093549701, 0.7955915485823256, 0.05131455464634549], [0.18581454466363223, 0.6555150506441674, 0.03504366084814718, 0.12362674384405312], [0.5019412564631538, 0.13021328443857366, 0.2920754340555398, 0.07577002504273267], [0.03085668791735539, 0.7533062912548263, 0.008493152277765667, 0.20734386855005268], [0.3278636899554675, 0.2777790817335455, 0.2134846184559797, 0.18087260985500733], [0.3320159952098773, 0.036392185988692975, 0.5692017631192252, 0.06239005568220456], [0.21639139891529185, 0.02951612540269344, 0.6635792303505054, 0.09051324533150933], [0.1406911797534647, 0.8117996906405671, 0.007017511349540586, 0.04049161825642751], [0.009236265444857804, 0.2377004800663116, 0.028167100448453653, 0.724896154040377], [0.22779625805706377, 0.5275951549529092, 0.07376430264533376, 0.1708442843446934], [0.8041910197779566, 0.0010846592561857453, 0.19446203869080705, 0.00026228227505073666], [0.001868862343389171, 0.10530643748096158, 0.015568572834791282, 0.8772561273408579], [0.07517245245788436, 0.01090125448419448, 0.7981773209923261, 0.11574897206559509], [0.4069778366788269, 0.46549494578478334, 0.05948695724819909, 0.06804026028819074], [0.1525080875001739, 0.8425100085498017, 0.0007635847494070466, 0.004218319200617446], [0.9488646064475977, 0.035339149640014694, 0.015229058688883391, 0.0005671852235040005]], "state_values": [-4.053592831512823, -0.36152800833651577, 4.577929990948506, 4.692248295349625, 0.8731731183567216, 1.6233334554233791, 1.8059794341812452, -4.71724120138715, 2.644676039387797, -1.1810616128260134, -1.3557892865868824, 3.542865212782365, 2.64404618684885, 2.46894877486323, -1.871534079564699, 0.9271054886953121], "value_grad": [1.3939199447631836, 0.03563976287841797, -0.27719974517822266, 0.19800019264221191, -0.15443992614746094, 0.498960018157959, 0.22176027297973633, -0.055440425872802734, -0.6692397594451904, 1.3067998886108398, 0.19403982162475586, 0.8553605079650879, -1.2671995162963867, -0.22176003456115723, 1.9800002574920654, 0.6732001304626465], "action_grad": [[0.0, 0.0, 0.0], [0.0, 0.0, 0.0], [0.0, 0.0, 0.0], [0.0, 0.0, 0.0], [0.0, 0.0, 0.0], [0.0, 0.0, 0.0], [0.0, 0.0, 0.0], [0.0, 0.0, 0.0], [0.0, 0.0, 0.0], [0.0, 0.0, 0.0], [0.0, 0.0, 0.0], [0.0, 0.0, 0.0], [0.0, 0.0, 0.0], [0.0, 0.0, 0.0], [0.0, 0.0, 0.0], [0.0, 0.0, 0.0]], "action_params_change": 0, "value_params_change": 0.3179611973024268}
{"iterations": 1, "type_itr": 0, "sub_iteration": 8, "sub_it_time": 0.1326732635498047, "total_time": 1.519467830657959, "value_loss": 3.068999767303467, "action_loss": -0.5757413506507874, "action_probs": [[0.14381784467777922, 0.009276052093549701, 0.7955915485823256, 0.05131455464634549], [0.18581454466363223, 0.6555150506441674, 0.03504366084814718, 0.12362674384405312], [0.5019412564631538, 0.13021328443857366, 0.2920754340555398, 0.07577002504273267], [0.03085668791735539, 0.7533062912548263, 0.008493152277765667, 0.20734386855005268], [0.3278636899554675, 0.2777790817335455, 0.2134846184559797, 0.18087260985500733], [0.3320159952098773, 0.036392185988692975, 0.5692017631192252, 0.06239005568220456], [0.21639139891529185, 0.02951612540269344, 0.6635792303505054, 0.09051324533150933], [0.1406911797534647, 0.8117996906405671, 0.007017511349540586, 0.04049161825642751], [0.009236265444857804, 0.2377004800663116, 0.028167100448453653, 0.724896154040377], [0.22779625805706377, 0.5275951549529092, 0.07376430264533376, 0.1708442843446934], [0.8041910197779566, 0.0010846592561857453, 0.19446203869080705, 0.00026228227505073666], [0.001868862343389171, 0.10530643748096158, 0.015568572834791282, 0.8772561273408579], [0.07517245245788436, 0.01090125448419448, 0.7981773209923261, 0.11574897206559509], [0.4069778366788269, 0.46549494578478334, 0.05948695724819909, 0.06804026028819074], [0.1525080875001739, 0.8425100085498017, 0.0007635847494070466, 0.004218319200617446], [0.9488646064475977, 0.035339149640014694, 0.015229058688883391, 0.0005671852235040005]], "state_values": [-4.132779355054949, -0.6522581873897983, 4.506044959371838, 4.418333006218101, 0.5291788859883747, 0.8485997895775116, 1.3039552152428289, -4.798901462271042, 2.8653344764288224, -1.009391241424307, -1.6834437264808373, 3.142393840434336, 2.3591165857101837, 2.4037685440235057, -2.15685287092315, 1.5753772110691655], "value_grad": [-0.49500036239624023, -1.6275601387023926, -0.33660054206848145, 1.3503601551055908, 0.3801603317260742, 0.5504400730133057, -0.07128000259399414, -0.059400320053100586, 0.6454801559448242, -0.01979970932006836, -0.6692397594451904, 0.7325997352600098, -0.08711981773376465, 0.6256804466247559, -2.387880325317383, 0.09504032135009766], "action_grad": [[0.0, 0.0, 0.0], [0.0, 0.0, 0.0], [0.0, 0.0, 0.0], [0.0, 0.0, 0.0], [0.0, 0.0, 0.0], [0.0, 0.0, 0.0], [0.0, 0.0, 0.0], [0.0, 0.0, 0.0], [0.0, 0.0, 0.0], [0.0, 0.0, 0.0], [0.0, 0.0, 0.0], [0.0, 0.0, 0.0], [0.0, 0.0, 0.0], [0.0, 0.0, 0.0], [0.0, 0.0, 0.0], [0.0, 0.0, 0.0]], "action_params_change": 0, "value_params_change": 0.3202276207011501}
{"iterations": 1, "type_itr": 0, "sub_iteration": 9, "sub_it_time": 0.13265705108642578, "total_time": 1.653926134109497, "value_loss": 3.3145201206207275, "action_loss": -0.458021342754364, "action_probs": [[0.14381784467777922, 0.009276052093549701, 0.7955915485823256, 0.05131455464634549], [0.18581454466363223, 0.6555150506441674, 0.03504366084814718, 0.12362674384405312], [0.5019412564631538, 0.13021328443857366, 0.2920754340555398, 0.07577002504273267], [0.03085668791735539, 0.7533062912548263, 0.008493152277765667, 0.20734386855005268], [0.3278636899554675, 0.2777790817335455, 0.2134846184559797, 0.18087260985500733], [0.3320159952098773, 0.036392185988692975, 0.5692017631192252, 0.06239005568220456], [0.21639139891529185, 0.02951612540269344, 0.6635792303505054, 0.09051324533150933], [0.1406911797534647, 0.8117996906405671, 0.007017511349540586, 0.04049161825642751], [0.009236265444857804, 0.2377004800663116, 0.028167100448453653, 0.724896154040377], [0.22779625805706377, 0.5275951549529092, 0.07376430264533376, 0.1708442843446934], [0.8041910197779566, 0.0010846592561857453, 0.19446203869080705, 0.00026228227505073666], [0.001868862343389171, 0.10530643748096158, 0.015568572834791282, 0.8772561273408579], [0.07517245245788436, 0.01090125448419448, 0.7981773209923261, 0.11574897206559509], [0.4069778366788269, 0.46549494578478334, 0.05948695724819909, 0.06804026028819074], [0.1525080875001739, 0.8425100085498017, 0.0007635847494070466, 0.004218319200617446], [0.9488646064475977, 0.035339149640014694, 0.015229058688883391, 0.0005671852235040005]], "state_values": [-4.249431657528255, -1.0734558784039065, 4.6039174288716485, 4.070272163387343, 0.25123307435339015, -0.003943907694583861, 0.6441223093548062, -4.865994540596792, 2.806561025821855, -0.6410830014164988, -1.7198890237041062, 2.761808774535637, 2.2409409668362703, 2.0891223767401446, -2.1974390493252716, 1.9260068292296766], "value_grad": [-0.5029199123382568, 0.9781200885772705, 1.8295202255249023, 0.31283998489379883, 0.1583998203277588, 0.5148003101348877, -1.0137596130371094, 0.06732058525085449, 1.4335198402404785, 0.9622802734375, -1.22760009765625, -0.03959941864013672, 0.5187592506408691, -1.2394800186157227, 1.6354799270629883, -1.1206800937652588], "action_grad": [[0.0, 0.0, 0.0], [0.0, 0.0, 0.0], [0.0, 0.0, 0.0], [0.0, 0.0, 0.0], [0.0, 0.0, 0.0], [0.0, 0.0, 0.0], [0.0, 0.0, 0.0], [0.0, 0.0, 0.0], [0.0, 0.0, 0.0], [0.0, 0.0, 0.0], [0.0, 0.0, 0.0], [0.0, 0.0, 0.0], [0.0, 0.0, 0.0], [0.0, 0.0, 0.0], [0.0, 0.0, 0.0], [0.0, 0.0, 0.0]], "action_params_change": 0, "value_params_change": 0.3426685582827571}
{"iterations": 1, "type_itr": 0, "sub_iteration": 10, "sub_it_time": 0.1354846954345703, "total_time": 1.791247844696045, "value_loss": 3.607560157775879, "action_loss": -0.39191707968711853, "action_probs": [[0.14381784467777922, 0.009276052093549701, 0.7955915485823256, 0.05131455464634549], [0.18581454466363223, 0.6555150506441674, 0.03504366084814718, 0.12362674384405312], [0.5019412564631538, 0.13021328443857366, 0.2920754340555398, 0.07577002504273267], [0.03085668791735539, 0.7533062912548263, 0.008493152277765667, 0.20734386855005268], [0.3278636899554675, 0.2777790817335455, 0.2134846184559797, 0.18087260985500733], [0.3320159952098773, 0.036392185988692975, 0.5692017631192252, 0.06239005568220456], [0.21639139891529185, 0.02951612540269344, 0.6635792303505054, 0.09051324533150933], [0.1406911797534647, 0.8117996906405671, 0.007017511349540586, 0.04049161825642751], [0.009236265444857804, 0.2377004800663116, 0.028167100448453653, 0.724896154040377], [0.22779625805706377, 0.5275951549529092, 0.07376430264533376, 0.1708442843446934], [0.8041910197779566, 0.0010846592561857453, 0.19446203869080705, 0.00026228227505073666], [0.001868862343389171, 0.10530643748096158, 0.015568572834791282, 0.8772561273408579], [0.07517245245788436, 0.01090125448419448, 0.7981773209923261, 0.11574897206559509], [0.4069778366788269, 0.46549494578478334, 0.05948695724819909, 0.06804026028819074], [0.1525080875001739, 0.8425100085498017, 0.0007635847494070466, 0.004218319200617446], [0.9488646064475977, 0.035339149640014694, 0.015229058688883391, 0.0005671852235040005]], "state_values": [-4.218129818695845, -1.2091308348180514, 4.620049807178394, 3.697474602966513, 0.2470697476765579, -0.9723238316271552, 0.06729493511407902, -4.823040857737613, 2.601906175357578, -0.6084991274525562, -1.587242241521459, 2.3524739112877247, 2.0832523585415013, 1.6263649447530233, -2.0031819504995925, 2.1617413753519634], "value_grad": [1.3978800773620605, -1.2870004177093506, -0.8632802963256836, 0.0, 1.2632403373718262, 1.275120496749878, 0.10296010971069336, -1.231560230255127, 0.9820802211761475, -1.2632396221160889, -0.922680139541626, 0.23760008811950684, -0.19403982162475586, -0.9028801918029785, 2.106720209121704, -0.4395599365234375], "action_grad": [[0.0, 0.0, 0.0], [0.0, 0.0, 0.0], [0.0, 0.0, 0.0], [0.0, 0.0, 0.0], [0.0, 0.0, 0.0], [0.0, 0.0, 0.0], [0.0, 0.0, 0.0], [0.0, 0.0, 0.0], [0.0, 0.0, 0.0], [0.0, 0.0, 0.0], [0.0, 0.0, 0.0], [0.0, 0.0, 0.0], [0.0, 0.0, 0.0], [0.0, 0.0, 0.0], [0.0, 0.0, 0.0], [0.0, 0.0, 0.0]], "action_params_change": 0, "value_params_change": 0.38984597717630765}
{"iterations": 1, "type_itr": 0, "sub_iteration": 11, "sub_it_time": 0.13172149658203125, "total_time": 1.9249234199523926, "value_loss": 2.177999973297119, "action_loss": -0.20827385783195496, "action_probs": [[0.14381784467777922, 0.009276052093549701, 0.7955915485823256, 0.05131455464634549], [0.18581454466363223, 0.6555150506441674, 0.03504366084814718, 0.12362674384405312], [0.5019412564631538, 0.13021328443857366, 0.2920754340555398, 0.07577002504273267], [0.03085668791735539, 0.7533062912548263, 0.008493152277765667, 0.20734386855005268], [0.3278636899554675, 0.2777790817335455, 0.2134846184559797, 0.18087260985500733], [0.3320159952098773, 0.036392185988692975, 0.5692017631192252, 0.06239005568220456], [0.21639139891529185, 0.02951612540269344, 0.6635792303505054, 0.09051324533150933], [0.1406911797534647, 0.8117996906405671, 0.007017511349540586, 0.04049161825642751], [0.009236265444857804, 0.2377004800663116, 0.028167100448453653, 0.724896154040377], [0.22779625805706377, 0.5275951549529092, 0.07376430264533376, 0.1708442843446934], [0.8041910197779566, 0.0010846592561857453, 0.19446203869080705, 0.00026228227505073666], [0.001868862343389171, 0.10530643748096158, 0.015568572834791282, 0.8772561273408579], [0.07517245245788436, 0.01090125448419448, 0.7981773209923261, 0.11574897206559509], [0.4069778366788269, 0.46549494578478334, 0.05948695724819909, 0.06804026028819074], [0.1525080875001739, 0.8425100085498017, 0.0007635847494070466, 0.004218319200617446], [0.9488646064475977, 0.035339149640014694, 0.015229058688883391, 0.0005671852235040005]], "state_values": [-4.224376174738048, -1.3283831513061362, 4.631182771600035, 3.3398408859813444, 0.11951625213375582, -1.6194870423629746, -0.5340849215070407, -4.687053476352247, 2.155454894143838, -0.48824779548744335, -1.3409783808440543, 1.9393522582743572, 1.9392872128702, 0.9923566528485532, -1.5851797553101685, 2.18973155960087], "value_grad": [-0.38412022590637207, -0.011880159378051758, -0.043560028076171875, -0.13860034942626953, -0.7048792839050293, -0.6533997058868408, -0.37620019912719727, -1.231560230255127, 2.06712007522583, 0.4395599365234375, -0.7325999736785889, 0.12671995162963867, 0.0, -1.2315599918365479, 2.6254796981811523, -1.1761198043823242], "action_grad": [[0.0, 0.0, 0.0], [0.0, 0.0, 0.0], [0.0, 0.0, 0.0], [0.0, 0.0, 0.0], [0.0, 0.0, 0.0], [0.0, 0.0, 0.0], [0.0, 0.0, 0.0], [0.0, 0.0, 0.0], [0.0, 0.0, 0.0], [0.0, 0.0, 0.0], [0.0, 0.0, 0.0], [0.0, 0.0, 0.0], [0.0, 0.0, 0.0], [0.0, 0.0, 0.0], [0.0, 0.0, 0.0], [0.0, 0.0, 0.0]], "action_params_change": 0, "value_params_change": 0.26826861694654225}
{"iterations": 1, "type_itr": 0, "sub_iteration": 12, "sub_it_time": 0.13631343841552734, "total_time": 2.0630974769592285, "value_loss": 3.1323602199554443, "action_loss": -0.1195310726761818, "action_probs": [[0.14381784467777922, 0.009276052093549701, 0.7955915485823256, 0.05131455464634549], [0.18581454466363223, 0.6555150506441674, 0.03504366084814718, 0.12362674384405312], [0.5019412564631538, 0.13021328443857366, 0.2920754340555398, 0.07577002504273267], [0.03085668791735539, 0.7533062912548263, 0.008493152277765667, 0.20734386855005268], [0.3278636899554675, 0.2777790817335455, 0.2134846184559797, 0.18087260985500733], [0.3320159952098773, 0.036392185988692975, 0.5692017631192252, 0.06239005568220456], [0.21639139891529185, 0.02951612540269344, 0.6635792303505054, 0.09051324533150933], [0.1406911797534647, 0.8117996906405671, 0.007017511349540586, 0.04049161825642751], [0.009236265444857804, 0.2377004800663116, 0.028167100448453653, 0.724896154040377], [0.22779625805706377, 0.5275951549529092, 0.07376430264533376, 0.1708442843446934], [0.8041910197779566, 0.0010846592561857453, 0.19446203869080705, 0.00026228227505073666], [0.001868862343389171, 0.10530643748096158, 0.015568572834791282, 0.8772561273408579], [0.07517245245788436, 0.01090125448419448, 0.7981773209923261, 0.11574897206559509], [0.4069778366788269, 0.46549494578478334, 0.05948695724819909, 0.06804026028819074], [0.1525080875001739, 0.8425100085498017, 0.0007635847494070466, 0.004218319200617446], [0.9488646064475977, 0.035339149640014694, 0.015229058688883391, 0.0005671852235040005]], "state_values": [-4.108870689244967, -1.2145791315715397, 4.6125423860756944, 2.7950151501416847, -0.13766920225603838, -2.373315007991529, -1.0260762839133182, -4.480293216831013, 1.7627940191485345, -0.44176166382384335, -1.1024841850969989, 1.5269567166166218, 1.8432645513169776, 0.481493195491669, -1.2079816718561591, 2.096151130954295], "value_grad": [1.4018397331237793, -1.4018399715423584, -0.3999600410461426, 1.607759714126587, -0.8514001369476318, 1.3186800479888916, 0.18612003326416016, -0.5306401252746582, -0.19403934478759766, -0.2970001697540283, -0.07523989677429199, 0.11880016326904297, 0.13067984580993652, 0.3564002513885498, -0.10295963287353516, -0.8316001892089844], "action_grad": [[0.0, 0.0, 0.0], [0.0, 0.0, 0.0], [0.0, 0.0, 0.0], [0.0, 0.0, 0.0], [0.0, 0.0, 0.0], [0.0, 0.0, 0.0], [0.0, 0.0, 0.0], [0.0, 0.0, 0.0], [0.0, 0.0, 0.0], [0.0, 0.0, 0.0], [0.0, 0.0, 0.0], [0.0, 0.0, 0.0], [0.0, 0.0, 0.0], [0.0, 0.0, 0.0], [0.0, 0.0, 0.0], [0.0, 0.0, 0.0]], "action_params_change": 0, "value_params_change": 0.32947006737587703}
{"iterations": 1, "type_itr": 0, "sub_iteration": 13, "sub_it_time": 0.1287062168121338, "total_time": 2.1937623023986816, "value_loss": 2.8591198921203613, "action_loss": -0.07697077840566635, "action_probs": [[0.14381784467777922, 0.009276052093549701, 0.7955915485823256, 0.05131455464634549], [0.18581454466363223, 0.6555150506441674, 0.03504366084814718, 0.12362674384405312], [0.5019412564631538, 0.13021328443857366, 0.2920754340555398, 0.07577002504273267], [0.03085668791735539, 0.7533062912548263, 0.008493152277765667, 0.20734386855005268], [0.3278636899554675, 0.2777790817335455, 0.2134846184559797, 0.18087260985500733], [0.3320159952098773, 0.036392185988692975, 0.5692017631192252, 0.06239005568220456], [0.21639139891529185, 0.02951612540269344, 0.6635792303505054, 0.09051324533150933], [0.1406911797534647, 0.8117996906405671, 0.007017511349540586, 0.04049161825642751], [0.009236265444857804, 0.2377004800663116, 0.028167100448453653, 0.724896154040377], [0.22779625805706377, 0.5275951549529092, 0.07376430264533376, 0.1708442843446934], [0.8041910197779566, 0.0010846592561857453, 0.19446203869080705, 0.00026228227505073666], [0.001868862343389171, 0.10530643748096158, 0.015568572834791282, 0.8772561273408579], [0.07517245245788436, 0.01090125448419448, 0.7981773209923261, 0.11574897206559509], [0.4069778366788269, 0.46549494578478334, 0.05948695724819909, 0.06804026028819074], [0.1525080875001739, 0.8425100085498017, 0.0007635847494070466, 0.004218319200617446], [0.9488646064475977, 0.035339149640014694, 0.015229058688883391, 0.0005671852235040005]], "state_values": [-4.096438234743287, -0.9972450947032169, 4.550556989961135, 2.2579183696835528, -0.5319642487112767, -3.050564696753136, -1.501437995088739, -4.162319318458634, 1.2291138711652365, -0.6565488956903247, -0.7050656862477124, 1.0909424670460555, 1.585892554382241, -0.24804003679992714, -0.8088926265676664, 2.137294387316168], "value_grad": [-1.0612800121307373, -0.7642800807952881, -0.6019196510314941, -0.007919788360595703, -1.0494000911712646, 0.3049201965332031, -0.1821601390838623, -0.8038797378540039, 1.306800127029419, -1.3424396514892578, -1.108799934387207, 0.2415602207183838, -0.6692402362823486, -2.1185998916625977, 0.5108404159545898, 0.887040376663208], "action_grad": [[0.0, 0.0, 0.0], [0.0, 0.0, 0.0], [0.0, 0.0, 0.0], [0.0, 0.0, 0.0], [0.0, 0.0, 0.0], [0.0, 0.0, 0.0], [0.0, 0.0, 0.0], [0.0, 0.0, 0.0], [0.0, 0.0, 0.0], [0.0, 0.0, 0.0], [0.0, 0.0, 0.0], [0.0, 0.0, 0.0], [0.0, 0.0, 0.0], [0.0, 0.0, 0.0], [0.0, 0.0, 0.0], [0.0, 0.0, 0.0]], "action_params_change": 0, "value_params_change": 0.3232440286545284}
