{"iterations": 0, "type_itr": 0, "sub_iteration": 0, "sub_it_time": 0, "total_time": 0, "value_loss": 0, "action_loss": 0, "action_probs": [[0.017361438972306284, 0.06773190434497176, 0.18666672933661332, 0.7282399273461087], [0.34696385566775123, 0.4545539789805665, 0.08591965692431569, 0.11256250842736666], [0.014428420202592279, 0.016631360221758724, 0.45010867585750525, 0.5188315437181438], [0.20430402868186448, 0.45847260005258356, 0.10395069821153372, 0.2332726730540181], [0.6135304361965915, 0.026615570142559716, 0.34489222069887515, 0.014961772961973707], [9.368566943382689e-07, 0.24320643727380997, 2.915233307815837e-06, 0.7567897106361878], [0.9732155986775386, 0.010334070741938563, 0.016277488389392972, 0.0001728421911297432], [0.4349595876468131, 0.08609513344326371, 0.39980799057770117, 0.07913728833222215], [0.7592609512063178, 0.228664284977075, 0.009279949863824539, 0.0027948139527827803], [0.06457907605947845, 0.41021031390697554, 0.07143718172598142, 0.45377342830756445], [0.09782678875024182, 0.007604761255120635, 0.830043367244488, 0.06452508275014954], [0.9881184488601862, 0.010945152996055538, 0.000926139516650176, 1.0258627108037529e-05], [0.3748930514873195, 0.1619330763948569, 0.3234579266334804, 0.1397159454843432], [0.7964899522215356, 0.024801474232837885, 0.17331190685800063, 0.005396666687625895], [0.014476982272906447, 0.5000792013388731, 0.013657908986760132, 0.4717859074014603], [0.05496960644125842, 0.07331188170600375, 0.3735381013751293, 0.4981804104776086]], "state_values": [-3.37694885229518, 1.520854420714066, 4.918466425725304, 3.9732758446326155, -4.345069152504946, 3.939535045066786, 4.958538042052004, 4.720751028710443, 4.211707260925041, -3.8658341593322434, -4.882830102185521, 1.1879588358789688, -3.874950841733545, 3.6359585396170617, 4.539488687178577, -1.8567526636682228], "value_grad": [0.0, 0.0, 0.0, 0.0, 0.0, 0.0, 0.0, 0.0, 0.0, 0.0, 0.0, 0.0, 0.0, 0.0, 0.0, 0.0], "action_grad": [[0.0, 0.0, 0.0], [0.0, 0.0, 0.0], [0.0, 0.0, 0.0], [0.0, 0.0, 0.0], [0.0, 0.0, 0.0], [0.0, 0.0, 0.0], [0.0, 0.0, 0.0], [0.0, 0.0, 0.0], [0.0, 0.0, 0.0], [0.0, 0.0, 0.0], [0.0, 0.0, 0.0], [0.0, 0.0, 0.0], [0.0, 0.0, 0.0], [0.0, 0.0, 0.0], [0.0, 0.0, 0.0], [0.0, 0.0, 0.0]], "action_params_change": 0, "value_params_change": 0}
{"iterations": 1, "type_itr": 0, "sub_iteration": 0, "sub_it_time": 2.3711774349212646, "total_time": 2.3728911876678467, "value_loss": 18.01958465576172, "action_loss": -0.5974797010421753, "action_probs": [[0.017361438972306284, 0.06773190434497176, 0.18666672933661332, 0.7282399273461087], [0.34696385566775123, 0.4545539789805665, 0.08591965692431569, 0.11256250842736666], [0.014428420202592279, 0.016631360221758724, 0.45010867585750525, 0.5188315437181438], [0.20430402868186448, 0.45847260005258356, 0.10395069821153372, 0.2332726730540181], [0.6135304361965915, 0.026615570142559716, 0.34489222069887515, 0.014961772961973707], [9.368566943382689e-07, 0.24320643727380997, 2.915233307815837e-06, 0.7567897106361878], [0.9732155986775386, 0.010334070741938563, 0.016277488389392972, 0.0001728421911297432], [0.4349595876468131, 0.08609513344326371, 0.39980799057770117, 0.07913728833222215], [0.7592609512063178, 0.228664284977075, 0.009279949863824539, 0.0027948139527827803], [0.06457907605947845, 0.41021031390697554, 0.07143718172598142, 0.45377342830756445], [0.09782678875024182, 0.007604761255120635, 0.830043367244488, 0.06452508275014954], [0.9881184488601862, 0.010945152996055538, 0.000926139516650176, 1.0258627108037529e-05], [0.3748930514873195, 0.1619330763948569, 0.3234579266334804, 0.1397159454843432], [0.7964899522215356, 0.024801474232837885, 0.17331190685800063, 0.005396666687625895], [0.014476982272906447, 0.5000792013388731, 0.013657908986760132, 0.4717859074014603], [0.05496960644125842, 0.07331188170600375, 0.3735381013751293, 0.4981804104776086]], "state_values": [-2.3597139516364076, 2.6519813456871604, 4.543080084144318, 3.0988101725237422, -3.597929186255187, 3.055314784528487, 4.645413935304135, 4.166377331656366, 3.414090811586556, -2.96113348863045, -4.464805764144811, 2.3526258143278986, -2.972724542758465, 2.6737924342466024, 3.8798185350710335, -0.6504668217190681], "value_grad": [0.18477439880371094, -0.12969017028808594, 0.16647720336914062, 0.02265167236328125, 0.9680213928222656, -1.2312850952148438, -0.24334335327148438, 0.09258460998535156, -1.6339778900146484, -0.3156929016113281, -0.5854072570800781, 0.09765052795410156, 1.1383419036865234, 0.8095798492431641, 0.5521430969238281, -1.1282062530517578], "action_grad": [[0.0, 0.0, 0.0], [0.0, 0.0, 0.0], [0.0, 0.0, 0.0], [0.0, 0.0, 0.0], [0.0, 0.0, 0.0], [0.0, 0.0, 0.0], [0.0, 0.0, 0.0], [0.0, 0.0, 0.0], [0.0, 0.0, 0.0], [0.0, 0.0, 0.0], [0.0, 0.0, 0.0], [0.0, 0.0, 0.0], [0.0, 0.0, 0.0], [0.0, 0.0, 0.0], [0.0, 0.0, 0.0], [0.0, 0.0, 0.0]], "action_params_change": 0, "value_params_change": 0.4999999969399831}
{"iterations": 1, "type_itr": 0, "sub_iteration": 1, "sub_it_time": 2.3419551849365234, "total_time": 4.716819524765015, "value_loss": 12.441132545471191, "action_loss": -0.775575578212738, "action_probs": [[0.017361438972306284, 0.06773190434497176, 0.18666672933661332, 0.7282399273461087], [0.34696385566775123, 0.4545539789805665, 0.08591965692431569, 0.11256250842736666], [0.014428420202592279, 0.016631360221758724, 0.45010867585750525, 0.5188315437181438], [0.20430402868186448, 0.45847260005258356, 0.10395069821153372, 0.2332726730540181], [0.6135304361965915, 0.026615570142559716, 0.34489222069887515, 0.014961772961973707], [9.368566943382689e-07, 0.24320643727380997, 2.915233307815837e-06, 0.7567897106361878], [0.9732155986775386, 0.010334070741938563, 0.016277488389392972, 0.0001728421911297432], [0.4349595876468131, 0.08609513344326371, 0.39980799057770117, 0.07913728833222215], [0.7592609512063178, 0.228664284977075, 0.009279949863824539, 0.0027948139527827803], [0.06457907605947845, 0.41021031390697554, 0.07143718172598142, 0.45377342830756445], [0.09782678875024182, 0.007604761255120635, 0.830043367244488, 0.06452508275014954], [0.9881184488601862, 0.010945152996055538, 0.000926139516650176, 1.0258627108037529e-05], [0.3748930514873195, 0.1619330763948569, 0.3234579266334804, 0.1397159454843432], [0.7964899522215356, 0.024801474232837885, 0.17331190685800063, 0.005396666687625895], [0.014476982272906447, 0.5000792013388731, 0.013657908986760132, 0.4717859074014603], [0.05496960644125842, 0.07331188170600375, 0.3735381013751293, 0.4981804104776086]], "state_values": [-1.476327861921252, 2.4318057185558986, 3.944251376082388, 3.720922843534176, -2.629798110669015, 1.9869540598651965, 4.096304766021361, 3.3667286609212304, 2.4028670789497033, -1.9415250469609753, -3.8013505612452327, 2.9410144076834737, -1.8875201031340767, 1.5532791273939952, 2.982880516302304, 0.5744010221713323], "value_grad": [0.02593708038330078, 0.17705059051513672, 0.07880592346191406, -0.2612028121948242, 1.2868413925170898, -1.0888032913208008, -0.6750202178955078, 0.07143878936767578, -1.7539634704589844, -0.16675472259521484, -1.2212257385253906, -0.014217376708984375, 1.0832595825195312, 0.6972379684448242, 0.7567567825317383, -0.8444719314575195], "action_grad": [[0.0, 0.0, 0.0], [0.0, 0.0, 0.0], [0.0, 0.0, 0.0], [0.0, 0.0, 0.0], [0.0, 0.0, 0.0], [0.0, 0.0, 0.0], [0.0, 0.0, 0.0], [0.0, 0.0, 0.0], [0.0, 0.0, 0.0], [0.0, 0.0, 0.0], [0.0, 0.0, 0.0], [0.0, 0.0, 0.0], [0.0, 0.0, 0.0], [0.0, 0.0, 0.0], [0.0, 0.0, 0.0], [0.0, 0.0, 0.0]], "action_params_change": 0, "value_params_change": 0.5006092721623265}
{"iterations": 1, "type_itr": 0, "sub_iteration": 2, "sub_it_time": 2.349801540374756, "total_time": 7.0685670375823975, "value_loss": 7.113190174102783, "action_loss": -0.9106964468955994, "action_probs": [[0.017361438972306284, 0.06773190434497176, 0.18666672933661332, 0.7282399273461087], [0.34696385566775123, 0.4545539789805665, 0.08591965692431569, 0.11256250842736666], [0.014428420202592279, 0.016631360221758724, 0.45010867585750525, 0.5188315437181438], [0.20430402868186448, 0.45847260005258356, 0.10395069821153372, 0.2332726730540181], [0.6135304361965915, 0.026615570142559716, 0.34489222069887515, 0.014961772961973707], [9.368566943382689e-07, 0.24320643727380997, 2.915233307815837e-06, 0.7567897106361878], [0.9732155986775386, 0.010334070741938563, 0.016277488389392972, 0.0001728421911297432], [0.4349595876468131, 0.08609513344326371, 0.39980799057770117, 0.07913728833222215], [0.7592609512063178, 0.228664284977075, 0.009279949863824539, 0.0027948139527827803], [0.06457907605947845, 0.41021031390697554, 0.07143718172598142, 0.45377342830756445], [0.09782678875024182, 0.007604761255120635, 0.830043367244488, 0.06452508275014954], [0.9881184488601862, 0.010945152996055538, 0.000926139516650176, 1.0258627108037529e-05], [0.3748930514873195, 0.1619330763948569, 0.3234579266334804, 0.1397159454843432], [0.7964899522215356, 0.024801474232837885, 0.17331190685800063, 0.005396666687625895], [0.014476982272906447, 0.5000792013388731, 0.013657908986760132, 0.4717859074014603], [0.05496960644125842, 0.07331188170600375, 0.3735381013751293, 0.4981804104776086]], "state_values": [-0.45927450065746006, 1.7528658046108971, 3.122941418051917, 4.196076778437283, -1.5076454889816961, 0.8543899277867749, 3.298873228601345, 2.356213289285948, 1.243874214921865, -0.8221892603393586, -2.914536471872722, 3.3110946643043953, -0.7361336665074414, 0.49653147228228495, 1.8979022548314124, 1.6986494130772922], "value_grad": [0.10581111907958984, 0.2768826484680176, 0.10537528991699219, -0.04363870620727539, 0.9708733558654785, -0.6356191635131836, -0.5664386749267578, 0.08640718460083008, -1.6430039405822754, -0.1761012077331543, -1.63262939453125, -0.007524967193603516, 0.6495194435119629, 0.18497133255004883, 0.8467669486999512, -0.4847831726074219], "action_grad": [[0.0, 0.0, 0.0], [0.0, 0.0, 0.0], [0.0, 0.0, 0.0], [0.0, 0.0, 0.0], [0.0, 0.0, 0.0], [0.0, 0.0, 0.0], [0.0, 0.0, 0.0], [0.0, 0.0, 0.0], [0.0, 0.0, 0.0], [0.0, 0.0, 0.0], [0.0, 0.0, 0.0], [0.0, 0.0, 0.0], [0.0, 0.0, 0.0], [0.0, 0.0, 0.0], [0.0, 0.0, 0.0], [0.0, 0.0, 0.0]], "action_params_change": 0, "value_params_change": 0.49978668480742394}
{"iterations": 1, "type_itr": 0, "sub_iteration": 3, "sub_it_time": 2.3257415294647217, "total_time": 9.396147966384888, "value_loss": 3.275197744369507, "action_loss": -0.995337188243866, "action_probs": [[0.017361438972306284, 0.06773190434497176, 0.18666672933661332, 0.7282399273461087], [0.34696385566775123, 0.4545539789805665, 0.08591965692431569, 0.11256250842736666], [0.014428420202592279, 0.016631360221758724, 0.45010867585750525, 0.5188315437181438], [0.20430402868186448, 0.45847260005258356, 0.10395069821153372, 0.2332726730540181], [0.6135304361965915, 0.026615570142559716, 0.34489222069887515, 0.014961772961973707], [9.368566943382689e-07, 0.24320643727380997, 2.915233307815837e-06, 0.7567897106361878], [0.9732155986775386, 0.010334070741938563, 0.016277488389392972, 0.0001728421911297432], [0.4349595876468131, 0.08609513344326371, 0.39980799057770117, 0.07913728833222215], [0.7592609512063178, 0.228664284977075, 0.009279949863824539, 0.0027948139527827803], [0.06457907605947845, 0.41021031390697554, 0.07143718172598142, 0.45377342830756445], [0.09782678875024182, 0.007604761255120635, 0.830043367244488, 0.06452508275014954], [0.9881184488601862, 0.010945152996055538, 0.000926139516650176, 1.0258627108037529e-05], [0.3748930514873195, 0.1619330763948569, 0.3234579266334804, 0.1397159454843432], [0.7964899522215356, 0.024801474232837885, 0.17331190685800063, 0.005396666687625895], [0.014476982272906447, 0.5000792013388731, 0.013657908986760132, 0.4717859074014603], [0.05496960644125842, 0.07331188170600375, 0.3735381013751293, 0.4981804104776086]], "state_values": [0.16208076155729428, 0.8384843803025239, 2.3148020391101247, 4.580549616524111, -0.33705738562397974, -0.2064067141870908, 2.2937285914671772, 1.2391340478467554, 0.06810537437926552, 0.21611320946316878, -1.840279683132224, 2.8735122597954508, 0.34849555306946106, -0.5133231544149836, 0.7028389902548656, 2.581439844705714], "value_grad": [-0.06035041809082031, 0.3643989562988281, 0.001940011978149414, -0.07377505302429199, 0.6411237716674805, -0.25644946098327637, -0.7426981925964355, 0.18212056159973145, -0.8702893257141113, -0.05148005485534668, -1.580277442932129, -0.28310060501098633, 0.2870602607727051, 0.21653294563293457, 0.6415596008300781, -0.06605291366577148], "action_grad": [[0.0, 0.0, 0.0], [0.0, 0.0, 0.0], [0.0, 0.0, 0.0], [0.0, 0.0, 0.0], [0.0, 0.0, 0.0], [0.0, 0.0, 0.0], [0.0, 0.0, 0.0], [0.0, 0.0, 0.0], [0.0, 0.0, 0.0], [0.0, 0.0, 0.0], [0.0, 0.0, 0.0], [0.0, 0.0, 0.0], [0.0, 0.0, 0.0], [0.0, 0.0, 0.0], [0.0, 0.0, 0.0], [0.0, 0.0, 0.0]], "action_params_change": 0, "value_params_change": 0.4966157638815467}
{"iterations": 1, "type_itr": 0, "sub_iteration": 4, "sub_it_time": 2.3462655544281006, "total_time": 11.74419641494751, "value_loss": 1.378119707107544, "action_loss": -0.949708878993988, "action_probs": [[0.017361438972306284, 0.06773190434497176, 0.18666672933661332, 0.7282399273461087], [0.34696385566775123, 0.4545539789805665, 0.08591965692431569, 0.11256250842736666], [0.014428420202592279, 0.016631360221758724, 0.45010867585750525, 0.5188315437181438], [0.20430402868186448, 0.45847260005258356, 0.10395069821153372, 0.2332726730540181], [0.6135304361965915, 0.026615570142559716, 0.34489222069887515, 0.014961772961973707], [9.368566943382689e-07, 0.24320643727380997, 2.915233307815837e-06, 0.7567897106361878], [0.9732155986775386, 0.010334070741938563, 0.016277488389392972, 0.0001728421911297432], [0.4349595876468131, 0.08609513344326371, 0.39980799057770117, 0.07913728833222215], [0.7592609512063178, 0.228664284977075, 0.009279949863824539, 0.0027948139527827803], [0.06457907605947845, 0.41021031390697554, 0.07143718172598142, 0.45377342830756445], [0.09782678875024182, 0.007604761255120635, 0.830043367244488, 0.06452508275014954], [0.9881184488601862, 0.010945152996055538, 0.000926139516650176, 1.0258627108037529e-05], [0.3748930514873195, 0.1619330763948569, 0.3234579266334804, 0.1397159454843432], [0.7964899522215356, 0.024801474232837885, 0.17331190685800063, 0.005396666687625895], [0.014476982272906447, 0.5000792013388731, 0.013657908986760132, 0.4717859074014603], [0.05496960644125842, 0.07331188170600375, 0.3735381013751293, 0.4981804104776086]], "state_values": [0.7861447885241396, 0.07270094098856296, 1.334784497142236, 4.864772795987806, 0.7191653585794635, -0.9175500881047199, 1.143516077021966, 0.34808233363818636, -0.9293246286465093, 0.9079806986735931, -0.6551292933039238, 2.39296009214594, 1.1721148271856707, -1.1316360900424476, -0.42107430163241755, 3.17823282635282], "value_grad": [0.03575897216796875, -0.02312636375427246, 0.22801673412322998, -0.11586964130401611, 0.15364789962768555, 0.42653167247772217, -0.611542820930481, -0.03468966484069824, 0.009226799011230469, 0.09642589092254639, -1.2239567041397095, -0.04427289962768555, -0.20021748542785645, -0.32543253898620605, 0.1791902780532837, 0.19617819786071777], "action_grad": [[0.0, 0.0, 0.0], [0.0, 0.0, 0.0], [0.0, 0.0, 0.0], [0.0, 0.0, 0.0], [0.0, 0.0, 0.0], [0.0, 0.0, 0.0], [0.0, 0.0, 0.0], [0.0, 0.0, 0.0], [0.0, 0.0, 0.0], [0.0, 0.0, 0.0], [0.0, 0.0, 0.0], [0.0, 0.0, 0.0], [0.0, 0.0, 0.0], [0.0, 0.0, 0.0], [0.0, 0.0, 0.0], [0.0, 0.0, 0.0]], "action_params_change": 0, "value_params_change": 0.4916754445224085}
{"iterations": 1, "type_itr": 0, "sub_iteration": 5, "sub_it_time": 2.3738532066345215, "total_time": 14.120192050933838, "value_loss": 1.4138389825820923, "action_loss": -0.8738826513290405, "action_probs": [[0.017361438972306284, 0.06773190434497176, 0.18666672933661332, 0.7282399273461087], [0.34696385566775123, 0.4545539789805665, 0.08591965692431569, 0.11256250842736666], [0.014428420202592279, 0.016631360221758724, 0.45010867585750525, 0.5188315437181438], [0.20430402868186448, 0.45847260005258356, 0.10395069821153372, 0.2332726730540181], [0.6135304361965915, 0.026615570142559716, 0.34489222069887515, 0.014961772961973707], [9.368566943382689e-07, 0.24320643727380997, 2.915233307815837e-06, 0.7567897106361878], [0.9732155986775386, 0.010334070741938563, 0.016277488389392972, 0.0001728421911297432], [0.4349595876468131, 0.08609513344326371, 0.39980799057770117, 0.07913728833222215], [0.7592609512063178, 0.228664284977075, 0.009279949863824539, 0.0027948139527827803], [0.06457907605947845, 0.41021031390697554, 0.07143718172598142, 0.45377342830756445], [0.09782678875024182, 0.007604761255120635, 0.830043367244488, 0.06452508275014954], [0.9881184488601862, 0.010945152996055538, 0.000926139516650176, 1.0258627108037529e-05], [0.3748930514873195, 0.1619330763948569, 0.3234579266334804, 0.1397159454843432], [0.7964899522215356, 0.024801474232837885, 0.17331190685800063, 0.005396666687625895], [0.014476982272906447, 0.5000792013388731, 0.013657908986760132, 0.4717859074014603], [0.05496960644125842, 0.07331188170600375, 0.3735381013751293, 0.4981804104776086]], "state_values": [1.4501134187045233, -0.48868530953804806, 0.7392298556374444, 4.997637928279296, 1.5235967953571707, -1.2840446339906608, -0.04930042676515919, -0.6631855694174775, -1.5795442821108772, 0.997081265262431, 0.4951382030394778, 1.9100307184220229, 1.6768923496019037, -1.523515317380796, -1.1588924446549087, 3.4711139915663924], "value_grad": [0.05583608150482178, -0.07409179210662842, -0.12177014350891113, -0.2554199695587158, -0.2436983585357666, 0.6178393363952637, -0.4011085033416748, 0.169408917427063, 0.7872084379196167, 0.30761289596557617, -0.49836599826812744, -0.022809624671936035, -0.4613797664642334, -0.22290849685668945, -0.4184136390686035, 0.49919772148132324], "action_grad": [[0.0, 0.0, 0.0], [0.0, 0.0, 0.0], [0.0, 0.0, 0.0], [0.0, 0.0, 0.0], [0.0, 0.0, 0.0], [0.0, 0.0, 0.0], [0.0, 0.0, 0.0], [0.0, 0.0, 0.0], [0.0, 0.0, 0.0], [0.0, 0.0, 0.0], [0.0, 0.0, 0.0], [0.0, 0.0, 0.0], [0.0, 0.0, 0.0], [0.0, 0.0, 0.0], [0.0, 0.0, 0.0], [0.0, 0.0, 0.0]], "action_params_change": 0, "value_params_change": 0.48121125808435306}
{"iterations": 1, "type_itr": 0, "sub_iteration": 6, "sub_it_time": 2.3406596183776855, "total_time": 16.46276831626892, "value_loss": 2.491434097290039, "action_loss": -0.749974250793457, "action_probs": [[0.017361438972306284, 0.06773190434497176, 0.18666672933661332, 0.7282399273461087], [0.34696385566775123, 0.4545539789805665, 0.08591965692431569, 0.11256250842736666], [0.014428420202592279, 0.016631360221758724, 0.45010867585750525, 0.5188315437181438], [0.20430402868186448, 0.45847260005258356, 0.10395069821153372, 0.2332726730540181], [0.6135304361965915, 0.026615570142559716, 0.34489222069887515, 0.014961772961973707], [9.368566943382689e-07, 0.24320643727380997, 2.915233307815837e-06, 0.7567897106361878], [0.9732155986775386, 0.010334070741938563, 0.016277488389392972, 0.0001728421911297432], [0.4349595876468131, 0.08609513344326371, 0.39980799057770117, 0.07913728833222215], [0.7592609512063178, 0.228664284977075, 0.009279949863824539, 0.0027948139527827803], [0.06457907605947845, 0.41021031390697554, 0.07143718172598142, 0.45377342830756445], [0.09782678875024182, 0.007604761255120635, 0.830043367244488, 0.06452508275014954], [0.9881184488601862, 0.010945152996055538, 0.000926139516650176, 1.0258627108037529e-05], [0.3748930514873195, 0.1619330763948569, 0.3234579266334804, 0.1397159454843432], [0.7964899522215356, 0.024801474232837885, 0.17331190685800063, 0.005396666687625895], [0.014476982272906447, 0.5000792013388731, 0.013657908986760132, 0.4717859074014603], [0.05496960644125842, 0.07331188170600375, 0.3735381013751293, 0.4981804104776086]], "state_values": [1.7728886038652745, -0.541196822284003, 0.4227595969306823, 4.961308048808176, 1.9495363984280651, -1.3069075912565347, -1.0589985630293615, -1.4726314749538147, -1.8837840164358992, 1.0465944388765793, 1.451221160442807, 1.4171456153150863, 1.8947925691893914, -1.6913068607456503, -1.4230141633722582, 3.5481437978983115], "value_grad": [-0.08506083488464355, -0.3459458351135254, -0.10450458526611328, 0.060944318771362305, -0.7487967014312744, 0.9198288917541504, 0.06902313232421875, -0.02407670021057129, 1.1864955425262451, 0.02324509620666504, 0.13701629638671875, -0.027601242065429688, -0.6054444313049316, -0.3172750473022461, -0.802969217300415, 0.5690915584564209], "action_grad": [[0.0, 0.0, 0.0], [0.0, 0.0, 0.0], [0.0, 0.0, 0.0], [0.0, 0.0, 0.0], [0.0, 0.0, 0.0], [0.0, 0.0, 0.0], [0.0, 0.0, 0.0], [0.0, 0.0, 0.0], [0.0, 0.0, 0.0], [0.0, 0.0, 0.0], [0.0, 0.0, 0.0], [0.0, 0.0, 0.0], [0.0, 0.0, 0.0], [0.0, 0.0, 0.0], [0.0, 0.0, 0.0], [0.0, 0.0, 0.0]], "action_params_change": 0, "value_params_change": 0.40711167737967013}
{"iterations": 1, "type_itr": 0, "sub_iteration": 7, "sub_it_time": 2.362105369567871, "total_time": 18.82662606239319, "value_loss": 3.4939873218536377, "action_loss": -0.6482369899749756, "action_probs": [[0.017361438972306284, 0.06773190434497176, 0.18666672933661332, 0.7282399273461087], [0.34696385566775123, 0.4545539789805665, 0.08591965692431569, 0.11256250842736666], [0.014428420202592279, 0.016631360221758724, 0.45010867585750525, 0.5188315437181438], [0.20430402868186448, 0.45847260005258356, 0.10395069821153372, 0.2332726730540181], [0.6135304361965915, 0.026615570142559716, 0.34489222069887515, 0.014961772961973707], [9.368566943382689e-07, 0.24320643727380997, 2.915233307815837e-06, 0.7567897106361878], [0.9732155986775386, 0.010334070741938563, 0.016277488389392972, 0.0001728421911297432], [0.4349595876468131, 0.08609513344326371, 0.39980799057770117, 0.07913728833222215], [0.7592609512063178, 0.228664284977075, 0.009279949863824539, 0.0027948139527827803], [0.06457907605947845, 0.41021031390697554, 0.07143718172598142, 0.45377342830756445], [0.09782678875024182, 0.007604761255120635, 0.830043367244488, 0.06452508275014954], [0.9881184488601862, 0.010945152996055538, 0.000926139516650176, 1.0258627108037529e-05], [0.3748930514873195, 0.1619330763948569, 0.3234579266334804, 0.1397159454843432], [0.7964899522215356, 0.024801474232837885, 0.17331190685800063, 0.005396666687625895], [0.014476982272906447, 0.5000792013388731, 0.013657908986760132, 0.4717859074014603], [0.05496960644125842, 0.07331188170600375, 0.3735381013751293, 0.4981804104776086]], "state_values": [1.5463462461394937, -0.3148040689082554, 0.16726990720945356, 4.8569199986099445, 2.0777341259293545, -1.1153777705828245, -1.5640081112389224, -2.0785550250677503, -1.911657776961651, 0.8796475026728313, 2.1044053308918818, 0.7954417445277339, 1.827680901724948, -1.5849718495661704, -1.3985830858101236, 3.4610801521430115], "value_grad": [-0.2582709789276123, -0.29802989959716797, -0.013978958129882812, 0.06419205665588379, -0.8607852458953857, 0.7980983257293701, 0.695732593536377, -0.03635263442993164, 1.3670315742492676, 0.18722867965698242, 0.680565357208252, -0.10513782501220703, -0.8702893257141113, -0.5473508834838867, -0.7318077087402344, 0.6105527877807617], "action_grad": [[0.0, 0.0, 0.0], [0.0, 0.0, 0.0], [0.0, 0.0, 0.0], [0.0, 0.0, 0.0], [0.0, 0.0, 0.0], [0.0, 0.0, 0.0], [0.0, 0.0, 0.0], [0.0, 0.0, 0.0], [0.0, 0.0, 0.0], [0.0, 0.0, 0.0], [0.0, 0.0, 0.0], [0.0, 0.0, 0.0], [0.0, 0.0, 0.0], [0.0, 0.0, 0.0], [0.0, 0.0, 0.0], [0.0, 0.0, 0.0]], "action_params_change": 0, "value_params_change": 0.2798686760001097}
{"iterations": 1, "type_itr": 0, "sub_iteration": 8, "sub_it_time": 2.387207269668579, "total_time": 21.215653657913208, "value_loss": 3.769523859024048, "action_loss": -0.5331865549087524, "action_probs": [[0.017361438972306284, 0.06773190434497176, 0.18666672933661332, 0.7282399273461087], [0.34696385566775123, 0.4545539789805665, 0.08591965692431569, 0.11256250842736666], [0.014428420202592279, 0.016631360221758724, 0.45010867585750525, 0.5188315437181438], [0.20430402868186448, 0.45847260005258356, 0.10395069821153372, 0.2332726730540181], [0.6135304361965915, 0.026615570142559716, 0.34489222069887515, 0.014961772961973707], [9.368566943382689e-07, 0.24320643727380997, 2.915233307815837e-06, 0.7567897106361878], [0.9732155986775386, 0.010334070741938563, 0.016277488389392972, 0.0001728421911297432], [0.4349595876468131, 0.08609513344326371, 0.39980799057770117, 0.07913728833222215], [0.7592609512063178, 0.228664284977075, 0.009279949863824539, 0.0027948139527827803], [0.06457907605947845, 0.41021031390697554, 0.07143718172598142, 0.45377342830756445], [0.09782678875024182, 0.007604761255120635, 0.830043367244488, 0.06452508275014954], [0.9881184488601862, 0.010945152996055538, 0.000926139516650176, 1.0258627108037529e-05], [0.3748930514873195, 0.1619330763948569, 0.3234579266334804, 0.1397159454843432], [0.7964899522215356, 0.024801474232837885, 0.17331190685800063, 0.005396666687625895], [0.014476982272906447, 0.5000792013388731, 0.013657908986760132, 0.4717859074014603], [0.05496960644125842, 0.07331188170600375, 0.3735381013751293, 0.4981804104776086]], "state_values": [1.3650625095534195, 0.11932925620232873, 0.2646585974178009, 4.768066034595612, 1.9974053209294769, -0.7816762416368762, -1.743533934206435, -2.174163304801562, -1.7577209024313019, 0.6708429750322571, 2.4290170392277566, 0.09702844473737311, 1.5512744602412498, -1.2625819218232637, -1.1249288397827886, 3.235027440235212], "value_grad": [0.013781309127807617, -0.30804872512817383, -0.19392085075378418, 0.1116323471069336, -0.8206310272216797, 0.6674189567565918, 0.6549839973449707, -0.213364839553833, 1.1873664855957031, 0.05496501922607422, 1.1479249000549316, -0.08367466926574707, -0.8644678592681885, -0.5817244052886963, -0.8743281364440918, 0.6267495155334473], "action_grad": [[0.0, 0.0, 0.0], [0.0, 0.0, 0.0], [0.0, 0.0, 0.0], [0.0, 0.0, 0.0], [0.0, 0.0, 0.0], [0.0, 0.0, 0.0], [0.0, 0.0, 0.0], [0.0, 0.0, 0.0], [0.0, 0.0, 0.0], [0.0, 0.0, 0.0], [0.0, 0.0, 0.0], [0.0, 0.0, 0.0], [0.0, 0.0, 0.0], [0.0, 0.0, 0.0], [0.0, 0.0, 0.0], [0.0, 0.0, 0.0]], "action_params_change": 0, "value_params_change": 0.28072053129819485}
{"iterations": 1, "type_itr": 0, "sub_iteration": 9, "sub_it_time": 2.330655097961426, "total_time": 23.548360347747803, "value_loss": 3.381760835647583, "action_loss": -0.47259509563446045, "action_probs": [[0.017361438972306284, 0.06773190434497176, 0.18666672933661332, 0.7282399273461087], [0.34696385566775123, 0.4545539789805665, 0.08591965692431569, 0.11256250842736666], [0.014428420202592279, 0.016631360221758724, 0.45010867585750525, 0.5188315437181438], [0.20430402868186448, 0.45847260005258356, 0.10395069821153372, 0.2332726730540181], [0.6135304361965915, 0.026615570142559716, 0.34489222069887515, 0.014961772961973707], [9.368566943382689e-07, 0.24320643727380997, 2.915233307815837e-06, 0.7567897106361878], [0.9732155986775386, 0.010334070741938563, 0.016277488389392972, 0.0001728421911297432], [0.4349595876468131, 0.08609513344326371, 0.39980799057770117, 0.07913728833222215], [0.7592609512063178, 0.228664284977075, 0.009279949863824539, 0.0027948139527827803], [0.06457907605947845, 0.41021031390697554, 0.07143718172598142, 0.45377342830756445], [0.09782678875024182, 0.007604761255120635, 0.830043367244488, 0.06452508275014954], [0.9881184488601862, 0.010945152996055538, 0.000926139516650176, 1.0258627108037529e-05], [0.3748930514873195, 0.1619330763948569, 0.3234579266334804, 0.1397159454843432], [0.7964899522215356, 0.024801474232837885, 0.17331190685800063, 0.005396666687625895], [0.014476982272906447, 0.5000792013388731, 0.013657908986760132, 0.4717859074014603], [0.05496960644125842, 0.07331188170600375, 0.3735381013751293, 0.4981804104776086]], "state_values": [1.3454531642822791, 0.6281209978511365, 0.6772468383103027, 4.676037623136568, 1.770370859261682, -0.3956974795895856, -1.6934984729825193, -2.4047733771397515, -1.4687539679321868, 0.4970619580283328, 2.550470946042645, -0.4968573966641581, 1.1454344013195001, -0.8036740490705351, -0.6696373340320587, 2.87718362395123], "value_grad": [0.08739757537841797, -0.16802287101745605, -0.27458667755126953, 0.00926661491394043, -0.7136714458465576, 0.3512122631072998, 0.6293628215789795, 0.10517740249633789, 1.0624284744262695, -0.012354850769042969, 0.9576470851898193, 0.016948938369750977, -0.65854811668396, -0.46007275581359863, -0.8325903415679932, 0.6447677612304688], "action_grad": [[0.0, 0.0, 0.0], [0.0, 0.0, 0.0], [0.0, 0.0, 0.0], [0.0, 0.0, 0.0], [0.0, 0.0, 0.0], [0.0, 0.0, 0.0], [0.0, 0.0, 0.0], [0.0, 0.0, 0.0], [0.0, 0.0, 0.0], [0.0, 0.0, 0.0], [0.0, 0.0, 0.0], [0.0, 0.0, 0.0], [0.0, 0.0, 0.0], [0.0, 0.0, 0.0], [0.0, 0.0, 0.0], [0.0, 0.0, 0.0]], "action_params_change": 0, "value_params_change": 0.2378853225083133}
{"iterations": 1, "type_itr": 0, "sub_iteration": 10, "sub_it_time": 2.3716399669647217, "total_time": 25.921947717666626, "value_loss": 2.671020030975342, "action_loss": -0.45759037137031555, "action_probs": [[0.017361438972306284, 0.06773190434497176, 0.18666672933661332, 0.7282399273461087], [0.34696385566775123, 0.4545539789805665, 0.08591965692431569, 0.11256250842736666], [0.014428420202592279, 0.016631360221758724, 0.45010867585750525, 0.5188315437181438], [0.20430402868186448, 0.45847260005258356, 0.10395069821153372, 0.2332726730540181], [0.6135304361965915, 0.026615570142559716, 0.34489222069887515, 0.014961772961973707], [9.368566943382689e-07, 0.24320643727380997, 2.915233307815837e-06, 0.7567897106361878], [0.9732155986775386, 0.010334070741938563, 0.016277488389392972, 0.0001728421911297432], [0.4349595876468131, 0.08609513344326371, 0.39980799057770117, 0.07913728833222215], [0.7592609512063178, 0.228664284977075, 0.009279949863824539, 0.0027948139527827803], [0.06457907605947845, 0.41021031390697554, 0.07143718172598142, 0.45377342830756445], [0.09782678875024182, 0.007604761255120635, 0.830043367244488, 0.06452508275014954], [0.9881184488601862, 0.010945152996055538, 0.000926139516650176, 1.0258627108037529e-05], [0.3748930514873195, 0.1619330763948569, 0.3234579266334804, 0.1397159454843432], [0.7964899522215356, 0.024801474232837885, 0.17331190685800063, 0.005396666687625895], [0.014476982272906447, 0.5000792013388731, 0.013657908986760132, 0.4717859074014603], [0.05496960644125842, 0.07331188170600375, 0.3735381013751293, 0.4981804104776086]], "state_values": [1.255674556329519, 1.0052807405005713, 1.0855157421051382, 4.632670821297309, 1.429473062397052, -0.007745990641701238, -1.4224496761070453, -2.4169654365695328, -1.0875706735534598, 0.31324441443395357, 2.4832763966406324, -0.8443234798874165, 0.6748167104714288, -0.28508232244934356, -0.07268891059435423, 2.3701531411975294], "value_grad": [-0.046015024185180664, 0.09234738349914551, -0.035798072814941406, 0.09013009071350098, -0.6392233371734619, 0.16243910789489746, 0.7849512100219727, -0.13614463806152344, 0.848944902420044, 0.025344133377075195, 1.163527250289917, 0.09321856498718262, -0.42288851737976074, -0.27779412269592285, -0.8170275688171387, 0.7766752243041992], "action_grad": [[0.0, 0.0, 0.0], [0.0, 0.0, 0.0], [0.0, 0.0, 0.0], [0.0, 0.0, 0.0], [0.0, 0.0, 0.0], [0.0, 0.0, 0.0], [0.0, 0.0, 0.0], [0.0, 0.0, 0.0], [0.0, 0.0, 0.0], [0.0, 0.0, 0.0], [0.0, 0.0, 0.0], [0.0, 0.0, 0.0], [0.0, 0.0, 0.0], [0.0, 0.0, 0.0], [0.0, 0.0, 0.0], [0.0, 0.0, 0.0]], "action_params_change": 0, "value_params_change": 0.23958561100725628}
{"iterations": 1, "type_itr": 0, "sub_iteration": 11, "sub_it_time": 2.34669828414917, "total_time": 28.27044367790222, "value_loss": 1.9905732870101929, "action_loss": -0.4745202958583832, "action_probs": [[0.017361438972306284, 0.06773190434497176, 0.18666672933661332, 0.7282399273461087], [0.34696385566775123, 0.4545539789805665, 0.08591965692431569, 0.11256250842736666], [0.014428420202592279, 0.016631360221758724, 0.45010867585750525, 0.5188315437181438], [0.20430402868186448, 0.45847260005258356, 0.10395069821153372, 0.2332726730540181], [0.6135304361965915, 0.026615570142559716, 0.34489222069887515, 0.014961772961973707], [9.368566943382689e-07, 0.24320643727380997, 2.915233307815837e-06, 0.7567897106361878], [0.9732155986775386, 0.010334070741938563, 0.016277488389392972, 0.0001728421911297432], [0.4349595876468131, 0.08609513344326371, 0.39980799057770117, 0.07913728833222215], [0.7592609512063178, 0.228664284977075, 0.009279949863824539, 0.0027948139527827803], [0.06457907605947845, 0.41021031390697554, 0.07143718172598142, 0.45377342830756445], [0.09782678875024182, 0.007604761255120635, 0.830043367244488, 0.06452508275014954], [0.9881184488601862, 0.010945152996055538, 0.000926139516650176, 1.0258627108037529e-05], [0.3748930514873195, 0.1619330763948569, 0.3234579266334804, 0.1397159454843432], [0.7964899522215356, 0.024801474232837885, 0.17331190685800063, 0.005396666687625895], [0.014476982272906447, 0.5000792013388731, 0.013657908986760132, 0.4717859074014603], [0.05496960644125842, 0.07331188170600375, 0.3735381013751293, 0.4981804104776086]], "state_values": [1.2113583022076058, 1.2168568252994096, 1.3391651087490941, 4.667972311904798, 1.050952227779581, 0.3061290655666363, -0.9782396672959753, -2.2268154466813495, -0.6364586354494062, 0.1302477033773888, 2.2710771456926335, -1.0151163403513128, 0.15059244737398153, 0.26611403155332775, 0.5648920205771898, 1.7780307524417427], "value_grad": [0.023244857788085938, 0.15752887725830078, 0.08672380447387695, 0.1477869749069214, -0.3043656349182129, -0.13812494277954102, 0.7640422582626343, -0.16255784034729004, 0.7453113794326782, 0.01591944694519043, 1.0798523426055908, 0.07868528366088867, -0.4094243049621582, -0.22615551948547363, -0.4322340488433838, 0.46427011489868164], "action_grad": [[0.0, 0.0, 0.0], [0.0, 0.0, 0.0], [0.0, 0.0, 0.0], [0.0, 0.0, 0.0], [0.0, 0.0, 0.0], [0.0, 0.0, 0.0], [0.0, 0.0, 0.0], [0.0, 0.0, 0.0], [0.0, 0.0, 0.0], [0.0, 0.0, 0.0], [0.0, 0.0, 0.0], [0.0, 0.0, 0.0], [0.0, 0.0, 0.0], [0.0, 0.0, 0.0], [0.0, 0.0, 0.0], [0.0, 0.0, 0.0]], "action_params_change": 0, "value_params_change": 0.26060050608287444}
{"iterations": 1, "type_itr": 0, "sub_iteration": 12, "sub_it_time": 2.3468217849731445, "total_time": 30.619125604629517, "value_loss": 1.327906847000122, "action_loss": -0.49883580207824707, "action_probs": [[0.017361438972306284, 0.06773190434497176, 0.18666672933661332, 0.7282399273461087], [0.34696385566775123, 0.4545539789805665, 0.08591965692431569, 0.11256250842736666], [0.014428420202592279, 0.016631360221758724, 0.45010867585750525, 0.5188315437181438], [0.20430402868186448, 0.45847260005258356, 0.10395069821153372, 0.2332726730540181], [0.6135304361965915, 0.026615570142559716, 0.34489222069887515, 0.014961772961973707], [9.368566943382689e-07, 0.24320643727380997, 2.915233307815837e-06, 0.7567897106361878], [0.9732155986775386, 0.010334070741938563, 0.016277488389392972, 0.0001728421911297432], [0.4349595876468131, 0.08609513344326371, 0.39980799057770117, 0.07913728833222215], [0.7592609512063178, 0.228664284977075, 0.009279949863824539, 0.0027948139527827803], [0.06457907605947845, 0.41021031390697554, 0.07143718172598142, 0.45377342830756445], [0.09782678875024182, 0.007604761255120635, 0.830043367244488, 0.06452508275014954], [0.9881184488601862, 0.010945152996055538, 0.000926139516650176, 1.0258627108037529e-05], [0.3748930514873195, 0.1619330763948569, 0.3234579266334804, 0.1397159454843432], [0.7964899522215356, 0.024801474232837885, 0.17331190685800063, 0.005396666687625895], [0.014476982272906447, 0.5000792013388731, 0.013657908986760132, 0.4717859074014603], [0.05496960644125842, 0.07331188170600375, 0.3735381013751293, 0.4981804104776086]], "state_values": [1.2422161885660863, 1.2958184861526967, 1.4027001125483431, 4.706642136669082, 0.6410242062015733, 0.5884820230672874, -0.44400987611295484, -2.0979897981555107, -0.1614496131526003, 0.041536688488396485, 1.9366964892763598, -1.0164799633617596, -0.33535419945841083, 0.7074118480967805, 1.1544726160441152, 1.1109083342234132], "value_grad": [0.0451045036315918, 0.14774763584136963, 0.13685739040374756, 0.018414020538330078, -0.2899116277694702, 0.0015839338302612305, 0.4954357147216797, 0.035996437072753906, 0.4528259038925171, -0.06906259059906006, 1.0191457271575928, 0.09127795696258545, -0.04763901233673096, 0.13463985919952393, -0.0927433967590332, 0.45500409603118896], "action_grad": [[0.0, 0.0, 0.0], [0.0, 0.0, 0.0], [0.0, 0.0, 0.0], [0.0, 0.0, 0.0], [0.0, 0.0, 0.0], [0.0, 0.0, 0.0], [0.0, 0.0, 0.0], [0.0, 0.0, 0.0], [0.0, 0.0, 0.0], [0.0, 0.0, 0.0], [0.0, 0.0, 0.0], [0.0, 0.0, 0.0], [0.0, 0.0, 0.0], [0.0, 0.0, 0.0], [0.0, 0.0, 0.0], [0.0, 0.0, 0.0]], "action_params_change": 0, "value_params_change": 0.27902206418443365}
{"iterations": 1, "type_itr": 0, "sub_iteration": 13, "sub_it_time": 2.3772642612457275, "total_time": 32.99833297729492, "value_loss": 0.7221060991287231, "action_loss": -0.5454692244529724, "action_probs": [[0.017361438972306284, 0.06773190434497176, 0.18666672933661332, 0.7282399273461087], [0.34696385566775123, 0.4545539789805665, 0.08591965692431569, 0.11256250842736666], [0.014428420202592279, 0.016631360221758724, 0.45010867585750525, 0.5188315437181438], [0.20430402868186448, 0.45847260005258356, 0.10395069821153372, 0.2332726730540181], [0.6135304361965915, 0.026615570142559716, 0.34489222069887515, 0.014961772961973707], [9.368566943382689e-07, 0.24320643727380997, 2.915233307815837e-06, 0.7567897106361878], [0.9732155986775386, 0.010334070741938563, 0.016277488389392972, 0.0001728421911297432], [0.4349595876468131, 0.08609513344326371, 0.39980799057770117, 0.07913728833222215], [0.7592609512063178, 0.228664284977075, 0.009279949863824539, 0.0027948139527827803], [0.06457907605947845, 0.41021031390697554, 0.07143718172598142, 0.45377342830756445], [0.09782678875024182, 0.007604761255120635, 0.830043367244488, 0.06452508275014954], [0.9881184488601862, 0.010945152996055538, 0.000926139516650176, 1.0258627108037529e-05], [0.3748930514873195, 0.1619330763948569, 0.3234579266334804, 0.1397159454843432], [0.7964899522215356, 0.024801474232837885, 0.17331190685800063, 0.005396666687625895], [0.014476982272906447, 0.5000792013388731, 0.013657908986760132, 0.4717859074014603], [0.05496960644125842, 0.07331188170600375, 0.3735381013751293, 0.4981804104776086]], "state_values": [1.0650607959468155, 1.3001595131936499, 1.5535598048330184, 4.818668414396613, 0.23541581025419822, 0.772281591960161, 0.12217820031559215, -1.8201031814800936, 0.29017602589631153, 0.08783645967250525, 1.5112717450506505, -0.7870665912922293, -0.7552888512911714, 1.0697192596132026, 1.6607892145102339, 0.41966792884247334], "value_grad": [-0.13761001825332642, 0.09195119142532349, -0.08498156070709229, 0.2377583384513855, -0.14038217067718506, -0.27589327096939087, 0.30131644010543823, -0.13416486978530884, 0.1460447907447815, -0.11674082279205322, 0.8354807496070862, 0.15380644798278809, 0.06597357988357544, 0.08276402950286865, 0.0510445237159729, 0.2787443995475769], "action_grad": [[0.0, 0.0, 0.0], [0.0, 0.0, 0.0], [0.0, 0.0, 0.0], [0.0, 0.0, 0.0], [0.0, 0.0, 0.0], [0.0, 0.0, 0.0], [0.0, 0.0, 0.0], [0.0, 0.0, 0.0], [0.0, 0.0, 0.0], [0.0, 0.0, 0.0], [0.0, 0.0, 0.0], [0.0, 0.0, 0.0], [0.0, 0.0, 0.0], [0.0, 0.0, 0.0], [0.0, 0.0, 0.0], [0.0, 0.0, 0.0]], "action_params_change": 0, "value_params_change": 0.280038095378103}
