{"iterations": 0, "type_itr": 0, "sub_iteration": 0, "sub_it_time": 0, "total_time": 0, "value_loss": 0, "action_loss": 0, "action_probs": [[0.12614002027631566, 0.35449306846641915, 0.13630554002890455, 0.3830613712283607], [0.004578410667045033, 0.2148296358703133, 0.016288693977931933, 0.7643032594847097], [0.010740684055452008, 0.0013016767391335914, 0.8811678244723076, 0.10678981473310681], [0.044240254136131224, 0.9191459004592126, 0.0016813671422165938, 0.034932478262439524], [0.0028115387452017603, 0.014562524076924046, 0.15901236934043472, 0.8236135678374396], [0.045021089094796636, 0.742972359706699, 0.01211274769442007, 0.19989380350408445], [0.1873792517442357, 0.08968102302022285, 0.48893297635679855, 0.23400674887874298], [0.9860875225729303, 0.006865762337877277, 0.006997990671034698, 4.872441815777369e-05], [0.396507336953173, 0.2973677289689276, 0.17493175406856395, 0.13119318000933541], [0.05706081688276226, 0.0016794005134357893, 0.9143488818231793, 0.02691090078062255], [0.04281570849130576, 0.02503886850332899, 0.5881764866953386, 0.3439689363100266], [0.00021949700368704866, 5.0421205623441346e-05, 0.8129787094002341, 0.18675137239045533], [0.9193956322537425, 0.07648306961502155, 0.003804784150884581, 0.0003165139803513043], [0.9498560897197523, 0.007410442831187141, 0.04240265684747616, 0.0003308106015842642], [0.026819702044533923, 0.24674415862615473, 0.07121847441189139, 0.65521766491742], [0.47480197578057237, 0.2205282788872046, 0.2080418564749776, 0.09662788885724537]], "state_values": [-2.969652215492122, 4.899905927130776, -4.478621914888163, 1.815316612768545, 4.573805054957171, 4.890846610345135, 4.098963587573213, 4.257207112026072, 2.9630280086745593, -0.10469478763794328, 3.5916793369119744, 4.74496902972416, 0.3531794507095509, 4.465508241735199, -4.417959418551166, -4.9185323372950025], "value_grad": [0.0, 0.0, 0.0, 0.0, 0.0, 0.0, 0.0, 0.0, 0.0, 0.0, 0.0, 0.0, 0.0, 0.0, 0.0, 0.0], "action_grad": [[0.0, 0.0, 0.0], [0.0, 0.0, 0.0], [0.0, 0.0, 0.0], [0.0, 0.0, 0.0], [0.0, 0.0, 0.0], [0.0, 0.0, 0.0], [0.0, 0.0, 0.0], [0.0, 0.0, 0.0], [0.0, 0.0, 0.0], [0.0, 0.0, 0.0], [0.0, 0.0, 0.0], [0.0, 0.0, 0.0], [0.0, 0.0, 0.0], [0.0, 0.0, 0.0], [0.0, 0.0, 0.0], [0.0, 0.0, 0.0]], "action_params_change": 0, "value_params_change": 0}
{"iterations": 1, "type_itr": 0, "sub_iteration": 0, "sub_it_time": 0.30399084091186523, "total_time": 0.30540895462036133, "value_loss": 13.935240745544434, "action_loss": -1.083911418914795, "action_probs": [[0.12614002027631566, 0.35449306846641915, 0.13630554002890455, 0.3830613712283607], [0.004578410667045033, 0.2148296358703133, 0.016288693977931933, 0.7643032594847097], [0.010740684055452008, 0.0013016767391335914, 0.8811678244723076, 0.10678981473310681], [0.044240254136131224, 0.9191459004592126, 0.0016813671422165938, 0.034932478262439524], [0.0028115387452017603, 0.014562524076924046, 0.15901236934043472, 0.8236135678374396], [0.045021089094796636, 0.742972359706699, 0.01211274769442007, 0.19989380350408445], [0.1873792517442357, 0.08968102302022285, 0.48893297635679855, 0.23400674887874298], [0.9860875225729303, 0.006865762337877277, 0.006997990671034698, 4.872441815777369e-05], [0.396507336953173, 0.2973677289689276, 0.17493175406856395, 0.13119318000933541], [0.05706081688276226, 0.0016794005134357893, 0.9143488818231793, 0.02691090078062255], [0.04281570849130576, 0.02503886850332899, 0.5881764866953386, 0.3439689363100266], [0.00021949700368704866, 5.0421205623441346e-05, 0.8129787094002341, 0.18675137239045533], [0.9193956322537425, 0.07648306961502155, 0.003804784150884581, 0.0003165139803513043], [0.9498560897197523, 0.007410442831187141, 0.04240265684747616, 0.0003308106015842642], [0.026819702044533923, 0.24674415862615473, 0.07121847441189139, 0.65521766491742], [0.47480197578057237, 0.2205282788872046, 0.2080418564749776, 0.09662788885724537]], "state_values": [-1.8821309446876293, 4.5013013232834505, -3.789401350785725, 2.911493889212029, 3.931866228314444, 4.481737616463361, 3.2631445346685757, 3.4761061937124933, 1.8745041653205805, 1.135307446929224, 2.6194324277511103, 4.207433674284477, 1.5761298715987335, 3.770206975214778, -3.7013715760141, -4.543233151917173], "value_grad": [-0.015838623046875, 0.20948410034179688, -1.0739526748657227, -0.5460844039916992, 0.42649269104003906, -0.3496685028076172, -0.6874551773071289, -0.41896724700927734, 0.5092554092407227, 0.011485099792480469, 0.8945636749267578, -0.1576080322265625, 1.0442543029785156, -1.1004838943481445, 1.407780647277832, -0.1746349334716797], "action_grad": [[0.0, 0.0, 0.0], [0.0, 0.0, 0.0], [0.0, 0.0, 0.0], [0.0, 0.0, 0.0], [0.0, 0.0, 0.0], [0.0, 0.0, 0.0], [0.0, 0.0, 0.0], [0.0, 0.0, 0.0], [0.0, 0.0, 0.0], [0.0, 0.0, 0.0], [0.0, 0.0, 0.0], [0.0, 0.0, 0.0], [0.0, 0.0, 0.0], [0.0, 0.0, 0.0], [0.0, 0.0, 0.0], [0.0, 0.0, 0.0]], "action_params_change": 0, "value_params_change": 0.4999999964483104}
{"iterations": 1, "type_itr": 0, "sub_iteration": 1, "sub_it_time": 0.3007698059082031, "total_time": 0.6078553199768066, "value_loss": 9.933660507202148, "action_loss": -1.1751716136932373, "action_probs": [[0.12614002027631566, 0.35449306846641915, 0.13630554002890455, 0.3830613712283607], [0.004578410667045033, 0.2148296358703133, 0.016288693977931933, 0.7643032594847097], [0.010740684055452008, 0.0013016767391335914, 0.8811678244723076, 0.10678981473310681], [0.044240254136131224, 0.9191459004592126, 0.0016813671422165938, 0.034932478262439524], [0.0028115387452017603, 0.014562524076924046, 0.15901236934043472, 0.8236135678374396], [0.045021089094796636, 0.742972359706699, 0.01211274769442007, 0.19989380350408445], [0.1873792517442357, 0.08968102302022285, 0.48893297635679855, 0.23400674887874298], [0.9860875225729303, 0.006865762337877277, 0.006997990671034698, 4.872441815777369e-05], [0.396507336953173, 0.2973677289689276, 0.17493175406856395, 0.13119318000933541], [0.05706081688276226, 0.0016794005134357893, 0.9143488818231793, 0.02691090078062255], [0.04281570849130576, 0.02503886850332899, 0.5881764866953386, 0.3439689363100266], [0.00021949700368704866, 5.0421205623441346e-05, 0.8129787094002341, 0.18675137239045533], [0.9193956322537425, 0.07648306961502155, 0.003804784150884581, 0.0003165139803513043], [0.9498560897197523, 0.007410442831187141, 0.04240265684747616, 0.0003308106015842642], [0.026819702044533923, 0.24674415862615473, 0.07121847441189139, 0.65521766491742], [0.47480197578057237, 0.2205282788872046, 0.2080418564749776, 0.09662788885724537]], "state_values": [-2.59979947818873, 3.94353061866099, -2.8640672015998345, 3.815094802237443, 3.101094861705922, 3.792949774620506, 2.3015457819773784, 2.530074172331652, 0.894320042088822, 0.2468981461201384, 1.4864410607053546, 3.430304510224827, 2.239833057700496, 2.8391899680233297, -2.8361888330729927, -3.9421252168302288], "value_grad": [0.11246299743652344, 1.2212629318237305, -1.296504020690918, -0.8787240982055664, 0.23086833953857422, -0.37738895416259766, -0.3405599594116211, -0.24235248565673828, 0.11523723602294922, -0.3076915740966797, 0.8474388122558594, -0.11048507690429688, -0.12711620330810547, -1.2553215026855469, 0.6541929244995117, -0.48470401763916016], "action_grad": [[0.0, 0.0, 0.0], [0.0, 0.0, 0.0], [0.0, 0.0, 0.0], [0.0, 0.0, 0.0], [0.0, 0.0, 0.0], [0.0, 0.0, 0.0], [0.0, 0.0, 0.0], [0.0, 0.0, 0.0], [0.0, 0.0, 0.0], [0.0, 0.0, 0.0], [0.0, 0.0, 0.0], [0.0, 0.0, 0.0], [0.0, 0.0, 0.0], [0.0, 0.0, 0.0], [0.0, 0.0, 0.0], [0.0, 0.0, 0.0]], "action_params_change": 0, "value_params_change": 0.5006330239073205}
{"iterations": 1, "type_itr": 0, "sub_iteration": 2, "sub_it_time": 0.3023335933685303, "total_time": 0.9119110107421875, "value_loss": 6.208883762359619, "action_loss": -0.8735730051994324, "action_probs": [[0.12614002027631566, 0.35449306846641915, 0.13630554002890455, 0.3830613712283607], [0.004578410667045033, 0.2148296358703133, 0.016288693977931933, 0.7643032594847097], [0.010740684055452008, 0.0013016767391335914, 0.8811678244723076, 0.10678981473310681], [0.044240254136131224, 0.9191459004592126, 0.0016813671422165938, 0.034932478262439524], [0.0028115387452017603, 0.014562524076924046, 0.15901236934043472, 0.8236135678374396], [0.045021089094796636, 0.742972359706699, 0.01211274769442007, 0.19989380350408445], [0.1873792517442357, 0.08968102302022285, 0.48893297635679855, 0.23400674887874298], [0.9860875225729303, 0.006865762337877277, 0.006997990671034698, 4.872441815777369e-05], [0.396507336953173, 0.2973677289689276, 0.17493175406856395, 0.13119318000933541], [0.05706081688276226, 0.0016794005134357893, 0.9143488818231793, 0.02691090078062255], [0.04281570849130576, 0.02503886850332899, 0.5881764866953386, 0.3439689363100266], [0.00021949700368704866, 5.0421205623441346e-05, 0.8129787094002341, 0.18675137239045533], [0.9193956322537425, 0.07648306961502155, 0.003804784150884581, 0.0003165139803513043], [0.9498560897197523, 0.007410442831187141, 0.04240265684747616, 0.0003308106015842642], [0.026819702044533923, 0.24674415862615473, 0.07121847441189139, 0.65521766491742], [0.47480197578057237, 0.2205282788872046, 0.2080418564749776, 0.09662788885724537]], "state_values": [-1.983053753917003, 3.145666902088368, -1.7711959843077765, 4.450851943018995, 2.07117653093351, 2.901785029783866, 1.240837312025015, 2.39758326204312, -0.14970496887615645, 0.6429454901064269, 0.2574664081133112, 2.4489658462149553, 2.8367767912313173, 1.7303822391992751, -1.7877242634650856, -3.1038548069740055], "value_grad": [-0.7393312454223633, 1.3559045791625977, -1.8909001350402832, -0.32670068740844727, 0.3734283447265625, -0.2312641143798828, -0.32036352157592773, 0.4336204528808594, 0.23562002182006836, 0.6062765121459961, 1.079892635345459, -0.11761140823364258, 0.1979999542236328, -1.2256202697753906, 1.090980052947998, -0.5741991996765137], "action_grad": [[0.0, 0.0, 0.0], [0.0, 0.0, 0.0], [0.0, 0.0, 0.0], [0.0, 0.0, 0.0], [0.0, 0.0, 0.0], [0.0, 0.0, 0.0], [0.0, 0.0, 0.0], [0.0, 0.0, 0.0], [0.0, 0.0, 0.0], [0.0, 0.0, 0.0], [0.0, 0.0, 0.0], [0.0, 0.0, 0.0], [0.0, 0.0, 0.0], [0.0, 0.0, 0.0], [0.0, 0.0, 0.0], [0.0, 0.0, 0.0]], "action_params_change": 0, "value_params_change": 0.5009820893940056}
{"iterations": 1, "type_itr": 0, "sub_iteration": 3, "sub_it_time": 0.2999556064605713, "total_time": 1.213529109954834, "value_loss": 3.4638121128082275, "action_loss": -0.7961856722831726, "action_probs": [[0.12614002027631566, 0.35449306846641915, 0.13630554002890455, 0.3830613712283607], [0.004578410667045033, 0.2148296358703133, 0.016288693977931933, 0.7643032594847097], [0.010740684055452008, 0.0013016767391335914, 0.8811678244723076, 0.10678981473310681], [0.044240254136131224, 0.9191459004592126, 0.0016813671422165938, 0.034932478262439524], [0.0028115387452017603, 0.014562524076924046, 0.15901236934043472, 0.8236135678374396], [0.045021089094796636, 0.742972359706699, 0.01211274769442007, 0.19989380350408445], [0.1873792517442357, 0.08968102302022285, 0.48893297635679855, 0.23400674887874298], [0.9860875225729303, 0.006865762337877277, 0.006997990671034698, 4.872441815777369e-05], [0.396507336953173, 0.2973677289689276, 0.17493175406856395, 0.13119318000933541], [0.05706081688276226, 0.0016794005134357893, 0.9143488818231793, 0.02691090078062255], [0.04281570849130576, 0.02503886850332899, 0.5881764866953386, 0.3439689363100266], [0.00021949700368704866, 5.0421205623441346e-05, 0.8129787094002341, 0.18675137239045533], [0.9193956322537425, 0.07648306961502155, 0.003804784150884581, 0.0003165139803513043], [0.9498560897197523, 0.007410442831187141, 0.04240265684747616, 0.0003308106015842642], [0.026819702044533923, 0.24674415862615473, 0.07121847441189139, 0.65521766491742], [0.47480197578057237, 0.2205282788872046, 0.2080418564749776, 0.09662788885724537]], "state_values": [-1.5035446226978235, 2.155285658116726, -0.5721944180715274, 4.810443335234191, 0.9058597410290312, 1.8571795441356478, 0.29213686567405517, 2.1375783433719264, -0.3278838720385618, 0.7607010005455913, -0.8138138826220824, 1.3089459020374385, 3.3730902184706753, 0.5892421592641256, -0.6519225397024899, -2.0686893912276116], "value_grad": [0.05742025375366211, 1.0755360126495361, -1.3408560752868652, -0.06732034683227539, 0.5286598205566406, -0.6735966205596924, -0.03484773635864258, -0.156815767288208, -0.4914357662200928, -0.18928837776184082, 0.11840367317199707, -0.17978358268737793, 0.18809962272644043, -0.5409364700317383, 0.7682404518127441, -0.6355800628662109], "action_grad": [[0.0, 0.0, 0.0], [0.0, 0.0, 0.0], [0.0, 0.0, 0.0], [0.0, 0.0, 0.0], [0.0, 0.0, 0.0], [0.0, 0.0, 0.0], [0.0, 0.0, 0.0], [0.0, 0.0, 0.0], [0.0, 0.0, 0.0], [0.0, 0.0, 0.0], [0.0, 0.0, 0.0], [0.0, 0.0, 0.0], [0.0, 0.0, 0.0], [0.0, 0.0, 0.0], [0.0, 0.0, 0.0], [0.0, 0.0, 0.0]], "action_params_change": 0, "value_params_change": 0.4948204583945617}
{"iterations": 1, "type_itr": 0, "sub_iteration": 4, "sub_it_time": 0.304410457611084, "total_time": 1.5196549892425537, "value_loss": 1.8619920015335083, "action_loss": -0.668142557144165, "action_probs": [[0.12614002027631566, 0.35449306846641915, 0.13630554002890455, 0.3830613712283607], [0.004578410667045033, 0.2148296358703133, 0.016288693977931933, 0.7643032594847097], [0.010740684055452008, 0.0013016767391335914, 0.8811678244723076, 0.10678981473310681], [0.044240254136131224, 0.9191459004592126, 0.0016813671422165938, 0.034932478262439524], [0.0028115387452017603, 0.014562524076924046, 0.15901236934043472, 0.8236135678374396], [0.045021089094796636, 0.742972359706699, 0.01211274769442007, 0.19989380350408445], [0.1873792517442357, 0.08968102302022285, 0.48893297635679855, 0.23400674887874298], [0.9860875225729303, 0.006865762337877277, 0.006997990671034698, 4.872441815777369e-05], [0.396507336953173, 0.2973677289689276, 0.17493175406856395, 0.13119318000933541], [0.05706081688276226, 0.0016794005134357893, 0.9143488818231793, 0.02691090078062255], [0.04281570849130576, 0.02503886850332899, 0.5881764866953386, 0.3439689363100266], [0.00021949700368704866, 5.0421205623441346e-05, 0.8129787094002341, 0.18675137239045533], [0.9193956322537425, 0.07648306961502155, 0.003804784150884581, 0.0003165139803513043], [0.9498560897197523, 0.007410442831187141, 0.04240265684747616, 0.0003308106015842642], [0.026819702044533923, 0.24674415862615473, 0.07121847441189139, 0.65521766491742], [0.47480197578057237, 0.2205282788872046, 0.2080418564749776, 0.09662788885724537]], "state_values": [-1.5318408578075082, 1.0304408579439948, 0.6222261836452694, 4.947148527400591, -0.31206311719539054, 0.6843137991717287, -0.14419501410942065, 1.874767551729234, -0.4168046750852871, 0.7304022455984756, -1.5040361942336733, 0.9538635963648067, 3.2356136761055767, -0.29350211216415106, 0.29100804401531233, -0.9108833301107545], "value_grad": [0.5151959657669067, 1.0335596799850464, -0.8573399782180786, 0.25542008876800537, 0.3607560396194458, -0.6466680765151978, 0.3999600410461426, -0.03999602794647217, -0.06771588325500488, -0.13622379302978516, -0.42173993587493896, 0.2403721809387207, -1.3974841833114624, 0.31481993198394775, -0.13661980628967285, -0.4482722282409668], "action_grad": [[0.0, 0.0, 0.0], [0.0, 0.0, 0.0], [0.0, 0.0, 0.0], [0.0, 0.0, 0.0], [0.0, 0.0, 0.0], [0.0, 0.0, 0.0], [0.0, 0.0, 0.0], [0.0, 0.0, 0.0], [0.0, 0.0, 0.0], [0.0, 0.0, 0.0], [0.0, 0.0, 0.0], [0.0, 0.0, 0.0], [0.0, 0.0, 0.0], [0.0, 0.0, 0.0], [0.0, 0.0, 0.0], [0.0, 0.0, 0.0]], "action_params_change": 0, "value_params_change": 0.48926240736283466}
{"iterations": 1, "type_itr": 0, "sub_iteration": 5, "sub_it_time": 0.3052084445953369, "total_time": 1.8265166282653809, "value_loss": 1.4402520656585693, "action_loss": -0.5452972054481506, "action_probs": [[0.12614002027631566, 0.35449306846641915, 0.13630554002890455, 0.3830613712283607], [0.004578410667045033, 0.2148296358703133, 0.016288693977931933, 0.7643032594847097], [0.010740684055452008, 0.0013016767391335914, 0.8811678244723076, 0.10678981473310681], [0.044240254136131224, 0.9191459004592126, 0.0016813671422165938, 0.034932478262439524], [0.0028115387452017603, 0.014562524076924046, 0.15901236934043472, 0.8236135678374396], [0.045021089094796636, 0.742972359706699, 0.01211274769442007, 0.19989380350408445], [0.1873792517442357, 0.08968102302022285, 0.48893297635679855, 0.23400674887874298], [0.9860875225729303, 0.006865762337877277, 0.006997990671034698, 4.872441815777369e-05], [0.396507336953173, 0.2973677289689276, 0.17493175406856395, 0.13119318000933541], [0.05706081688276226, 0.0016794005134357893, 0.9143488818231793, 0.02691090078062255], [0.04281570849130576, 0.02503886850332899, 0.5881764866953386, 0.3439689363100266], [0.00021949700368704866, 5.0421205623441346e-05, 0.8129787094002341, 0.18675137239045533], [0.9193956322537425, 0.07648306961502155, 0.003804784150884581, 0.0003165139803513043], [0.9498560897197523, 0.007410442831187141, 0.04240265684747616, 0.0003308106015842642], [0.026819702044533923, 0.24674415862615473, 0.07121847441189139, 0.65521766491742], [0.47480197578057237, 0.2205282788872046, 0.2080418564749776, 0.09662788885724537]], "state_values": [-1.7290926736575898, -0.09896316365330801, 1.6335160332509693, 4.99993821111384, -1.0746137566052727, -0.5469564437860074, -0.42133007652577, 1.7886933504583482, -0.334772408978169, 0.5823696148446444, -1.743885714521711, 0.7380237369474086, 2.929049110666892, -0.8861574638445477, 1.0323607266437238, 0.3172332232354631], "value_grad": [0.2672998905181885, 0.4882679581642151, -0.038411736488342285, -0.4055039882659912, -0.318384051322937, -0.6435000896453857, 0.13503587245941162, 0.15602409839630127, -0.18730807304382324, -0.13820397853851318, -0.8514001369476318, 0.053460001945495605, -0.7096318006515503, 0.49460411071777344, -0.1956239938735962, -0.60231614112854], "action_grad": [[0.0, 0.0, 0.0], [0.0, 0.0, 0.0], [0.0, 0.0, 0.0], [0.0, 0.0, 0.0], [0.0, 0.0, 0.0], [0.0, 0.0, 0.0], [0.0, 0.0, 0.0], [0.0, 0.0, 0.0], [0.0, 0.0, 0.0], [0.0, 0.0, 0.0], [0.0, 0.0, 0.0], [0.0, 0.0, 0.0], [0.0, 0.0, 0.0], [0.0, 0.0, 0.0], [0.0, 0.0, 0.0], [0.0, 0.0, 0.0]], "action_params_change": 0, "value_params_change": 0.49380863446714063}
{"iterations": 1, "type_itr": 0, "sub_iteration": 6, "sub_it_time": 0.29894542694091797, "total_time": 2.1271486282348633, "value_loss": 1.926144003868103, "action_loss": -0.460031658411026, "action_probs": [[0.12614002027631566, 0.35449306846641915, 0.13630554002890455, 0.3830613712283607], [0.004578410667045033, 0.2148296358703133, 0.016288693977931933, 0.7643032594847097], [0.010740684055452008, 0.0013016767391335914, 0.8811678244723076, 0.10678981473310681], [0.044240254136131224, 0.9191459004592126, 0.0016813671422165938, 0.034932478262439524], [0.0028115387452017603, 0.014562524076924046, 0.15901236934043472, 0.8236135678374396], [0.045021089094796636, 0.742972359706699, 0.01211274769442007, 0.19989380350408445], [0.1873792517442357, 0.08968102302022285, 0.48893297635679855, 0.23400674887874298], [0.9860875225729303, 0.006865762337877277, 0.006997990671034698, 4.872441815777369e-05], [0.396507336953173, 0.2973677289689276, 0.17493175406856395, 0.13119318000933541], [0.05706081688276226, 0.0016794005134357893, 0.9143488818231793, 0.02691090078062255], [0.04281570849130576, 0.02503886850332899, 0.5881764866953386, 0.3439689363100266], [0.00021949700368704866, 5.0421205623441346e-05, 0.8129787094002341, 0.18675137239045533], [0.9193956322537425, 0.07648306961502155, 0.003804784150884581, 0.0003165139803513043], [0.9498560897197523, 0.007410442831187141, 0.04240265684747616, 0.0003308106015842642], [0.026819702044533923, 0.24674415862615473, 0.07121847441189139, 0.65521766491742], [0.47480197578057237, 0.2205282788872046, 0.2080418564749776, 0.09662788885724537]], "state_values": [-1.5247474028786578, -1.012779767343704, 2.4038125089177083, 4.972946927746595, -1.735861401932901, -1.3862563111303128, -0.4174142103415412, 1.6508255848621722, -0.16853214328527874, 0.5319247187642059, -1.7173161087768072, 0.31706672424986315, 2.368589402764381, -1.4491131409731783, 1.4739657939070026, 1.3819692679581883], "value_grad": [-0.6684478521347046, -0.25462794303894043, 0.28749585151672363, 0.27759575843811035, 0.02494800090789795, 0.3706561326980591, 0.3627359867095947, -0.07246792316436768, -0.11880004405975342, 0.09147608280181885, -0.7539839744567871, -0.16077589988708496, -1.5317277908325195, -0.21146392822265625, -0.5829117298126221, -0.011087894439697266], "action_grad": [[0.0, 0.0, 0.0], [0.0, 0.0, 0.0], [0.0, 0.0, 0.0], [0.0, 0.0, 0.0], [0.0, 0.0, 0.0], [0.0, 0.0, 0.0], [0.0, 0.0, 0.0], [0.0, 0.0, 0.0], [0.0, 0.0, 0.0], [0.0, 0.0, 0.0], [0.0, 0.0, 0.0], [0.0, 0.0, 0.0], [0.0, 0.0, 0.0], [0.0, 0.0, 0.0], [0.0, 0.0, 0.0], [0.0, 0.0, 0.0]], "action_params_change": 0, "value_params_change": 0.4331009286384675}
{"iterations": 1, "type_itr": 0, "sub_iteration": 7, "sub_it_time": 0.29931044578552246, "total_time": 2.4281325340270996, "value_loss": 2.3356080055236816, "action_loss": -0.38333258032798767, "action_probs": [[0.12614002027631566, 0.35449306846641915, 0.13630554002890455, 0.3830613712283607], [0.004578410667045033, 0.2148296358703133, 0.016288693977931933, 0.7643032594847097], [0.010740684055452008, 0.0013016767391335914, 0.8811678244723076, 0.10678981473310681], [0.044240254136131224, 0.9191459004592126, 0.0016813671422165938, 0.034932478262439524], [0.0028115387452017603, 0.014562524076924046, 0.15901236934043472, 0.8236135678374396], [0.045021089094796636, 0.742972359706699, 0.01211274769442007, 0.19989380350408445], [0.1873792517442357, 0.08968102302022285, 0.48893297635679855, 0.23400674887874298], [0.9860875225729303, 0.006865762337877277, 0.006997990671034698, 4.872441815777369e-05], [0.396507336953173, 0.2973677289689276, 0.17493175406856395, 0.13119318000933541], [0.05706081688276226, 0.0016794005134357893, 0.9143488818231793, 0.02691090078062255], [0.04281570849130576, 0.02503886850332899, 0.5881764866953386, 0.3439689363100266], [0.00021949700368704866, 5.0421205623441346e-05, 0.8129787094002341, 0.18675137239045533], [0.9193956322537425, 0.07648306961502155, 0.003804784150884581, 0.0003165139803513043], [0.9498560897197523, 0.007410442831187141, 0.04240265684747616, 0.0003308106015842642], [0.026819702044533923, 0.24674415862615473, 0.07121847441189139, 0.65521766491742], [0.47480197578057237, 0.2205282788872046, 0.2080418564749776, 0.09662788885724537]], "state_values": [-1.0780641648270552, -1.58920849603828, 2.8787185032924834, 4.918309920321949, -2.2049662217232555, -2.1742362800822392, -0.07958497990607286, 1.3132154212113225, 0.09832533611145658, 0.7216447666042599, -1.4141105053419827, 0.39852456762208144, 1.721291460608865, -1.804412440920527, 1.7262357138568274, 2.3264747183054415], "value_grad": [-0.6280558109283447, -0.7337877750396729, 0.7947720289230347, 0.09979212284088135, -0.13899588584899902, -0.21384000778198242, 0.6427078247070312, -0.2807638645172119, -0.15958786010742188, 0.29818809032440186, -1.114740014076233, 0.3160078525543213, -0.5769717693328857, 0.4557957649230957, -0.4486677646636963, -0.14493632316589355], "action_grad": [[0.0, 0.0, 0.0], [0.0, 0.0, 0.0], [0.0, 0.0, 0.0], [0.0, 0.0, 0.0], [0.0, 0.0, 0.0], [0.0, 0.0, 0.0], [0.0, 0.0, 0.0], [0.0, 0.0, 0.0], [0.0, 0.0, 0.0], [0.0, 0.0, 0.0], [0.0, 0.0, 0.0], [0.0, 0.0, 0.0], [0.0, 0.0, 0.0], [0.0, 0.0, 0.0], [0.0, 0.0, 0.0], [0.0, 0.0, 0.0]], "action_params_change": 0, "value_params_change": 0.40785607934435264}
{"iterations": 1, "type_itr": 0, "sub_iteration": 8, "sub_it_time": 0.2990555763244629, "total_time": 2.728898286819458, "value_loss": 2.547072172164917, "action_loss": -0.42478811740875244, "action_probs": [[0.12614002027631566, 0.35449306846641915, 0.13630554002890455, 0.3830613712283607], [0.004578410667045033, 0.2148296358703133, 0.016288693977931933, 0.7643032594847097], [0.010740684055452008, 0.0013016767391335914, 0.8811678244723076, 0.10678981473310681], [0.044240254136131224, 0.9191459004592126, 0.0016813671422165938, 0.034932478262439524], [0.0028115387452017603, 0.014562524076924046, 0.15901236934043472, 0.8236135678374396], [0.045021089094796636, 0.742972359706699, 0.01211274769442007, 0.19989380350408445], [0.1873792517442357, 0.08968102302022285, 0.48893297635679855, 0.23400674887874298], [0.9860875225729303, 0.006865762337877277, 0.006997990671034698, 4.872441815777369e-05], [0.396507336953173, 0.2973677289689276, 0.17493175406856395, 0.13119318000933541], [0.05706081688276226, 0.0016794005134357893, 0.9143488818231793, 0.02691090078062255], [0.04281570849130576, 0.02503886850332899, 0.5881764866953386, 0.3439689363100266], [0.00021949700368704866, 5.0421205623441346e-05, 0.8129787094002341, 0.18675137239045533], [0.9193956322537425, 0.07648306961502155, 0.003804784150884581, 0.0003165139803513043], [0.9498560897197523, 0.007410442831187141, 0.04240265684747616, 0.0003308106015842642], [0.026819702044533923, 0.24674415862615473, 0.07121847441189139, 0.65521766491742], [0.47480197578057237, 0.2205282788872046, 0.2080418564749776, 0.09662788885724537]], "state_values": [-0.5818133827993066, -1.9962600817498877, 3.098200638190581, 4.8084782995175575, -2.1475654537471476, -2.6546362950969224, 0.11462847433708273, 0.7875249335249275, 0.15723133188076072, 1.1519439771207087, -0.9636740562051971, 0.5958072686502388, 0.9614890533736203, -1.973896167057872, 1.7581017816717182, 3.1226022625503633], "value_grad": [-0.21384000778198242, -0.37065577507019043, 1.054152250289917, -0.3148202896118164, -0.8363521099090576, 0.3884756565093994, -0.20077204704284668, -0.33699655532836914, 0.23086810111999512, 0.4253044128417969, -0.7832880020141602, 0.11048436164855957, -0.8240759372711182, 0.5401439666748047, -0.7163636684417725, -0.10454416275024414], "action_grad": [[0.0, 0.0, 0.0], [0.0, 0.0, 0.0], [0.0, 0.0, 0.0], [0.0, 0.0, 0.0], [0.0, 0.0, 0.0], [0.0, 0.0, 0.0], [0.0, 0.0, 0.0], [0.0, 0.0, 0.0], [0.0, 0.0, 0.0], [0.0, 0.0, 0.0], [0.0, 0.0, 0.0], [0.0, 0.0, 0.0], [0.0, 0.0, 0.0], [0.0, 0.0, 0.0], [0.0, 0.0, 0.0], [0.0, 0.0, 0.0]], "action_params_change": 0, "value_params_change": 0.38109915673076933}
{"iterations": 1, "type_itr": 0, "sub_iteration": 9, "sub_it_time": 0.29775261878967285, "total_time": 3.0283315181732178, "value_loss": 3.0503880977630615, "action_loss": -0.4888640344142914, "action_probs": [[0.12614002027631566, 0.35449306846641915, 0.13630554002890455, 0.3830613712283607], [0.004578410667045033, 0.2148296358703133, 0.016288693977931933, 0.7643032594847097], [0.010740684055452008, 0.0013016767391335914, 0.8811678244723076, 0.10678981473310681], [0.044240254136131224, 0.9191459004592126, 0.0016813671422165938, 0.034932478262439524], [0.0028115387452017603, 0.014562524076924046, 0.15901236934043472, 0.8236135678374396], [0.045021089094796636, 0.742972359706699, 0.01211274769442007, 0.19989380350408445], [0.1873792517442357, 0.08968102302022285, 0.48893297635679855, 0.23400674887874298], [0.9860875225729303, 0.006865762337877277, 0.006997990671034698, 4.872441815777369e-05], [0.396507336953173, 0.2973677289689276, 0.17493175406856395, 0.13119318000933541], [0.05706081688276226, 0.0016794005134357893, 0.9143488818231793, 0.02691090078062255], [0.04281570849130576, 0.02503886850332899, 0.5881764866953386, 0.3439689363100266], [0.00021949700368704866, 5.0421205623441346e-05, 0.8129787094002341, 0.18675137239045533], [0.9193956322537425, 0.07648306961502155, 0.003804784150884581, 0.0003165139803513043], [0.9498560897197523, 0.007410442831187141, 0.04240265684747616, 0.0003308106015842642], [0.026819702044533923, 0.24674415862615473, 0.07121847441189139, 0.65521766491742], [0.47480197578057237, 0.2205282788872046, 0.2080418564749776, 0.09662788885724537]], "state_values": [-0.308461812439423, -2.1301622350224654, 3.1987045604117426, 4.5855997156266115, -1.9222753902913654, -2.7692106576657527, 0.3750307360729589, 0.6523822981352986, 0.056949784750927046, 1.6830996915878247, -0.40446198890298074, 0.8138823316646844, 0.283947363308326, -1.8555572239743408, 1.6982723598901168, 3.5487646422587167], "value_grad": [0.3631319999694824, -0.9793076515197754, 0.6094439029693604, -0.6530041694641113, -0.4245119094848633, 0.7666561603546143, 0.17938780784606934, 0.4383718967437744, 0.2154242992401123, 0.2819521427154541, -0.7017123699188232, 0.038411855697631836, 0.0914764404296875, 1.181663990020752, -0.35956859588623047, 0.4894559383392334], "action_grad": [[0.0, 0.0, 0.0], [0.0, 0.0, 0.0], [0.0, 0.0, 0.0], [0.0, 0.0, 0.0], [0.0, 0.0, 0.0], [0.0, 0.0, 0.0], [0.0, 0.0, 0.0], [0.0, 0.0, 0.0], [0.0, 0.0, 0.0], [0.0, 0.0, 0.0], [0.0, 0.0, 0.0], [0.0, 0.0, 0.0], [0.0, 0.0, 0.0], [0.0, 0.0, 0.0], [0.0, 0.0, 0.0], [0.0, 0.0, 0.0]], "action_params_change": 0, "value_params_change": 0.2733661622583998}
{"iterations": 1, "type_itr": 0, "sub_iteration": 10, "sub_it_time": 0.2983059883117676, "total_time": 3.328280448913574, "value_loss": 2.8860483169555664, "action_loss": -0.5781682133674622, "action_probs": [[0.12614002027631566, 0.35449306846641915, 0.13630554002890455, 0.3830613712283607], [0.004578410667045033, 0.2148296358703133, 0.016288693977931933, 0.7643032594847097], [0.010740684055452008, 0.0013016767391335914, 0.8811678244723076, 0.10678981473310681], [0.044240254136131224, 0.9191459004592126, 0.0016813671422165938, 0.034932478262439524], [0.0028115387452017603, 0.014562524076924046, 0.15901236934043472, 0.8236135678374396], [0.045021089094796636, 0.742972359706699, 0.01211274769442007, 0.19989380350408445], [0.1873792517442357, 0.08968102302022285, 0.48893297635679855, 0.23400674887874298], [0.9860875225729303, 0.006865762337877277, 0.006997990671034698, 4.872441815777369e-05], [0.396507336953173, 0.2973677289689276, 0.17493175406856395, 0.13119318000933541], [0.05706081688276226, 0.0016794005134357893, 0.9143488818231793, 0.02691090078062255], [0.04281570849130576, 0.02503886850332899, 0.5881764866953386, 0.3439689363100266], [0.00021949700368704866, 5.0421205623441346e-05, 0.8129787094002341, 0.18675137239045533], [0.9193956322537425, 0.07648306961502155, 0.003804784150884581, 0.0003165139803513043], [0.9498560897197523, 0.007410442831187141, 0.04240265684747616, 0.0003308106015842642], [0.026819702044533923, 0.24674415862615473, 0.07121847441189139, 0.65521766491742], [0.47480197578057237, 0.2205282788872046, 0.2080418564749776, 0.09662788885724537]], "state_values": [0.12922350077117523, -1.990548280262526, 3.1859310417051163, 4.235842410228059, -1.5529036491195107, -2.6666963331822506, 0.5498367897028406, 0.25119797444741004, -0.03957962868959585, 2.1130046823792346, 0.2740278056725841, 1.0272431543161327, -0.45294154074187126, -1.5280529208105489, 1.5799023393326486, 3.707048007076989], "value_grad": [-0.5048999786376953, -1.3772878646850586, 0.7337877750396729, -0.4633200168609619, -0.42609596252441406, 0.6704280376434326, -0.1156320571899414, -0.5231161117553711, 0.009504079818725586, -0.048708200454711914, -0.9068400859832764, 0.01742386817932129, -0.6427083015441895, 1.1511719226837158, -0.2657158374786377, 0.5884556770324707], "action_grad": [[0.0, 0.0, 0.0], [0.0, 0.0, 0.0], [0.0, 0.0, 0.0], [0.0, 0.0, 0.0], [0.0, 0.0, 0.0], [0.0, 0.0, 0.0], [0.0, 0.0, 0.0], [0.0, 0.0, 0.0], [0.0, 0.0, 0.0], [0.0, 0.0, 0.0], [0.0, 0.0, 0.0], [0.0, 0.0, 0.0], [0.0, 0.0, 0.0], [0.0, 0.0, 0.0], [0.0, 0.0, 0.0], [0.0, 0.0, 0.0]], "action_params_change": 0, "value_params_change": 0.3003217155562742}
{"iterations": 1, "type_itr": 0, "sub_iteration": 11, "sub_it_time": 0.2991969585418701, "total_time": 3.629114866256714, "value_loss": 2.6480519771575928, "action_loss": -0.667128324508667, "action_probs": [[0.12614002027631566, 0.35449306846641915, 0.13630554002890455, 0.3830613712283607], [0.004578410667045033, 0.2148296358703133, 0.016288693977931933, 0.7643032594847097], [0.010740684055452008, 0.0013016767391335914, 0.8811678244723076, 0.10678981473310681], [0.044240254136131224, 0.9191459004592126, 0.0016813671422165938, 0.034932478262439524], [0.0028115387452017603, 0.014562524076924046, 0.15901236934043472, 0.8236135678374396], [0.045021089094796636, 0.742972359706699, 0.01211274769442007, 0.19989380350408445], [0.1873792517442357, 0.08968102302022285, 0.48893297635679855, 0.23400674887874298], [0.9860875225729303, 0.006865762337877277, 0.006997990671034698, 4.872441815777369e-05], [0.396507336953173, 0.2973677289689276, 0.17493175406856395, 0.13119318000933541], [0.05706081688276226, 0.0016794005134357893, 0.9143488818231793, 0.02691090078062255], [0.04281570849130576, 0.02503886850332899, 0.5881764866953386, 0.3439689363100266], [0.00021949700368704866, 5.0421205623441346e-05, 0.8129787094002341, 0.18675137239045533], [0.9193956322537425, 0.07648306961502155, 0.003804784150884581, 0.0003165139803513043], [0.9498560897197523, 0.007410442831187141, 0.04240265684747616, 0.0003308106015842642], [0.026819702044533923, 0.24674415862615473, 0.07121847441189139, 0.65521766491742], [0.47480197578057237, 0.2205282788872046, 0.2080418564749776, 0.09662788885724537]], "state_values": [0.575377703034545, -1.7324608522819462, 3.045400387276918, 3.8726878569973544, -1.223954386613778, -2.2563704517120122, 0.7769799034607674, -0.22707854684663778, 0.06927160640419097, 2.421293584422022, 0.8884060233303314, 1.1623535197439432, -1.1760987617475542, -1.14165506701244, 1.32438519806908, 3.6675882272509157], "value_grad": [-0.13582801818847656, -0.7567558288574219, 0.9729716777801514, 0.12315630912780762, 0.02732396125793457, 1.4497559070587158, 0.1481037139892578, -0.2237393856048584, -0.2886838912963867, -0.10929608345031738, -0.03801608085632324, -0.0494997501373291, -0.34412407875061035, 0.4399559497833252, -0.6371641159057617, 0.6629037857055664], "action_grad": [[0.0, 0.0, 0.0], [0.0, 0.0, 0.0], [0.0, 0.0, 0.0], [0.0, 0.0, 0.0], [0.0, 0.0, 0.0], [0.0, 0.0, 0.0], [0.0, 0.0, 0.0], [0.0, 0.0, 0.0], [0.0, 0.0, 0.0], [0.0, 0.0, 0.0], [0.0, 0.0, 0.0], [0.0, 0.0, 0.0], [0.0, 0.0, 0.0], [0.0, 0.0, 0.0], [0.0, 0.0, 0.0], [0.0, 0.0, 0.0]], "action_params_change": 0, "value_params_change": 0.2934639836628872}
{"iterations": 1, "type_itr": 0, "sub_iteration": 12, "sub_it_time": 0.30051422119140625, "total_time": 3.931313991546631, "value_loss": 2.3831281661987305, "action_loss": -0.7269482016563416, "action_probs": [[0.12614002027631566, 0.35449306846641915, 0.13630554002890455, 0.3830613712283607], [0.004578410667045033, 0.2148296358703133, 0.016288693977931933, 0.7643032594847097], [0.010740684055452008, 0.0013016767391335914, 0.8811678244723076, 0.10678981473310681], [0.044240254136131224, 0.9191459004592126, 0.0016813671422165938, 0.034932478262439524], [0.0028115387452017603, 0.014562524076924046, 0.15901236934043472, 0.8236135678374396], [0.045021089094796636, 0.742972359706699, 0.01211274769442007, 0.19989380350408445], [0.1873792517442357, 0.08968102302022285, 0.48893297635679855, 0.23400674887874298], [0.9860875225729303, 0.006865762337877277, 0.006997990671034698, 4.872441815777369e-05], [0.396507336953173, 0.2973677289689276, 0.17493175406856395, 0.13119318000933541], [0.05706081688276226, 0.0016794005134357893, 0.9143488818231793, 0.02691090078062255], [0.04281570849130576, 0.02503886850332899, 0.5881764866953386, 0.3439689363100266], [0.00021949700368704866, 5.0421205623441346e-05, 0.8129787094002341, 0.18675137239045533], [0.9193956322537425, 0.07648306961502155, 0.003804784150884581, 0.0003165139803513043], [0.9498560897197523, 0.007410442831187141, 0.04240265684747616, 0.0003308106015842642], [0.026819702044533923, 0.24674415862615473, 0.07121847441189139, 0.65521766491742], [0.47480197578057237, 0.2205282788872046, 0.2080418564749776, 0.09662788885724537]], "state_values": [0.8243786342183164, -1.3925336812700186, 2.8347175091776418, 3.5480243357950796, -0.9077792497048901, -1.7068823253735421, 0.9862540907525256, -0.6197001739948242, -0.00325527884788024, 2.6447192745852726, 1.5169290058119902, 1.1298304095528304, -1.7718556208685465, -0.6551034944764544, 1.0130230772885658, 3.490476282391314], "value_grad": [0.3544199466705322, -0.5939998626708984, 0.6007320880889893, 0.1813678741455078, -0.03484821319580078, 0.7789320945739746, 0.012275934219360352, 0.06573605537414551, 0.26175618171691895, -0.08157610893249512, -0.44233226776123047, -0.1409761905670166, 0.1647357940673828, 0.7084438800811768, -0.3314516544342041, 0.5813283920288086], "action_grad": [[0.0, 0.0, 0.0], [0.0, 0.0, 0.0], [0.0, 0.0, 0.0], [0.0, 0.0, 0.0], [0.0, 0.0, 0.0], [0.0, 0.0, 0.0], [0.0, 0.0, 0.0], [0.0, 0.0, 0.0], [0.0, 0.0, 0.0], [0.0, 0.0, 0.0], [0.0, 0.0, 0.0], [0.0, 0.0, 0.0], [0.0, 0.0, 0.0], [0.0, 0.0, 0.0], [0.0, 0.0, 0.0], [0.0, 0.0, 0.0]], "action_params_change": 0, "value_params_change": 0.2592285386097881}
{"iterations": 1, "type_itr": 0, "sub_iteration": 13, "sub_it_time": 0.29868435859680176, "total_time": 4.231804847717285, "value_loss": 1.853279948234558, "action_loss": -0.780900239944458, "action_probs": [[0.12614002027631566, 0.35449306846641915, 0.13630554002890455, 0.3830613712283607], [0.004578410667045033, 0.2148296358703133, 0.016288693977931933, 0.7643032594847097], [0.010740684055452008, 0.0013016767391335914, 0.8811678244723076, 0.10678981473310681], [0.044240254136131224, 0.9191459004592126, 0.0016813671422165938, 0.034932478262439524], [0.0028115387452017603, 0.014562524076924046, 0.15901236934043472, 0.8236135678374396], [0.045021089094796636, 0.742972359706699, 0.01211274769442007, 0.19989380350408445], [0.1873792517442357, 0.08968102302022285, 0.48893297635679855, 0.23400674887874298], [0.9860875225729303, 0.006865762337877277, 0.006997990671034698, 4.872441815777369e-05], [0.396507336953173, 0.2973677289689276, 0.17493175406856395, 0.13119318000933541], [0.05706081688276226, 0.0016794005134357893, 0.9143488818231793, 0.02691090078062255], [0.04281570849130576, 0.02503886850332899, 0.5881764866953386, 0.3439689363100266], [0.00021949700368704866, 5.0421205623441346e-05, 0.8129787094002341, 0.18675137239045533], [0.9193956322537425, 0.07648306961502155, 0.003804784150884581, 0.0003165139803513043], [0.9498560897197523, 0.007410442831187141, 0.04240265684747616, 0.0003308106015842642], [0.026819702044533923, 0.24674415862615473, 0.07121847441189139, 0.65521766491742], [0.47480197578057237, 0.2205282788872046, 0.2080418564749776, 0.09662788885724537]], "state_values": [0.8129382692264449, -0.8974020549115808, 2.611587680943802, 3.1501305442717977, -0.5405982764149387, -1.014010283339656, 1.4473277182025222, -1.1168666752954333, -0.36489347399550015, 2.9089540219036745, 2.0210661067572766, 1.29485600349552, -2.2711854223596903, -0.0948594318911477, 0.7081142217039365, 3.2182762311323345], "value_grad": [0.6015239953994751, -1.1535481214523315, 0.18453598022460938, -0.26571595668792725, -0.1900801658630371, 0.905255913734436, 0.7365602254867554, -0.30254411697387695, 0.5532121658325195, 0.13701605796813965, 0.20195984840393066, 0.1916642189025879, 0.07761621475219727, 0.6260759830474854, -0.08236813545227051, 0.4229280948638916], "action_grad": [[0.0, 0.0, 0.0], [0.0, 0.0, 0.0], [0.0, 0.0, 0.0], [0.0, 0.0, 0.0], [0.0, 0.0, 0.0], [0.0, 0.0, 0.0], [0.0, 0.0, 0.0], [0.0, 0.0, 0.0], [0.0, 0.0, 0.0], [0.0, 0.0, 0.0], [0.0, 0.0, 0.0], [0.0, 0.0, 0.0], [0.0, 0.0, 0.0], [0.0, 0.0, 0.0], [0.0, 0.0, 0.0], [0.0, 0.0, 0.0]], "action_params_change": 0, "value_params_change": 0.28832470120270814}
