{"iterations": 0, "type_itr": 0, "sub_iteration": 0, "sub_it_time": 0, "total_time": 0, "value_loss": 0, "action_loss": 0, "action_probs": [[0.723693113865912, 0.013163578710519642, 0.2584423829774524, 0.004700924446115835], [0.005558613895700903, 0.0023698160513901554, 0.6955403341678257, 0.29653123588508323], [0.32365370261624576, 0.4597425722957208, 0.08948804056170859, 0.127115684526325], [0.0317507345234723, 0.42027106512941687, 0.03849086565566492, 0.509487334691446], [0.8640841725917281, 0.09018763247173238, 0.04140645178469389, 0.004321743151845609], [0.4291904302833986, 0.2735245105931919, 0.18156992973970248, 0.11571512938370704], [0.08071001346275325, 0.6320491796522671, 0.03252600543729172, 0.25471480144768793], [0.2046147693463247, 0.7130075042500383, 0.01836888660221118, 0.06400883980142567], [0.27809231593199996, 0.5086273601460748, 0.07539104591593962, 0.1378892780059855], [0.0032341255586460765, 0.8556635103688092, 0.0005313121645044846, 0.1405710519080403], [0.0031328764650034586, 0.17480729814341278, 0.014473470566507655, 0.8075863548250761], [0.18808152712106876, 0.6950332459586727, 0.02489365215847186, 0.09199157476178672], [0.04334762189055937, 0.9521982412724774, 0.00019394007509011105, 0.004260196761872994], [0.1079814226606341, 0.018878610451363808, 0.7432040926805381, 0.12993587420746405], [0.01089266977634328, 0.01677810357303496, 0.3827598544523675, 0.5895693721982544], [0.5024834989763162, 0.2949774815322275, 0.12762068324446232, 0.07491833624699383]], "state_values": [-0.016937812854468947, 3.4348000853975287, 2.7973444894497876, 1.5925765704470243, -4.998309097051553, -3.045510927883832, -2.7947257907385588, 4.784099910092023, 4.990872572551024, -4.994891457772517, 4.991367489159457, 1.0226149466042138, -0.5527605881782155, 4.778698618509198, 2.862243871005763, -0.20302091962078922], "value_grad": [0.0, 0.0, 0.0, 0.0, 0.0, 0.0, 0.0, 0.0, 0.0, 0.0, 0.0, 0.0, 0.0, 0.0, 0.0, 0.0], "action_grad": [[0.0, 0.0, 0.0], [0.0, 0.0, 0.0], [0.0, 0.0, 0.0], [0.0, 0.0, 0.0], [0.0, 0.0, 0.0], [0.0, 0.0, 0.0], [0.0, 0.0, 0.0], [0.0, 0.0, 0.0], [0.0, 0.0, 0.0], [0.0, 0.0, 0.0], [0.0, 0.0, 0.0], [0.0, 0.0, 0.0], [0.0, 0.0, 0.0], [0.0, 0.0, 0.0], [0.0, 0.0, 0.0], [0.0, 0.0, 0.0]], "action_params_change": 0, "value_params_change": 0}
{"iterations": 1, "type_itr": 0, "sub_iteration": 0, "sub_it_time": 0.2578094005584717, "total_time": 0.2610013484954834, "value_loss": 14.259961128234863, "action_loss": -0.4969595670700073, "action_probs": [[0.723693113865912, 0.013163578710519642, 0.2584423829774524, 0.004700924446115835], [0.005558613895700903, 0.0023698160513901554, 0.6955403341678257, 0.29653123588508323], [0.32365370261624576, 0.4597425722957208, 0.08948804056170859, 0.127115684526325], [0.0317507345234723, 0.42027106512941687, 0.03849086565566492, 0.509487334691446], [0.8640841725917281, 0.09018763247173238, 0.04140645178469389, 0.004321743151845609], [0.4291904302833986, 0.2735245105931919, 0.18156992973970248, 0.11571512938370704], [0.08071001346275325, 0.6320491796522671, 0.03252600543729172, 0.25471480144768793], [0.2046147693463247, 0.7130075042500383, 0.01836888660221118, 0.06400883980142567], [0.27809231593199996, 0.5086273601460748, 0.07539104591593962, 0.1378892780059855], [0.0032341255586460765, 0.8556635103688092, 0.0005313121645044846, 0.1405710519080403], [0.0031328764650034586, 0.17480729814341278, 0.014473470566507655, 0.8075863548250761], [0.18808152712106876, 0.6950332459586727, 0.02489365215847186, 0.09199157476178672], [0.04334762189055937, 0.9521982412724774, 0.00019394007509011105, 0.004260196761872994], [0.1079814226606341, 0.018878610451363808, 0.7432040926805381, 0.12993587420746405], [0.01089266977634328, 0.01677810357303496, 0.3827598544523675, 0.5895693721982544], [0.5024834989763162, 0.2949774815322275, 0.12762068324446232, 0.07491833624699383]], "state_values": [-1.2534239349760634, 2.4290841064324646, 1.6850763072983894, 0.37047426920924137, -4.875092164406321, -1.969763178695072, -1.6821020433215945, 4.275795523217032, 4.9104290895791785, -4.783708222637624, 4.908856679316036, -0.22004703677916038, 0.6938606581435847, 4.266192544343229, 3.7875462306279903, 1.0392901379331707], "value_grad": [0.5821199417114258, 2.783879280090332, -2.0512800216674805, 0.4712409973144531, -0.3880786895751953, -1.429560661315918, 0.2574005126953125, 0.5623197555541992, 0.8434791564941406, -0.32867908477783203, 0.27720069885253906, 0.8434782028198242, 0.978118896484375, -0.609837532043457, 0.35243988037109375, -1.2632408142089844], "action_grad": [[0.0, 0.0, 0.0], [0.0, 0.0, 0.0], [0.0, 0.0, 0.0], [0.0, 0.0, 0.0], [0.0, 0.0, 0.0], [0.0, 0.0, 0.0], [0.0, 0.0, 0.0], [0.0, 0.0, 0.0], [0.0, 0.0, 0.0], [0.0, 0.0, 0.0], [0.0, 0.0, 0.0], [0.0, 0.0, 0.0], [0.0, 0.0, 0.0], [0.0, 0.0, 0.0], [0.0, 0.0, 0.0], [0.0, 0.0, 0.0]], "action_params_change": 0, "value_params_change": 0.4999999982039449}
{"iterations": 1, "type_itr": 0, "sub_iteration": 1, "sub_it_time": 0.17377543449401855, "total_time": 0.43702268600463867, "value_loss": 11.808720588684082, "action_loss": -0.37652289867401123, "action_probs": [[0.723693113865912, 0.013163578710519642, 0.2584423829774524, 0.004700924446115835], [0.005558613895700903, 0.0023698160513901554, 0.6955403341678257, 0.29653123588508323], [0.32365370261624576, 0.4597425722957208, 0.08948804056170859, 0.127115684526325], [0.0317507345234723, 0.42027106512941687, 0.03849086565566492, 0.509487334691446], [0.8640841725917281, 0.09018763247173238, 0.04140645178469389, 0.004321743151845609], [0.4291904302833986, 0.2735245105931919, 0.18156992973970248, 0.11571512938370704], [0.08071001346275325, 0.6320491796522671, 0.03252600543729172, 0.25471480144768793], [0.2046147693463247, 0.7130075042500383, 0.01836888660221118, 0.06400883980142567], [0.27809231593199996, 0.5086273601460748, 0.07539104591593962, 0.1378892780059855], [0.0032341255586460765, 0.8556635103688092, 0.0005313121645044846, 0.1405710519080403], [0.0031328764650034586, 0.17480729814341278, 0.014473470566507655, 0.8075863548250761], [0.18808152712106876, 0.6950332459586727, 0.02489365215847186, 0.09199157476178672], [0.04334762189055937, 0.9521982412724774, 0.00019394007509011105, 0.004260196761872994], [0.1079814226606341, 0.018878610451363808, 0.7432040926805381, 0.12993587420746405], [0.01089266977634328, 0.01677810357303496, 0.3827598544523675, 0.5895693721982544], [0.5024834989763162, 0.2949774815322275, 0.12762068324446232, 0.07491833624699383]], "state_values": [-2.3588573509862254, 1.8066723619029545, 1.2455539864824328, -0.7588327635706174, -4.963422939793044, -1.3786719008471604, -0.6037172430182791, 3.5069153606206127, 4.53157849863347, -4.368790963071752, 4.573819428534109, -1.4469549180174512, 1.791957586998207, 3.895822860906688, 3.2664082994264243, 0.7328960207884543], "value_grad": [1.3147211074829102, -0.4237203598022461, 0.7642793655395508, 0.1979999542236328, 0.8830795288085938, 0.3009605407714844, 0.993962287902832, 0.7999210357666016, 1.334519386291504, -1.8295202255249023, 0.11088085174560547, 0.7999200820922852, 0.41975975036621094, 0.11879920959472656, -1.6750802993774414, 1.9007997512817383], "action_grad": [[0.0, 0.0, 0.0], [0.0, 0.0, 0.0], [0.0, 0.0, 0.0], [0.0, 0.0, 0.0], [0.0, 0.0, 0.0], [0.0, 0.0, 0.0], [0.0, 0.0, 0.0], [0.0, 0.0, 0.0], [0.0, 0.0, 0.0], [0.0, 0.0, 0.0], [0.0, 0.0, 0.0], [0.0, 0.0, 0.0], [0.0, 0.0, 0.0], [0.0, 0.0, 0.0], [0.0, 0.0, 0.0], [0.0, 0.0, 0.0]], "action_params_change": 0, "value_params_change": 0.4991338196090478}
{"iterations": 1, "type_itr": 0, "sub_iteration": 2, "sub_it_time": 0.1391303539276123, "total_time": 0.5777938365936279, "value_loss": 9.915840148925781, "action_loss": -0.07896295934915543, "action_probs": [[0.723693113865912, 0.013163578710519642, 0.2584423829774524, 0.004700924446115835], [0.005558613895700903, 0.0023698160513901554, 0.6955403341678257, 0.29653123588508323], [0.32365370261624576, 0.4597425722957208, 0.08948804056170859, 0.127115684526325], [0.0317507345234723, 0.42027106512941687, 0.03849086565566492, 0.509487334691446], [0.8640841725917281, 0.09018763247173238, 0.04140645178469389, 0.004321743151845609], [0.4291904302833986, 0.2735245105931919, 0.18156992973970248, 0.11571512938370704], [0.08071001346275325, 0.6320491796522671, 0.03252600543729172, 0.25471480144768793], [0.2046147693463247, 0.7130075042500383, 0.01836888660221118, 0.06400883980142567], [0.27809231593199996, 0.5086273601460748, 0.07539104591593962, 0.1378892780059855], [0.0032341255586460765, 0.8556635103688092, 0.0005313121645044846, 0.1405710519080403], [0.0031328764650034586, 0.17480729814341278, 0.014473470566507655, 0.8075863548250761], [0.18808152712106876, 0.6950332459586727, 0.02489365215847186, 0.09199157476178672], [0.04334762189055937, 0.9521982412724774, 0.00019394007509011105, 0.004260196761872994], [0.1079814226606341, 0.018878610451363808, 0.7432040926805381, 0.12993587420746405], [0.01089266977634328, 0.01677810357303496, 0.3827598544523675, 0.5895693721982544], [0.5024834989763162, 0.2949774815322275, 0.12762068324446232, 0.07491833624699383]], "state_values": [-3.1304122956639664, 0.9535022776297625, 0.5300733854591608, -0.5384151828964563, -4.998975298768542, -1.193060372938144, 0.5211473085828866, 2.778343164401918, 3.9007649748907216, -3.7171228731868178, 4.223952192206733, -2.18607754962132, 2.8078757402344063, 3.270027355787003, 2.7300628569047807, 0.10888402375989423], "value_grad": [0.011880874633789062, 1.9166412353515625, -1.386000633239746, -0.8316011428833008, 0.46727943420410156, 0.5147991180419922, 1.6988401412963867, -0.023759841918945312, 0.7128000259399414, -1.1959199905395508, -0.043560028076171875, -0.22571945190429688, 1.6315193176269531, -2.2453203201293945, -0.22968006134033203, 1.421640396118164], "action_grad": [[0.0, 0.0, 0.0], [0.0, 0.0, 0.0], [0.0, 0.0, 0.0], [0.0, 0.0, 0.0], [0.0, 0.0, 0.0], [0.0, 0.0, 0.0], [0.0, 0.0, 0.0], [0.0, 0.0, 0.0], [0.0, 0.0, 0.0], [0.0, 0.0, 0.0], [0.0, 0.0, 0.0], [0.0, 0.0, 0.0], [0.0, 0.0, 0.0], [0.0, 0.0, 0.0], [0.0, 0.0, 0.0], [0.0, 0.0, 0.0]], "action_params_change": 0, "value_params_change": 0.47914479131212806}
{"iterations": 1, "type_itr": 0, "sub_iteration": 3, "sub_it_time": 0.14892125129699707, "total_time": 0.7284226417541504, "value_loss": 8.046720504760742, "action_loss": 0.19070640206336975, "action_probs": [[0.723693113865912, 0.013163578710519642, 0.2584423829774524, 0.004700924446115835], [0.005558613895700903, 0.0023698160513901554, 0.6955403341678257, 0.29653123588508323], [0.32365370261624576, 0.4597425722957208, 0.08948804056170859, 0.127115684526325], [0.0317507345234723, 0.42027106512941687, 0.03849086565566492, 0.509487334691446], [0.8640841725917281, 0.09018763247173238, 0.04140645178469389, 0.004321743151845609], [0.4291904302833986, 0.2735245105931919, 0.18156992973970248, 0.11571512938370704], [0.08071001346275325, 0.6320491796522671, 0.03252600543729172, 0.25471480144768793], [0.2046147693463247, 0.7130075042500383, 0.01836888660221118, 0.06400883980142567], [0.27809231593199996, 0.5086273601460748, 0.07539104591593962, 0.1378892780059855], [0.0032341255586460765, 0.8556635103688092, 0.0005313121645044846, 0.1405710519080403], [0.0031328764650034586, 0.17480729814341278, 0.014473470566507655, 0.8075863548250761], [0.18808152712106876, 0.6950332459586727, 0.02489365215847186, 0.09199157476178672], [0.04334762189055937, 0.9521982412724774, 0.00019394007509011105, 0.004260196761872994], [0.1079814226606341, 0.018878610451363808, 0.7432040926805381, 0.12993587420746405], [0.01089266977634328, 0.01677810357303496, 0.3827598544523675, 0.5895693721982544], [0.5024834989763162, 0.2949774815322275, 0.12762068324446232, 0.07491833624699383]], "state_values": [-3.8086187394019286, 0.0498320867065638, 0.11989586320935729, -0.9348122776081028, -4.998421244685261, -0.5923681257869476, 1.6051490202634724, 1.865053448010335, 3.0569378414878075, -3.338815787473928, 3.770071393717663, -2.875559441685594, 3.684146008563471, 2.5012299796942288, 1.9256928148970505, -0.6479807352062332], "value_grad": [0.4712400436401367, 1.0454397201538086, 0.6177597045898438, 1.025639533996582, -0.8078398704528809, -1.4453997611999512, 0.69696044921875, 0.5860791206359863, 2.0869202613830566, 1.0097994804382324, 0.07127952575683594, 0.2811603546142578, 2.3364005088806152, -0.8593206405639648, -2.261160373687744, 1.1563196182250977], "action_grad": [[0.0, 0.0, 0.0], [0.0, 0.0, 0.0], [0.0, 0.0, 0.0], [0.0, 0.0, 0.0], [0.0, 0.0, 0.0], [0.0, 0.0, 0.0], [0.0, 0.0, 0.0], [0.0, 0.0, 0.0], [0.0, 0.0, 0.0], [0.0, 0.0, 0.0], [0.0, 0.0, 0.0], [0.0, 0.0, 0.0], [0.0, 0.0, 0.0], [0.0, 0.0, 0.0], [0.0, 0.0, 0.0], [0.0, 0.0, 0.0]], "action_params_change": 0, "value_params_change": 0.47419495042874327}
{"iterations": 1, "type_itr": 0, "sub_iteration": 4, "sub_it_time": 0.13618874549865723, "total_time": 0.8662850856781006, "value_loss": 5.393520355224609, "action_loss": 0.3667430877685547, "action_probs": [[0.723693113865912, 0.013163578710519642, 0.2584423829774524, 0.004700924446115835], [0.005558613895700903, 0.0023698160513901554, 0.6955403341678257, 0.29653123588508323], [0.32365370261624576, 0.4597425722957208, 0.08948804056170859, 0.127115684526325], [0.0317507345234723, 0.42027106512941687, 0.03849086565566492, 0.509487334691446], [0.8640841725917281, 0.09018763247173238, 0.04140645178469389, 0.004321743151845609], [0.4291904302833986, 0.2735245105931919, 0.18156992973970248, 0.11571512938370704], [0.08071001346275325, 0.6320491796522671, 0.03252600543729172, 0.25471480144768793], [0.2046147693463247, 0.7130075042500383, 0.01836888660221118, 0.06400883980142567], [0.27809231593199996, 0.5086273601460748, 0.07539104591593962, 0.1378892780059855], [0.0032341255586460765, 0.8556635103688092, 0.0005313121645044846, 0.1405710519080403], [0.0031328764650034586, 0.17480729814341278, 0.014473470566507655, 0.8075863548250761], [0.18808152712106876, 0.6950332459586727, 0.02489365215847186, 0.09199157476178672], [0.04334762189055937, 0.9521982412724774, 0.00019394007509011105, 0.004260196761872994], [0.1079814226606341, 0.018878610451363808, 0.7432040926805381, 0.12993587420746405], [0.01089266977634328, 0.01677810357303496, 0.3827598544523675, 0.5895693721982544], [0.5024834989763162, 0.2949774815322275, 0.12762068324446232, 0.07491833624699383]], "state_values": [-3.6684471028138437, -0.7407159427488147, -0.04548136457199301, -1.2050180283716676, -4.986224498732779, 0.06434450611178597, 2.1669013575499143, 1.6518498779912072, 2.0383896642420343, -3.0595947354708186, 3.187017294341531, -2.9314255370886864, 4.2782622373609085, 1.7083983112355434, 1.547824932472914, -1.43166131621394], "value_grad": [-2.7442798614501953, 0.13068056106567383, 0.6890401840209961, -0.12672090530395508, 0.4712405204772949, -0.49499940872192383, -0.8712000846862793, -0.9622807502746582, 1.1602797508239746, 0.3049201965332031, 1.2632403373718262, -1.0454411506652832, 0.05147981643676758, -0.3049201965332031, 1.35036039352417, 0.8236799240112305], "action_grad": [[0.0, 0.0, 0.0], [0.0, 0.0, 0.0], [0.0, 0.0, 0.0], [0.0, 0.0, 0.0], [0.0, 0.0, 0.0], [0.0, 0.0, 0.0], [0.0, 0.0, 0.0], [0.0, 0.0, 0.0], [0.0, 0.0, 0.0], [0.0, 0.0, 0.0], [0.0, 0.0, 0.0], [0.0, 0.0, 0.0], [0.0, 0.0, 0.0], [0.0, 0.0, 0.0], [0.0, 0.0, 0.0], [0.0, 0.0, 0.0]], "action_params_change": 0, "value_params_change": 0.47580647855388025}
{"iterations": 1, "type_itr": 0, "sub_iteration": 5, "sub_it_time": 0.13621091842651367, "total_time": 1.0041961669921875, "value_loss": 6.7280402183532715, "action_loss": 0.4625490605831146, "action_probs": [[0.723693113865912, 0.013163578710519642, 0.2584423829774524, 0.004700924446115835], [0.005558613895700903, 0.0023698160513901554, 0.6955403341678257, 0.29653123588508323], [0.32365370261624576, 0.4597425722957208, 0.08948804056170859, 0.127115684526325], [0.0317507345234723, 0.42027106512941687, 0.03849086565566492, 0.509487334691446], [0.8640841725917281, 0.09018763247173238, 0.04140645178469389, 0.004321743151845609], [0.4291904302833986, 0.2735245105931919, 0.18156992973970248, 0.11571512938370704], [0.08071001346275325, 0.6320491796522671, 0.03252600543729172, 0.25471480144768793], [0.2046147693463247, 0.7130075042500383, 0.01836888660221118, 0.06400883980142567], [0.27809231593199996, 0.5086273601460748, 0.07539104591593962, 0.1378892780059855], [0.0032341255586460765, 0.8556635103688092, 0.0005313121645044846, 0.1405710519080403], [0.0031328764650034586, 0.17480729814341278, 0.014473470566507655, 0.8075863548250761], [0.18808152712106876, 0.6950332459586727, 0.02489365215847186, 0.09199157476178672], [0.04334762189055937, 0.9521982412724774, 0.00019394007509011105, 0.004260196761872994], [0.1079814226606341, 0.018878610451363808, 0.7432040926805381, 0.12993587420746405], [0.01089266977634328, 0.01677810357303496, 0.3827598544523675, 0.5895693721982544], [0.5024834989763162, 0.2949774815322275, 0.12762068324446232, 0.07491833624699383]], "state_values": [-3.408454442794009, -1.4154767704264182, -0.18892228114000298, -1.6126512113783193, -4.891175277320173, 0.746014918135222, 2.4735395883733133, 1.5388932072833432, 0.8824226674002871, -2.7060683792742974, 2.4036096987742126, -2.6173733323677335, 4.658731758112646, 0.7901883814716618, 1.1833264159751096, -1.6243903559402775], "value_grad": [-0.9781198501586914, 0.043560028076171875, -0.00395965576171875, 0.45144081115722656, 2.5819201469421387, -0.43560028076171875, -0.578160285949707, -0.1742396354675293, 1.6038002967834473, -0.4791603088378906, 1.6315197944641113, -1.3622398376464844, 0.031679630279541016, -1.0612797737121582, -0.15443992614746094, -2.0750389099121094], "action_grad": [[0.0, 0.0, 0.0], [0.0, 0.0, 0.0], [0.0, 0.0, 0.0], [0.0, 0.0, 0.0], [0.0, 0.0, 0.0], [0.0, 0.0, 0.0], [0.0, 0.0, 0.0], [0.0, 0.0, 0.0], [0.0, 0.0, 0.0], [0.0, 0.0, 0.0], [0.0, 0.0, 0.0], [0.0, 0.0, 0.0], [0.0, 0.0, 0.0], [0.0, 0.0, 0.0], [0.0, 0.0, 0.0], [0.0, 0.0, 0.0]], "action_params_change": 0, "value_params_change": 0.48499170998800034}
{"iterations": 1, "type_itr": 0, "sub_iteration": 6, "sub_it_time": 0.13412857055664062, "total_time": 1.1399941444396973, "value_loss": 5.148000240325928, "action_loss": 0.5371654629707336, "action_probs": [[0.723693113865912, 0.013163578710519642, 0.2584423829774524, 0.004700924446115835], [0.005558613895700903, 0.0023698160513901554, 0.6955403341678257, 0.29653123588508323], [0.32365370261624576, 0.4597425722957208, 0.08948804056170859, 0.127115684526325], [0.0317507345234723, 0.42027106512941687, 0.03849086565566492, 0.509487334691446], [0.8640841725917281, 0.09018763247173238, 0.04140645178469389, 0.004321743151845609], [0.4291904302833986, 0.2735245105931919, 0.18156992973970248, 0.11571512938370704], [0.08071001346275325, 0.6320491796522671, 0.03252600543729172, 0.25471480144768793], [0.2046147693463247, 0.7130075042500383, 0.01836888660221118, 0.06400883980142567], [0.27809231593199996, 0.5086273601460748, 0.07539104591593962, 0.1378892780059855], [0.0032341255586460765, 0.8556635103688092, 0.0005313121645044846, 0.1405710519080403], [0.0031328764650034586, 0.17480729814341278, 0.014473470566507655, 0.8075863548250761], [0.18808152712106876, 0.6950332459586727, 0.02489365215847186, 0.09199157476178672], [0.04334762189055937, 0.9521982412724774, 0.00019394007509011105, 0.004260196761872994], [0.1079814226606341, 0.018878610451363808, 0.7432040926805381, 0.12993587420746405], [0.01089266977634328, 0.01677810357303496, 0.3827598544523675, 0.5895693721982544], [0.5024834989763162, 0.2949774815322275, 0.12762068324446232, 0.07491833624699383]], "state_values": [-2.962210045140644, -2.047148481636635, -0.3140666503412624, -2.274690838991994, -4.767182365670024, 1.3662729591812448, 2.5335178029808363, 1.7019789989578344, -0.17399527631345474, -2.1796372537674533, 1.4443232527924257, -2.7103193895199182, 4.828093044419802, -0.10925245520773146, 0.617123792444621, -1.7745496272905228], "value_grad": [-1.7305197715759277, 0.41975975036621094, 0.0, 1.6711201667785645, -0.4474797248840332, -0.13464021682739258, -0.847440242767334, -0.69696044921875, 0.011879444122314453, -1.116720199584961, 1.6434006690979004, 1.5483596324920654, -0.8949599266052246, -0.34452009201049805, -1.5443997383117676, -0.0989995002746582], "action_grad": [[0.0, 0.0, 0.0], [0.0, 0.0, 0.0], [0.0, 0.0, 0.0], [0.0, 0.0, 0.0], [0.0, 0.0, 0.0], [0.0, 0.0, 0.0], [0.0, 0.0, 0.0], [0.0, 0.0, 0.0], [0.0, 0.0, 0.0], [0.0, 0.0, 0.0], [0.0, 0.0, 0.0], [0.0, 0.0, 0.0], [0.0, 0.0, 0.0], [0.0, 0.0, 0.0], [0.0, 0.0, 0.0], [0.0, 0.0, 0.0]], "action_params_change": 0, "value_params_change": 0.42443970920661345}
{"iterations": 1, "type_itr": 0, "sub_iteration": 7, "sub_it_time": 0.1317276954650879, "total_time": 1.2733216285705566, "value_loss": 4.593600273132324, "action_loss": 0.5576305985450745, "action_probs": [[0.723693113865912, 0.013163578710519642, 0.2584423829774524, 0.004700924446115835], [0.005558613895700903, 0.0023698160513901554, 0.6955403341678257, 0.29653123588508323], [0.32365370261624576, 0.4597425722957208, 0.08948804056170859, 0.127115684526325], [0.0317507345234723, 0.42027106512941687, 0.03849086565566492, 0.509487334691446], [0.8640841725917281, 0.09018763247173238, 0.04140645178469389, 0.004321743151845609], [0.4291904302833986, 0.2735245105931919, 0.18156992973970248, 0.11571512938370704], [0.08071001346275325, 0.6320491796522671, 0.03252600543729172, 0.25471480144768793], [0.2046147693463247, 0.7130075042500383, 0.01836888660221118, 0.06400883980142567], [0.27809231593199996, 0.5086273601460748, 0.07539104591593962, 0.1378892780059855], [0.0032341255586460765, 0.8556635103688092, 0.0005313121645044846, 0.1405710519080403], [0.0031328764650034586, 0.17480729814341278, 0.014473470566507655, 0.8075863548250761], [0.18808152712106876, 0.6950332459586727, 0.02489365215847186, 0.09199157476178672], [0.04334762189055937, 0.9521982412724774, 0.00019394007509011105, 0.004260196761872994], [0.1079814226606341, 0.018878610451363808, 0.7432040926805381, 0.12993587420746405], [0.01089266977634328, 0.01677810357303496, 0.3827598544523675, 0.5895693721982544], [0.5024834989763162, 0.2949774815322275, 0.12762068324446232, 0.07491833624699383]], "state_values": [-2.4481038996170335, -2.4436158781567756, -0.4683802516543136, -2.4274076347852094, -4.5263532807162665, 1.910294183863051, 2.504959484076239, 1.9152954767683914, -1.2426572823345456, -1.9907392306857497, 0.39816382114373267, -2.8259193662303588, 4.922077820259236, -0.5779090260428851, -0.06909305410566133, -1.910361737308982], "value_grad": [-0.6613202095031738, -0.8038802146911621, -0.1979999542236328, -1.5325202941894531, 1.5008392333984375, -0.059400081634521484, -0.3801603317260742, -0.20987987518310547, 1.0969200134277344, 1.3266005516052246, 0.8751602172851562, 0.17819976806640625, -0.23759984970092773, 1.235520362854004, -1.2632403373718262, 0.03168058395385742], "action_grad": [[0.0, 0.0, 0.0], [0.0, 0.0, 0.0], [0.0, 0.0, 0.0], [0.0, 0.0, 0.0], [0.0, 0.0, 0.0], [0.0, 0.0, 0.0], [0.0, 0.0, 0.0], [0.0, 0.0, 0.0], [0.0, 0.0, 0.0], [0.0, 0.0, 0.0], [0.0, 0.0, 0.0], [0.0, 0.0, 0.0], [0.0, 0.0, 0.0], [0.0, 0.0, 0.0], [0.0, 0.0, 0.0], [0.0, 0.0, 0.0]], "action_params_change": 0, "value_params_change": 0.4327155272652221}
{"iterations": 1, "type_itr": 0, "sub_iteration": 8, "sub_it_time": 0.12746715545654297, "total_time": 1.4023854732513428, "value_loss": 5.294520378112793, "action_loss": 0.6355069279670715, "action_probs": [[0.723693113865912, 0.013163578710519642, 0.2584423829774524, 0.004700924446115835], [0.005558613895700903, 0.0023698160513901554, 0.6955403341678257, 0.29653123588508323], [0.32365370261624576, 0.4597425722957208, 0.08948804056170859, 0.127115684526325], [0.0317507345234723, 0.42027106512941687, 0.03849086565566492, 0.509487334691446], [0.8640841725917281, 0.09018763247173238, 0.04140645178469389, 0.004321743151845609], [0.4291904302833986, 0.2735245105931919, 0.18156992973970248, 0.11571512938370704], [0.08071001346275325, 0.6320491796522671, 0.03252600543729172, 0.25471480144768793], [0.2046147693463247, 0.7130075042500383, 0.01836888660221118, 0.06400883980142567], [0.27809231593199996, 0.5086273601460748, 0.07539104591593962, 0.1378892780059855], [0.0032341255586460765, 0.8556635103688092, 0.0005313121645044846, 0.1405710519080403], [0.0031328764650034586, 0.17480729814341278, 0.014473470566507655, 0.8075863548250761], [0.18808152712106876, 0.6950332459586727, 0.02489365215847186, 0.09199157476178672], [0.04334762189055937, 0.9521982412724774, 0.00019394007509011105, 0.004260196761872994], [0.1079814226606341, 0.018878610451363808, 0.7432040926805381, 0.12993587420746405], [0.01089266977634328, 0.01677810357303496, 0.3827598544523675, 0.5895693721982544], [0.5024834989763162, 0.2949774815322275, 0.12762068324446232, 0.07491833624699383]], "state_values": [-2.230207603539843, -2.817285788708331, -0.7672206205964287, -2.3041153277882396, -4.113007827515519, 2.171037466754535, 2.355207167797885, 1.8421252460390902, -2.0482765141117087, -1.612810172265755, -0.6046772512483641, -2.8312876255228145, 4.966411988690984, -1.1537362784173, -0.7106773344219005, -1.9204546428477682], "value_grad": [1.6829991340637207, 0.2811603546142578, -0.7919998168945312, -1.3780803680419922, 2.2849202156066895, 0.7603201866149902, -0.6058802604675293, 0.7920002937316895, -0.5504398345947266, -1.263239860534668, 0.2890801429748535, -0.4989604949951172, -0.3959999084472656, -0.9702005386352539, -0.20988035202026367, -0.7127995491027832], "action_grad": [[0.0, 0.0, 0.0], [0.0, 0.0, 0.0], [0.0, 0.0, 0.0], [0.0, 0.0, 0.0], [0.0, 0.0, 0.0], [0.0, 0.0, 0.0], [0.0, 0.0, 0.0], [0.0, 0.0, 0.0], [0.0, 0.0, 0.0], [0.0, 0.0, 0.0], [0.0, 0.0, 0.0], [0.0, 0.0, 0.0], [0.0, 0.0, 0.0], [0.0, 0.0, 0.0], [0.0, 0.0, 0.0], [0.0, 0.0, 0.0]], "action_params_change": 0, "value_params_change": 0.40189872838099117}
{"iterations": 1, "type_itr": 0, "sub_iteration": 9, "sub_it_time": 0.12891602516174316, "total_time": 1.5328772068023682, "value_loss": 6.367680072784424, "action_loss": 0.6949102282524109, "action_probs": [[0.723693113865912, 0.013163578710519642, 0.2584423829774524, 0.004700924446115835], [0.005558613895700903, 0.0023698160513901554, 0.6955403341678257, 0.29653123588508323], [0.32365370261624576, 0.4597425722957208, 0.08948804056170859, 0.127115684526325], [0.0317507345234723, 0.42027106512941687, 0.03849086565566492, 0.509487334691446], [0.8640841725917281, 0.09018763247173238, 0.04140645178469389, 0.004321743151845609], [0.4291904302833986, 0.2735245105931919, 0.18156992973970248, 0.11571512938370704], [0.08071001346275325, 0.6320491796522671, 0.03252600543729172, 0.25471480144768793], [0.2046147693463247, 0.7130075042500383, 0.01836888660221118, 0.06400883980142567], [0.27809231593199996, 0.5086273601460748, 0.07539104591593962, 0.1378892780059855], [0.0032341255586460765, 0.8556635103688092, 0.0005313121645044846, 0.1405710519080403], [0.0031328764650034586, 0.17480729814341278, 0.014473470566507655, 0.8075863548250761], [0.18808152712106876, 0.6950332459586727, 0.02489365215847186, 0.09199157476178672], [0.04334762189055937, 0.9521982412724774, 0.00019394007509011105, 0.004260196761872994], [0.1079814226606341, 0.018878610451363808, 0.7432040926805381, 0.12993587420746405], [0.01089266977634328, 0.01677810357303496, 0.3827598544523675, 0.5895693721982544], [0.5024834989763162, 0.2949774815322275, 0.12762068324446232, 0.07491833624699383]], "state_values": [-2.1349149104090417, -2.9363493246616574, -0.8825171357100668, -2.087735625328742, -3.5296770581580166, 2.142761007993206, 2.250860032986753, 1.9583275664821913, -2.557680933369686, -1.241393081998828, -1.6464946711984016, -2.9422955546789615, 4.974354876736122, -1.6559950050162011, -1.3515054746623694, -1.954239258055582], "value_grad": [0.764279842376709, -1.4335203170776367, 0.700920581817627, -0.6058802604675293, 1.5879602432250977, 1.120680332183838, 0.1504807472229004, -0.617760181427002, -0.9820804595947266, -0.14256000518798828, 1.3741202354431152, 0.5860791206359863, -1.0256404876708984, -0.00792074203491211, -0.5385599136352539, 0.1663203239440918], "action_grad": [[0.0, 0.0, 0.0], [0.0, 0.0, 0.0], [0.0, 0.0, 0.0], [0.0, 0.0, 0.0], [0.0, 0.0, 0.0], [0.0, 0.0, 0.0], [0.0, 0.0, 0.0], [0.0, 0.0, 0.0], [0.0, 0.0, 0.0], [0.0, 0.0, 0.0], [0.0, 0.0, 0.0], [0.0, 0.0, 0.0], [0.0, 0.0, 0.0], [0.0, 0.0, 0.0], [0.0, 0.0, 0.0], [0.0, 0.0, 0.0]], "action_params_change": 0, "value_params_change": 0.42865761348936404}
{"iterations": 1, "type_itr": 0, "sub_iteration": 10, "sub_it_time": 0.13048267364501953, "total_time": 1.6649715900421143, "value_loss": 5.1163201332092285, "action_loss": 0.6601375341415405, "action_probs": [[0.723693113865912, 0.013163578710519642, 0.2584423829774524, 0.004700924446115835], [0.005558613895700903, 0.0023698160513901554, 0.6955403341678257, 0.29653123588508323], [0.32365370261624576, 0.4597425722957208, 0.08948804056170859, 0.127115684526325], [0.0317507345234723, 0.42027106512941687, 0.03849086565566492, 0.509487334691446], [0.8640841725917281, 0.09018763247173238, 0.04140645178469389, 0.004321743151845609], [0.4291904302833986, 0.2735245105931919, 0.18156992973970248, 0.11571512938370704], [0.08071001346275325, 0.6320491796522671, 0.03252600543729172, 0.25471480144768793], [0.2046147693463247, 0.7130075042500383, 0.01836888660221118, 0.06400883980142567], [0.27809231593199996, 0.5086273601460748, 0.07539104591593962, 0.1378892780059855], [0.0032341255586460765, 0.8556635103688092, 0.0005313121645044846, 0.1405710519080403], [0.0031328764650034586, 0.17480729814341278, 0.014473470566507655, 0.8075863548250761], [0.18808152712106876, 0.6950332459586727, 0.02489365215847186, 0.09199157476178672], [0.04334762189055937, 0.9521982412724774, 0.00019394007509011105, 0.004260196761872994], [0.1079814226606341, 0.018878610451363808, 0.7432040926805381, 0.12993587420746405], [0.01089266977634328, 0.01677810357303496, 0.3827598544523675, 0.5895693721982544], [0.5024834989763162, 0.2949774815322275, 0.12762068324446232, 0.07491833624699383]], "state_values": [-2.046620401568091, -3.0661573962663895, -1.1993382200564473, -1.8283931117067445, -2.872880858085448, 1.9138268852415585, 1.8676362852496387, 2.131333088924312, -2.7010678655906335, -0.9620446260204334, -2.5912120254085202, -2.8723649475336575, 4.953248130086163, -1.9136598162653102, -1.9863325105362257, -1.7906788656755335], "value_grad": [-0.01584005355834961, 0.20987892150878906, -1.1959195137023926, -0.3484807014465332, 0.316800594329834, 1.0414800643920898, -1.7186408042907715, -0.25343990325927734, -1.9839601516723633, 0.3247199058532715, 0.518761157989502, -0.9622793197631836, -1.4414403438568115, 0.946439266204834, -0.5940003395080566, -1.3701601028442383], "action_grad": [[0.0, 0.0, 0.0], [0.0, 0.0, 0.0], [0.0, 0.0, 0.0], [0.0, 0.0, 0.0], [0.0, 0.0, 0.0], [0.0, 0.0, 0.0], [0.0, 0.0, 0.0], [0.0, 0.0, 0.0], [0.0, 0.0, 0.0], [0.0, 0.0, 0.0], [0.0, 0.0, 0.0], [0.0, 0.0, 0.0], [0.0, 0.0, 0.0], [0.0, 0.0, 0.0], [0.0, 0.0, 0.0], [0.0, 0.0, 0.0]], "action_params_change": 0, "value_params_change": 0.418467122583678}
{"iterations": 1, "type_itr": 0, "sub_iteration": 11, "sub_it_time": 0.1358485221862793, "total_time": 1.8037474155426025, "value_loss": 5.8805999755859375, "action_loss": 0.667925238609314, "action_probs": [[0.723693113865912, 0.013163578710519642, 0.2584423829774524, 0.004700924446115835], [0.005558613895700903, 0.0023698160513901554, 0.6955403341678257, 0.29653123588508323], [0.32365370261624576, 0.4597425722957208, 0.08948804056170859, 0.127115684526325], [0.0317507345234723, 0.42027106512941687, 0.03849086565566492, 0.509487334691446], [0.8640841725917281, 0.09018763247173238, 0.04140645178469389, 0.004321743151845609], [0.4291904302833986, 0.2735245105931919, 0.18156992973970248, 0.11571512938370704], [0.08071001346275325, 0.6320491796522671, 0.03252600543729172, 0.25471480144768793], [0.2046147693463247, 0.7130075042500383, 0.01836888660221118, 0.06400883980142567], [0.27809231593199996, 0.5086273601460748, 0.07539104591593962, 0.1378892780059855], [0.0032341255586460765, 0.8556635103688092, 0.0005313121645044846, 0.1405710519080403], [0.0031328764650034586, 0.17480729814341278, 0.014473470566507655, 0.8075863548250761], [0.18808152712106876, 0.6950332459586727, 0.02489365215847186, 0.09199157476178672], [0.04334762189055937, 0.9521982412724774, 0.00019394007509011105, 0.004260196761872994], [0.1079814226606341, 0.018878610451363808, 0.7432040926805381, 0.12993587420746405], [0.01089266977634328, 0.01677810357303496, 0.3827598544523675, 0.5895693721982544], [0.5024834989763162, 0.2949774815322275, 0.12762068324446232, 0.07491833624699383]], "state_values": [-1.8893545112571868, -3.182910159501349, -1.2551194419983378, -1.4458816417420108, -2.024363208777029, 1.4492918282546596, 1.475239056159723, 2.172311044161472, -2.7323466905596527, -0.5500805127231249, -3.219548915987062, -2.7223684424854384, 4.906912444095554, -2.117234620131414, -2.321600298159517, -1.7944202877957507], "value_grad": [-0.593998908996582, 0.023760318756103516, 1.2117600440979004, -0.8632807731628418, 2.9264397621154785, 1.5919198989868164, -0.20196008682250977, 0.40391969680786133, -0.791999340057373, -0.9702010154724121, -0.7603201866149902, -0.5108394622802734, -0.7801203727722168, 0.13859987258911133, 1.3424396514892578, 1.077120304107666], "action_grad": [[0.0, 0.0, 0.0], [0.0, 0.0, 0.0], [0.0, 0.0, 0.0], [0.0, 0.0, 0.0], [0.0, 0.0, 0.0], [0.0, 0.0, 0.0], [0.0, 0.0, 0.0], [0.0, 0.0, 0.0], [0.0, 0.0, 0.0], [0.0, 0.0, 0.0], [0.0, 0.0, 0.0], [0.0, 0.0, 0.0], [0.0, 0.0, 0.0], [0.0, 0.0, 0.0], [0.0, 0.0, 0.0], [0.0, 0.0, 0.0]], "action_params_change": 0, "value_params_change": 0.39049334056300467}
{"iterations": 1, "type_itr": 0, "sub_iteration": 12, "sub_it_time": 0.13126206398010254, "total_time": 1.9367246627807617, "value_loss": 5.456880569458008, "action_loss": 0.6016398072242737, "action_probs": [[0.723693113865912, 0.013163578710519642, 0.2584423829774524, 0.004700924446115835], [0.005558613895700903, 0.0023698160513901554, 0.6955403341678257, 0.29653123588508323], [0.32365370261624576, 0.4597425722957208, 0.08948804056170859, 0.127115684526325], [0.0317507345234723, 0.42027106512941687, 0.03849086565566492, 0.509487334691446], [0.8640841725917281, 0.09018763247173238, 0.04140645178469389, 0.004321743151845609], [0.4291904302833986, 0.2735245105931919, 0.18156992973970248, 0.11571512938370704], [0.08071001346275325, 0.6320491796522671, 0.03252600543729172, 0.25471480144768793], [0.2046147693463247, 0.7130075042500383, 0.01836888660221118, 0.06400883980142567], [0.27809231593199996, 0.5086273601460748, 0.07539104591593962, 0.1378892780059855], [0.0032341255586460765, 0.8556635103688092, 0.0005313121645044846, 0.1405710519080403], [0.0031328764650034586, 0.17480729814341278, 0.014473470566507655, 0.8075863548250761], [0.18808152712106876, 0.6950332459586727, 0.02489365215847186, 0.09199157476178672], [0.04334762189055937, 0.9521982412724774, 0.00019394007509011105, 0.004260196761872994], [0.1079814226606341, 0.018878610451363808, 0.7432040926805381, 0.12993587420746405], [0.01089266977634328, 0.01677810357303496, 0.3827598544523675, 0.5895693721982544], [0.5024834989763162, 0.2949774815322275, 0.12762068324446232, 0.07491833624699383]], "state_values": [-1.6427745155029634, -3.159007352628065, -1.1856414005750366, -0.9134813236205673, -1.195178582418448, 0.8424216110636443, 0.9332453113058359, 2.2484352746190868, -2.6858577799227583, -0.3888854506616665, -3.7252480660296508, -2.624709648854816, 4.839715694247673, -2.1243082144704095, -2.5068191622943234, -1.7557141866917387], "value_grad": [-0.7999200820922852, -1.0929603576660156, 0.7048807144165039, -1.1682000160217285, -0.02375936508178711, 1.1682004928588867, -1.1325597763061523, -0.14651918411254883, -0.6336002349853516, 1.1682004928588867, 0.03959941864013672, 0.22968006134033203, -0.30887937545776367, 1.0493998527526855, 0.7999200820922852, -0.30887889862060547], "action_grad": [[0.0, 0.0, 0.0], [0.0, 0.0, 0.0], [0.0, 0.0, 0.0], [0.0, 0.0, 0.0], [0.0, 0.0, 0.0], [0.0, 0.0, 0.0], [0.0, 0.0, 0.0], [0.0, 0.0, 0.0], [0.0, 0.0, 0.0], [0.0, 0.0, 0.0], [0.0, 0.0, 0.0], [0.0, 0.0, 0.0], [0.0, 0.0, 0.0], [0.0, 0.0, 0.0], [0.0, 0.0, 0.0], [0.0, 0.0, 0.0]], "action_params_change": 0, "value_params_change": 0.3509337679911919}
{"iterations": 1, "type_itr": 0, "sub_iteration": 13, "sub_it_time": 0.13370752334594727, "total_time": 2.0721142292022705, "value_loss": 4.934160232543945, "action_loss": 0.6201127767562866, "action_probs": [[0.723693113865912, 0.013163578710519642, 0.2584423829774524, 0.004700924446115835], [0.005558613895700903, 0.0023698160513901554, 0.6955403341678257, 0.29653123588508323], [0.32365370261624576, 0.4597425722957208, 0.08948804056170859, 0.127115684526325], [0.0317507345234723, 0.42027106512941687, 0.03849086565566492, 0.509487334691446], [0.8640841725917281, 0.09018763247173238, 0.04140645178469389, 0.004321743151845609], [0.4291904302833986, 0.2735245105931919, 0.18156992973970248, 0.11571512938370704], [0.08071001346275325, 0.6320491796522671, 0.03252600543729172, 0.25471480144768793], [0.2046147693463247, 0.7130075042500383, 0.01836888660221118, 0.06400883980142567], [0.27809231593199996, 0.5086273601460748, 0.07539104591593962, 0.1378892780059855], [0.0032341255586460765, 0.8556635103688092, 0.0005313121645044846, 0.1405710519080403], [0.0031328764650034586, 0.17480729814341278, 0.014473470566507655, 0.8075863548250761], [0.18808152712106876, 0.6950332459586727, 0.02489365215847186, 0.09199157476178672], [0.04334762189055937, 0.9521982412724774, 0.00019394007509011105, 0.004260196761872994], [0.1079814226606341, 0.018878610451363808, 0.7432040926805381, 0.12993587420746405], [0.01089266977634328, 0.01677810357303496, 0.3827598544523675, 0.5895693721982544], [0.5024834989763162, 0.2949774815322275, 0.12762068324446232, 0.07491833624699383]], "state_values": [-1.3313180990192752, -3.102718834746656, -1.2010977958584879, -0.4540365597498302, -0.41836871432182304, 0.20964519861429756, 0.45603973129728753, 2.648436117019204, -2.6928666474103897, -0.04931710342151105, -4.106845672363863, -2.464123268506638, 4.809488479098586, -1.8708142189332313, -2.6128359741261216, -1.677833045607951], "value_grad": [-0.6533999443054199, -0.30096006393432617, -0.4633193016052246, 0.1742396354675293, -0.039600372314453125, 0.44352054595947266, 0.12276029586791992, -1.78200101852417, 0.4158000946044922, -1.2870001792907715, -0.11088037490844727, -0.4078803062438965, 0.958319902420044, 1.8255598545074463, 0.4553999900817871, -0.31283998489379883], "action_grad": [[0.0, 0.0, 0.0], [0.0, 0.0, 0.0], [0.0, 0.0, 0.0], [0.0, 0.0, 0.0], [0.0, 0.0, 0.0], [0.0, 0.0, 0.0], [0.0, 0.0, 0.0], [0.0, 0.0, 0.0], [0.0, 0.0, 0.0], [0.0, 0.0, 0.0], [0.0, 0.0, 0.0], [0.0, 0.0, 0.0], [0.0, 0.0, 0.0], [0.0, 0.0, 0.0], [0.0, 0.0, 0.0], [0.0, 0.0, 0.0]], "action_params_change": 0, "value_params_change": 0.31520193672410457}
