{"iterations": 0, "type_itr": 0, "sub_iteration": 0, "sub_it_time": 0, "total_time": 0, "value_loss": 0, "action_loss": 0, "action_probs": [[0.015139526837477768, 0.01806715019400724, 0.44077862550047475, 0.5260146974680404], [0.1776205382519331, 0.0034998206492804474, 0.8030562853226639, 0.01582335577612248], [0.34418023846320334, 0.015802841039919233, 0.6119209175640977, 0.02809600293277964], [0.16738653348234936, 0.18049193140521919, 0.3137772934778718, 0.3383442416345599], [0.31969987101770914, 0.46323060896736035, 0.08863762406078854, 0.12843189595414198], [0.008090763121346935, 0.00040290649160877584, 0.9444731450633785, 0.04703318532366593], [9.484375759300382e-06, 0.002804899934575618, 0.003360480317574183, 0.9938251353720908], [0.00022355557012564595, 0.00011295883301153024, 0.6641033440856855, 0.33556014151117763], [0.7773404154601777, 0.2183411077506346, 0.003371486226476438, 0.0009469905627113036], [0.7839003333034184, 0.07338491351936931, 0.13049815449122926, 0.012216598685982972], [0.570161248369018, 0.0003432744816680105, 0.4292370482825969, 0.0002584288667169298], [0.3685864713415973, 0.22294809064293103, 0.25451570227448583, 0.15394973574098575], [0.3499696053243883, 0.0650637555848099, 0.49326286292279764, 0.09170377616800424], [0.001020353917164988, 0.0001310382194946576, 0.8851711395606189, 0.11367746830272142], [0.054690873832859, 0.9452020704995205, 5.855594885541727e-06, 0.00010120007273489769], [0.24654616608129387, 0.6773539867484019, 0.020307525117023495, 0.05579232205328067]], "state_values": [-0.9937603048160043, 2.0268395075975523, -3.098096867597585, 2.7146403391736027, -3.208940401431744, 3.9372817033092664, 3.9397947142302523, 4.713472701723792, 0.42539184442332095, -4.8525792443694655, -2.3674189625218753, 4.94925166439932, 3.7881623158527113, -2.0071279546415535, -1.541922034303631, -2.873618800902481], "value_grad": [0.0, 0.0, 0.0, 0.0, 0.0, 0.0, 0.0, 0.0, 0.0, 0.0, 0.0, 0.0, 0.0, 0.0, 0.0, 0.0], "action_grad": [[0.0, 0.0, 0.0], [0.0, 0.0, 0.0], [0.0, 0.0, 0.0], [0.0, 0.0, 0.0], [0.0, 0.0, 0.0], [0.0, 0.0, 0.0], [0.0, 0.0, 0.0], [0.0, 0.0, 0.0], [0.0, 0.0, 0.0], [0.0, 0.0, 0.0], [0.0, 0.0, 0.0], [0.0, 0.0, 0.0], [0.0, 0.0, 0.0], [0.0, 0.0, 0.0], [0.0, 0.0, 0.0], [0.0, 0.0, 0.0]], "action_params_change": 0, "value_params_change": 0}
{"iterations": 1, "type_itr": 0, "sub_iteration": 0, "sub_it_time": 0.10606098175048828, "total_time": 0.10736322402954102, "value_loss": 6.732000827789307, "action_loss": 0.3259938359260559, "action_probs": [[0.015139526837477768, 0.01806715019400724, 0.44077862550047475, 0.5260146974680404], [0.1776205382519331, 0.0034998206492804474, 0.8030562853226639, 0.01582335577612248], [0.34418023846320334, 0.015802841039919233, 0.6119209175640977, 0.02809600293277964], [0.16738653348234936, 0.18049193140521919, 0.3137772934778718, 0.3383442416345599], [0.31969987101770914, 0.46323060896736035, 0.08863762406078854, 0.12843189595414198], [0.008090763121346935, 0.00040290649160877584, 0.9444731450633785, 0.04703318532366593], [9.484375759300382e-06, 0.002804899934575618, 0.003360480317574183, 0.9938251353720908], [0.00022355557012564595, 0.00011295883301153024, 0.6641033440856855, 0.33556014151117763], [0.7773404154601777, 0.2183411077506346, 0.003371486226476438, 0.0009469905627113036], [0.7839003333034184, 0.07338491351936931, 0.13049815449122926, 0.012216598685982972], [0.570161248369018, 0.0003432744816680105, 0.4292370482825969, 0.0002584288667169298], [0.3685864713415973, 0.22294809064293103, 0.25451570227448583, 0.15394973574098575], [0.3499696053243883, 0.0650637555848099, 0.49326286292279764, 0.09170377616800424], [0.001020353917164988, 0.0001310382194946576, 0.8851711395606189, 0.11367746830272142], [0.054690873832859, 0.9452020704995205, 5.855594885541727e-06, 0.00010120007273489769], [0.24654616608129387, 0.6773539867484019, 0.020307525117023495, 0.05579232205328067]], "state_values": [-2.175207711331286, 0.8330038454538212, -3.9727243879503806, 1.5914252463158485, -2.160533957973978, 3.052418722910802, 4.57898349381887, 4.154201917893315, -0.8203672427665943, -4.403556378197537, -1.20425147421928, 4.6195938937204035, 4.477777370939256, -3.0777072949657875, -2.6707171187329966, -1.7719729468779233], "value_grad": [10.692001342773438, 1.1879997253417969, 13.463998794555664, -5.148001670837402, -2.3760013580322266, 8.711999893188477, -2.375997543334961, 16.631999969482422, -5.147998809814453, -6.336000919342041, 9.899999618530273, 1.9799995422363281, 1.5840015411376953, 7.52400016784668, -8.711999893188477, 0.39600181579589844], "action_grad": [[0.0, 0.0, 0.0], [0.0, 0.0, 0.0], [0.0, 0.0, 0.0], [0.0, 0.0, 0.0], [0.0, 0.0, 0.0], [0.0, 0.0, 0.0], [0.0, 0.0, 0.0], [0.0, 0.0, 0.0], [0.0, 0.0, 0.0], [0.0, 0.0, 0.0], [0.0, 0.0, 0.0], [0.0, 0.0, 0.0], [0.0, 0.0, 0.0], [0.0, 0.0, 0.0], [0.0, 0.0, 0.0], [0.0, 0.0, 0.0]], "action_params_change": 0, "value_params_change": 0.4999999996993747}
{"iterations": 1, "type_itr": 0, "sub_iteration": 1, "sub_it_time": 0.10495710372924805, "total_time": 0.2140178680419922, "value_loss": 14.65200138092041, "action_loss": 0.036221541464328766, "action_probs": [[0.015139526837477768, 0.01806715019400724, 0.44077862550047475, 0.5260146974680404], [0.1776205382519331, 0.0034998206492804474, 0.8030562853226639, 0.01582335577612248], [0.34418023846320334, 0.015802841039919233, 0.6119209175640977, 0.02809600293277964], [0.16738653348234936, 0.18049193140521919, 0.3137772934778718, 0.3383442416345599], [0.31969987101770914, 0.46323060896736035, 0.08863762406078854, 0.12843189595414198], [0.008090763121346935, 0.00040290649160877584, 0.9444731450633785, 0.04703318532366593], [9.484375759300382e-06, 0.002804899934575618, 0.003360480317574183, 0.9938251353720908], [0.00022355557012564595, 0.00011295883301153024, 0.6641033440856855, 0.33556014151117763], [0.7773404154601777, 0.2183411077506346, 0.003371486226476438, 0.0009469905627113036], [0.7839003333034184, 0.07338491351936931, 0.13049815449122926, 0.012216598685982972], [0.570161248369018, 0.0003432744816680105, 0.4292370482825969, 0.0002584288667169298], [0.3685864713415973, 0.22294809064293103, 0.25451570227448583, 0.15394973574098575], [0.3499696053243883, 0.0650637555848099, 0.49326286292279764, 0.09170377616800424], [0.001020353917164988, 0.0001310382194946576, 0.8851711395606189, 0.11367746830272142], [0.054690873832859, 0.9452020704995205, 5.855594885541727e-06, 0.00010120007273489769], [0.24654616608129387, 0.6773539867484019, 0.020307525117023495, 0.05579232205328067]], "state_values": [-3.0614047732529452, 1.6447918988473251, -4.556909899327793, 0.3748182339213844, -2.2196754207986937, 2.041133017289957, 4.175858072345563, 3.8864346772083587, -0.49955326397028765, -4.095942789230151, -0.09298482962168865, 4.120314046118099, 4.872638023266082, -3.1100755771437743, -2.9818341798605106, -2.4065219432533134], "value_grad": [2.772001266479492, -11.484001159667969, 5.939999580383301, -7.128002166748047, 2.37600040435791, 4.7519989013671875, 24.552000045776367, -6.336000919342041, 7.920001983642578, 1.5840003490447998, 3.9600000381469727, 12.672001838684082, 3.960000514984131, -6.335999488830566, 3.9600000381469727, -1.5839996337890625], "action_grad": [[0.0, 0.0, 0.0], [0.0, 0.0, 0.0], [0.0, 0.0, 0.0], [0.0, 0.0, 0.0], [0.0, 0.0, 0.0], [0.0, 0.0, 0.0], [0.0, 0.0, 0.0], [0.0, 0.0, 0.0], [0.0, 0.0, 0.0], [0.0, 0.0, 0.0], [0.0, 0.0, 0.0], [0.0, 0.0, 0.0], [0.0, 0.0, 0.0], [0.0, 0.0, 0.0], [0.0, 0.0, 0.0], [0.0, 0.0, 0.0]], "action_params_change": 0, "value_params_change": 0.49777174432520077}
{"iterations": 1, "type_itr": 0, "sub_iteration": 2, "sub_it_time": 0.10570836067199707, "total_time": 0.3212246894836426, "value_loss": 15.04800033569336, "action_loss": -0.2897723317146301, "action_probs": [[0.015139526837477768, 0.01806715019400724, 0.44077862550047475, 0.5260146974680404], [0.1776205382519331, 0.0034998206492804474, 0.8030562853226639, 0.01582335577612248], [0.34418023846320334, 0.015802841039919233, 0.6119209175640977, 0.02809600293277964], [0.16738653348234936, 0.18049193140521919, 0.3137772934778718, 0.3383442416345599], [0.31969987101770914, 0.46323060896736035, 0.08863762406078854, 0.12843189595414198], [0.008090763121346935, 0.00040290649160877584, 0.9444731450633785, 0.04703318532366593], [9.484375759300382e-06, 0.002804899934575618, 0.003360480317574183, 0.9938251353720908], [0.00022355557012564595, 0.00011295883301153024, 0.6641033440856855, 0.33556014151117763], [0.7773404154601777, 0.2183411077506346, 0.003371486226476438, 0.0009469905627113036], [0.7839003333034184, 0.07338491351936931, 0.13049815449122926, 0.012216598685982972], [0.570161248369018, 0.0003432744816680105, 0.4292370482825969, 0.0002584288667169298], [0.3685864713415973, 0.22294809064293103, 0.25451570227448583, 0.15394973574098575], [0.3499696053243883, 0.0650637555848099, 0.49326286292279764, 0.09170377616800424], [0.001020353917164988, 0.0001310382194946576, 0.8851711395606189, 0.11367746830272142], [0.054690873832859, 0.9452020704995205, 5.855594885541727e-06, 0.00010120007273489769], [0.24654616608129387, 0.6773539867484019, 0.020307525117023495, 0.05579232205328067]], "state_values": [-3.7576872850796725, 1.8427466262075622, -4.907156372973336, -0.13199533833783503, -2.559193952852816, 0.9041718754780886, 3.564784644784604, 3.390146284674096, 0.2044855495110331, -4.1918005553550195, 1.038230200604662, 3.5761147762886343, 4.826806716390936, -2.698777006656475, -2.7829900680109, -1.7905752873037473], "value_grad": [2.3759989738464355, 5.940000534057617, 7.919999122619629, 4.356001853942871, 1.584000587463379, 5.940000534057617, 15.048002243041992, 11.484000205993652, 7.9200005531311035, 5.543999671936035, 5.543999671936035, 0.7919999361038208, -6.73199987411499, -8.71199893951416, 7.128000259399414, 8.316001892089844], "action_grad": [[0.0, 0.0, 0.0], [0.0, 0.0, 0.0], [0.0, 0.0, 0.0], [0.0, 0.0, 0.0], [0.0, 0.0, 0.0], [0.0, 0.0, 0.0], [0.0, 0.0, 0.0], [0.0, 0.0, 0.0], [0.0, 0.0, 0.0], [0.0, 0.0, 0.0], [0.0, 0.0, 0.0], [0.0, 0.0, 0.0], [0.0, 0.0, 0.0], [0.0, 0.0, 0.0], [0.0, 0.0, 0.0], [0.0, 0.0, 0.0]], "action_params_change": 0, "value_params_change": 0.477351663475424}
{"iterations": 1, "type_itr": 0, "sub_iteration": 3, "sub_it_time": 0.10368800163269043, "total_time": 0.4264247417449951, "value_loss": -4.751999855041504, "action_loss": 0.09055384993553162, "action_probs": [[0.015139526837477768, 0.01806715019400724, 0.44077862550047475, 0.5260146974680404], [0.1776205382519331, 0.0034998206492804474, 0.8030562853226639, 0.01582335577612248], [0.34418023846320334, 0.015802841039919233, 0.6119209175640977, 0.02809600293277964], [0.16738653348234936, 0.18049193140521919, 0.3137772934778718, 0.3383442416345599], [0.31969987101770914, 0.46323060896736035, 0.08863762406078854, 0.12843189595414198], [0.008090763121346935, 0.00040290649160877584, 0.9444731450633785, 0.04703318532366593], [9.484375759300382e-06, 0.002804899934575618, 0.003360480317574183, 0.9938251353720908], [0.00022355557012564595, 0.00011295883301153024, 0.6641033440856855, 0.33556014151117763], [0.7773404154601777, 0.2183411077506346, 0.003371486226476438, 0.0009469905627113036], [0.7839003333034184, 0.07338491351936931, 0.13049815449122926, 0.012216598685982972], [0.570161248369018, 0.0003432744816680105, 0.4292370482825969, 0.0002584288667169298], [0.3685864713415973, 0.22294809064293103, 0.25451570227448583, 0.15394973574098575], [0.3499696053243883, 0.0650637555848099, 0.49326286292279764, 0.09170377616800424], [0.001020353917164988, 0.0001310382194946576, 0.8851711395606189, 0.11367746830272142], [0.054690873832859, 0.9452020704995205, 5.855594885541727e-06, 0.00010120007273489769], [0.24654616608129387, 0.6773539867484019, 0.020307525117023495, 0.05579232205328067]], "state_values": [-4.370246466811428, 1.5973859868966214, -4.999477803225989, -0.7479029924571701, -2.8259961415152843, -0.25099386917873173, 2.8819240609746086, 2.84744592931111, 1.0918656898494197, -4.076893963123947, 0.9467953114933029, 3.4526254600383317, 4.731737397408751, -2.500313995602925, -3.1689232510599465, -1.140489064825322], "value_grad": [12.2760009765625, 8.711999893188477, -1.188000202178955, -3.168001174926758, 0.0, 3.9599995613098145, 4.355999946594238, 3.1680002212524414, 9.107999801635742, -4.356000900268555, -18.215999603271484, -8.711999893188477, -1.9800000190734863, 3.167999744415283, -17.027999877929688, 1.583998680114746], "action_grad": [[0.0, 0.0, 0.0], [0.0, 0.0, 0.0], [0.0, 0.0, 0.0], [0.0, 0.0, 0.0], [0.0, 0.0, 0.0], [0.0, 0.0, 0.0], [0.0, 0.0, 0.0], [0.0, 0.0, 0.0], [0.0, 0.0, 0.0], [0.0, 0.0, 0.0], [0.0, 0.0, 0.0], [0.0, 0.0, 0.0], [0.0, 0.0, 0.0], [0.0, 0.0, 0.0], [0.0, 0.0, 0.0], [0.0, 0.0, 0.0]], "action_params_change": 0, "value_params_change": 0.4641092546325707}
{"iterations": 1, "type_itr": 0, "sub_iteration": 4, "sub_it_time": 0.10435986518859863, "total_time": 0.5322256088256836, "value_loss": 12.275999069213867, "action_loss": 0.25355079770088196, "action_probs": [[0.015139526837477768, 0.01806715019400724, 0.44077862550047475, 0.5260146974680404], [0.1776205382519331, 0.0034998206492804474, 0.8030562853226639, 0.01582335577612248], [0.34418023846320334, 0.015802841039919233, 0.6119209175640977, 0.02809600293277964], [0.16738653348234936, 0.18049193140521919, 0.3137772934778718, 0.3383442416345599], [0.31969987101770914, 0.46323060896736035, 0.08863762406078854, 0.12843189595414198], [0.008090763121346935, 0.00040290649160877584, 0.9444731450633785, 0.04703318532366593], [9.484375759300382e-06, 0.002804899934575618, 0.003360480317574183, 0.9938251353720908], [0.00022355557012564595, 0.00011295883301153024, 0.6641033440856855, 0.33556014151117763], [0.7773404154601777, 0.2183411077506346, 0.003371486226476438, 0.0009469905627113036], [0.7839003333034184, 0.07338491351936931, 0.13049815449122926, 0.012216598685982972], [0.570161248369018, 0.0003432744816680105, 0.4292370482825969, 0.0002584288667169298], [0.3685864713415973, 0.22294809064293103, 0.25451570227448583, 0.15394973574098575], [0.3499696053243883, 0.0650637555848099, 0.49326286292279764, 0.09170377616800424], [0.001020353917164988, 0.0001310382194946576, 0.8851711395606189, 0.11367746830272142], [0.054690873832859, 0.9452020704995205, 5.855594885541727e-06, 0.00010120007273489769], [0.24654616608129387, 0.6773539867484019, 0.020307525117023495, 0.05579232205328067]], "state_values": [-4.693368934065553, 1.660768992839575, -4.938710614307267, -1.5753475054507982, -2.707407257616981, -1.0485950417660297, 2.2234150121008716, 2.7457113210733746, 2.053261338130115, -4.3266920635803885, 0.9902169811858984, 3.5503476745954257, 4.506257753353383, -2.209689430178191, -3.463017267569262, -1.3850100527996456], "value_grad": [-2.7719993591308594, -6.732000827789307, 2.772000312805176, -10.296000480651855, -2.3759984970092773, -2.772000312805176, 0.3959999084472656, -13.860001564025879, 11.483999252319336, 13.860000610351562, 3.960000991821289, -6.732000350952148, -5.148000717163086, -2.7719998359680176, 0.3960001468658447, -13.068000793457031], "action_grad": [[0.0, 0.0, 0.0], [0.0, 0.0, 0.0], [0.0, 0.0, 0.0], [0.0, 0.0, 0.0], [0.0, 0.0, 0.0], [0.0, 0.0, 0.0], [0.0, 0.0, 0.0], [0.0, 0.0, 0.0], [0.0, 0.0, 0.0], [0.0, 0.0, 0.0], [0.0, 0.0, 0.0], [0.0, 0.0, 0.0], [0.0, 0.0, 0.0], [0.0, 0.0, 0.0], [0.0, 0.0, 0.0], [0.0, 0.0, 0.0]], "action_params_change": 0, "value_params_change": 0.40604450817275417}
{"iterations": 1, "type_itr": 0, "sub_iteration": 5, "sub_it_time": 0.10418510437011719, "total_time": 0.6379408836364746, "value_loss": 9.90000057220459, "action_loss": -0.018110770732164383, "action_probs": [[0.015139526837477768, 0.01806715019400724, 0.44077862550047475, 0.5260146974680404], [0.1776205382519331, 0.0034998206492804474, 0.8030562853226639, 0.01582335577612248], [0.34418023846320334, 0.015802841039919233, 0.6119209175640977, 0.02809600293277964], [0.16738653348234936, 0.18049193140521919, 0.3137772934778718, 0.3383442416345599], [0.31969987101770914, 0.46323060896736035, 0.08863762406078854, 0.12843189595414198], [0.008090763121346935, 0.00040290649160877584, 0.9444731450633785, 0.04703318532366593], [9.484375759300382e-06, 0.002804899934575618, 0.003360480317574183, 0.9938251353720908], [0.00022355557012564595, 0.00011295883301153024, 0.6641033440856855, 0.33556014151117763], [0.7773404154601777, 0.2183411077506346, 0.003371486226476438, 0.0009469905627113036], [0.7839003333034184, 0.07338491351936931, 0.13049815449122926, 0.012216598685982972], [0.570161248369018, 0.0003432744816680105, 0.4292370482825969, 0.0002584288667169298], [0.3685864713415973, 0.22294809064293103, 0.25451570227448583, 0.15394973574098575], [0.3499696053243883, 0.0650637555848099, 0.49326286292279764, 0.09170377616800424], [0.001020353917164988, 0.0001310382194946576, 0.8851711395606189, 0.11367746830272142], [0.054690873832859, 0.9452020704995205, 5.855594885541727e-06, 0.00010120007273489769], [0.24654616608129387, 0.6773539867484019, 0.020307525117023495, 0.05579232205328067]], "state_values": [-4.859424231737907, 1.5603877101992405, -4.813139116134784, -1.8349323193838363, -3.0971220162819844, -1.9554818178236466, 1.9438265022479313, 2.949475296431732, 2.923280614001602, -4.206028680589542, 1.0617081854730988, 3.48543338062178, 4.361565005812963, -1.6131045139295892, -3.264583366114703, -1.7863321658888294], "value_grad": [-2.37600040435791, 4.3560004234313965, -3.5640010833740234, 9.107999801635742, 6.731999397277832, 11.484000205993652, -14.255999565124512, -15.443999290466309, 4.7520012855529785, -19.404001235961914, 1.1879992485046387, 5.544000625610352, 2.772000312805176, -12.276000022888184, 23.76000213623047, -5.543999671936035], "action_grad": [[0.0, 0.0, 0.0], [0.0, 0.0, 0.0], [0.0, 0.0, 0.0], [0.0, 0.0, 0.0], [0.0, 0.0, 0.0], [0.0, 0.0, 0.0], [0.0, 0.0, 0.0], [0.0, 0.0, 0.0], [0.0, 0.0, 0.0], [0.0, 0.0, 0.0], [0.0, 0.0, 0.0], [0.0, 0.0, 0.0], [0.0, 0.0, 0.0], [0.0, 0.0, 0.0], [0.0, 0.0, 0.0], [0.0, 0.0, 0.0]], "action_params_change": 0, "value_params_change": 0.4025736155872215}
{"iterations": 1, "type_itr": 0, "sub_iteration": 6, "sub_it_time": 0.10346531867980957, "total_time": 0.7428498268127441, "value_loss": 9.107999801635742, "action_loss": 1.0685354471206665, "action_probs": [[0.015139526837477768, 0.01806715019400724, 0.44077862550047475, 0.5260146974680404], [0.1776205382519331, 0.0034998206492804474, 0.8030562853226639, 0.01582335577612248], [0.34418023846320334, 0.015802841039919233, 0.6119209175640977, 0.02809600293277964], [0.16738653348234936, 0.18049193140521919, 0.3137772934778718, 0.3383442416345599], [0.31969987101770914, 0.46323060896736035, 0.08863762406078854, 0.12843189595414198], [0.008090763121346935, 0.00040290649160877584, 0.9444731450633785, 0.04703318532366593], [9.484375759300382e-06, 0.002804899934575618, 0.003360480317574183, 0.9938251353720908], [0.00022355557012564595, 0.00011295883301153024, 0.6641033440856855, 0.33556014151117763], [0.7773404154601777, 0.2183411077506346, 0.003371486226476438, 0.0009469905627113036], [0.7839003333034184, 0.07338491351936931, 0.13049815449122926, 0.012216598685982972], [0.570161248369018, 0.0003432744816680105, 0.4292370482825969, 0.0002584288667169298], [0.3685864713415973, 0.22294809064293103, 0.25451570227448583, 0.15394973574098575], [0.3499696053243883, 0.0650637555848099, 0.49326286292279764, 0.09170377616800424], [0.001020353917164988, 0.0001310382194946576, 0.8851711395606189, 0.11367746830272142], [0.054690873832859, 0.9452020704995205, 5.855594885541727e-06, 0.00010120007273489769], [0.24654616608129387, 0.6773539867484019, 0.020307525117023495, 0.05579232205328067]], "state_values": [-4.943873983037743, 1.404706095923518, -4.719531630652797, -2.2915308877455067, -3.318040955792054, -2.861618223254475, 1.7376947905028308, 3.0814708845611647, 3.6915401059920394, -3.888279011133213, 1.4731119387586322, 3.198329961352428, 4.069518635936354, -0.9061412650884374, -3.214915935007741, -2.2799263683582742], "value_grad": [-1.5839998722076416, 1.9800004959106445, -5.148000717163086, -8.71200180053711, -1.5839996337890625, 9.900001525878906, -2.3760013580322266, 2.375999927520752, 6.336000442504883, -19.404001235961914, 16.23600196838379, 10.296000480651855, -5.543999671936035, -5.940001487731934, -8.315999984741211, -5.1479997634887695], "action_grad": [[0.0, 0.0, 0.0], [0.0, 0.0, 0.0], [0.0, 0.0, 0.0], [0.0, 0.0, 0.0], [0.0, 0.0, 0.0], [0.0, 0.0, 0.0], [0.0, 0.0, 0.0], [0.0, 0.0, 0.0], [0.0, 0.0, 0.0], [0.0, 0.0, 0.0], [0.0, 0.0, 0.0], [0.0, 0.0, 0.0], [0.0, 0.0, 0.0], [0.0, 0.0, 0.0], [0.0, 0.0, 0.0], [0.0, 0.0, 0.0]], "action_params_change": 0, "value_params_change": 0.41502828208535014}
{"iterations": 1, "type_itr": 0, "sub_iteration": 7, "sub_it_time": 0.10326576232910156, "total_time": 0.847618579864502, "value_loss": 9.90000057220459, "action_loss": 0.6700984835624695, "action_probs": [[0.015139526837477768, 0.01806715019400724, 0.44077862550047475, 0.5260146974680404], [0.1776205382519331, 0.0034998206492804474, 0.8030562853226639, 0.01582335577612248], [0.34418023846320334, 0.015802841039919233, 0.6119209175640977, 0.02809600293277964], [0.16738653348234936, 0.18049193140521919, 0.3137772934778718, 0.3383442416345599], [0.31969987101770914, 0.46323060896736035, 0.08863762406078854, 0.12843189595414198], [0.008090763121346935, 0.00040290649160877584, 0.9444731450633785, 0.04703318532366593], [9.484375759300382e-06, 0.002804899934575618, 0.003360480317574183, 0.9938251353720908], [0.00022355557012564595, 0.00011295883301153024, 0.6641033440856855, 0.33556014151117763], [0.7773404154601777, 0.2183411077506346, 0.003371486226476438, 0.0009469905627113036], [0.7839003333034184, 0.07338491351936931, 0.13049815449122926, 0.012216598685982972], [0.570161248369018, 0.0003432744816680105, 0.4292370482825969, 0.0002584288667169298], [0.3685864713415973, 0.22294809064293103, 0.25451570227448583, 0.15394973574098575], [0.3499696053243883, 0.0650637555848099, 0.49326286292279764, 0.09170377616800424], [0.001020353917164988, 0.0001310382194946576, 0.8851711395606189, 0.11367746830272142], [0.054690873832859, 0.9452020704995205, 5.855594885541727e-06, 0.00010120007273489769], [0.24654616608129387, 0.6773539867484019, 0.020307525117023495, 0.05579232205328067]], "state_values": [-4.99827771905053, 0.8643186085192955, -4.6631257312384236, -2.0558389277485762, -3.647944488059182, -3.6323136947009584, 1.6037382794885708, 3.26799373809828, 4.005849209307977, -3.3725590204028872, 2.025600583917062, 2.8066682425848777, 3.566265598185021, -0.5336785368625203, -3.205492105944583, -2.423021762900457], "value_grad": [8.315999984741211, 19.40399932861328, -3.167999267578125, 28.11600112915039, 3.168001174926758, 3.960000514984131, -2.7719998359680176, -4.751999855041504, -11.484001159667969, -23.760000228881836, 11.880001068115234, 5.544001579284668, -16.23600196838379, 7.52400016784668, -2.375999927520752, 8.315999984741211], "action_grad": [[0.0, 0.0, 0.0], [0.0, 0.0, 0.0], [0.0, 0.0, 0.0], [0.0, 0.0, 0.0], [0.0, 0.0, 0.0], [0.0, 0.0, 0.0], [0.0, 0.0, 0.0], [0.0, 0.0, 0.0], [0.0, 0.0, 0.0], [0.0, 0.0, 0.0], [0.0, 0.0, 0.0], [0.0, 0.0, 0.0], [0.0, 0.0, 0.0], [0.0, 0.0, 0.0], [0.0, 0.0, 0.0], [0.0, 0.0, 0.0]], "action_params_change": 0, "value_params_change": 0.40764771628947916}
{"iterations": 1, "type_itr": 0, "sub_iteration": 8, "sub_it_time": 0.10454010963439941, "total_time": 0.9537782669067383, "value_loss": 7.920000076293945, "action_loss": 0.6519876718521118, "action_probs": [[0.015139526837477768, 0.01806715019400724, 0.44077862550047475, 0.5260146974680404], [0.1776205382519331, 0.0034998206492804474, 0.8030562853226639, 0.01582335577612248], [0.34418023846320334, 0.015802841039919233, 0.6119209175640977, 0.02809600293277964], [0.16738653348234936, 0.18049193140521919, 0.3137772934778718, 0.3383442416345599], [0.31969987101770914, 0.46323060896736035, 0.08863762406078854, 0.12843189595414198], [0.008090763121346935, 0.00040290649160877584, 0.9444731450633785, 0.04703318532366593], [9.484375759300382e-06, 0.002804899934575618, 0.003360480317574183, 0.9938251353720908], [0.00022355557012564595, 0.00011295883301153024, 0.6641033440856855, 0.33556014151117763], [0.7773404154601777, 0.2183411077506346, 0.003371486226476438, 0.0009469905627113036], [0.7839003333034184, 0.07338491351936931, 0.13049815449122926, 0.012216598685982972], [0.570161248369018, 0.0003432744816680105, 0.4292370482825969, 0.0002584288667169298], [0.3685864713415973, 0.22294809064293103, 0.25451570227448583, 0.15394973574098575], [0.3499696053243883, 0.0650637555848099, 0.49326286292279764, 0.09170377616800424], [0.001020353917164988, 0.0001310382194946576, 0.8851711395606189, 0.11367746830272142], [0.054690873832859, 0.9452020704995205, 5.855594885541727e-06, 0.00010120007273489769], [0.24654616608129387, 0.6773539867484019, 0.020307525117023495, 0.05579232205328067]], "state_values": [-4.9903892823389455, 0.17204152105957365, -4.676815307887991, -1.6805639447379424, -3.963183547402504, -4.290301712161738, 1.6308437422655166, 3.483279206751694, 4.158736810706161, -2.6956343784645562, 2.403430255252273, 2.6232613309067303, 2.9347951157736145, -0.5058190313343225, -3.321798665786821, -2.504241821397282], "value_grad": [-3.167999744415283, 11.484001159667969, -5.543999671936035, 10.692000389099121, 1.187999963760376, 13.860001564025879, -8.315999031066895, -3.95999813079834, -6.335999965667725, -17.02800178527832, -4.751999855041504, -7.127999782562256, -5.543999671936035, 10.296001434326172, -9.108001708984375, 1.5839996337890625], "action_grad": [[0.0, 0.0, 0.0], [0.0, 0.0, 0.0], [0.0, 0.0, 0.0], [0.0, 0.0, 0.0], [0.0, 0.0, 0.0], [0.0, 0.0, 0.0], [0.0, 0.0, 0.0], [0.0, 0.0, 0.0], [0.0, 0.0, 0.0], [0.0, 0.0, 0.0], [0.0, 0.0, 0.0], [0.0, 0.0, 0.0], [0.0, 0.0, 0.0], [0.0, 0.0, 0.0], [0.0, 0.0, 0.0], [0.0, 0.0, 0.0]], "action_params_change": 0, "value_params_change": 0.4366403291514569}
{"iterations": 1, "type_itr": 0, "sub_iteration": 9, "sub_it_time": 0.10453176498413086, "total_time": 1.059767484664917, "value_loss": 10.296000480651855, "action_loss": 0.3441046178340912, "action_probs": [[0.015139526837477768, 0.01806715019400724, 0.44077862550047475, 0.5260146974680404], [0.1776205382519331, 0.0034998206492804474, 0.8030562853226639, 0.01582335577612248], [0.34418023846320334, 0.015802841039919233, 0.6119209175640977, 0.02809600293277964], [0.16738653348234936, 0.18049193140521919, 0.3137772934778718, 0.3383442416345599], [0.31969987101770914, 0.46323060896736035, 0.08863762406078854, 0.12843189595414198], [0.008090763121346935, 0.00040290649160877584, 0.9444731450633785, 0.04703318532366593], [9.484375759300382e-06, 0.002804899934575618, 0.003360480317574183, 0.9938251353720908], [0.00022355557012564595, 0.00011295883301153024, 0.6641033440856855, 0.33556014151117763], [0.7773404154601777, 0.2183411077506346, 0.003371486226476438, 0.0009469905627113036], [0.7839003333034184, 0.07338491351936931, 0.13049815449122926, 0.012216598685982972], [0.570161248369018, 0.0003432744816680105, 0.4292370482825969, 0.0002584288667169298], [0.3685864713415973, 0.22294809064293103, 0.25451570227448583, 0.15394973574098575], [0.3499696053243883, 0.0650637555848099, 0.49326286292279764, 0.09170377616800424], [0.001020353917164988, 0.0001310382194946576, 0.8851711395606189, 0.11367746830272142], [0.054690873832859, 0.9452020704995205, 5.855594885541727e-06, 0.00010120007273489769], [0.24654616608129387, 0.6773539867484019, 0.020307525117023495, 0.05579232205328067]], "state_values": [-4.980291667466561, -0.5042824390953257, -4.657802782343109, -1.0895437342677758, -4.3690634878180585, -4.761304941370281, 1.721441091806933, 3.6916462928759497, 4.115699026384956, -2.094295478937446, 2.8119898465983515, 2.267020697567469, 2.3229054687970696, -0.5827527218010511, -3.5238742779387393, -2.4590204254481707], "value_grad": [-7.919999599456787, 2.772000789642334, 2.7719993591308594, 20.591999053955078, 9.503999710083008, 17.02800178527832, -3.9600000381469727, -1.9799985885620117, -13.067999839782715, 5.1479997634887695, 5.543999671936035, 9.107999801635742, 0.7920002937316895, 3.9600000381469727, -8.316000938415527, 4.355999946594238], "action_grad": [[0.0, 0.0, 0.0], [0.0, 0.0, 0.0], [0.0, 0.0, 0.0], [0.0, 0.0, 0.0], [0.0, 0.0, 0.0], [0.0, 0.0, 0.0], [0.0, 0.0, 0.0], [0.0, 0.0, 0.0], [0.0, 0.0, 0.0], [0.0, 0.0, 0.0], [0.0, 0.0, 0.0], [0.0, 0.0, 0.0], [0.0, 0.0, 0.0], [0.0, 0.0, 0.0], [0.0, 0.0, 0.0], [0.0, 0.0, 0.0]], "action_params_change": 0, "value_params_change": 0.45815557253505723}
{"iterations": 1, "type_itr": 0, "sub_iteration": 10, "sub_it_time": 0.10589766502380371, "total_time": 1.167283535003662, "value_loss": 5.148000240325928, "action_loss": 0.6157662272453308, "action_probs": [[0.015139526837477768, 0.01806715019400724, 0.44077862550047475, 0.5260146974680404], [0.1776205382519331, 0.0034998206492804474, 0.8030562853226639, 0.01582335577612248], [0.34418023846320334, 0.015802841039919233, 0.6119209175640977, 0.02809600293277964], [0.16738653348234936, 0.18049193140521919, 0.3137772934778718, 0.3383442416345599], [0.31969987101770914, 0.46323060896736035, 0.08863762406078854, 0.12843189595414198], [0.008090763121346935, 0.00040290649160877584, 0.9444731450633785, 0.04703318532366593], [9.484375759300382e-06, 0.002804899934575618, 0.003360480317574183, 0.9938251353720908], [0.00022355557012564595, 0.00011295883301153024, 0.6641033440856855, 0.33556014151117763], [0.7773404154601777, 0.2183411077506346, 0.003371486226476438, 0.0009469905627113036], [0.7839003333034184, 0.07338491351936931, 0.13049815449122926, 0.012216598685982972], [0.570161248369018, 0.0003432744816680105, 0.4292370482825969, 0.0002584288667169298], [0.3685864713415973, 0.22294809064293103, 0.25451570227448583, 0.15394973574098575], [0.3499696053243883, 0.0650637555848099, 0.49326286292279764, 0.09170377616800424], [0.001020353917164988, 0.0001310382194946576, 0.8851711395606189, 0.11367746830272142], [0.054690873832859, 0.9452020704995205, 5.855594885541727e-06, 0.00010120007273489769], [0.24654616608129387, 0.6773539867484019, 0.020307525117023495, 0.05579232205328067]], "state_values": [-4.970738680360446, -1.0610418157975299, -4.688462485553895, -0.581010525030128, -4.670872550157041, -4.953372539989808, 1.944469084729765, 3.900820141983873, 3.9888901106626173, -1.5112772499554972, 3.0209277205447536, 2.0762379558368234, 2.0794556234995856, -0.7113194751936268, -3.6676863390356207, -2.0961741766969424], "value_grad": [-0.7919995784759521, -1.9800004959106445, -4.355998992919922, -2.37600040435791, 1.1879997253417969, -6.732000350952148, -9.107999801635742, -2.772001266479492, -7.128000259399414, -0.791999340057373, -8.316001892089844, -5.940000057220459, 11.483999252319336, 2.37600040435791, 2.3759984970092773, 15.444001197814941], "action_grad": [[0.0, 0.0, 0.0], [0.0, 0.0, 0.0], [0.0, 0.0, 0.0], [0.0, 0.0, 0.0], [0.0, 0.0, 0.0], [0.0, 0.0, 0.0], [0.0, 0.0, 0.0], [0.0, 0.0, 0.0], [0.0, 0.0, 0.0], [0.0, 0.0, 0.0], [0.0, 0.0, 0.0], [0.0, 0.0, 0.0], [0.0, 0.0, 0.0], [0.0, 0.0, 0.0], [0.0, 0.0, 0.0], [0.0, 0.0, 0.0]], "action_params_change": 0, "value_params_change": 0.34712575776666643}
{"iterations": 1, "type_itr": 0, "sub_iteration": 11, "sub_it_time": 0.1044607162475586, "total_time": 1.2732439041137695, "value_loss": -2.772000312805176, "action_loss": 0.6338769793510437, "action_probs": [[0.015139526837477768, 0.01806715019400724, 0.44077862550047475, 0.5260146974680404], [0.1776205382519331, 0.0034998206492804474, 0.8030562853226639, 0.01582335577612248], [0.34418023846320334, 0.015802841039919233, 0.6119209175640977, 0.02809600293277964], [0.16738653348234936, 0.18049193140521919, 0.3137772934778718, 0.3383442416345599], [0.31969987101770914, 0.46323060896736035, 0.08863762406078854, 0.12843189595414198], [0.008090763121346935, 0.00040290649160877584, 0.9444731450633785, 0.04703318532366593], [9.484375759300382e-06, 0.002804899934575618, 0.003360480317574183, 0.9938251353720908], [0.00022355557012564595, 0.00011295883301153024, 0.6641033440856855, 0.33556014151117763], [0.7773404154601777, 0.2183411077506346, 0.003371486226476438, 0.0009469905627113036], [0.7839003333034184, 0.07338491351936931, 0.13049815449122926, 0.012216598685982972], [0.570161248369018, 0.0003432744816680105, 0.4292370482825969, 0.0002584288667169298], [0.3685864713415973, 0.22294809064293103, 0.25451570227448583, 0.15394973574098575], [0.3499696053243883, 0.0650637555848099, 0.49326286292279764, 0.09170377616800424], [0.001020353917164988, 0.0001310382194946576, 0.8851711395606189, 0.11367746830272142], [0.054690873832859, 0.9452020704995205, 5.855594885541727e-06, 0.00010120007273489769], [0.24654616608129387, 0.6773539867484019, 0.020307525117023495, 0.05579232205328067]], "state_values": [-4.997863274291414, -1.5884139764479601, -4.6861351172919905, -0.14773528478069803, -4.773862378483101, -4.993286550937863, 1.9726266212937265, 4.207186870305007, 4.0012271993315345, -0.84564126652019, 3.219052272409453, 2.0519312475981213, 1.6315929076023268, -0.5086015811725708, -3.9151883764528668, -1.4845550939029386], "value_grad": [-23.760000228881836, 1.9800004959106445, 2.772000312805176, -1.9799995422363281, -6.336000442504883, 11.484001159667969, 10.691999435424805, -15.04800033569336, 10.296001434326172, -10.295999526977539, 1.1879997253417969, -6.732000350952148, -11.484000205993652, -13.860001564025879, -12.672000885009766, 19.00800132751465], "action_grad": [[0.0, 0.0, 0.0], [0.0, 0.0, 0.0], [0.0, 0.0, 0.0], [0.0, 0.0, 0.0], [0.0, 0.0, 0.0], [0.0, 0.0, 0.0], [0.0, 0.0, 0.0], [0.0, 0.0, 0.0], [0.0, 0.0, 0.0], [0.0, 0.0, 0.0], [0.0, 0.0, 0.0], [0.0, 0.0, 0.0], [0.0, 0.0, 0.0], [0.0, 0.0, 0.0], [0.0, 0.0, 0.0], [0.0, 0.0, 0.0]], "action_params_change": 0, "value_params_change": 0.37700281643999034}
{"iterations": 1, "type_itr": 0, "sub_iteration": 12, "sub_it_time": 0.10366511344909668, "total_time": 1.3784141540527344, "value_loss": 2.375999927520752, "action_loss": 0.5252123475074768, "action_probs": [[0.015139526837477768, 0.01806715019400724, 0.44077862550047475, 0.5260146974680404], [0.1776205382519331, 0.0034998206492804474, 0.8030562853226639, 0.01582335577612248], [0.34418023846320334, 0.015802841039919233, 0.6119209175640977, 0.02809600293277964], [0.16738653348234936, 0.18049193140521919, 0.3137772934778718, 0.3383442416345599], [0.31969987101770914, 0.46323060896736035, 0.08863762406078854, 0.12843189595414198], [0.008090763121346935, 0.00040290649160877584, 0.9444731450633785, 0.04703318532366593], [9.484375759300382e-06, 0.002804899934575618, 0.003360480317574183, 0.9938251353720908], [0.00022355557012564595, 0.00011295883301153024, 0.6641033440856855, 0.33556014151117763], [0.7773404154601777, 0.2183411077506346, 0.003371486226476438, 0.0009469905627113036], [0.7839003333034184, 0.07338491351936931, 0.13049815449122926, 0.012216598685982972], [0.570161248369018, 0.0003432744816680105, 0.4292370482825969, 0.0002584288667169298], [0.3685864713415973, 0.22294809064293103, 0.25451570227448583, 0.15394973574098575], [0.3499696053243883, 0.0650637555848099, 0.49326286292279764, 0.09170377616800424], [0.001020353917164988, 0.0001310382194946576, 0.8851711395606189, 0.11367746830272142], [0.054690873832859, 0.9452020704995205, 5.855594885541727e-06, 0.00010120007273489769], [0.24654616608129387, 0.6773539867484019, 0.020307525117023495, 0.05579232205328067]], "state_values": [-4.996209149835549, -2.1764013473568657, -4.679838813109215, 0.304935376195513, -4.914982802007432, -4.885817782126745, 2.0335862935697557, 4.489612612590727, 3.9329228687155555, -0.09806985260517673, 3.351365529137613, 1.8185427799596323, 1.0757448790236412, -0.473954352655744, -3.9985529524592467, -0.8289142308109453], "value_grad": [0.791999340057373, 7.9200005531311035, 0.39600181579589844, 4.356000900268555, 10.692001342773438, -1.9799995422363281, -2.3759994506835938, -6.335999011993408, -6.732001304626465, -11.880000114440918, -2.7719998359680176, 10.692000389099121, -7.1280012130737305, 6.732000350952148, 12.276001930236816, 4.75200080871582], "action_grad": [[0.0, 0.0, 0.0], [0.0, 0.0, 0.0], [0.0, 0.0, 0.0], [0.0, 0.0, 0.0], [0.0, 0.0, 0.0], [0.0, 0.0, 0.0], [0.0, 0.0, 0.0], [0.0, 0.0, 0.0], [0.0, 0.0, 0.0], [0.0, 0.0, 0.0], [0.0, 0.0, 0.0], [0.0, 0.0, 0.0], [0.0, 0.0, 0.0], [0.0, 0.0, 0.0], [0.0, 0.0, 0.0], [0.0, 0.0, 0.0]], "action_params_change": 0, "value_params_change": 0.32458903420432517}
{"iterations": 1, "type_itr": 0, "sub_iteration": 13, "sub_it_time": 0.10501575469970703, "total_time": 1.4849419593811035, "value_loss": 1.9800000190734863, "action_loss": 0.4165477156639099, "action_probs": [[0.015139526837477768, 0.01806715019400724, 0.44077862550047475, 0.5260146974680404], [0.1776205382519331, 0.0034998206492804474, 0.8030562853226639, 0.01582335577612248], [0.34418023846320334, 0.015802841039919233, 0.6119209175640977, 0.02809600293277964], [0.16738653348234936, 0.18049193140521919, 0.3137772934778718, 0.3383442416345599], [0.31969987101770914, 0.46323060896736035, 0.08863762406078854, 0.12843189595414198], [0.008090763121346935, 0.00040290649160877584, 0.9444731450633785, 0.04703318532366593], [9.484375759300382e-06, 0.002804899934575618, 0.003360480317574183, 0.9938251353720908], [0.00022355557012564595, 0.00011295883301153024, 0.6641033440856855, 0.33556014151117763], [0.7773404154601777, 0.2183411077506346, 0.003371486226476438, 0.0009469905627113036], [0.7839003333034184, 0.07338491351936931, 0.13049815449122926, 0.012216598685982972], [0.570161248369018, 0.0003432744816680105, 0.4292370482825969, 0.0002584288667169298], [0.3685864713415973, 0.22294809064293103, 0.25451570227448583, 0.15394973574098575], [0.3499696053243883, 0.0650637555848099, 0.49326286292279764, 0.09170377616800424], [0.001020353917164988, 0.0001310382194946576, 0.8851711395606189, 0.11367746830272142], [0.054690873832859, 0.9452020704995205, 5.855594885541727e-06, 0.00010120007273489769], [0.24654616608129387, 0.6773539867484019, 0.020307525117023495, 0.05579232205328067]], "state_values": [-4.993846291194986, -2.458907633951235, -4.594596569408725, 0.8072432334758498, -4.977215205129101, -4.610270387018451, 2.0526736940162804, 4.665814404173877, 3.859772305015041, 0.6460903205068187, 3.3102157825230107, 1.5402740929922463, 0.8348163283258951, -0.7932961759710055, -4.220637827096438, -0.14069806322218878], "value_grad": [13.068000793457031, -11.484001159667969, 7.524000644683838, 7.128000259399414, -2.375999927520752, 14.652000427246094, 2.376000165939331, 4.355999946594238, -0.7920007705688477, -5.543998718261719, -11.484000205993652, 3.167999267578125, 11.484000205993652, 19.80000114440918, -20.591999053955078, 4.752000331878662], "action_grad": [[0.0, 0.0, 0.0], [0.0, 0.0, 0.0], [0.0, 0.0, 0.0], [0.0, 0.0, 0.0], [0.0, 0.0, 0.0], [0.0, 0.0, 0.0], [0.0, 0.0, 0.0], [0.0, 0.0, 0.0], [0.0, 0.0, 0.0], [0.0, 0.0, 0.0], [0.0, 0.0, 0.0], [0.0, 0.0, 0.0], [0.0, 0.0, 0.0], [0.0, 0.0, 0.0], [0.0, 0.0, 0.0], [0.0, 0.0, 0.0]], "action_params_change": 0, "value_params_change": 0.36664224530940626}
