{"iterations": 0, "type_itr": 0, "sub_iteration": 0, "sub_it_time": 0, "total_time": 0, "value_loss": 0, "action_loss": 0, "action_probs": [[0.041340841426178165, 0.0014817726492086293, 0.9240565851157876, 0.03312080080882577], [0.08689046972918174, 0.10900396868345963, 0.3566671444290697, 0.4474384171582888], [0.3809451241486938, 0.21771884423567706, 0.25538033431636087, 0.1459556972992682], [0.5445713931475906, 0.14173830377777005, 0.2489062388707944, 0.06478406420384505], [0.05729922329426285, 0.13288250777483743, 0.24398746166836308, 0.5658308072625369], [0.15483609700408318, 0.36072125906065333, 0.1454914905721108, 0.3389511533631526], [0.0008554405357861167, 0.0011284124038460205, 0.43034614638463337, 0.5676700006757346], [0.022305442937456545, 0.002879755467703048, 0.863351385276647, 0.11146341631819337], [0.7836671829845956, 0.03413075332225462, 0.17459787026757065, 0.007604193425578989], [0.4035213357007444, 0.38949275776244896, 0.10532376431319786, 0.10166214222360874], [0.01490311067498537, 0.8314787276669295, 0.002704912087153488, 0.15091324957093152], [0.8203536101189746, 0.178783918295591, 0.0007081424314617567, 0.0001543291539726858], [0.0055959173504483385, 0.5710100720895837, 0.004109006727573788, 0.41928500383239425], [0.044503845878262345, 0.904597621418184, 0.002386657836828668, 0.04851187486672508], [0.238060101495932, 0.06803363958899625, 0.5396758321175563, 0.15423042679751559], [0.3215573340114308, 0.44654326109480597, 0.09708227655540623, 0.1348171283383568]], "state_values": [3.3895933708877215, -3.4827049939440675, 3.707165888467554, 4.9989500315434645, 2.2193669388514228, -4.730814942806101, 3.7851760080026775, -4.816540907543155, -0.8020603164365697, -1.0476055255258399, -0.8495348268404719, -4.907232911112347, 1.5239710477863726, 2.08883726867096, 4.644788206221122, -0.37425523200363364], "value_grad": [0.0, 0.0, 0.0, 0.0, 0.0, 0.0, 0.0, 0.0, 0.0, 0.0, 0.0, 0.0, 0.0, 0.0, 0.0, 0.0], "action_grad": [[0.0, 0.0, 0.0], [0.0, 0.0, 0.0], [0.0, 0.0, 0.0], [0.0, 0.0, 0.0], [0.0, 0.0, 0.0], [0.0, 0.0, 0.0], [0.0, 0.0, 0.0], [0.0, 0.0, 0.0], [0.0, 0.0, 0.0], [0.0, 0.0, 0.0], [0.0, 0.0, 0.0], [0.0, 0.0, 0.0], [0.0, 0.0, 0.0], [0.0, 0.0, 0.0], [0.0, 0.0, 0.0], [0.0, 0.0, 0.0]], "action_params_change": 0, "value_params_change": 0}
{"iterations": 1, "type_itr": 0, "sub_iteration": 0, "sub_it_time": 0.12833261489868164, "total_time": 0.12965798377990723, "value_loss": 10.573201179504395, "action_loss": -0.2785436511039734, "action_probs": [[0.041340841426178165, 0.0014817726492086293, 0.9240565851157876, 0.03312080080882577], [0.08689046972918174, 0.10900396868345963, 0.3566671444290697, 0.4474384171582888], [0.3809451241486938, 0.21771884423567706, 0.25538033431636087, 0.1459556972992682], [0.5445713931475906, 0.14173830377777005, 0.2489062388707944, 0.06478406420384505], [0.05729922329426285, 0.13288250777483743, 0.24398746166836308, 0.5658308072625369], [0.15483609700408318, 0.36072125906065333, 0.1454914905721108, 0.3389511533631526], [0.0008554405357861167, 0.0011284124038460205, 0.43034614638463337, 0.5676700006757346], [0.022305442937456545, 0.002879755467703048, 0.863351385276647, 0.11146341631819337], [0.7836671829845956, 0.03413075332225462, 0.17459787026757065, 0.007604193425578989], [0.4035213357007444, 0.38949275776244896, 0.10532376431319786, 0.10166214222360874], [0.01490311067498537, 0.8314787276669295, 0.002704912087153488, 0.15091324957093152], [0.8203536101189746, 0.178783918295591, 0.0007081424314617567, 0.0001543291539726858], [0.0055959173504483385, 0.5710100720895837, 0.004109006727573788, 0.41928500383239425], [0.044503845878262345, 0.904597621418184, 0.002386657836828668, 0.04851187486672508], [0.238060101495932, 0.06803363958899625, 0.5396758321175563, 0.15423042679751559], [0.3215573340114308, 0.44654326109480597, 0.09708227655540623, 0.1348171283383568]], "state_values": [2.3748402397382584, -2.486853412294754, 2.761845769863685, 4.868894438973279, 1.0418917390350018, -4.183333699169339, 2.8592673828532322, -4.334793002402651, 0.44387434582198315, 0.19452495079802343, 0.3959088019991019, -4.51749798388984, 0.2984342790827092, 0.9000011181136891, 4.042465547089452, -1.5961701434562934], "value_grad": [-0.45143985748291016, 1.2711601257324219, 0.8038797378540039, -0.36827945709228516, -1.144439697265625, 1.156320571899414, -0.6415195465087891, -0.9662399291992188, 1.5325202941894531, 0.12276077270507812, 0.9741582870483398, 0.9504003524780273, -1.4454002380371094, -0.8513994216918945, -0.6177606582641602, 0.7365598678588867], "action_grad": [[0.0, 0.0, 0.0], [0.0, 0.0, 0.0], [0.0, 0.0, 0.0], [0.0, 0.0, 0.0], [0.0, 0.0, 0.0], [0.0, 0.0, 0.0], [0.0, 0.0, 0.0], [0.0, 0.0, 0.0], [0.0, 0.0, 0.0], [0.0, 0.0, 0.0], [0.0, 0.0, 0.0], [0.0, 0.0, 0.0], [0.0, 0.0, 0.0], [0.0, 0.0, 0.0], [0.0, 0.0, 0.0], [0.0, 0.0, 0.0]], "action_params_change": 0, "value_params_change": 0.4999999967374005}
{"iterations": 1, "type_itr": 0, "sub_iteration": 1, "sub_it_time": 0.12640857696533203, "total_time": 0.2576262950897217, "value_loss": 6.66864013671875, "action_loss": -0.13166530430316925, "action_probs": [[0.041340841426178165, 0.0014817726492086293, 0.9240565851157876, 0.03312080080882577], [0.08689046972918174, 0.10900396868345963, 0.3566671444290697, 0.4474384171582888], [0.3809451241486938, 0.21771884423567706, 0.25538033431636087, 0.1459556972992682], [0.5445713931475906, 0.14173830377777005, 0.2489062388707944, 0.06478406420384505], [0.05729922329426285, 0.13288250777483743, 0.24398746166836308, 0.5658308072625369], [0.15483609700408318, 0.36072125906065333, 0.1454914905721108, 0.3389511533631526], [0.0008554405357861167, 0.0011284124038460205, 0.43034614638463337, 0.5676700006757346], [0.022305442937456545, 0.002879755467703048, 0.863351385276647, 0.11146341631819337], [0.7836671829845956, 0.03413075332225462, 0.17459787026757065, 0.007604193425578989], [0.4035213357007444, 0.38949275776244896, 0.10532376431319786, 0.10166214222360874], [0.01490311067498537, 0.8314787276669295, 0.002704912087153488, 0.15091324957093152], [0.8203536101189746, 0.178783918295591, 0.0007081424314617567, 0.0001543291539726858], [0.0055959173504483385, 0.5710100720895837, 0.004109006727573788, 0.41928500383239425], [0.044503845878262345, 0.904597621418184, 0.002386657836828668, 0.04851187486672508], [0.238060101495932, 0.06803363958899625, 0.5396758321175563, 0.15423042679751559], [0.3215573340114308, 0.44654326109480597, 0.09708227655540623, 0.1348171283383568]], "state_values": [1.21298951148644, -1.338026074590615, 3.1433729792433467, 4.5882787738064525, -0.15143497153985963, -3.3745297029213197, 1.907874921722245, -3.678404451028561, 0.7953285738352542, 1.169851670513091, 0.9166362056471461, -4.03753247996998, -0.30016158561194844, -0.2977844578019903, 3.8984650404126038, -1.7158098619211906], "value_grad": [-0.5662798881530762, 1.6394405364990234, -1.6631999015808105, -0.023759841918945312, -0.7048802375793457, 1.263239860534668, -2.9620800018310547, -0.3643207550048828, -0.7325997352600098, 1.75823974609375, -0.30096006393432617, 0.11088037490844727, 0.34452009201049805, -0.5306406021118164, 0.3722400665283203, -0.5385594367980957], "action_grad": [[0.0, 0.0, 0.0], [0.0, 0.0, 0.0], [0.0, 0.0, 0.0], [0.0, 0.0, 0.0], [0.0, 0.0, 0.0], [0.0, 0.0, 0.0], [0.0, 0.0, 0.0], [0.0, 0.0, 0.0], [0.0, 0.0, 0.0], [0.0, 0.0, 0.0], [0.0, 0.0, 0.0], [0.0, 0.0, 0.0], [0.0, 0.0, 0.0], [0.0, 0.0, 0.0], [0.0, 0.0, 0.0], [0.0, 0.0, 0.0]], "action_params_change": 0, "value_params_change": 0.5006632338623556}
{"iterations": 1, "type_itr": 0, "sub_iteration": 2, "sub_it_time": 0.1255505084991455, "total_time": 0.3847525119781494, "value_loss": 5.048999786376953, "action_loss": -0.15448486804962158, "action_probs": [[0.041340841426178165, 0.0014817726492086293, 0.9240565851157876, 0.03312080080882577], [0.08689046972918174, 0.10900396868345963, 0.3566671444290697, 0.4474384171582888], [0.3809451241486938, 0.21771884423567706, 0.25538033431636087, 0.1459556972992682], [0.5445713931475906, 0.14173830377777005, 0.2489062388707944, 0.06478406420384505], [0.05729922329426285, 0.13288250777483743, 0.24398746166836308, 0.5658308072625369], [0.15483609700408318, 0.36072125906065333, 0.1454914905721108, 0.3389511533631526], [0.0008554405357861167, 0.0011284124038460205, 0.43034614638463337, 0.5676700006757346], [0.022305442937456545, 0.002879755467703048, 0.863351385276647, 0.11146341631819337], [0.7836671829845956, 0.03413075332225462, 0.17459787026757065, 0.007604193425578989], [0.4035213357007444, 0.38949275776244896, 0.10532376431319786, 0.10166214222360874], [0.01490311067498537, 0.8314787276669295, 0.002704912087153488, 0.15091324957093152], [0.8203536101189746, 0.178783918295591, 0.0007081424314617567, 0.0001543291539726858], [0.0055959173504483385, 0.5710100720895837, 0.004109006727573788, 0.41928500383239425], [0.044503845878262345, 0.904597621418184, 0.002386657836828668, 0.04851187486672508], [0.238060101495932, 0.06803363958899625, 0.5396758321175563, 0.15423042679751559], [0.3215573340114308, 0.44654326109480597, 0.09708227655540623, 0.1348171283383568]], "state_values": [0.002534568868762907, -0.4575658307188292, 3.41793194769012, 4.471708098806435, -0.28234497207506065, -2.59265334608807, 0.9175522760896813, -2.8823089059393414, 0.912478930006342, 1.6834536208539848, 1.2761526070484646, -3.337069607635595, -1.0992100335448571, -0.1957709373664519, 3.3589708022999982, -1.6621772760950446], "value_grad": [-0.9345605373382568, -0.17027997970581055, 0.00395965576171875, 0.17819929122924805, 1.259279727935791, 0.023760318756103516, -0.9147598743438721, -0.32868003845214844, -0.3247199058532715, -0.45935916900634766, -0.047519683837890625, 0.6296401023864746, -0.8910000324249268, 1.386000156402588, -1.3067998886108398, -0.17820024490356445], "action_grad": [[0.0, 0.0, 0.0], [0.0, 0.0, 0.0], [0.0, 0.0, 0.0], [0.0, 0.0, 0.0], [0.0, 0.0, 0.0], [0.0, 0.0, 0.0], [0.0, 0.0, 0.0], [0.0, 0.0, 0.0], [0.0, 0.0, 0.0], [0.0, 0.0, 0.0], [0.0, 0.0, 0.0], [0.0, 0.0, 0.0], [0.0, 0.0, 0.0], [0.0, 0.0, 0.0], [0.0, 0.0, 0.0], [0.0, 0.0, 0.0]], "action_params_change": 0, "value_params_change": 0.4890718875556197}
{"iterations": 1, "type_itr": 0, "sub_iteration": 3, "sub_it_time": 0.12679696083068848, "total_time": 0.5132358074188232, "value_loss": 2.993759870529175, "action_loss": -0.16571354866027832, "action_probs": [[0.041340841426178165, 0.0014817726492086293, 0.9240565851157876, 0.03312080080882577], [0.08689046972918174, 0.10900396868345963, 0.3566671444290697, 0.4474384171582888], [0.3809451241486938, 0.21771884423567706, 0.25538033431636087, 0.1459556972992682], [0.5445713931475906, 0.14173830377777005, 0.2489062388707944, 0.06478406420384505], [0.05729922329426285, 0.13288250777483743, 0.24398746166836308, 0.5658308072625369], [0.15483609700408318, 0.36072125906065333, 0.1454914905721108, 0.3389511533631526], [0.0008554405357861167, 0.0011284124038460205, 0.43034614638463337, 0.5676700006757346], [0.022305442937456545, 0.002879755467703048, 0.863351385276647, 0.11146341631819337], [0.7836671829845956, 0.03413075332225462, 0.17459787026757065, 0.007604193425578989], [0.4035213357007444, 0.38949275776244896, 0.10532376431319786, 0.10166214222360874], [0.01490311067498537, 0.8314787276669295, 0.002704912087153488, 0.15091324957093152], [0.8203536101189746, 0.178783918295591, 0.0007081424314617567, 0.0001543291539726858], [0.0055959173504483385, 0.5710100720895837, 0.004109006727573788, 0.41928500383239425], [0.044503845878262345, 0.904597621418184, 0.002386657836828668, 0.04851187486672508], [0.238060101495932, 0.06803363958899625, 0.5396758321175563, 0.15423042679751559], [0.3215573340114308, 0.44654326109480597, 0.09708227655540623, 0.1348171283383568]], "state_values": [-1.0997994736403696, 0.10828827932204624, 3.576705496657946, 4.081007366002148, -0.0698973547606883, -1.6334110066455538, -0.1337589900300249, -1.9807023736986256, 0.6310451648839233, 2.2133774787993246, 1.2294617775915428, -2.499039719142568, -1.5469106818439735, 0.34212646806365954, 2.61056880815973, -1.2790798031410746], "value_grad": [-0.20591974258422852, -0.44352006912231445, 0.190079927444458, -1.3147199153900146, 0.8672399520874023, 1.033560037612915, -1.2632405757904053, -0.3088803291320801, -1.0177199840545654, 0.3722400665283203, -0.4989597797393799, 0.3643200397491455, 0.43559980392456055, 1.4770798683166504, -0.9662399291992188, -0.5306403636932373], "action_grad": [[0.0, 0.0, 0.0], [0.0, 0.0, 0.0], [0.0, 0.0, 0.0], [0.0, 0.0, 0.0], [0.0, 0.0, 0.0], [0.0, 0.0, 0.0], [0.0, 0.0, 0.0], [0.0, 0.0, 0.0], [0.0, 0.0, 0.0], [0.0, 0.0, 0.0], [0.0, 0.0, 0.0], [0.0, 0.0, 0.0], [0.0, 0.0, 0.0], [0.0, 0.0, 0.0], [0.0, 0.0, 0.0], [0.0, 0.0, 0.0]], "action_params_change": 0, "value_params_change": 0.4445605438971101}
{"iterations": 1, "type_itr": 0, "sub_iteration": 4, "sub_it_time": 0.12455296516418457, "total_time": 0.6393842697143555, "value_loss": 1.6671600341796875, "action_loss": -0.29430001974105835, "action_probs": [[0.041340841426178165, 0.0014817726492086293, 0.9240565851157876, 0.03312080080882577], [0.08689046972918174, 0.10900396868345963, 0.3566671444290697, 0.4474384171582888], [0.3809451241486938, 0.21771884423567706, 0.25538033431636087, 0.1459556972992682], [0.5445713931475906, 0.14173830377777005, 0.2489062388707944, 0.06478406420384505], [0.05729922329426285, 0.13288250777483743, 0.24398746166836308, 0.5658308072625369], [0.15483609700408318, 0.36072125906065333, 0.1454914905721108, 0.3389511533631526], [0.0008554405357861167, 0.0011284124038460205, 0.43034614638463337, 0.5676700006757346], [0.022305442937456545, 0.002879755467703048, 0.863351385276647, 0.11146341631819337], [0.7836671829845956, 0.03413075332225462, 0.17459787026757065, 0.007604193425578989], [0.4035213357007444, 0.38949275776244896, 0.10532376431319786, 0.10166214222360874], [0.01490311067498537, 0.8314787276669295, 0.002704912087153488, 0.15091324957093152], [0.8203536101189746, 0.178783918295591, 0.0007081424314617567, 0.0001543291539726858], [0.0055959173504483385, 0.5710100720895837, 0.004109006727573788, 0.41928500383239425], [0.044503845878262345, 0.904597621418184, 0.002386657836828668, 0.04851187486672508], [0.238060101495932, 0.06803363958899625, 0.5396758321175563, 0.15423042679751559], [0.3215573340114308, 0.44654326109480597, 0.09708227655540623, 0.1348171283383568]], "state_values": [-2.158799191554394, 0.8819485500147352, 3.541015689909809, 3.5027503047546764, -0.007979080053560543, -0.6530493841581413, -0.8543803685010866, -0.9575349739661623, 0.28579577578405874, 2.8319066582770867, 1.3518627068354248, -1.5409581462256525, -1.4030580592953166, 0.6706686057252494, 1.6712742070976683, -0.5775555754879741], "value_grad": [-1.457280158996582, 1.4335200786590576, 0.6573598384857178, -0.7642803192138672, -0.34847986698150635, 0.38015997409820557, 0.7524001598358154, -1.473120093345642, -0.3247199058532715, 0.8038802146911621, 0.28512001037597656, 1.8334802389144897, 1.5483603477478027, -0.39600038528442383, -1.7423999309539795, -1.0098000764846802], "action_grad": [[0.0, 0.0, 0.0], [0.0, 0.0, 0.0], [0.0, 0.0, 0.0], [0.0, 0.0, 0.0], [0.0, 0.0, 0.0], [0.0, 0.0, 0.0], [0.0, 0.0, 0.0], [0.0, 0.0, 0.0], [0.0, 0.0, 0.0], [0.0, 0.0, 0.0], [0.0, 0.0, 0.0], [0.0, 0.0, 0.0], [0.0, 0.0, 0.0], [0.0, 0.0, 0.0], [0.0, 0.0, 0.0], [0.0, 0.0, 0.0]], "action_params_change": 0, "value_params_change": 0.4493391493949557}
{"iterations": 1, "type_itr": 0, "sub_iteration": 5, "sub_it_time": 0.1253187656402588, "total_time": 0.7662761211395264, "value_loss": 0.9939600825309753, "action_loss": -0.3667430877685547, "action_probs": [[0.041340841426178165, 0.0014817726492086293, 0.9240565851157876, 0.03312080080882577], [0.08689046972918174, 0.10900396868345963, 0.3566671444290697, 0.4474384171582888], [0.3809451241486938, 0.21771884423567706, 0.25538033431636087, 0.1459556972992682], [0.5445713931475906, 0.14173830377777005, 0.2489062388707944, 0.06478406420384505], [0.05729922329426285, 0.13288250777483743, 0.24398746166836308, 0.5658308072625369], [0.15483609700408318, 0.36072125906065333, 0.1454914905721108, 0.3389511533631526], [0.0008554405357861167, 0.0011284124038460205, 0.43034614638463337, 0.5676700006757346], [0.022305442937456545, 0.002879755467703048, 0.863351385276647, 0.11146341631819337], [0.7836671829845956, 0.03413075332225462, 0.17459787026757065, 0.007604193425578989], [0.4035213357007444, 0.38949275776244896, 0.10532376431319786, 0.10166214222360874], [0.01490311067498537, 0.8314787276669295, 0.002704912087153488, 0.15091324957093152], [0.8203536101189746, 0.178783918295591, 0.0007081424314617567, 0.0001543291539726858], [0.0055959173504483385, 0.5710100720895837, 0.004109006727573788, 0.41928500383239425], [0.044503845878262345, 0.904597621418184, 0.002386657836828668, 0.04851187486672508], [0.238060101495932, 0.06803363958899625, 0.5396758321175563, 0.15423042679751559], [0.3215573340114308, 0.44654326109480597, 0.09708227655540623, 0.1348171283383568]], "state_values": [-3.102721890173715, 1.4056020852917621, 3.3965617009199667, 3.537108046846881, 0.554079865882548, 0.38468889227360065, -1.254979023622673, -0.4175681288880007, -0.2508182784074802, 3.4482588063069657, 0.947187584706591, -0.6917980995847224, -1.0200303538571975, 1.2363432180689689, 0.7116422953584202, -0.22893850429083196], "value_grad": [-0.5662800073623657, -0.4831198453903198, 0.4910399913787842, 2.0473203659057617, 2.90664005279541, 0.7365601062774658, 1.049399971961975, 0.9028799533843994, -0.8949599266052246, 0.6811201572418213, -1.3186800479888916, -0.10691976547241211, 1.1088005304336548, 1.3503600358963013, -0.3960001468658447, 0.5464798212051392], "action_grad": [[0.0, 0.0, 0.0], [0.0, 0.0, 0.0], [0.0, 0.0, 0.0], [0.0, 0.0, 0.0], [0.0, 0.0, 0.0], [0.0, 0.0, 0.0], [0.0, 0.0, 0.0], [0.0, 0.0, 0.0], [0.0, 0.0, 0.0], [0.0, 0.0, 0.0], [0.0, 0.0, 0.0], [0.0, 0.0, 0.0], [0.0, 0.0, 0.0], [0.0, 0.0, 0.0], [0.0, 0.0, 0.0], [0.0, 0.0, 0.0]], "action_params_change": 0, "value_params_change": 0.4459875757203866}
{"iterations": 1, "type_itr": 0, "sub_iteration": 6, "sub_it_time": 0.1273643970489502, "total_time": 0.8951919078826904, "value_loss": 1.6909198760986328, "action_loss": -0.5203224420547485, "action_probs": [[0.041340841426178165, 0.0014817726492086293, 0.9240565851157876, 0.03312080080882577], [0.08689046972918174, 0.10900396868345963, 0.3566671444290697, 0.4474384171582888], [0.3809451241486938, 0.21771884423567706, 0.25538033431636087, 0.1459556972992682], [0.5445713931475906, 0.14173830377777005, 0.2489062388707944, 0.06478406420384505], [0.05729922329426285, 0.13288250777483743, 0.24398746166836308, 0.5658308072625369], [0.15483609700408318, 0.36072125906065333, 0.1454914905721108, 0.3389511533631526], [0.0008554405357861167, 0.0011284124038460205, 0.43034614638463337, 0.5676700006757346], [0.022305442937456545, 0.002879755467703048, 0.863351385276647, 0.11146341631819337], [0.7836671829845956, 0.03413075332225462, 0.17459787026757065, 0.007604193425578989], [0.4035213357007444, 0.38949275776244896, 0.10532376431319786, 0.10166214222360874], [0.01490311067498537, 0.8314787276669295, 0.002704912087153488, 0.15091324957093152], [0.8203536101189746, 0.178783918295591, 0.0007081424314617567, 0.0001543291539726858], [0.0055959173504483385, 0.5710100720895837, 0.004109006727573788, 0.41928500383239425], [0.044503845878262345, 0.904597621418184, 0.002386657836828668, 0.04851187486672508], [0.238060101495932, 0.06803363958899625, 0.5396758321175563, 0.15423042679751559], [0.3215573340114308, 0.44654326109480597, 0.09708227655540623, 0.1348171283383568]], "state_values": [-3.837076963859868, 1.465438040078959, 3.1704255181495617, 3.5682029095289436, 0.7012056682989231, 1.0100475842812149, -1.3388239392955925, -0.4371131720860897, -0.36802421355635767, 4.0624066897098885, 0.5321144140097577, -0.12421598650286975, -0.7071919185504304, 1.851106118728429, -0.14346598460164958, -0.09114553086714523], "value_grad": [-0.1782001256942749, -1.6315200328826904, 0.41975998878479004, 0.007920026779174805, -1.8295202255249023, -0.7999200820922852, 1.5166802406311035, 1.6315200328826904, 1.1761201620101929, 1.690920114517212, -0.16235995292663574, -0.5940003395080566, -0.11087965965270996, 0.6929999589920044, 0.027720093727111816, 0.40391993522644043], "action_grad": [[0.0, 0.0, 0.0], [0.0, 0.0, 0.0], [0.0, 0.0, 0.0], [0.0, 0.0, 0.0], [0.0, 0.0, 0.0], [0.0, 0.0, 0.0], [0.0, 0.0, 0.0], [0.0, 0.0, 0.0], [0.0, 0.0, 0.0], [0.0, 0.0, 0.0], [0.0, 0.0, 0.0], [0.0, 0.0, 0.0], [0.0, 0.0, 0.0], [0.0, 0.0, 0.0], [0.0, 0.0, 0.0], [0.0, 0.0, 0.0]], "action_params_change": 0, "value_params_change": 0.4107268869183196}
{"iterations": 1, "type_itr": 0, "sub_iteration": 7, "sub_it_time": 0.12747931480407715, "total_time": 1.024221420288086, "value_loss": 2.601720094680786, "action_loss": -0.6449245810508728, "action_probs": [[0.041340841426178165, 0.0014817726492086293, 0.9240565851157876, 0.03312080080882577], [0.08689046972918174, 0.10900396868345963, 0.3566671444290697, 0.4474384171582888], [0.3809451241486938, 0.21771884423567706, 0.25538033431636087, 0.1459556972992682], [0.5445713931475906, 0.14173830377777005, 0.2489062388707944, 0.06478406420384505], [0.05729922329426285, 0.13288250777483743, 0.24398746166836308, 0.5658308072625369], [0.15483609700408318, 0.36072125906065333, 0.1454914905721108, 0.3389511533631526], [0.0008554405357861167, 0.0011284124038460205, 0.43034614638463337, 0.5676700006757346], [0.022305442937456545, 0.002879755467703048, 0.863351385276647, 0.11146341631819337], [0.7836671829845956, 0.03413075332225462, 0.17459787026757065, 0.007604193425578989], [0.4035213357007444, 0.38949275776244896, 0.10532376431319786, 0.10166214222360874], [0.01490311067498537, 0.8314787276669295, 0.002704912087153488, 0.15091324957093152], [0.8203536101189746, 0.178783918295591, 0.0007081424314617567, 0.0001543291539726858], [0.0055959173504483385, 0.5710100720895837, 0.004109006727573788, 0.41928500383239425], [0.044503845878262345, 0.904597621418184, 0.002386657836828668, 0.04851187486672508], [0.238060101495932, 0.06803363958899625, 0.5396758321175563, 0.15423042679751559], [0.3215573340114308, 0.44654326109480597, 0.09708227655540623, 0.1348171283383568]], "state_values": [-4.23907035633792, 1.5884552471963682, 2.7886986607028694, 3.3936826602805583, 0.5477533841980244, 1.463918776284764, -1.1409708751888956, -0.3620633675646034, -0.26266406603768594, 4.471096700457007, 0.013803532565824261, -0.07898142555833523, -0.2550812812692628, 2.4012033271658484, -0.9695805368967529, -0.32419275489116134], "value_grad": [0.6019197702407837, 0.3722400665283203, 0.827640175819397, -1.2949204444885254, -1.9562402963638306, -0.31283998489379883, 1.9324798583984375, -0.3959999084472656, 0.8712000846862793, -0.14652013778686523, -0.4791603088378906, -1.6354801654815674, 0.8276400566101074, 0.1742398738861084, -0.3405601978302002, 1.0414800643920898], "action_grad": [[0.0, 0.0, 0.0], [0.0, 0.0, 0.0], [0.0, 0.0, 0.0], [0.0, 0.0, 0.0], [0.0, 0.0, 0.0], [0.0, 0.0, 0.0], [0.0, 0.0, 0.0], [0.0, 0.0, 0.0], [0.0, 0.0, 0.0], [0.0, 0.0, 0.0], [0.0, 0.0, 0.0], [0.0, 0.0, 0.0], [0.0, 0.0, 0.0], [0.0, 0.0, 0.0], [0.0, 0.0, 0.0], [0.0, 0.0, 0.0]], "action_params_change": 0, "value_params_change": 0.3329106573190268}
{"iterations": 1, "type_itr": 0, "sub_iteration": 8, "sub_it_time": 0.12642931938171387, "total_time": 1.1523189544677734, "value_loss": 2.9264402389526367, "action_loss": -0.644562304019928, "action_probs": [[0.041340841426178165, 0.0014817726492086293, 0.9240565851157876, 0.03312080080882577], [0.08689046972918174, 0.10900396868345963, 0.3566671444290697, 0.4474384171582888], [0.3809451241486938, 0.21771884423567706, 0.25538033431636087, 0.1459556972992682], [0.5445713931475906, 0.14173830377777005, 0.2489062388707944, 0.06478406420384505], [0.05729922329426285, 0.13288250777483743, 0.24398746166836308, 0.5658308072625369], [0.15483609700408318, 0.36072125906065333, 0.1454914905721108, 0.3389511533631526], [0.0008554405357861167, 0.0011284124038460205, 0.43034614638463337, 0.5676700006757346], [0.022305442937456545, 0.002879755467703048, 0.863351385276647, 0.11146341631819337], [0.7836671829845956, 0.03413075332225462, 0.17459787026757065, 0.007604193425578989], [0.4035213357007444, 0.38949275776244896, 0.10532376431319786, 0.10166214222360874], [0.01490311067498537, 0.8314787276669295, 0.002704912087153488, 0.15091324957093152], [0.8203536101189746, 0.178783918295591, 0.0007081424314617567, 0.0001543291539726858], [0.0055959173504483385, 0.5710100720895837, 0.004109006727573788, 0.41928500383239425], [0.044503845878262345, 0.904597621418184, 0.002386657836828668, 0.04851187486672508], [0.238060101495932, 0.06803363958899625, 0.5396758321175563, 0.15423042679751559], [0.3215573340114308, 0.44654326109480597, 0.09708227655540623, 0.1348171283383568]], "state_values": [-4.4770820968931355, 1.4924263091282068, 2.5121102517894487, 3.4211567776283887, 0.5030298273550343, 1.9316087854290003, -0.9821991242923245, -0.23947198442795162, -0.13640575777015043, 4.681032284056566, -0.6934255662450811, 0.20074792589526516, 0.15432395201043184, 2.9052829510590756, -1.6342476527229544, -0.3575281341899967], "value_grad": [0.3801600933074951, -1.1246401071548462, -0.33659982681274414, 1.2117600440979004, 0.6692399978637695, 0.32868027687072754, -0.13464021682739258, -0.24552011489868164, 0.14256000518798828, -0.7128000259399414, -1.0969197750091553, 1.2117602825164795, 0.027719974517822266, 0.26136016845703125, 0.1979994773864746, -0.5425200462341309], "action_grad": [[0.0, 0.0, 0.0], [0.0, 0.0, 0.0], [0.0, 0.0, 0.0], [0.0, 0.0, 0.0], [0.0, 0.0, 0.0], [0.0, 0.0, 0.0], [0.0, 0.0, 0.0], [0.0, 0.0, 0.0], [0.0, 0.0, 0.0], [0.0, 0.0, 0.0], [0.0, 0.0, 0.0], [0.0, 0.0, 0.0], [0.0, 0.0, 0.0], [0.0, 0.0, 0.0], [0.0, 0.0, 0.0], [0.0, 0.0, 0.0]], "action_params_change": 0, "value_params_change": 0.28378856755374793}
{"iterations": 1, "type_itr": 0, "sub_iteration": 9, "sub_it_time": 0.12570548057556152, "total_time": 1.2795605659484863, "value_loss": 2.878920078277588, "action_loss": -0.5904111266136169, "action_probs": [[0.041340841426178165, 0.0014817726492086293, 0.9240565851157876, 0.03312080080882577], [0.08689046972918174, 0.10900396868345963, 0.3566671444290697, 0.4474384171582888], [0.3809451241486938, 0.21771884423567706, 0.25538033431636087, 0.1459556972992682], [0.5445713931475906, 0.14173830377777005, 0.2489062388707944, 0.06478406420384505], [0.05729922329426285, 0.13288250777483743, 0.24398746166836308, 0.5658308072625369], [0.15483609700408318, 0.36072125906065333, 0.1454914905721108, 0.3389511533631526], [0.0008554405357861167, 0.0011284124038460205, 0.43034614638463337, 0.5676700006757346], [0.022305442937456545, 0.002879755467703048, 0.863351385276647, 0.11146341631819337], [0.7836671829845956, 0.03413075332225462, 0.17459787026757065, 0.007604193425578989], [0.4035213357007444, 0.38949275776244896, 0.10532376431319786, 0.10166214222360874], [0.01490311067498537, 0.8314787276669295, 0.002704912087153488, 0.15091324957093152], [0.8203536101189746, 0.178783918295591, 0.0007081424314617567, 0.0001543291539726858], [0.0055959173504483385, 0.5710100720895837, 0.004109006727573788, 0.41928500383239425], [0.044503845878262345, 0.904597621418184, 0.002386657836828668, 0.04851187486672508], [0.238060101495932, 0.06803363958899625, 0.5396758321175563, 0.15423042679751559], [0.3215573340114308, 0.44654326109480597, 0.09708227655540623, 0.1348171283383568]], "state_values": [-4.634059495279345, 1.1788135427930893, 2.008976997538067, 3.417639144931463, 0.3098471996627232, 1.8538102033848969, -0.7688551493903313, -0.11468448307963724, -0.2129887403280764, 4.839779538607559, -1.0701535002164666, 0.09447437615360316, 0.5048618572186718, 3.304768081780202, -2.2436113383709184, -0.4360699392104102], "value_grad": [0.17820000648498535, -1.4414405822753906, 1.3780806064605713, -0.1979997158050537, -1.191960096359253, -2.1621599197387695, 0.5306396484375, -0.06731963157653809, -0.847440242767334, 0.2811601161956787, 0.7920000553131104, -1.8849599361419678, -0.06335997581481934, -0.09504008293151855, -0.20592021942138672, 0.16236019134521484], "action_grad": [[0.0, 0.0, 0.0], [0.0, 0.0, 0.0], [0.0, 0.0, 0.0], [0.0, 0.0, 0.0], [0.0, 0.0, 0.0], [0.0, 0.0, 0.0], [0.0, 0.0, 0.0], [0.0, 0.0, 0.0], [0.0, 0.0, 0.0], [0.0, 0.0, 0.0], [0.0, 0.0, 0.0], [0.0, 0.0, 0.0], [0.0, 0.0, 0.0], [0.0, 0.0, 0.0], [0.0, 0.0, 0.0], [0.0, 0.0, 0.0]], "action_params_change": 0, "value_params_change": 0.2647339679255145}
{"iterations": 1, "type_itr": 0, "sub_iteration": 10, "sub_it_time": 0.12500429153442383, "total_time": 1.4062414169311523, "value_loss": 3.9956400394439697, "action_loss": -0.6451056599617004, "action_probs": [[0.041340841426178165, 0.0014817726492086293, 0.9240565851157876, 0.03312080080882577], [0.08689046972918174, 0.10900396868345963, 0.3566671444290697, 0.4474384171582888], [0.3809451241486938, 0.21771884423567706, 0.25538033431636087, 0.1459556972992682], [0.5445713931475906, 0.14173830377777005, 0.2489062388707944, 0.06478406420384505], [0.05729922329426285, 0.13288250777483743, 0.24398746166836308, 0.5658308072625369], [0.15483609700408318, 0.36072125906065333, 0.1454914905721108, 0.3389511533631526], [0.0008554405357861167, 0.0011284124038460205, 0.43034614638463337, 0.5676700006757346], [0.022305442937456545, 0.002879755467703048, 0.863351385276647, 0.11146341631819337], [0.7836671829845956, 0.03413075332225462, 0.17459787026757065, 0.007604193425578989], [0.4035213357007444, 0.38949275776244896, 0.10532376431319786, 0.10166214222360874], [0.01490311067498537, 0.8314787276669295, 0.002704912087153488, 0.15091324957093152], [0.8203536101189746, 0.178783918295591, 0.0007081424314617567, 0.0001543291539726858], [0.0055959173504483385, 0.5710100720895837, 0.004109006727573788, 0.41928500383239425], [0.044503845878262345, 0.904597621418184, 0.002386657836828668, 0.04851187486672508], [0.238060101495932, 0.06803363958899625, 0.5396758321175563, 0.15423042679751559], [0.3215573340114308, 0.44654326109480597, 0.09708227655540623, 0.1348171283383568]], "state_values": [-4.814803396565246, 0.8162570847826205, 1.4240803664496375, 3.383832471389749, 0.3139245384115847, 1.7675815804895145, -0.4621298537673254, -0.013553764526982625, -0.0737629472856686, 4.852960071890838, -1.3204075599006457, -0.008794563749217485, 0.9011840144528966, 3.519601116204182, -2.6766552681125706, -0.24658639557723747], "value_grad": [-0.9464397430419922, -0.48708009719848633, 0.5781600475311279, -0.21779966354370117, 1.3741202354431152, -0.0910801887512207, 0.8870394229888916, 0.04752039909362793, 1.001880407333374, -1.9087200164794922, 0.31283998489379883, -0.04751992225646973, 0.4078795909881592, -0.7048804759979248, 0.3801600933074951, -0.9306001663208008], "action_grad": [[0.0, 0.0, 0.0], [0.0, 0.0, 0.0], [0.0, 0.0, 0.0], [0.0, 0.0, 0.0], [0.0, 0.0, 0.0], [0.0, 0.0, 0.0], [0.0, 0.0, 0.0], [0.0, 0.0, 0.0], [0.0, 0.0, 0.0], [0.0, 0.0, 0.0], [0.0, 0.0, 0.0], [0.0, 0.0, 0.0], [0.0, 0.0, 0.0], [0.0, 0.0, 0.0], [0.0, 0.0, 0.0], [0.0, 0.0, 0.0]], "action_params_change": 0, "value_params_change": 0.24932415580084122}
{"iterations": 1, "type_itr": 0, "sub_iteration": 11, "sub_it_time": 0.12539315223693848, "total_time": 1.5334370136260986, "value_loss": 2.641319990158081, "action_loss": -0.5527406930923462, "action_probs": [[0.041340841426178165, 0.0014817726492086293, 0.9240565851157876, 0.03312080080882577], [0.08689046972918174, 0.10900396868345963, 0.3566671444290697, 0.4474384171582888], [0.3809451241486938, 0.21771884423567706, 0.25538033431636087, 0.1459556972992682], [0.5445713931475906, 0.14173830377777005, 0.2489062388707944, 0.06478406420384505], [0.05729922329426285, 0.13288250777483743, 0.24398746166836308, 0.5658308072625369], [0.15483609700408318, 0.36072125906065333, 0.1454914905721108, 0.3389511533631526], [0.0008554405357861167, 0.0011284124038460205, 0.43034614638463337, 0.5676700006757346], [0.022305442937456545, 0.002879755467703048, 0.863351385276647, 0.11146341631819337], [0.7836671829845956, 0.03413075332225462, 0.17459787026757065, 0.007604193425578989], [0.4035213357007444, 0.38949275776244896, 0.10532376431319786, 0.10166214222360874], [0.01490311067498537, 0.8314787276669295, 0.002704912087153488, 0.15091324957093152], [0.8203536101189746, 0.178783918295591, 0.0007081424314617567, 0.0001543291539726858], [0.0055959173504483385, 0.5710100720895837, 0.004109006727573788, 0.41928500383239425], [0.044503845878262345, 0.904597621418184, 0.002386657836828668, 0.04851187486672508], [0.238060101495932, 0.06803363958899625, 0.5396758321175563, 0.15423042679751559], [0.3215573340114308, 0.44654326109480597, 0.09708227655540623, 0.1348171283383568]], "state_values": [-4.929189129177678, 0.3532519190055773, 0.7196614317703863, 3.222649998561179, 0.16684719308314894, 1.4980939160142206, -0.0305102952394862, -0.050620025010551385, -0.009241459228704157, 4.807356846377018, -1.6660437931005612, -0.10563780093374436, 1.5309509496371352, 3.7217786366673034, -3.0316506191520536, 0.1466778888720513], "value_grad": [-0.0752401351928711, -0.8870398998260498, 0.8989205360412598, -0.9543602466583252, -1.2553198337554932, -1.1681997776031494, 1.2830395698547363, 0.570239782333374, -0.296999454498291, -1.3503601551055908, -0.534599781036377, -0.023759841918945312, 2.0829601287841797, 0.13860011100769043, 0.06335997581481934, -0.9424805641174316], "action_grad": [[0.0, 0.0, 0.0], [0.0, 0.0, 0.0], [0.0, 0.0, 0.0], [0.0, 0.0, 0.0], [0.0, 0.0, 0.0], [0.0, 0.0, 0.0], [0.0, 0.0, 0.0], [0.0, 0.0, 0.0], [0.0, 0.0, 0.0], [0.0, 0.0, 0.0], [0.0, 0.0, 0.0], [0.0, 0.0, 0.0], [0.0, 0.0, 0.0], [0.0, 0.0, 0.0], [0.0, 0.0, 0.0], [0.0, 0.0, 0.0]], "action_params_change": 0, "value_params_change": 0.28876121906494756}
{"iterations": 1, "type_itr": 0, "sub_iteration": 12, "sub_it_time": 0.12459659576416016, "total_time": 1.6595540046691895, "value_loss": 3.9679203033447266, "action_loss": -0.5695837140083313, "action_probs": [[0.041340841426178165, 0.0014817726492086293, 0.9240565851157876, 0.03312080080882577], [0.08689046972918174, 0.10900396868345963, 0.3566671444290697, 0.4474384171582888], [0.3809451241486938, 0.21771884423567706, 0.25538033431636087, 0.1459556972992682], [0.5445713931475906, 0.14173830377777005, 0.2489062388707944, 0.06478406420384505], [0.05729922329426285, 0.13288250777483743, 0.24398746166836308, 0.5658308072625369], [0.15483609700408318, 0.36072125906065333, 0.1454914905721108, 0.3389511533631526], [0.0008554405357861167, 0.0011284124038460205, 0.43034614638463337, 0.5676700006757346], [0.022305442937456545, 0.002879755467703048, 0.863351385276647, 0.11146341631819337], [0.7836671829845956, 0.03413075332225462, 0.17459787026757065, 0.007604193425578989], [0.4035213357007444, 0.38949275776244896, 0.10532376431319786, 0.10166214222360874], [0.01490311067498537, 0.8314787276669295, 0.002704912087153488, 0.15091324957093152], [0.8203536101189746, 0.178783918295591, 0.0007081424314617567, 0.0001543291539726858], [0.0055959173504483385, 0.5710100720895837, 0.004109006727573788, 0.41928500383239425], [0.044503845878262345, 0.904597621418184, 0.002386657836828668, 0.04851187486672508], [0.238060101495932, 0.06803363958899625, 0.5396758321175563, 0.15423042679751559], [0.3215573340114308, 0.44654326109480597, 0.09708227655540623, 0.1348171283383568]], "state_values": [-4.995546798385672, 0.18923660651577356, 0.25584637380564157, 3.1369228192178378, 0.08636567164287935, 1.030877968350597, 0.43099181933077874, 0.2544557653210837, 0.44696047233753883, 4.662885109466513, -1.643251738115393, -0.05361892566640755, 2.2319774103190095, 3.7830119828150677, -3.3309222026083933, 0.5941886530870031], "value_grad": [-0.7325994968414307, 1.5048000812530518, -0.7880403995513916, 0.44352054595947266, 0.4316401481628418, -1.5404398441314697, 0.5900399684906006, -1.805760383605957, 2.8195204734802246, -2.2849202156066895, 1.386000156402588, 0.8355603218078613, 1.2711601257324219, -0.7959597110748291, 0.007920026779174805, -0.3999600410461426], "action_grad": [[0.0, 0.0, 0.0], [0.0, 0.0, 0.0], [0.0, 0.0, 0.0], [0.0, 0.0, 0.0], [0.0, 0.0, 0.0], [0.0, 0.0, 0.0], [0.0, 0.0, 0.0], [0.0, 0.0, 0.0], [0.0, 0.0, 0.0], [0.0, 0.0, 0.0], [0.0, 0.0, 0.0], [0.0, 0.0, 0.0], [0.0, 0.0, 0.0], [0.0, 0.0, 0.0], [0.0, 0.0, 0.0], [0.0, 0.0, 0.0]], "action_params_change": 0, "value_params_change": 0.30308944510340563}
{"iterations": 1, "type_itr": 0, "sub_iteration": 13, "sub_it_time": 0.1258258819580078, "total_time": 1.7869677543640137, "value_loss": 5.195520401000977, "action_loss": -0.5154325366020203, "action_probs": [[0.041340841426178165, 0.0014817726492086293, 0.9240565851157876, 0.03312080080882577], [0.08689046972918174, 0.10900396868345963, 0.3566671444290697, 0.4474384171582888], [0.3809451241486938, 0.21771884423567706, 0.25538033431636087, 0.1459556972992682], [0.5445713931475906, 0.14173830377777005, 0.2489062388707944, 0.06478406420384505], [0.05729922329426285, 0.13288250777483743, 0.24398746166836308, 0.5658308072625369], [0.15483609700408318, 0.36072125906065333, 0.1454914905721108, 0.3389511533631526], [0.0008554405357861167, 0.0011284124038460205, 0.43034614638463337, 0.5676700006757346], [0.022305442937456545, 0.002879755467703048, 0.863351385276647, 0.11146341631819337], [0.7836671829845956, 0.03413075332225462, 0.17459787026757065, 0.007604193425578989], [0.4035213357007444, 0.38949275776244896, 0.10532376431319786, 0.10166214222360874], [0.01490311067498537, 0.8314787276669295, 0.002704912087153488, 0.15091324957093152], [0.8203536101189746, 0.178783918295591, 0.0007081424314617567, 0.0001543291539726858], [0.0055959173504483385, 0.5710100720895837, 0.004109006727573788, 0.41928500383239425], [0.044503845878262345, 0.904597621418184, 0.002386657836828668, 0.04851187486672508], [0.238060101495932, 0.06803363958899625, 0.5396758321175563, 0.15423042679751559], [0.3215573340114308, 0.44654326109480597, 0.09708227655540623, 0.1348171283383568]], "state_values": [-4.982795467590941, -0.08122726595164126, 0.2850370390468231, 3.2831942086588106, -0.10407081424931053, 0.7816645454320368, 0.6030136828511344, 0.826467112236393, 0.7716990060486525, 4.511482892870277, -1.3161912626732994, 0.14565825234497023, 2.9114459897601708, 3.657240439309939, -3.6513602989787977, 0.5915970633679424], "value_grad": [-0.23363971710205078, -0.8514001369476318, -2.233440399169922, 1.7265596389770508, -1.0097999572753906, 1.0652401447296143, -1.8097198009490967, -2.3324403762817383, -0.5583596229553223, 0.19800019264221191, 1.734480381011963, 0.9662399291992188, 0.7722001075744629, -1.4335200786590576, -0.44352054595947266, 1.643399953842163], "action_grad": [[0.0, 0.0, 0.0], [0.0, 0.0, 0.0], [0.0, 0.0, 0.0], [0.0, 0.0, 0.0], [0.0, 0.0, 0.0], [0.0, 0.0, 0.0], [0.0, 0.0, 0.0], [0.0, 0.0, 0.0], [0.0, 0.0, 0.0], [0.0, 0.0, 0.0], [0.0, 0.0, 0.0], [0.0, 0.0, 0.0], [0.0, 0.0, 0.0], [0.0, 0.0, 0.0], [0.0, 0.0, 0.0], [0.0, 0.0, 0.0]], "action_params_change": 0, "value_params_change": 0.3176170525211357}
