{"iterations": 0, "type_itr": 0, "sub_iteration": 0, "sub_it_time": 0, "total_time": 0, "value_loss": 0, "action_loss": 0, "action_probs": [[0.022292003260036435, 0.028432669646948336, 0.4171786129608684, 0.5320967141321468], [8.659597707667073e-05, 0.9882780035834705, 1.0194404677997851e-06, 0.011634380998985143], [0.6657713258349234, 0.00018977395206562806, 0.3339437116468059, 9.518856620507607e-05], [0.1539781654071064, 0.016005544406723977, 0.7518625505988357, 0.07815373958733389], [0.2306016308046875, 0.16067875775845875, 0.3587497334471708, 0.24996987798968273], [0.8367118282646505, 0.15384422477201948, 0.007977198368025889, 0.001466748595304172], [0.7944575289259438, 0.14286848057946583, 0.05312113726848739, 0.009552853226103011], [0.9894944939400089, 0.009524459024410825, 0.0009716939174400546, 9.353118140229023e-06], [0.18066531783289833, 0.8083043531359868, 0.0020150242810332846, 0.00901530475008152], [1.874652917298352e-05, 1.6560819133569792e-05, 0.5309338758603148, 0.4690308167913787], [0.03597739881453622, 0.7605360327965675, 0.009191203981985257, 0.194295364406911], [0.26342926007475936, 0.39137256459310443, 0.13887453651038148, 0.20632363882175464], [0.28964472356281673, 0.5284332341896069, 0.06441043807310223, 0.11751160417447448], [0.11426036406400918, 0.4258215805548738, 0.09730079846409337, 0.3626172569170237], [0.03979354503096512, 0.1619946503195398, 0.157410979058484, 0.6408008255910109], [0.10553314846003947, 0.019689451490058723, 0.7372312447253353, 0.13754615532456627]], "state_values": [4.4941388968805835, -2.125799281930148, 0.9229902613799787, 4.995114746269615, -2.9863991669455188, 2.3684983331287244, -4.732344870411126, 4.6376316794503145, -0.376387251237503, -1.4647787629548328, 4.015517541689171, 4.177042055596107, -0.635817555411075, 4.993523868803716, -1.6596183686278012, -4.93618411347975], "value_grad": [0.0, 0.0, 0.0, 0.0, 0.0, 0.0, 0.0, 0.0, 0.0, 0.0, 0.0, 0.0, 0.0, 0.0, 0.0, 0.0], "action_grad": [[0.0, 0.0, 0.0], [0.0, 0.0, 0.0], [0.0, 0.0, 0.0], [0.0, 0.0, 0.0], [0.0, 0.0, 0.0], [0.0, 0.0, 0.0], [0.0, 0.0, 0.0], [0.0, 0.0, 0.0], [0.0, 0.0, 0.0], [0.0, 0.0, 0.0], [0.0, 0.0, 0.0], [0.0, 0.0, 0.0], [0.0, 0.0, 0.0], [0.0, 0.0, 0.0], [0.0, 0.0, 0.0], [0.0, 0.0, 0.0]], "action_params_change": 0, "value_params_change": 0}
{"iterations": 1, "type_itr": 0, "sub_iteration": 0, "sub_it_time": 0.10785508155822754, "total_time": 0.10923624038696289, "value_loss": 12.672000885009766, "action_loss": -1.140978455543518, "action_probs": [[0.022292003260036435, 0.028432669646948336, 0.4171786129608684, 0.5320967141321468], [8.659597707667073e-05, 0.9882780035834705, 1.0194404677997851e-06, 0.011634380998985143], [0.6657713258349234, 0.00018977395206562806, 0.3339437116468059, 9.518856620507607e-05], [0.1539781654071064, 0.016005544406723977, 0.7518625505988357, 0.07815373958733389], [0.2306016308046875, 0.16067875775845875, 0.3587497334471708, 0.24996987798968273], [0.8367118282646505, 0.15384422477201948, 0.007977198368025889, 0.001466748595304172], [0.7944575289259438, 0.14286848057946583, 0.05312113726848739, 0.009552853226103011], [0.9894944939400089, 0.009524459024410825, 0.0009716939174400546, 9.353118140229023e-06], [0.18066531783289833, 0.8083043531359868, 0.0020150242810332846, 0.00901530475008152], [1.874652917298352e-05, 1.6560819133569792e-05, 0.5309338758603148, 0.4690308167913787], [0.03597739881453622, 0.7605360327965675, 0.009191203981985257, 0.194295364406911], [0.26342926007475936, 0.39137256459310443, 0.13887453651038148, 0.20632363882175464], [0.28964472356281673, 0.5284332341896069, 0.06441043807310223, 0.11751160417447448], [0.11426036406400918, 0.4258215805548738, 0.09730079846409337, 0.3626172569170237], [0.03979354503096512, 0.1619946503195398, 0.157410979058484, 0.6408008255910109], [0.10553314846003947, 0.019689451490058723, 0.7372312447253353, 0.13754615532456627]], "state_values": [4.8966152241098255, -3.179362556973095, 0.9229902613799787, 4.894498100067954, -1.9014286587667184, 3.384294022826721, -4.984531282957897, 4.0311131407568235, -1.5981961903041837, -0.23649556507031091, 4.627750127785949, 3.367285144992278, -1.8430289039381318, 4.9012268776833725, -2.7749133498678273, -4.97973674341094], "value_grad": [-10.692001342773438, -12.672000885009766, 0.0, -3.960000991821289, 1.9800000190734863, -1.1879997253417969, -13.464000701904297, 3.564000129699707, 3.9600000381469727, -0.7920017242431641, 2.772000312805176, 1.1879997253417969, -1.9799976348876953, -14.256000518798828, 2.7719993591308594, -16.631999969482422], "action_grad": [[0.0, 0.0, 0.0], [0.0, 0.0, 0.0], [0.0, 0.0, 0.0], [0.0, 0.0, 0.0], [0.0, 0.0, 0.0], [0.0, 0.0, 0.0], [0.0, 0.0, 0.0], [0.0, 0.0, 0.0], [0.0, 0.0, 0.0], [0.0, 0.0, 0.0], [0.0, 0.0, 0.0], [0.0, 0.0, 0.0], [0.0, 0.0, 0.0], [0.0, 0.0, 0.0], [0.0, 0.0, 0.0], [0.0, 0.0, 0.0]], "action_params_change": 0, "value_params_change": 0.4999999996993747}
{"iterations": 1, "type_itr": 0, "sub_iteration": 1, "sub_it_time": 0.10448884963989258, "total_time": 0.21528244018554688, "value_loss": 17.423999786376953, "action_loss": -0.6519876718521118, "action_probs": [[0.022292003260036435, 0.028432669646948336, 0.4171786129608684, 0.5320967141321468], [8.659597707667073e-05, 0.9882780035834705, 1.0194404677997851e-06, 0.011634380998985143], [0.6657713258349234, 0.00018977395206562806, 0.3339437116468059, 9.518856620507607e-05], [0.1539781654071064, 0.016005544406723977, 0.7518625505988357, 0.07815373958733389], [0.2306016308046875, 0.16067875775845875, 0.3587497334471708, 0.24996987798968273], [0.8367118282646505, 0.15384422477201948, 0.007977198368025889, 0.001466748595304172], [0.7944575289259438, 0.14286848057946583, 0.05312113726848739, 0.009552853226103011], [0.9894944939400089, 0.009524459024410825, 0.0009716939174400546, 9.353118140229023e-06], [0.18066531783289833, 0.8083043531359868, 0.0020150242810332846, 0.00901530475008152], [1.874652917298352e-05, 1.6560819133569792e-05, 0.5309338758603148, 0.4690308167913787], [0.03597739881453622, 0.7605360327965675, 0.009191203981985257, 0.194295364406911], [0.26342926007475936, 0.39137256459310443, 0.13887453651038148, 0.20632363882175464], [0.28964472356281673, 0.5284332341896069, 0.06441043807310223, 0.11751160417447448], [0.11426036406400918, 0.4258215805548738, 0.09730079846409337, 0.3626172569170237], [0.03979354503096512, 0.1619946503195398, 0.157410979058484, 0.6408008255910109], [0.10553314846003947, 0.019689451490058723, 0.7372312447253353, 0.13754615532456627]], "state_values": [4.8930038419939725, -4.029464509877836, 1.8159857039730793, 4.5222279102700735, -0.728110392808425, 3.7350116048966493, -4.984947499268532, 4.107446378830479, -1.8230934179847145, -1.065770985325157, 4.333331963613638, 3.9104617674584743, -2.732876066730945, 4.532461436197612, -2.5360438837085675, -4.863273732640012], "value_grad": [9.90000057220459, -18.61199951171875, -13.859999656677246, -9.899996757507324, 3.5640010833740234, 0.3959999084472656, 0.7919998168945312, -3.9599990844726562, -2.3759994506835938, 7.52400016784668, -9.899999618530273, -7.9199981689453125, -0.3959999084472656, -7.920000076293945, -3.9599990844726562, 1.9799995422363281], "action_grad": [[0.0, 0.0, 0.0], [0.0, 0.0, 0.0], [0.0, 0.0, 0.0], [0.0, 0.0, 0.0], [0.0, 0.0, 0.0], [0.0, 0.0, 0.0], [0.0, 0.0, 0.0], [0.0, 0.0, 0.0], [0.0, 0.0, 0.0], [0.0, 0.0, 0.0], [0.0, 0.0, 0.0], [0.0, 0.0, 0.0], [0.0, 0.0, 0.0], [0.0, 0.0, 0.0], [0.0, 0.0, 0.0], [0.0, 0.0, 0.0]], "action_params_change": 0, "value_params_change": 0.49608711242246706}
{"iterations": 1, "type_itr": 0, "sub_iteration": 2, "sub_it_time": 0.10341143608093262, "total_time": 0.3202083110809326, "value_loss": 26.928003311157227, "action_loss": -0.9960923194885254, "action_probs": [[0.022292003260036435, 0.028432669646948336, 0.4171786129608684, 0.5320967141321468], [8.659597707667073e-05, 0.9882780035834705, 1.0194404677997851e-06, 0.011634380998985143], [0.6657713258349234, 0.00018977395206562806, 0.3339437116468059, 9.518856620507607e-05], [0.1539781654071064, 0.016005544406723977, 0.7518625505988357, 0.07815373958733389], [0.2306016308046875, 0.16067875775845875, 0.3587497334471708, 0.24996987798968273], [0.8367118282646505, 0.15384422477201948, 0.007977198368025889, 0.001466748595304172], [0.7944575289259438, 0.14286848057946583, 0.05312113726848739, 0.009552853226103011], [0.9894944939400089, 0.009524459024410825, 0.0009716939174400546, 9.353118140229023e-06], [0.18066531783289833, 0.8083043531359868, 0.0020150242810332846, 0.00901530475008152], [1.874652917298352e-05, 1.6560819133569792e-05, 0.5309338758603148, 0.4690308167913787], [0.03597739881453622, 0.7605360327965675, 0.009191203981985257, 0.194295364406911], [0.26342926007475936, 0.39137256459310443, 0.13887453651038148, 0.20632363882175464], [0.28964472356281673, 0.5284332341896069, 0.06441043807310223, 0.11751160417447448], [0.11426036406400918, 0.4258215805548738, 0.09730079846409337, 0.3626172569170237], [0.03979354503096512, 0.1619946503195398, 0.157410979058484, 0.6408008255910109], [0.10553314846003947, 0.019689451490058723, 0.7372312447253353, 0.13754615532456627]], "state_values": [4.847177367782251, -4.583433490307064, 2.64229804178598, 4.62412664543063, 0.3469728772769379, 4.262859476132464, -4.911102063143402, 4.491826825656229, -2.553290166554314, -1.9283039604643026, 4.308802464529451, 3.8010772800275583, -3.462073571720833, 4.312248575217162, -2.7887675077093603, -4.716612391313166], "value_grad": [3.5640010833740234, -5.1479997634887695, -4.356000900268555, 19.00800132751465, 0.7919988632202148, -2.3759994506835938, 0.7920017242431641, -10.691997528076172, 12.671998023986816, 3.1680030822753906, 5.940000534057617, 8.711999893188477, -10.295997619628906, 7.920000076293945, 3.563997268676758, 0.7919998168945312], "action_grad": [[0.0, 0.0, 0.0], [0.0, 0.0, 0.0], [0.0, 0.0, 0.0], [0.0, 0.0, 0.0], [0.0, 0.0, 0.0], [0.0, 0.0, 0.0], [0.0, 0.0, 0.0], [0.0, 0.0, 0.0], [0.0, 0.0, 0.0], [0.0, 0.0, 0.0], [0.0, 0.0, 0.0], [0.0, 0.0, 0.0], [0.0, 0.0, 0.0], [0.0, 0.0, 0.0], [0.0, 0.0, 0.0], [0.0, 0.0, 0.0]], "action_params_change": 0, "value_params_change": 0.4450530825216745}
{"iterations": 1, "type_itr": 0, "sub_iteration": 3, "sub_it_time": 0.10386800765991211, "total_time": 0.4255211353302002, "value_loss": 28.115999221801758, "action_loss": -0.9960923194885254, "action_probs": [[0.022292003260036435, 0.028432669646948336, 0.4171786129608684, 0.5320967141321468], [8.659597707667073e-05, 0.9882780035834705, 1.0194404677997851e-06, 0.011634380998985143], [0.6657713258349234, 0.00018977395206562806, 0.3339437116468059, 9.518856620507607e-05], [0.1539781654071064, 0.016005544406723977, 0.7518625505988357, 0.07815373958733389], [0.2306016308046875, 0.16067875775845875, 0.3587497334471708, 0.24996987798968273], [0.8367118282646505, 0.15384422477201948, 0.007977198368025889, 0.001466748595304172], [0.7944575289259438, 0.14286848057946583, 0.05312113726848739, 0.009552853226103011], [0.9894944939400089, 0.009524459024410825, 0.0009716939174400546, 9.353118140229023e-06], [0.18066531783289833, 0.8083043531359868, 0.0020150242810332846, 0.00901530475008152], [1.874652917298352e-05, 1.6560819133569792e-05, 0.5309338758603148, 0.4690308167913787], [0.03597739881453622, 0.7605360327965675, 0.009191203981985257, 0.194295364406911], [0.26342926007475936, 0.39137256459310443, 0.13887453651038148, 0.20632363882175464], [0.28964472356281673, 0.5284332341896069, 0.06441043807310223, 0.11751160417447448], [0.11426036406400918, 0.4258215805548738, 0.09730079846409337, 0.3626172569170237], [0.03979354503096512, 0.1619946503195398, 0.157410979058484, 0.6408008255910109], [0.10553314846003947, 0.019689451490058723, 0.7372312447253353, 0.13754615532456627]], "state_values": [4.693800550757648, -4.691378739249246, 3.1203086133623215, 4.6612795419977955, 1.4532166167861205, 4.186213683044366, -4.704252991480211, 4.758280675326226, -3.0675373579425878, -2.352733292812893, 4.079170370345442, 3.4709687292196385, -3.5668581147988836, 4.454577936686014, -2.755491599594537, -4.57267459963372], "value_grad": [9.107998847961426, 17.423999786376953, 3.168001174926758, -3.167999267578125, 2.3759994506835938, 3.5640010833740234, -9.107999801635742, -1.5839977264404297, -0.7920017242431641, -2.7719993591308594, -7.52400016784668, 6.732001304626465, 8.315999984741211, 20.988000869750977, -2.3760013580322266, 0.7920036315917969], "action_grad": [[0.0, 0.0, 0.0], [0.0, 0.0, 0.0], [0.0, 0.0, 0.0], [0.0, 0.0, 0.0], [0.0, 0.0, 0.0], [0.0, 0.0, 0.0], [0.0, 0.0, 0.0], [0.0, 0.0, 0.0], [0.0, 0.0, 0.0], [0.0, 0.0, 0.0], [0.0, 0.0, 0.0], [0.0, 0.0, 0.0], [0.0, 0.0, 0.0], [0.0, 0.0, 0.0], [0.0, 0.0, 0.0], [0.0, 0.0, 0.0]], "action_params_change": 0, "value_params_change": 0.4508974482157386}
{"iterations": 1, "type_itr": 0, "sub_iteration": 4, "sub_it_time": 0.10607409477233887, "total_time": 0.5331158638000488, "value_loss": 22.176002502441406, "action_loss": -0.4346584677696228, "action_probs": [[0.022292003260036435, 0.028432669646948336, 0.4171786129608684, 0.5320967141321468], [8.659597707667073e-05, 0.9882780035834705, 1.0194404677997851e-06, 0.011634380998985143], [0.6657713258349234, 0.00018977395206562806, 0.3339437116468059, 9.518856620507607e-05], [0.1539781654071064, 0.016005544406723977, 0.7518625505988357, 0.07815373958733389], [0.2306016308046875, 0.16067875775845875, 0.3587497334471708, 0.24996987798968273], [0.8367118282646505, 0.15384422477201948, 0.007977198368025889, 0.001466748595304172], [0.7944575289259438, 0.14286848057946583, 0.05312113726848739, 0.009552853226103011], [0.9894944939400089, 0.009524459024410825, 0.0009716939174400546, 9.353118140229023e-06], [0.18066531783289833, 0.8083043531359868, 0.0020150242810332846, 0.00901530475008152], [1.874652917298352e-05, 1.6560819133569792e-05, 0.5309338758603148, 0.4690308167913787], [0.03597739881453622, 0.7605360327965675, 0.009191203981985257, 0.194295364406911], [0.26342926007475936, 0.39137256459310443, 0.13887453651038148, 0.20632363882175464], [0.28964472356281673, 0.5284332341896069, 0.06441043807310223, 0.11751160417447448], [0.11426036406400918, 0.4258215805548738, 0.09730079846409337, 0.3626172569170237], [0.03979354503096512, 0.1619946503195398, 0.157410979058484, 0.6408008255910109], [0.10553314846003947, 0.019689451490058723, 0.7372312447253353, 0.13754615532456627]], "state_values": [4.5710913537446425, -4.8037751417617915, 3.504094559369451, 4.738475044380174, 1.685588891434039, 3.77950976413443, -4.342419806074038, 4.908383819950173, -3.586435693758519, -2.1706640649829354, 4.0086649741442235, 2.876317645254488, -3.4755128173047423, 4.5042421667281625, -2.5001121201913272, -4.581359156195401], "value_grad": [-2.7719974517822266, -5.1479997634887695, -0.3959999084472656, 4.75200080871582, -4.355998992919922, 10.692000389099121, -6.335999488830566, 0.0, 3.960000991821289, -8.711997985839844, 4.75200080871582, 13.860001564025879, 5.148002624511719, -5.544000625610352, -2.772000312805176, 8.71199893951416], "action_grad": [[0.0, 0.0, 0.0], [0.0, 0.0, 0.0], [0.0, 0.0, 0.0], [0.0, 0.0, 0.0], [0.0, 0.0, 0.0], [0.0, 0.0, 0.0], [0.0, 0.0, 0.0], [0.0, 0.0, 0.0], [0.0, 0.0, 0.0], [0.0, 0.0, 0.0], [0.0, 0.0, 0.0], [0.0, 0.0, 0.0], [0.0, 0.0, 0.0], [0.0, 0.0, 0.0], [0.0, 0.0, 0.0], [0.0, 0.0, 0.0]], "action_params_change": 0, "value_params_change": 0.345992545555851}
{"iterations": 1, "type_itr": 0, "sub_iteration": 5, "sub_it_time": 0.1064002513885498, "total_time": 0.6409597396850586, "value_loss": 21.780000686645508, "action_loss": -0.8512061834335327, "action_probs": [[0.022292003260036435, 0.028432669646948336, 0.4171786129608684, 0.5320967141321468], [8.659597707667073e-05, 0.9882780035834705, 1.0194404677997851e-06, 0.011634380998985143], [0.6657713258349234, 0.00018977395206562806, 0.3339437116468059, 9.518856620507607e-05], [0.1539781654071064, 0.016005544406723977, 0.7518625505988357, 0.07815373958733389], [0.2306016308046875, 0.16067875775845875, 0.3587497334471708, 0.24996987798968273], [0.8367118282646505, 0.15384422477201948, 0.007977198368025889, 0.001466748595304172], [0.7944575289259438, 0.14286848057946583, 0.05312113726848739, 0.009552853226103011], [0.9894944939400089, 0.009524459024410825, 0.0009716939174400546, 9.353118140229023e-06], [0.18066531783289833, 0.8083043531359868, 0.0020150242810332846, 0.00901530475008152], [1.874652917298352e-05, 1.6560819133569792e-05, 0.5309338758603148, 0.4690308167913787], [0.03597739881453622, 0.7605360327965675, 0.009191203981985257, 0.194295364406911], [0.26342926007475936, 0.39137256459310443, 0.13887453651038148, 0.20632363882175464], [0.28964472356281673, 0.5284332341896069, 0.06441043807310223, 0.11751160417447448], [0.11426036406400918, 0.4258215805548738, 0.09730079846409337, 0.3626172569170237], [0.03979354503096512, 0.1619946503195398, 0.157410979058484, 0.6408008255910109], [0.10553314846003947, 0.019689451490058723, 0.7372312447253353, 0.13754615532456627]], "state_values": [4.50269440664648, -4.923074801162151, 3.9448238274659326, 4.827097470446644, 1.169779336142438, 3.1650945020867916, -3.916984009909784, 4.974412280986045, -4.104756102746241, -2.327589650322524, 4.039627148038381, 2.5013115778721957, -3.2455551967854497, 4.5337057182259075, -1.9366378790771206, -4.544694658158799], "value_grad": [-3.168001174926758, -11.484001159667969, -6.33599853515625, 3.9600000381469727, -17.423999786376953, 8.711999893188477, -0.39600181579589844, 1.1879997253417969, 6.33599853515625, 7.128000259399414, 3.5639991760253906, -5.939999580383301, 4.75200080871582, -1.1880016326904297, -6.33599853515625, -3.167999267578125], "action_grad": [[0.0, 0.0, 0.0], [0.0, 0.0, 0.0], [0.0, 0.0, 0.0], [0.0, 0.0, 0.0], [0.0, 0.0, 0.0], [0.0, 0.0, 0.0], [0.0, 0.0, 0.0], [0.0, 0.0, 0.0], [0.0, 0.0, 0.0], [0.0, 0.0, 0.0], [0.0, 0.0, 0.0], [0.0, 0.0, 0.0], [0.0, 0.0, 0.0], [0.0, 0.0, 0.0], [0.0, 0.0, 0.0], [0.0, 0.0, 0.0]], "action_params_change": 0, "value_params_change": 0.34316798289455486}
{"iterations": 1, "type_itr": 0, "sub_iteration": 6, "sub_it_time": 0.10374689102172852, "total_time": 0.7462112903594971, "value_loss": 17.02800178527832, "action_loss": -0.9598708152770996, "action_probs": [[0.022292003260036435, 0.028432669646948336, 0.4171786129608684, 0.5320967141321468], [8.659597707667073e-05, 0.9882780035834705, 1.0194404677997851e-06, 0.011634380998985143], [0.6657713258349234, 0.00018977395206562806, 0.3339437116468059, 9.518856620507607e-05], [0.1539781654071064, 0.016005544406723977, 0.7518625505988357, 0.07815373958733389], [0.2306016308046875, 0.16067875775845875, 0.3587497334471708, 0.24996987798968273], [0.8367118282646505, 0.15384422477201948, 0.007977198368025889, 0.001466748595304172], [0.7944575289259438, 0.14286848057946583, 0.05312113726848739, 0.009552853226103011], [0.9894944939400089, 0.009524459024410825, 0.0009716939174400546, 9.353118140229023e-06], [0.18066531783289833, 0.8083043531359868, 0.0020150242810332846, 0.00901530475008152], [1.874652917298352e-05, 1.6560819133569792e-05, 0.5309338758603148, 0.4690308167913787], [0.03597739881453622, 0.7605360327965675, 0.009191203981985257, 0.194295364406911], [0.26342926007475936, 0.39137256459310443, 0.13887453651038148, 0.20632363882175464], [0.28964472356281673, 0.5284332341896069, 0.06441043807310223, 0.11751160417447448], [0.11426036406400918, 0.4258215805548738, 0.09730079846409337, 0.3626172569170237], [0.03979354503096512, 0.1619946503195398, 0.157410979058484, 0.6408008255910109], [0.10553314846003947, 0.019689451490058723, 0.7372312447253353, 0.13754615532456627]], "state_values": [4.4582175083434805, -4.981883345205406, 4.221408046378113, 4.896450010031924, 0.5139421194362677, 2.471737465379415, -3.86089695921378, 4.999127430512788, -4.501688957827872, -2.7409238268130705, 4.1130306772824365, 1.9094790107895583, -3.0878828498767517, 4.636722251986089, -1.6922084838560436, -4.310956687901323], "value_grad": [-1.1879997253417969, 0.3959989547729492, 2.3759994506835938, 1.1880016326904297, -7.127998352050781, 2.37600040435791, 15.04800033569336, -4.7519989013671875, 1.980001449584961, 9.50400161743164, 1.9799995422363281, 12.2760009765625, -1.5839977264404297, 9.50400161743164, 3.960002899169922, -19.40399742126465], "action_grad": [[0.0, 0.0, 0.0], [0.0, 0.0, 0.0], [0.0, 0.0, 0.0], [0.0, 0.0, 0.0], [0.0, 0.0, 0.0], [0.0, 0.0, 0.0], [0.0, 0.0, 0.0], [0.0, 0.0, 0.0], [0.0, 0.0, 0.0], [0.0, 0.0, 0.0], [0.0, 0.0, 0.0], [0.0, 0.0, 0.0], [0.0, 0.0, 0.0], [0.0, 0.0, 0.0], [0.0, 0.0, 0.0], [0.0, 0.0, 0.0]], "action_params_change": 0, "value_params_change": 0.33672539198057305}
{"iterations": 1, "type_itr": 0, "sub_iteration": 7, "sub_it_time": 0.11394619941711426, "total_time": 0.8616745471954346, "value_loss": 27.323999404907227, "action_loss": -0.14488616585731506, "action_probs": [[0.022292003260036435, 0.028432669646948336, 0.4171786129608684, 0.5320967141321468], [8.659597707667073e-05, 0.9882780035834705, 1.0194404677997851e-06, 0.011634380998985143], [0.6657713258349234, 0.00018977395206562806, 0.3339437116468059, 9.518856620507607e-05], [0.1539781654071064, 0.016005544406723977, 0.7518625505988357, 0.07815373958733389], [0.2306016308046875, 0.16067875775845875, 0.3587497334471708, 0.24996987798968273], [0.8367118282646505, 0.15384422477201948, 0.007977198368025889, 0.001466748595304172], [0.7944575289259438, 0.14286848057946583, 0.05312113726848739, 0.009552853226103011], [0.9894944939400089, 0.009524459024410825, 0.0009716939174400546, 9.353118140229023e-06], [0.18066531783289833, 0.8083043531359868, 0.0020150242810332846, 0.00901530475008152], [1.874652917298352e-05, 1.6560819133569792e-05, 0.5309338758603148, 0.4690308167913787], [0.03597739881453622, 0.7605360327965675, 0.009191203981985257, 0.194295364406911], [0.26342926007475936, 0.39137256459310443, 0.13887453651038148, 0.20632363882175464], [0.28964472356281673, 0.5284332341896069, 0.06441043807310223, 0.11751160417447448], [0.11426036406400918, 0.4258215805548738, 0.09730079846409337, 0.3626172569170237], [0.03979354503096512, 0.1619946503195398, 0.157410979058484, 0.6408008255910109], [0.10553314846003947, 0.019689451490058723, 0.7372312447253353, 0.13754615532456627]], "state_values": [4.55779680963276, -4.998465075826936, 4.471654099479456, 4.952085701527073, -0.08437165608124252, 1.6052805696408063, -3.7966363628339614, 4.980748536409337, -4.738694543974131, -3.0377779516718872, 3.8715073460318825, 1.2771681391123002, -2.6128351874701656, 4.665237711100966, -2.1252416246615, -4.063045828530797], "value_grad": [-10.296001434326172, 4.752004623413086, -2.3759994506835938, 2.37600040435791, -0.3959999084472656, 8.315999984741211, -0.7919988632202148, 3.5640010833740234, -1.584000587463379, -1.5839996337890625, -18.215999603271484, 3.563998222351074, 16.631999969482422, -7.128000259399414, 22.571998596191406, -0.3959999084472656], "action_grad": [[0.0, 0.0, 0.0], [0.0, 0.0, 0.0], [0.0, 0.0, 0.0], [0.0, 0.0, 0.0], [0.0, 0.0, 0.0], [0.0, 0.0, 0.0], [0.0, 0.0, 0.0], [0.0, 0.0, 0.0], [0.0, 0.0, 0.0], [0.0, 0.0, 0.0], [0.0, 0.0, 0.0], [0.0, 0.0, 0.0], [0.0, 0.0, 0.0], [0.0, 0.0, 0.0], [0.0, 0.0, 0.0], [0.0, 0.0, 0.0]], "action_params_change": 0, "value_params_change": 0.38047920405848146}
{"iterations": 1, "type_itr": 0, "sub_iteration": 8, "sub_it_time": 0.10680127143859863, "total_time": 0.9699535369873047, "value_loss": 20.59200096130371, "action_loss": -0.19921846687793732, "action_probs": [[0.022292003260036435, 0.028432669646948336, 0.4171786129608684, 0.5320967141321468], [8.659597707667073e-05, 0.9882780035834705, 1.0194404677997851e-06, 0.011634380998985143], [0.6657713258349234, 0.00018977395206562806, 0.3339437116468059, 9.518856620507607e-05], [0.1539781654071064, 0.016005544406723977, 0.7518625505988357, 0.07815373958733389], [0.2306016308046875, 0.16067875775845875, 0.3587497334471708, 0.24996987798968273], [0.8367118282646505, 0.15384422477201948, 0.007977198368025889, 0.001466748595304172], [0.7944575289259438, 0.14286848057946583, 0.05312113726848739, 0.009552853226103011], [0.9894944939400089, 0.009524459024410825, 0.0009716939174400546, 9.353118140229023e-06], [0.18066531783289833, 0.8083043531359868, 0.0020150242810332846, 0.00901530475008152], [1.874652917298352e-05, 1.6560819133569792e-05, 0.5309338758603148, 0.4690308167913787], [0.03597739881453622, 0.7605360327965675, 0.009191203981985257, 0.194295364406911], [0.26342926007475936, 0.39137256459310443, 0.13887453651038148, 0.20632363882175464], [0.28964472356281673, 0.5284332341896069, 0.06441043807310223, 0.11751160417447448], [0.11426036406400918, 0.4258215805548738, 0.09730079846409337, 0.3626172569170237], [0.03979354503096512, 0.1619946503195398, 0.157410979058484, 0.6408008255910109], [0.10553314846003947, 0.019689451490058723, 0.7372312447253353, 0.13754615532456627]], "state_values": [4.388418299660149, -4.992992466674921, 4.7117344544334046, 4.999488071488773, -0.5520338172738978, 1.2664676955577652, -3.606802813345118, 4.996148053238505, -4.935870196559676, -3.098733391492535, 3.5349810502500505, 1.0857996881235517, -2.457717850443971, 4.735272735669007, -2.7101665626117453, -3.7758062744459844], "value_grad": [29.303998947143555, -6.732001304626465, -5.148002624511719, 20.196001052856445, 1.9799976348876953, -11.483997344970703, -7.920000076293945, 14.651999473571777, 21.384002685546875, -6.732002258300781, -6.335999488830566, -14.255999565124512, -11.483999252319336, 7.127999305725098, 14.65200138092041, -2.772001266479492], "action_grad": [[0.0, 0.0, 0.0], [0.0, 0.0, 0.0], [0.0, 0.0, 0.0], [0.0, 0.0, 0.0], [0.0, 0.0, 0.0], [0.0, 0.0, 0.0], [0.0, 0.0, 0.0], [0.0, 0.0, 0.0], [0.0, 0.0, 0.0], [0.0, 0.0, 0.0], [0.0, 0.0, 0.0], [0.0, 0.0, 0.0], [0.0, 0.0, 0.0], [0.0, 0.0, 0.0], [0.0, 0.0, 0.0], [0.0, 0.0, 0.0]], "action_params_change": 0, "value_params_change": 0.32877973218479983}
{"iterations": 1, "type_itr": 0, "sub_iteration": 9, "sub_it_time": 0.10476160049438477, "total_time": 1.0762598514556885, "value_loss": 20.59200096130371, "action_loss": -0.09055384993553162, "action_probs": [[0.022292003260036435, 0.028432669646948336, 0.4171786129608684, 0.5320967141321468], [8.659597707667073e-05, 0.9882780035834705, 1.0194404677997851e-06, 0.011634380998985143], [0.6657713258349234, 0.00018977395206562806, 0.3339437116468059, 9.518856620507607e-05], [0.1539781654071064, 0.016005544406723977, 0.7518625505988357, 0.07815373958733389], [0.2306016308046875, 0.16067875775845875, 0.3587497334471708, 0.24996987798968273], [0.8367118282646505, 0.15384422477201948, 0.007977198368025889, 0.001466748595304172], [0.7944575289259438, 0.14286848057946583, 0.05312113726848739, 0.009552853226103011], [0.9894944939400089, 0.009524459024410825, 0.0009716939174400546, 9.353118140229023e-06], [0.18066531783289833, 0.8083043531359868, 0.0020150242810332846, 0.00901530475008152], [1.874652917298352e-05, 1.6560819133569792e-05, 0.5309338758603148, 0.4690308167913787], [0.03597739881453622, 0.7605360327965675, 0.009191203981985257, 0.194295364406911], [0.26342926007475936, 0.39137256459310443, 0.13887453651038148, 0.20632363882175464], [0.28964472356281673, 0.5284332341896069, 0.06441043807310223, 0.11751160417447448], [0.11426036406400918, 0.4258215805548738, 0.09730079846409337, 0.3626172569170237], [0.03979354503096512, 0.1619946503195398, 0.157410979058484, 0.6408008255910109], [0.10553314846003947, 0.019689451490058723, 0.7372312447253353, 0.13754615532456627]], "state_values": [4.131114129832047, -4.945454423355625, 4.837743958036225, 4.978953613892958, -1.0632504556955922, 0.7792866524723013, -3.2981700282745363, 4.996240136313254, -4.997250935641797, -3.3081253592332716, 3.115809979666089, 0.8554227475103283, -2.122348294287839, 4.747188770145906, -3.289112175994211, -3.582817887163317], "value_grad": [10.295998573303223, -7.524001598358154, 3.1680002212524414, -1.1880006790161133, -3.5639991760253906, 7.128002166748047, -7.920000076293945, 6.33599853515625, -3.960002899169922, 6.732000350952148, -5.14799690246582, 2.7719993591308594, 10.296001434326172, -7.52400016784668, 7.128002166748047, 5.543998718261719], "action_grad": [[0.0, 0.0, 0.0], [0.0, 0.0, 0.0], [0.0, 0.0, 0.0], [0.0, 0.0, 0.0], [0.0, 0.0, 0.0], [0.0, 0.0, 0.0], [0.0, 0.0, 0.0], [0.0, 0.0, 0.0], [0.0, 0.0, 0.0], [0.0, 0.0, 0.0], [0.0, 0.0, 0.0], [0.0, 0.0, 0.0], [0.0, 0.0, 0.0], [0.0, 0.0, 0.0], [0.0, 0.0, 0.0], [0.0, 0.0, 0.0]], "action_params_change": 0, "value_params_change": 0.2901382016956022}
{"iterations": 1, "type_itr": 0, "sub_iteration": 10, "sub_it_time": 0.1043391227722168, "total_time": 1.1820223331451416, "value_loss": 7.127999782562256, "action_loss": -0.5614338517189026, "action_probs": [[0.022292003260036435, 0.028432669646948336, 0.4171786129608684, 0.5320967141321468], [8.659597707667073e-05, 0.9882780035834705, 1.0194404677997851e-06, 0.011634380998985143], [0.6657713258349234, 0.00018977395206562806, 0.3339437116468059, 9.518856620507607e-05], [0.1539781654071064, 0.016005544406723977, 0.7518625505988357, 0.07815373958733389], [0.2306016308046875, 0.16067875775845875, 0.3587497334471708, 0.24996987798968273], [0.8367118282646505, 0.15384422477201948, 0.007977198368025889, 0.001466748595304172], [0.7944575289259438, 0.14286848057946583, 0.05312113726848739, 0.009552853226103011], [0.9894944939400089, 0.009524459024410825, 0.0009716939174400546, 9.353118140229023e-06], [0.18066531783289833, 0.8083043531359868, 0.0020150242810332846, 0.00901530475008152], [1.874652917298352e-05, 1.6560819133569792e-05, 0.5309338758603148, 0.4690308167913787], [0.03597739881453622, 0.7605360327965675, 0.009191203981985257, 0.194295364406911], [0.26342926007475936, 0.39137256459310443, 0.13887453651038148, 0.20632363882175464], [0.28964472356281673, 0.5284332341896069, 0.06441043807310223, 0.11751160417447448], [0.11426036406400918, 0.4258215805548738, 0.09730079846409337, 0.3626172569170237], [0.03979354503096512, 0.1619946503195398, 0.157410979058484, 0.6408008255910109], [0.10553314846003947, 0.019689451490058723, 0.7372312447253353, 0.13754615532456627]], "state_values": [3.8272718228865372, -4.811218908644931, 4.841294778540485, 4.918768852205968, -1.306945364408322, 0.42795416746488313, -2.97899099783232, 4.956577607976181, -4.969590374741606, -3.4063831180423625, 2.5888788141323844, 0.8175445421059974, -2.1180467861215644, 4.6548860658321445, -3.692409441863329, -3.350973720344139], "value_grad": [3.9599971771240234, -15.444000244140625, 10.691997528076172, -1.5840015411376953, 6.732000350952148, -3.1680030822753906, -1.1879997253417969, 4.355998992919922, 7.920000076293945, -3.56400203704834, -6.732001304626465, -7.920001029968262, -15.048003196716309, -18.61199951171875, -3.9600000381469727, -3.167999267578125], "action_grad": [[0.0, 0.0, 0.0], [0.0, 0.0, 0.0], [0.0, 0.0, 0.0], [0.0, 0.0, 0.0], [0.0, 0.0, 0.0], [0.0, 0.0, 0.0], [0.0, 0.0, 0.0], [0.0, 0.0, 0.0], [0.0, 0.0, 0.0], [0.0, 0.0, 0.0], [0.0, 0.0, 0.0], [0.0, 0.0, 0.0], [0.0, 0.0, 0.0], [0.0, 0.0, 0.0], [0.0, 0.0, 0.0], [0.0, 0.0, 0.0]], "action_params_change": 0, "value_params_change": 0.2870158904237279}
{"iterations": 1, "type_itr": 0, "sub_iteration": 11, "sub_it_time": 0.10496068000793457, "total_time": 1.2884612083435059, "value_loss": 13.464001655578613, "action_loss": 0.16299691796302795, "action_probs": [[0.022292003260036435, 0.028432669646948336, 0.4171786129608684, 0.5320967141321468], [8.659597707667073e-05, 0.9882780035834705, 1.0194404677997851e-06, 0.011634380998985143], [0.6657713258349234, 0.00018977395206562806, 0.3339437116468059, 9.518856620507607e-05], [0.1539781654071064, 0.016005544406723977, 0.7518625505988357, 0.07815373958733389], [0.2306016308046875, 0.16067875775845875, 0.3587497334471708, 0.24996987798968273], [0.8367118282646505, 0.15384422477201948, 0.007977198368025889, 0.001466748595304172], [0.7944575289259438, 0.14286848057946583, 0.05312113726848739, 0.009552853226103011], [0.9894944939400089, 0.009524459024410825, 0.0009716939174400546, 9.353118140229023e-06], [0.18066531783289833, 0.8083043531359868, 0.0020150242810332846, 0.00901530475008152], [1.874652917298352e-05, 1.6560819133569792e-05, 0.5309338758603148, 0.4690308167913787], [0.03597739881453622, 0.7605360327965675, 0.009191203981985257, 0.194295364406911], [0.26342926007475936, 0.39137256459310443, 0.13887453651038148, 0.20632363882175464], [0.28964472356281673, 0.5284332341896069, 0.06441043807310223, 0.11751160417447448], [0.11426036406400918, 0.4258215805548738, 0.09730079846409337, 0.3626172569170237], [0.03979354503096512, 0.1619946503195398, 0.157410979058484, 0.6408008255910109], [0.10553314846003947, 0.019689451490058723, 0.7372312447253353, 0.13754615532456627]], "state_values": [3.605304588898817, -4.633418965477716, 4.8914007177893355, 4.7862614916432396, -1.4802118375966244, 0.376796751455046, -2.755706503048742, 4.974121614769995, -4.825233660176124, -3.252562598844137, 2.053918489007224, 0.8158169620134832, -2.045110906715916, 4.573288797688293, -4.037965716022022, -3.072961427459618], "value_grad": [-7.127999305725098, 1.5840015411376953, -7.524001598358154, 9.899999618530273, 1.5840015411376953, -9.504000663757324, 3.960000991821289, -22.572002410888672, 7.128000259399414, -11.880000114440918, -1.1879997253417969, -1.5839996337890625, 3.960000991821289, 1.9799995422363281, 1.9800004959106445, -3.564000129699707], "action_grad": [[0.0, 0.0, 0.0], [0.0, 0.0, 0.0], [0.0, 0.0, 0.0], [0.0, 0.0, 0.0], [0.0, 0.0, 0.0], [0.0, 0.0, 0.0], [0.0, 0.0, 0.0], [0.0, 0.0, 0.0], [0.0, 0.0, 0.0], [0.0, 0.0, 0.0], [0.0, 0.0, 0.0], [0.0, 0.0, 0.0], [0.0, 0.0, 0.0], [0.0, 0.0, 0.0], [0.0, 0.0, 0.0], [0.0, 0.0, 0.0]], "action_params_change": 0, "value_params_change": 0.309657748308636}
{"iterations": 1, "type_itr": 0, "sub_iteration": 12, "sub_it_time": 0.10658788681030273, "total_time": 1.3966267108917236, "value_loss": 13.860000610351562, "action_loss": -0.23544003069400787, "action_probs": [[0.022292003260036435, 0.028432669646948336, 0.4171786129608684, 0.5320967141321468], [8.659597707667073e-05, 0.9882780035834705, 1.0194404677997851e-06, 0.011634380998985143], [0.6657713258349234, 0.00018977395206562806, 0.3339437116468059, 9.518856620507607e-05], [0.1539781654071064, 0.016005544406723977, 0.7518625505988357, 0.07815373958733389], [0.2306016308046875, 0.16067875775845875, 0.3587497334471708, 0.24996987798968273], [0.8367118282646505, 0.15384422477201948, 0.007977198368025889, 0.001466748595304172], [0.7944575289259438, 0.14286848057946583, 0.05312113726848739, 0.009552853226103011], [0.9894944939400089, 0.009524459024410825, 0.0009716939174400546, 9.353118140229023e-06], [0.18066531783289833, 0.8083043531359868, 0.0020150242810332846, 0.00901530475008152], [1.874652917298352e-05, 1.6560819133569792e-05, 0.5309338758603148, 0.4690308167913787], [0.03597739881453622, 0.7605360327965675, 0.009191203981985257, 0.194295364406911], [0.26342926007475936, 0.39137256459310443, 0.13887453651038148, 0.20632363882175464], [0.28964472356281673, 0.5284332341896069, 0.06441043807310223, 0.11751160417447448], [0.11426036406400918, 0.4258215805548738, 0.09730079846409337, 0.3626172569170237], [0.03979354503096512, 0.1619946503195398, 0.157410979058484, 0.6408008255910109], [0.10553314846003947, 0.019689451490058723, 0.7372312447253353, 0.13754615532456627]], "state_values": [3.251287778333987, -4.453189294580076, 4.893734480199097, 4.687730809256763, -1.805705759563105, 0.4775820911752987, -2.8305581339106465, 4.993478332656277, -4.58327041796115, -3.002157419367819, 1.5118242143604845, 0.7819332295866672, -2.1714553845274973, 4.495480983514042, -4.2743713197347395, -2.6098993910670214], "value_grad": [13.859999656677246, 3.564000129699707, 6.732001304626465, -9.900001525878906, -7.127999782562256, -5.940000534057617, 15.04800033569336, -6.336000442504883, 1.5839996337890625, -5.543999671936035, -1.5840001106262207, 1.5839996337890625, -11.484001159667969, 0.3959999084472656, -3.168001174926758, -14.255999565124512], "action_grad": [[0.0, 0.0, 0.0], [0.0, 0.0, 0.0], [0.0, 0.0, 0.0], [0.0, 0.0, 0.0], [0.0, 0.0, 0.0], [0.0, 0.0, 0.0], [0.0, 0.0, 0.0], [0.0, 0.0, 0.0], [0.0, 0.0, 0.0], [0.0, 0.0, 0.0], [0.0, 0.0, 0.0], [0.0, 0.0, 0.0], [0.0, 0.0, 0.0], [0.0, 0.0, 0.0], [0.0, 0.0, 0.0], [0.0, 0.0, 0.0]], "action_params_change": 0, "value_params_change": 0.2919893033426142}
{"iterations": 1, "type_itr": 0, "sub_iteration": 13, "sub_it_time": 0.10549163818359375, "total_time": 1.5036203861236572, "value_loss": 19.007999420166016, "action_loss": -0.5252123475074768, "action_probs": [[0.022292003260036435, 0.028432669646948336, 0.4171786129608684, 0.5320967141321468], [8.659597707667073e-05, 0.9882780035834705, 1.0194404677997851e-06, 0.011634380998985143], [0.6657713258349234, 0.00018977395206562806, 0.3339437116468059, 9.518856620507607e-05], [0.1539781654071064, 0.016005544406723977, 0.7518625505988357, 0.07815373958733389], [0.2306016308046875, 0.16067875775845875, 0.3587497334471708, 0.24996987798968273], [0.8367118282646505, 0.15384422477201948, 0.007977198368025889, 0.001466748595304172], [0.7944575289259438, 0.14286848057946583, 0.05312113726848739, 0.009552853226103011], [0.9894944939400089, 0.009524459024410825, 0.0009716939174400546, 9.353118140229023e-06], [0.18066531783289833, 0.8083043531359868, 0.0020150242810332846, 0.00901530475008152], [1.874652917298352e-05, 1.6560819133569792e-05, 0.5309338758603148, 0.4690308167913787], [0.03597739881453622, 0.7605360327965675, 0.009191203981985257, 0.194295364406911], [0.26342926007475936, 0.39137256459310443, 0.13887453651038148, 0.20632363882175464], [0.28964472356281673, 0.5284332341896069, 0.06441043807310223, 0.11751160417447448], [0.11426036406400918, 0.4258215805548738, 0.09730079846409337, 0.3626172569170237], [0.03979354503096512, 0.1619946503195398, 0.157410979058484, 0.6408008255910109], [0.10553314846003947, 0.019689451490058723, 0.7372312447253353, 0.13754615532456627]], "state_values": [2.895320674150131, -4.310020054303728, 4.944642950826881, 4.558093414823037, -2.243571842784391, 0.5781622564244677, -2.8318320371793555, 4.999998520823032, -4.230191184781939, -2.6779474136950996, 1.10875423596965, 0.7108051647390226, -2.162300566302834, 4.407918806055442, -4.454027125828833, -2.4639479242509434], "value_grad": [0.7920007705688477, 5.544002532958984, -11.880001068115234, 3.5639991760253906, -7.1280012130737305, -0.39600038528442383, -3.9600000381469727, -1.1879997253417969, 5.148000717163086, -4.355998992919922, 4.355999946594238, 1.9800004959106445, 7.523999214172363, -1.583998680114746, -0.7920007705688477, 16.631999969482422], "action_grad": [[0.0, 0.0, 0.0], [0.0, 0.0, 0.0], [0.0, 0.0, 0.0], [0.0, 0.0, 0.0], [0.0, 0.0, 0.0], [0.0, 0.0, 0.0], [0.0, 0.0, 0.0], [0.0, 0.0, 0.0], [0.0, 0.0, 0.0], [0.0, 0.0, 0.0], [0.0, 0.0, 0.0], [0.0, 0.0, 0.0], [0.0, 0.0, 0.0], [0.0, 0.0, 0.0], [0.0, 0.0, 0.0], [0.0, 0.0, 0.0]], "action_params_change": 0, "value_params_change": 0.30223469440601214}
