{"iterations": 0, "type_itr": 0, "sub_iteration": 0, "sub_it_time": 0, "total_time": 0, "value_loss": 0, "action_loss": 0, "action_probs": [[0.1886349266713594, 0.6957483476130758, 0.024660521305069294, 0.0909562044104956], [0.1835920504146354, 0.011890918589739214, 0.7555795375231705, 0.04893749347245488], [0.00030039152689642363, 0.011492810737576641, 0.025171191183200128, 0.9630356065523268], [0.005658527635078697, 0.9319210737422635, 0.00037672273381381295, 0.06204367588884398], [0.7398028469406206, 0.2348911958925543, 0.01920748289602392, 0.006098474270801183], [0.484168769163412, 0.5034181010356357, 0.006085591008294257, 0.006327538792658141], [0.22643133292180806, 0.7517293545101665, 0.005055513596499876, 0.016783798971525637], [0.019544867145390173, 0.6143776391254605, 0.011286767560823283, 0.35479072616832624], [0.060781964007205196, 0.5927668640584073, 0.032220978385192514, 0.31423019354919496], [0.2863472947417853, 0.4386524248481741, 0.10861464386935743, 0.16638563654068297], [0.6360357479159431, 0.36396422028498837, 2.0225344964580422e-08, 1.1573723543289395e-08], [0.022111128732835866, 0.6521146967898077, 0.010683712247477896, 0.31509046222987863], [0.007903381434383459, 0.10582684129772366, 0.06158897727663366, 0.8246807999912594], [0.06062085730622542, 0.3789596686515018, 0.07728529122969743, 0.4831341828125754], [0.9397083579137051, 0.002746167376101379, 0.057377796057217836, 0.00016767865297564989], [0.6349701020606433, 0.3504289821274126, 0.009408517982263203, 0.005192397829680912]], "state_values": [3.1821408559252022, 4.16565595707785, -2.4063712193311, 4.723142475472398, 4.962929446291959, 4.4844442122328845, 2.4170579912181034, 0.8929022223617543, 1.971848454841087, 3.80286363279328, 0.3151326619219433, 3.9824355977931423, 4.999188679887056, 4.979119515796956, -1.3066249416736218, -3.147290142716418], "value_grad": [0.0, 0.0, 0.0, 0.0, 0.0, 0.0, 0.0, 0.0, 0.0, 0.0, 0.0, 0.0, 0.0, 0.0, 0.0, 0.0], "action_grad": [[0.0, 0.0, 0.0], [0.0, 0.0, 0.0], [0.0, 0.0, 0.0], [0.0, 0.0, 0.0], [0.0, 0.0, 0.0], [0.0, 0.0, 0.0], [0.0, 0.0, 0.0], [0.0, 0.0, 0.0], [0.0, 0.0, 0.0], [0.0, 0.0, 0.0], [0.0, 0.0, 0.0], [0.0, 0.0, 0.0], [0.0, 0.0, 0.0], [0.0, 0.0, 0.0], [0.0, 0.0, 0.0], [0.0, 0.0, 0.0]], "action_params_change": 0, "value_params_change": 0}
{"iterations": 1, "type_itr": 0, "sub_iteration": 0, "sub_it_time": 0.12845849990844727, "total_time": 0.1299419403076172, "value_loss": 5.943960666656494, "action_loss": -2.2334201335906982, "action_probs": [[0.1886349266713594, 0.6957483476130758, 0.024660521305069294, 0.0909562044104956], [0.1835920504146354, 0.011890918589739214, 0.7555795375231705, 0.04893749347245488], [0.00030039152689642363, 0.011492810737576641, 0.025171191183200128, 0.9630356065523268], [0.005658527635078697, 0.9319210737422635, 0.00037672273381381295, 0.06204367588884398], [0.7398028469406206, 0.2348911958925543, 0.01920748289602392, 0.006098474270801183], [0.484168769163412, 0.5034181010356357, 0.006085591008294257, 0.006327538792658141], [0.22643133292180806, 0.7517293545101665, 0.005055513596499876, 0.016783798971525637], [0.019544867145390173, 0.6143776391254605, 0.011286767560823283, 0.35479072616832624], [0.060781964007205196, 0.5927668640584073, 0.032220978385192514, 0.31423019354919496], [0.2863472947417853, 0.4386524248481741, 0.10861464386935743, 0.16638563654068297], [0.6360357479159431, 0.36396422028498837, 2.0225344964580422e-08, 1.1573723543289395e-08], [0.022111128732835866, 0.6521146967898077, 0.010683712247477896, 0.31509046222987863], [0.007903381434383459, 0.10582684129772366, 0.06158897727663366, 0.8246807999912594], [0.06062085730622542, 0.3789596686515018, 0.07728529122969743, 0.4831341828125754], [0.9397083579137051, 0.002746167376101379, 0.057377796057217836, 0.00016767865297564989], [0.6349701020606433, 0.3504289821274126, 0.009408517982263203, 0.005192397829680912]], "state_values": [2.129058044868503, 3.351990575429698, -1.2472284523169215, 4.98222924426712, 4.658290087143411, 3.797954248384703, 1.2590388415187304, -0.35199095482193754, 0.7737868217071618, 4.487780306478755, 1.539896357995557, 4.606602131548468, 4.821492425696225, 4.937264317697918, -0.07197070631113882, -2.0882414824223026], "value_grad": [0.10296010971069336, -0.6256799697875977, -0.45936012268066406, 0.15047979354858398, -1.7463603019714355, 0.3643198013305664, 0.4316401481628418, -0.15047979354858398, 0.6137995719909668, -1.239480972290039, -1.1721601486206055, -0.8355598449707031, -0.7009210586547852, 0.4870796203613281, 1.2790799140930176, 1.3701601028442383], "action_grad": [[0.0, 0.0, 0.0], [0.0, 0.0, 0.0], [0.0, 0.0, 0.0], [0.0, 0.0, 0.0], [0.0, 0.0, 0.0], [0.0, 0.0, 0.0], [0.0, 0.0, 0.0], [0.0, 0.0, 0.0], [0.0, 0.0, 0.0], [0.0, 0.0, 0.0], [0.0, 0.0, 0.0], [0.0, 0.0, 0.0], [0.0, 0.0, 0.0], [0.0, 0.0, 0.0], [0.0, 0.0, 0.0], [0.0, 0.0, 0.0]], "action_params_change": 0, "value_params_change": 0.4999999971369024}
{"iterations": 1, "type_itr": 0, "sub_iteration": 1, "sub_it_time": 0.1457817554473877, "total_time": 0.2776026725769043, "value_loss": 5.310359954833984, "action_loss": -2.233057975769043, "action_probs": [[0.1886349266713594, 0.6957483476130758, 0.024660521305069294, 0.0909562044104956], [0.1835920504146354, 0.011890918589739214, 0.7555795375231705, 0.04893749347245488], [0.00030039152689642363, 0.011492810737576641, 0.025171191183200128, 0.9630356065523268], [0.005658527635078697, 0.9319210737422635, 0.00037672273381381295, 0.06204367588884398], [0.7398028469406206, 0.2348911958925543, 0.01920748289602392, 0.006098474270801183], [0.484168769163412, 0.5034181010356357, 0.006085591008294257, 0.006327538792658141], [0.22643133292180806, 0.7517293545101665, 0.005055513596499876, 0.016783798971525637], [0.019544867145390173, 0.6143776391254605, 0.011286767560823283, 0.35479072616832624], [0.060781964007205196, 0.5927668640584073, 0.032220978385192514, 0.31423019354919496], [0.2863472947417853, 0.4386524248481741, 0.10861464386935743, 0.16638563654068297], [0.6360357479159431, 0.36396422028498837, 2.0225344964580422e-08, 1.1573723543289395e-08], [0.022111128732835866, 0.6521146967898077, 0.010683712247477896, 0.31509046222987863], [0.007903381434383459, 0.10582684129772366, 0.06158897727663366, 0.8246807999912594], [0.06062085730622542, 0.3789596686515018, 0.07728529122969743, 0.4831341828125754], [0.9397083579137051, 0.002746167376101379, 0.057377796057217836, 0.00016767865297564989], [0.6349701020606433, 0.3504289821274126, 0.009408517982263203, 0.005192397829680912]], "state_values": [2.870826671564368, 2.349161832374235, -0.02251285562963355, 4.884366150844495, 4.125818952656635, 2.9993231065065844, 0.3159115942699618, -1.1786565493859387, 1.2176238128320334, 4.880152322966949, 2.6689985227216138, 4.916682185310286, 4.935624083537955, 4.6051293020471045, 0.9763720489348134, -0.9156950507599536], "value_grad": [-1.2553210258483887, -1.0454399585723877, -0.6929996013641357, -0.5108394622802734, -0.772200345993042, 0.12672042846679688, 0.05939960479736328, 0.0, -1.2157199382781982, -0.6969599723815918, -1.4414403438568115, -0.26927995681762695, 1.683000087738037, 0.9662401676177979, 0.35244035720825195, 1.077120304107666], "action_grad": [[0.0, 0.0, 0.0], [0.0, 0.0, 0.0], [0.0, 0.0, 0.0], [0.0, 0.0, 0.0], [0.0, 0.0, 0.0], [0.0, 0.0, 0.0], [0.0, 0.0, 0.0], [0.0, 0.0, 0.0], [0.0, 0.0, 0.0], [0.0, 0.0, 0.0], [0.0, 0.0, 0.0], [0.0, 0.0, 0.0], [0.0, 0.0, 0.0], [0.0, 0.0, 0.0], [0.0, 0.0, 0.0], [0.0, 0.0, 0.0]], "action_params_change": 0, "value_params_change": 0.5000386724813213}
{"iterations": 1, "type_itr": 0, "sub_iteration": 2, "sub_it_time": 0.13700389862060547, "total_time": 0.4164917469024658, "value_loss": 2.5185601711273193, "action_loss": -2.2674684524536133, "action_probs": [[0.1886349266713594, 0.6957483476130758, 0.024660521305069294, 0.0909562044104956], [0.1835920504146354, 0.011890918589739214, 0.7555795375231705, 0.04893749347245488], [0.00030039152689642363, 0.011492810737576641, 0.025171191183200128, 0.9630356065523268], [0.005658527635078697, 0.9319210737422635, 0.00037672273381381295, 0.06204367588884398], [0.7398028469406206, 0.2348911958925543, 0.01920748289602392, 0.006098474270801183], [0.484168769163412, 0.5034181010356357, 0.006085591008294257, 0.006327538792658141], [0.22643133292180806, 0.7517293545101665, 0.005055513596499876, 0.016783798971525637], [0.019544867145390173, 0.6143776391254605, 0.011286767560823283, 0.35479072616832624], [0.060781964007205196, 0.5927668640584073, 0.032220978385192514, 0.31423019354919496], [0.2863472947417853, 0.4386524248481741, 0.10861464386935743, 0.16638563654068297], [0.6360357479159431, 0.36396422028498837, 2.0225344964580422e-08, 1.1573723543289395e-08], [0.022111128732835866, 0.6521146967898077, 0.010683712247477896, 0.31509046222987863], [0.007903381434383459, 0.10582684129772366, 0.06158897727663366, 0.8246807999912594], [0.06062085730622542, 0.3789596686515018, 0.07728529122969743, 0.4831341828125754], [0.9397083579137051, 0.002746167376101379, 0.057377796057217836, 0.00016767865297564989], [0.6349701020606433, 0.3504289821274126, 0.009408517982263203, 0.005192397829680912]], "state_values": [3.166856712148458, 1.2309168331298808, 1.1738384739529493, 4.771487930068541, 3.3951505127880792, 3.288411467538385, -0.7299711634231913, -0.5121597245266036, 2.0063513637467447, 4.997496579612168, 3.015966642564026, 4.996769786304165, 4.895385523310993, 4.094906372090931, 1.324286684686763, 0.3162149417105331], "value_grad": [0.42767977714538574, -0.5860800743103027, -1.1523597240447998, 0.043560028076171875, -0.7840800285339355, -0.8395195007324219, 0.8434799909591675, 0.8712000846862793, -1.5919196605682373, -0.03959989547729492, 1.1048402786254883, -1.6948800086975098, -1.6236003637313843, 0.18612003326416016, -0.6850799322128296, 1.7859599590301514], "action_grad": [[0.0, 0.0, 0.0], [0.0, 0.0, 0.0], [0.0, 0.0, 0.0], [0.0, 0.0, 0.0], [0.0, 0.0, 0.0], [0.0, 0.0, 0.0], [0.0, 0.0, 0.0], [0.0, 0.0, 0.0], [0.0, 0.0, 0.0], [0.0, 0.0, 0.0], [0.0, 0.0, 0.0], [0.0, 0.0, 0.0], [0.0, 0.0, 0.0], [0.0, 0.0, 0.0], [0.0, 0.0, 0.0], [0.0, 0.0, 0.0]], "action_params_change": 0, "value_params_change": 0.49492748812825127}
{"iterations": 1, "type_itr": 0, "sub_iteration": 3, "sub_it_time": 0.16773438453674316, "total_time": 0.5867469310760498, "value_loss": 2.7403199672698975, "action_loss": -2.3574790954589844, "action_probs": [[0.1886349266713594, 0.6957483476130758, 0.024660521305069294, 0.0909562044104956], [0.1835920504146354, 0.011890918589739214, 0.7555795375231705, 0.04893749347245488], [0.00030039152689642363, 0.011492810737576641, 0.025171191183200128, 0.9630356065523268], [0.005658527635078697, 0.9319210737422635, 0.00037672273381381295, 0.06204367588884398], [0.7398028469406206, 0.2348911958925543, 0.01920748289602392, 0.006098474270801183], [0.484168769163412, 0.5034181010356357, 0.006085591008294257, 0.006327538792658141], [0.22643133292180806, 0.7517293545101665, 0.005055513596499876, 0.016783798971525637], [0.019544867145390173, 0.6143776391254605, 0.011286767560823283, 0.35479072616832624], [0.060781964007205196, 0.5927668640584073, 0.032220978385192514, 0.31423019354919496], [0.2863472947417853, 0.4386524248481741, 0.10861464386935743, 0.16638563654068297], [0.6360357479159431, 0.36396422028498837, 2.0225344964580422e-08, 1.1573723543289395e-08], [0.022111128732835866, 0.6521146967898077, 0.010683712247477896, 0.31509046222987863], [0.007903381434383459, 0.10582684129772366, 0.06158897727663366, 0.8246807999912594], [0.06062085730622542, 0.3789596686515018, 0.07728529122969743, 0.4831341828125754], [0.9397083579137051, 0.002746167376101379, 0.057377796057217836, 0.00016767865297564989], [0.6349701020606433, 0.3504289821274126, 0.009408517982263203, 0.005192397829680912]], "state_values": [3.266244860083289, 0.6177372720373437, 2.319564064425904, 4.478184267873136, 2.935850861313152, 3.312119696103819, -0.5141141928820188, -0.8772006463395641, 2.825437780688087, 4.98817305520789, 3.4433514866722543, 4.829084039813056, 4.871801872218424, 3.547722311153374, 1.6116011654907176, 1.5346773247149748], "value_grad": [0.31283998489379883, 0.570239782333374, -1.045440435409546, -0.6296403408050537, 0.7959601879119873, 0.34452009201049805, -1.7067599296569824, -1.6038000583648682, -1.0612802505493164, 2.1661200523376465, -0.7325999736785889, -1.0058398246765137, 0.23760008811950684, -0.015839815139770508, 0.01584005355834961, 1.5166802406311035], "action_grad": [[0.0, 0.0, 0.0], [0.0, 0.0, 0.0], [0.0, 0.0, 0.0], [0.0, 0.0, 0.0], [0.0, 0.0, 0.0], [0.0, 0.0, 0.0], [0.0, 0.0, 0.0], [0.0, 0.0, 0.0], [0.0, 0.0, 0.0], [0.0, 0.0, 0.0], [0.0, 0.0, 0.0], [0.0, 0.0, 0.0], [0.0, 0.0, 0.0], [0.0, 0.0, 0.0], [0.0, 0.0, 0.0], [0.0, 0.0, 0.0]], "action_params_change": 0, "value_params_change": 0.49737233746611764}
{"iterations": 1, "type_itr": 0, "sub_iteration": 4, "sub_it_time": 0.14177846908569336, "total_time": 0.7303214073181152, "value_loss": 1.7028001546859741, "action_loss": -2.3189032077789307, "action_probs": [[0.1886349266713594, 0.6957483476130758, 0.024660521305069294, 0.0909562044104956], [0.1835920504146354, 0.011890918589739214, 0.7555795375231705, 0.04893749347245488], [0.00030039152689642363, 0.011492810737576641, 0.025171191183200128, 0.9630356065523268], [0.005658527635078697, 0.9319210737422635, 0.00037672273381381295, 0.06204367588884398], [0.7398028469406206, 0.2348911958925543, 0.01920748289602392, 0.006098474270801183], [0.484168769163412, 0.5034181010356357, 0.006085591008294257, 0.006327538792658141], [0.22643133292180806, 0.7517293545101665, 0.005055513596499876, 0.016783798971525637], [0.019544867145390173, 0.6143776391254605, 0.011286767560823283, 0.35479072616832624], [0.060781964007205196, 0.5927668640584073, 0.032220978385192514, 0.31423019354919496], [0.2863472947417853, 0.4386524248481741, 0.10861464386935743, 0.16638563654068297], [0.6360357479159431, 0.36396422028498837, 2.0225344964580422e-08, 1.1573723543289395e-08], [0.022111128732835866, 0.6521146967898077, 0.010683712247477896, 0.31509046222987863], [0.007903381434383459, 0.10582684129772366, 0.06158897727663366, 0.8246807999912594], [0.06062085730622542, 0.3789596686515018, 0.07728529122969743, 0.4831341828125754], [0.9397083579137051, 0.002746167376101379, 0.057377796057217836, 0.00016767865297564989], [0.6349701020606433, 0.3504289821274126, 0.009408517982263203, 0.005192397829680912]], "state_values": [3.6487852721261844, 0.4313524913172779, 3.200447220629449, 3.9795881510052884, 2.3843106415006527, 2.820011902586823, -0.4102245010751701, -0.8426133423271809, 3.3282590514608072, 4.99492856169616, 3.591897891299834, 4.400455949224368, 4.733226390002635, 2.783139989282711, 1.9885163902058844, 2.1702808763310735], "value_grad": [-1.188000202178955, 0.6890401840209961, -0.06335997581481934, -1.0612801313400269, -0.5504399538040161, 2.486880302429199, 0.22572016716003418, 0.9424803256988525, 0.4831199645996094, -1.0850400924682617, 0.8395200967788696, -2.055239677429199, -2.023560047149658, 0.9899997711181641, 0.35244011878967285, -1.2909600734710693], "action_grad": [[0.0, 0.0, 0.0], [0.0, 0.0, 0.0], [0.0, 0.0, 0.0], [0.0, 0.0, 0.0], [0.0, 0.0, 0.0], [0.0, 0.0, 0.0], [0.0, 0.0, 0.0], [0.0, 0.0, 0.0], [0.0, 0.0, 0.0], [0.0, 0.0, 0.0], [0.0, 0.0, 0.0], [0.0, 0.0, 0.0], [0.0, 0.0, 0.0], [0.0, 0.0, 0.0], [0.0, 0.0, 0.0], [0.0, 0.0, 0.0]], "action_params_change": 0, "value_params_change": 0.4650436623964146}
{"iterations": 1, "type_itr": 0, "sub_iteration": 5, "sub_it_time": 0.13880491256713867, "total_time": 0.8711192607879639, "value_loss": 2.772000312805176, "action_loss": -2.3904407024383545, "action_probs": [[0.1886349266713594, 0.6957483476130758, 0.024660521305069294, 0.0909562044104956], [0.1835920504146354, 0.011890918589739214, 0.7555795375231705, 0.04893749347245488], [0.00030039152689642363, 0.011492810737576641, 0.025171191183200128, 0.9630356065523268], [0.005658527635078697, 0.9319210737422635, 0.00037672273381381295, 0.06204367588884398], [0.7398028469406206, 0.2348911958925543, 0.01920748289602392, 0.006098474270801183], [0.484168769163412, 0.5034181010356357, 0.006085591008294257, 0.006327538792658141], [0.22643133292180806, 0.7517293545101665, 0.005055513596499876, 0.016783798971525637], [0.019544867145390173, 0.6143776391254605, 0.011286767560823283, 0.35479072616832624], [0.060781964007205196, 0.5927668640584073, 0.032220978385192514, 0.31423019354919496], [0.2863472947417853, 0.4386524248481741, 0.10861464386935743, 0.16638563654068297], [0.6360357479159431, 0.36396422028498837, 2.0225344964580422e-08, 1.1573723543289395e-08], [0.022111128732835866, 0.6521146967898077, 0.010683712247477896, 0.31509046222987863], [0.007903381434383459, 0.10582684129772366, 0.06158897727663366, 0.8246807999912594], [0.06062085730622542, 0.3789596686515018, 0.07728529122969743, 0.4831341828125754], [0.9397083579137051, 0.002746167376101379, 0.057377796057217836, 0.00016767865297564989], [0.6349701020606433, 0.3504289821274126, 0.009408517982263203, 0.005192397829680912]], "state_values": [3.862444332577352, 0.5775341639073138, 3.958834019150149, 3.3682830424403427, 2.3586099228919157, 2.1970596045622623, -0.224098987516896, -0.5926974486958033, 3.6954160786436203, 4.997620374612098, 3.8123977630582795, 3.8348382253063247, 4.515525129543703, 2.416796430029897, 2.600230253257198, 2.486709502812346], "value_grad": [0.35244011878967285, 0.8078402280807495, -0.7365598678588867, -0.20988011360168457, 1.8295204639434814, 0.9226800799369812, -0.2969999313354492, 0.7524001598358154, 0.12276005744934082, 0.13463973999023438, -0.5860800743103027, -0.03563988208770752, -0.776159942150116, -0.8236799240112305, 1.3147199153900146, -1.0454401969909668], "action_grad": [[0.0, 0.0, 0.0], [0.0, 0.0, 0.0], [0.0, 0.0, 0.0], [0.0, 0.0, 0.0], [0.0, 0.0, 0.0], [0.0, 0.0, 0.0], [0.0, 0.0, 0.0], [0.0, 0.0, 0.0], [0.0, 0.0, 0.0], [0.0, 0.0, 0.0], [0.0, 0.0, 0.0], [0.0, 0.0, 0.0], [0.0, 0.0, 0.0], [0.0, 0.0, 0.0], [0.0, 0.0, 0.0], [0.0, 0.0, 0.0]], "action_params_change": 0, "value_params_change": 0.43816283191354954}
{"iterations": 1, "type_itr": 0, "sub_iteration": 6, "sub_it_time": 0.13144946098327637, "total_time": 1.0043613910675049, "value_loss": 1.9681200981140137, "action_loss": -2.3283207416534424, "action_probs": [[0.1886349266713594, 0.6957483476130758, 0.024660521305069294, 0.0909562044104956], [0.1835920504146354, 0.011890918589739214, 0.7555795375231705, 0.04893749347245488], [0.00030039152689642363, 0.011492810737576641, 0.025171191183200128, 0.9630356065523268], [0.005658527635078697, 0.9319210737422635, 0.00037672273381381295, 0.06204367588884398], [0.7398028469406206, 0.2348911958925543, 0.01920748289602392, 0.006098474270801183], [0.484168769163412, 0.5034181010356357, 0.006085591008294257, 0.006327538792658141], [0.22643133292180806, 0.7517293545101665, 0.005055513596499876, 0.016783798971525637], [0.019544867145390173, 0.6143776391254605, 0.011286767560823283, 0.35479072616832624], [0.060781964007205196, 0.5927668640584073, 0.032220978385192514, 0.31423019354919496], [0.2863472947417853, 0.4386524248481741, 0.10861464386935743, 0.16638563654068297], [0.6360357479159431, 0.36396422028498837, 2.0225344964580422e-08, 1.1573723543289395e-08], [0.022111128732835866, 0.6521146967898077, 0.010683712247477896, 0.31509046222987863], [0.007903381434383459, 0.10582684129772366, 0.06158897727663366, 0.8246807999912594], [0.06062085730622542, 0.3789596686515018, 0.07728529122969743, 0.4831341828125754], [0.9397083579137051, 0.002746167376101379, 0.057377796057217836, 0.00016767865297564989], [0.6349701020606433, 0.3504289821274126, 0.009408517982263203, 0.005192397829680912]], "state_values": [4.010435247512643, 0.3828564591797998, 4.345527766135505, 3.2256854899312044, 2.678606411459168, 1.6027553574634998, -0.13000795493750003, -0.6409933326054169, 3.6881983936882206, 4.992900721863777, 3.9854731922075746, 3.0715813782369787, 4.163618679967972, 1.8479950306597948, 2.9083250640752154, 2.7533195187704558], "value_grad": [0.12276005744934082, -1.0058399438858032, 0.6573599576950073, 1.1642400026321411, 2.2888801097869873, 0.05939984321594238, 0.21384000778198242, -0.9464399814605713, 1.7582398653030396, 0.7920000553131104, 0.03959977626800537, -1.322640299797058, -1.4097599983215332, 0.9068400859832764, -0.6771597862243652, 0.00395965576171875], "action_grad": [[0.0, 0.0, 0.0], [0.0, 0.0, 0.0], [0.0, 0.0, 0.0], [0.0, 0.0, 0.0], [0.0, 0.0, 0.0], [0.0, 0.0, 0.0], [0.0, 0.0, 0.0], [0.0, 0.0, 0.0], [0.0, 0.0, 0.0], [0.0, 0.0, 0.0], [0.0, 0.0, 0.0], [0.0, 0.0, 0.0], [0.0, 0.0, 0.0], [0.0, 0.0, 0.0], [0.0, 0.0, 0.0], [0.0, 0.0, 0.0]], "action_params_change": 0, "value_params_change": 0.4251658722654017}
{"iterations": 1, "type_itr": 0, "sub_iteration": 7, "sub_it_time": 0.13617157936096191, "total_time": 1.1423068046569824, "value_loss": 2.958120107650757, "action_loss": -2.3089420795440674, "action_probs": [[0.1886349266713594, 0.6957483476130758, 0.024660521305069294, 0.0909562044104956], [0.1835920504146354, 0.011890918589739214, 0.7555795375231705, 0.04893749347245488], [0.00030039152689642363, 0.011492810737576641, 0.025171191183200128, 0.9630356065523268], [0.005658527635078697, 0.9319210737422635, 0.00037672273381381295, 0.06204367588884398], [0.7398028469406206, 0.2348911958925543, 0.01920748289602392, 0.006098474270801183], [0.484168769163412, 0.5034181010356357, 0.006085591008294257, 0.006327538792658141], [0.22643133292180806, 0.7517293545101665, 0.005055513596499876, 0.016783798971525637], [0.019544867145390173, 0.6143776391254605, 0.011286767560823283, 0.35479072616832624], [0.060781964007205196, 0.5927668640584073, 0.032220978385192514, 0.31423019354919496], [0.2863472947417853, 0.4386524248481741, 0.10861464386935743, 0.16638563654068297], [0.6360357479159431, 0.36396422028498837, 2.0225344964580422e-08, 1.1573723543289395e-08], [0.022111128732835866, 0.6521146967898077, 0.010683712247477896, 0.31509046222987863], [0.007903381434383459, 0.10582684129772366, 0.06158897727663366, 0.8246807999912594], [0.06062085730622542, 0.3789596686515018, 0.07728529122969743, 0.4831341828125754], [0.9397083579137051, 0.002746167376101379, 0.057377796057217836, 0.00016767865297564989], [0.6349701020606433, 0.3504289821274126, 0.009408517982263203, 0.005192397829680912]], "state_values": [4.10272667639322, 0.5836854068420675, 4.676327821846197, 3.00763351050608, 2.679342759646315, 0.7895917878228353, 0.14468423082172144, -0.6294875503973447, 3.6924226136846663, 4.988033178858531, 4.250687074073234, 2.2435530399089796, 3.7432668989914832, 1.5647658305256518, 3.3451000379340226, 2.945992720423618], "value_grad": [0.1584000587463379, 1.3860000371932983, -0.6613199710845947, -0.33659982681274414, -1.9483201503753662, 2.7640795707702637, -0.6652801036834717, 0.20987987518310547, -0.0752401351928711, -0.0910797119140625, -1.073160171508789, -0.24551987648010254, -0.3643198013305664, -0.7207200527191162, 1.0137596130371094, -0.22176027297973633], "action_grad": [[0.0, 0.0, 0.0], [0.0, 0.0, 0.0], [0.0, 0.0, 0.0], [0.0, 0.0, 0.0], [0.0, 0.0, 0.0], [0.0, 0.0, 0.0], [0.0, 0.0, 0.0], [0.0, 0.0, 0.0], [0.0, 0.0, 0.0], [0.0, 0.0, 0.0], [0.0, 0.0, 0.0], [0.0, 0.0, 0.0], [0.0, 0.0, 0.0], [0.0, 0.0, 0.0], [0.0, 0.0, 0.0], [0.0, 0.0, 0.0]], "action_params_change": 0, "value_params_change": 0.3923942947437822}
{"iterations": 1, "type_itr": 0, "sub_iteration": 8, "sub_it_time": 0.13179779052734375, "total_time": 1.2757551670074463, "value_loss": 1.651319980621338, "action_loss": -2.126023292541504, "action_probs": [[0.1886349266713594, 0.6957483476130758, 0.024660521305069294, 0.0909562044104956], [0.1835920504146354, 0.011890918589739214, 0.7555795375231705, 0.04893749347245488], [0.00030039152689642363, 0.011492810737576641, 0.025171191183200128, 0.9630356065523268], [0.005658527635078697, 0.9319210737422635, 0.00037672273381381295, 0.06204367588884398], [0.7398028469406206, 0.2348911958925543, 0.01920748289602392, 0.006098474270801183], [0.484168769163412, 0.5034181010356357, 0.006085591008294257, 0.006327538792658141], [0.22643133292180806, 0.7517293545101665, 0.005055513596499876, 0.016783798971525637], [0.019544867145390173, 0.6143776391254605, 0.011286767560823283, 0.35479072616832624], [0.060781964007205196, 0.5927668640584073, 0.032220978385192514, 0.31423019354919496], [0.2863472947417853, 0.4386524248481741, 0.10861464386935743, 0.16638563654068297], [0.6360357479159431, 0.36396422028498837, 2.0225344964580422e-08, 1.1573723543289395e-08], [0.022111128732835866, 0.6521146967898077, 0.010683712247477896, 0.31509046222987863], [0.007903381434383459, 0.10582684129772366, 0.06158897727663366, 0.8246807999912594], [0.06062085730622542, 0.3789596686515018, 0.07728529122969743, 0.4831341828125754], [0.9397083579137051, 0.002746167376101379, 0.057377796057217836, 0.00016767865297564989], [0.6349701020606433, 0.3504289821274126, 0.009408517982263203, 0.005192397829680912]], "state_values": [4.16386340707616, 0.916297266610186, 4.870806928497022, 2.838374012721487, 2.6317212398410073, 0.21843202325138278, 0.4688443181224351, -0.278291042054425, 3.8385685004132393, 4.983608973327911, 4.490609702707295, 1.4964278304414391, 3.262749473262978, 1.4225228118752262, 3.8349261208333396, 2.897917897501566], "value_grad": [0.09503960609436035, 0.6929998397827148, 0.07128000259399414, 0.11484003067016602, -0.3920400142669678, -0.9860401153564453, -0.2890799045562744, 1.6315199136734009, -1.1286003589630127, -0.05543971061706543, -0.37620019912719727, 0.32076001167297363, -0.39203977584838867, -0.388080358505249, 1.073160171508789, -1.5008397102355957], "action_grad": [[0.0, 0.0, 0.0], [0.0, 0.0, 0.0], [0.0, 0.0, 0.0], [0.0, 0.0, 0.0], [0.0, 0.0, 0.0], [0.0, 0.0, 0.0], [0.0, 0.0, 0.0], [0.0, 0.0, 0.0], [0.0, 0.0, 0.0], [0.0, 0.0, 0.0], [0.0, 0.0, 0.0], [0.0, 0.0, 0.0], [0.0, 0.0, 0.0], [0.0, 0.0, 0.0], [0.0, 0.0, 0.0], [0.0, 0.0, 0.0]], "action_params_change": 0, "value_params_change": 0.3227564192972068}
{"iterations": 1, "type_itr": 0, "sub_iteration": 9, "sub_it_time": 0.14050078392028809, "total_time": 1.418027639389038, "value_loss": 2.803680181503296, "action_loss": -2.182166814804077, "action_probs": [[0.1886349266713594, 0.6957483476130758, 0.024660521305069294, 0.0909562044104956], [0.1835920504146354, 0.011890918589739214, 0.7555795375231705, 0.04893749347245488], [0.00030039152689642363, 0.011492810737576641, 0.025171191183200128, 0.9630356065523268], [0.005658527635078697, 0.9319210737422635, 0.00037672273381381295, 0.06204367588884398], [0.7398028469406206, 0.2348911958925543, 0.01920748289602392, 0.006098474270801183], [0.484168769163412, 0.5034181010356357, 0.006085591008294257, 0.006327538792658141], [0.22643133292180806, 0.7517293545101665, 0.005055513596499876, 0.016783798971525637], [0.019544867145390173, 0.6143776391254605, 0.011286767560823283, 0.35479072616832624], [0.060781964007205196, 0.5927668640584073, 0.032220978385192514, 0.31423019354919496], [0.2863472947417853, 0.4386524248481741, 0.10861464386935743, 0.16638563654068297], [0.6360357479159431, 0.36396422028498837, 2.0225344964580422e-08, 1.1573723543289395e-08], [0.022111128732835866, 0.6521146967898077, 0.010683712247477896, 0.31509046222987863], [0.007903381434383459, 0.10582684129772366, 0.06158897727663366, 0.8246807999912594], [0.06062085730622542, 0.3789596686515018, 0.07728529122969743, 0.4831341828125754], [0.9397083579137051, 0.002746167376101379, 0.057377796057217836, 0.00016767865297564989], [0.6349701020606433, 0.3504289821274126, 0.009408517982263203, 0.005192397829680912]], "state_values": [4.18365492543134, 1.2195561621424467, 4.941967594870504, 2.93567877378996, 2.7934476437154907, -0.09809838365116086, 0.7873601615021035, -0.015943527747660266, 3.94163238405319, 4.983411147783248, 4.645812878848095, 0.9680225742216069, 2.7410210770574155, 0.9846673645919776, 4.125281604114279, 2.7245518063899192], "value_grad": [0.18612003326416016, 0.04355978965759277, 0.7048801183700562, 0.9662401676177979, 1.801800012588501, -1.2236402034759521, -0.11088013648986816, -0.24551987648010254, 0.17820000648498535, -0.2415602207183838, 0.26135993003845215, 0.8474400043487549, -0.3167998790740967, 1.4216399192810059, -0.5860800743103027, -0.9979201555252075], "action_grad": [[0.0, 0.0, 0.0], [0.0, 0.0, 0.0], [0.0, 0.0, 0.0], [0.0, 0.0, 0.0], [0.0, 0.0, 0.0], [0.0, 0.0, 0.0], [0.0, 0.0, 0.0], [0.0, 0.0, 0.0], [0.0, 0.0, 0.0], [0.0, 0.0, 0.0], [0.0, 0.0, 0.0], [0.0, 0.0, 0.0], [0.0, 0.0, 0.0], [0.0, 0.0, 0.0], [0.0, 0.0, 0.0], [0.0, 0.0, 0.0]], "action_params_change": 0, "value_params_change": 0.26145829351920447}
{"iterations": 1, "type_itr": 0, "sub_iteration": 10, "sub_it_time": 0.13219857215881348, "total_time": 1.5520613193511963, "value_loss": 2.724479913711548, "action_loss": -2.066801071166992, "action_probs": [[0.1886349266713594, 0.6957483476130758, 0.024660521305069294, 0.0909562044104956], [0.1835920504146354, 0.011890918589739214, 0.7555795375231705, 0.04893749347245488], [0.00030039152689642363, 0.011492810737576641, 0.025171191183200128, 0.9630356065523268], [0.005658527635078697, 0.9319210737422635, 0.00037672273381381295, 0.06204367588884398], [0.7398028469406206, 0.2348911958925543, 0.01920748289602392, 0.006098474270801183], [0.484168769163412, 0.5034181010356357, 0.006085591008294257, 0.006327538792658141], [0.22643133292180806, 0.7517293545101665, 0.005055513596499876, 0.016783798971525637], [0.019544867145390173, 0.6143776391254605, 0.011286767560823283, 0.35479072616832624], [0.060781964007205196, 0.5927668640584073, 0.032220978385192514, 0.31423019354919496], [0.2863472947417853, 0.4386524248481741, 0.10861464386935743, 0.16638563654068297], [0.6360357479159431, 0.36396422028498837, 2.0225344964580422e-08, 1.1573723543289395e-08], [0.022111128732835866, 0.6521146967898077, 0.010683712247477896, 0.31509046222987863], [0.007903381434383459, 0.10582684129772366, 0.06158897727663366, 0.8246807999912594], [0.06062085730622542, 0.3789596686515018, 0.07728529122969743, 0.4831341828125754], [0.9397083579137051, 0.002746167376101379, 0.057377796057217836, 0.00016767865297564989], [0.6349701020606433, 0.3504289821274126, 0.009408517982263203, 0.005192397829680912]], "state_values": [4.090454000216063, 1.3930943172104997, 4.995044266354522, 2.9157347840476286, 2.9491637879292965, -0.49726471573744085, 1.3693957053682437, 0.17770864024113445, 3.9012455653126823, 4.988071070629763, 4.809217850306082, 0.41120724335723574, 2.222867730629418, 0.6236695462436052, 4.205445817368773, 2.4291167275750545], "value_grad": [0.6415199041366577, -0.41184020042419434, -0.9107997417449951, -0.45144033432006836, 0.13463997840881348, 0.879119873046875, -1.6434001922607422, -0.19800019264221191, 1.1404800415039062, -0.31283998489379883, -0.8593201637268066, -0.4395599365234375, -0.07127952575683594, -0.1583998203277588, -1.1959199905395508, -1.077120304107666], "action_grad": [[0.0, 0.0, 0.0], [0.0, 0.0, 0.0], [0.0, 0.0, 0.0], [0.0, 0.0, 0.0], [0.0, 0.0, 0.0], [0.0, 0.0, 0.0], [0.0, 0.0, 0.0], [0.0, 0.0, 0.0], [0.0, 0.0, 0.0], [0.0, 0.0, 0.0], [0.0, 0.0, 0.0], [0.0, 0.0, 0.0], [0.0, 0.0, 0.0], [0.0, 0.0, 0.0], [0.0, 0.0, 0.0], [0.0, 0.0, 0.0]], "action_params_change": 0, "value_params_change": 0.23903485111816747}
{"iterations": 1, "type_itr": 0, "sub_iteration": 11, "sub_it_time": 0.13493895530700684, "total_time": 1.6887061595916748, "value_loss": 2.9224801063537598, "action_loss": -2.0514068603515625, "action_probs": [[0.1886349266713594, 0.6957483476130758, 0.024660521305069294, 0.0909562044104956], [0.1835920504146354, 0.011890918589739214, 0.7555795375231705, 0.04893749347245488], [0.00030039152689642363, 0.011492810737576641, 0.025171191183200128, 0.9630356065523268], [0.005658527635078697, 0.9319210737422635, 0.00037672273381381295, 0.06204367588884398], [0.7398028469406206, 0.2348911958925543, 0.01920748289602392, 0.006098474270801183], [0.484168769163412, 0.5034181010356357, 0.006085591008294257, 0.006327538792658141], [0.22643133292180806, 0.7517293545101665, 0.005055513596499876, 0.016783798971525637], [0.019544867145390173, 0.6143776391254605, 0.011286767560823283, 0.35479072616832624], [0.060781964007205196, 0.5927668640584073, 0.032220978385192514, 0.31423019354919496], [0.2863472947417853, 0.4386524248481741, 0.10861464386935743, 0.16638563654068297], [0.6360357479159431, 0.36396422028498837, 2.0225344964580422e-08, 1.1573723543289395e-08], [0.022111128732835866, 0.6521146967898077, 0.010683712247477896, 0.31509046222987863], [0.007903381434383459, 0.10582684129772366, 0.06158897727663366, 0.8246807999912594], [0.06062085730622542, 0.3789596686515018, 0.07728529122969743, 0.4831341828125754], [0.9397083579137051, 0.002746167376101379, 0.057377796057217836, 0.00016767865297564989], [0.6349701020606433, 0.3504289821274126, 0.009408517982263203, 0.005192397829680912]], "state_values": [3.990483966876279, 1.6549424375219575, 4.987949751397378, 3.0781430413260384, 3.0402016820995157, -0.7890134009275461, 1.8416904601745023, 0.44606165842069384, 3.9710395240246212, 4.973398318990306, 4.85667439993447, -0.16808008703069952, 1.635722249196978, 0.4927544396457486, 4.1217181598497215, 2.2577336406820057], "value_grad": [0.06732034683227539, 0.5147998332977295, -0.3643195629119873, 0.8434796333312988, -0.4316401481628418, -0.45935964584350586, 0.16236019134521484, 0.47520017623901367, -0.9900002479553223, 1.1682000160217285, 1.219679832458496, -0.4474799633026123, -0.6613194942474365, -0.7999207973480225, -1.4454004764556885, 0.7405202388763428], "action_grad": [[0.0, 0.0, 0.0], [0.0, 0.0, 0.0], [0.0, 0.0, 0.0], [0.0, 0.0, 0.0], [0.0, 0.0, 0.0], [0.0, 0.0, 0.0], [0.0, 0.0, 0.0], [0.0, 0.0, 0.0], [0.0, 0.0, 0.0], [0.0, 0.0, 0.0], [0.0, 0.0, 0.0], [0.0, 0.0, 0.0], [0.0, 0.0, 0.0], [0.0, 0.0, 0.0], [0.0, 0.0, 0.0], [0.0, 0.0, 0.0]], "action_params_change": 0, "value_params_change": 0.2548359093045698}
{"iterations": 1, "type_itr": 0, "sub_iteration": 12, "sub_it_time": 0.13462400436401367, "total_time": 1.825099229812622, "value_loss": 3.2472002506256104, "action_loss": -2.043438196182251, "action_probs": [[0.1886349266713594, 0.6957483476130758, 0.024660521305069294, 0.0909562044104956], [0.1835920504146354, 0.011890918589739214, 0.7555795375231705, 0.04893749347245488], [0.00030039152689642363, 0.011492810737576641, 0.025171191183200128, 0.9630356065523268], [0.005658527635078697, 0.9319210737422635, 0.00037672273381381295, 0.06204367588884398], [0.7398028469406206, 0.2348911958925543, 0.01920748289602392, 0.006098474270801183], [0.484168769163412, 0.5034181010356357, 0.006085591008294257, 0.006327538792658141], [0.22643133292180806, 0.7517293545101665, 0.005055513596499876, 0.016783798971525637], [0.019544867145390173, 0.6143776391254605, 0.011286767560823283, 0.35479072616832624], [0.060781964007205196, 0.5927668640584073, 0.032220978385192514, 0.31423019354919496], [0.2863472947417853, 0.4386524248481741, 0.10861464386935743, 0.16638563654068297], [0.6360357479159431, 0.36396422028498837, 2.0225344964580422e-08, 1.1573723543289395e-08], [0.022111128732835866, 0.6521146967898077, 0.010683712247477896, 0.31509046222987863], [0.007903381434383459, 0.10582684129772366, 0.06158897727663366, 0.8246807999912594], [0.06062085730622542, 0.3789596686515018, 0.07728529122969743, 0.4831341828125754], [0.9397083579137051, 0.002746167376101379, 0.057377796057217836, 0.00016767865297564989], [0.6349701020606433, 0.3504289821274126, 0.009408517982263203, 0.005192397829680912]], "state_values": [3.9024998619895155, 2.0296043508204895, 4.949174909408066, 3.2401183819317785, 3.006012046431128, -0.8360898452562582, 2.3485901480980322, 0.4629154220743372, 4.103836868160532, 4.9606182046675364, 4.910198549656923, -0.558671328236632, 0.8804848913013885, 0.7062953325943243, 4.018454751627052, 2.091712170432931], "value_grad": [-0.03168010711669922, 0.7563605308532715, 0.5583600997924805, 0.0989999771118164, -1.116720199584961, -1.5523200035095215, -0.5346002578735352, -1.0969202518463135, -0.7484397888183594, -0.21779990196228027, -0.4474804401397705, 0.7009198665618896, -1.80180025100708, -1.6315200328826904, -0.22571992874145508, -0.06335973739624023], "action_grad": [[0.0, 0.0, 0.0], [0.0, 0.0, 0.0], [0.0, 0.0, 0.0], [0.0, 0.0, 0.0], [0.0, 0.0, 0.0], [0.0, 0.0, 0.0], [0.0, 0.0, 0.0], [0.0, 0.0, 0.0], [0.0, 0.0, 0.0], [0.0, 0.0, 0.0], [0.0, 0.0, 0.0], [0.0, 0.0, 0.0], [0.0, 0.0, 0.0], [0.0, 0.0, 0.0], [0.0, 0.0, 0.0], [0.0, 0.0, 0.0]], "action_params_change": 0, "value_params_change": 0.31252021920690076}
{"iterations": 1, "type_itr": 0, "sub_iteration": 13, "sub_it_time": 0.13649916648864746, "total_time": 1.963411569595337, "value_loss": 3.3541202545166016, "action_loss": -1.9536086320877075, "action_probs": [[0.1886349266713594, 0.6957483476130758, 0.024660521305069294, 0.0909562044104956], [0.1835920504146354, 0.011890918589739214, 0.7555795375231705, 0.04893749347245488], [0.00030039152689642363, 0.011492810737576641, 0.025171191183200128, 0.9630356065523268], [0.005658527635078697, 0.9319210737422635, 0.00037672273381381295, 0.06204367588884398], [0.7398028469406206, 0.2348911958925543, 0.01920748289602392, 0.006098474270801183], [0.484168769163412, 0.5034181010356357, 0.006085591008294257, 0.006327538792658141], [0.22643133292180806, 0.7517293545101665, 0.005055513596499876, 0.016783798971525637], [0.019544867145390173, 0.6143776391254605, 0.011286767560823283, 0.35479072616832624], [0.060781964007205196, 0.5927668640584073, 0.032220978385192514, 0.31423019354919496], [0.2863472947417853, 0.4386524248481741, 0.10861464386935743, 0.16638563654068297], [0.6360357479159431, 0.36396422028498837, 2.0225344964580422e-08, 1.1573723543289395e-08], [0.022111128732835866, 0.6521146967898077, 0.010683712247477896, 0.31509046222987863], [0.007903381434383459, 0.10582684129772366, 0.06158897727663366, 0.8246807999912594], [0.06062085730622542, 0.3789596686515018, 0.07728529122969743, 0.4831341828125754], [0.9397083579137051, 0.002746167376101379, 0.057377796057217836, 0.00016767865297564989], [0.6349701020606433, 0.3504289821274126, 0.009408517982263203, 0.005192397829680912]], "state_values": [3.7075440418981636, 2.4939067593549136, 4.882003944911763, 3.474127182932956, 2.825097549877147, -0.9120481851016409, 2.848713111772588, 0.30907269297900153, 4.2394347652466005, 4.956686668055054, 4.921034856591123, -0.9870314180785797, 0.27357481232300984, 1.0601532927223534, 3.969163173752805, 1.831500782005643], "value_grad": [0.6019198894500732, 0.8197197914123535, -0.18612003326416016, 0.506880521774292, -1.5246002674102783, 0.26136016845703125, -0.3959999084472656, -0.9147603511810303, -0.2574000358581543, -0.36828017234802246, 0.8632798194885254, -0.48708033561706543, 0.5939998626708984, -0.9305996894836426, 0.41976022720336914, -0.8118000030517578], "action_grad": [[0.0, 0.0, 0.0], [0.0, 0.0, 0.0], [0.0, 0.0, 0.0], [0.0, 0.0, 0.0], [0.0, 0.0, 0.0], [0.0, 0.0, 0.0], [0.0, 0.0, 0.0], [0.0, 0.0, 0.0], [0.0, 0.0, 0.0], [0.0, 0.0, 0.0], [0.0, 0.0, 0.0], [0.0, 0.0, 0.0], [0.0, 0.0, 0.0], [0.0, 0.0, 0.0], [0.0, 0.0, 0.0], [0.0, 0.0, 0.0]], "action_params_change": 0, "value_params_change": 0.24455550165515882}
