{"iterations": 0, "type_itr": 0, "sub_iteration": 0, "sub_it_time": 0, "total_time": 0, "value_loss": 0, "action_loss": 0, "action_probs": [[0.33398952282574607, 0.5729456276694535, 0.03427222405150643, 0.05879262545329405], [0.04189324681081582, 0.9460708015899122, 0.0005103678537367375, 0.011525583745535323], [0.3667779044932756, 0.4905616798051996, 0.06103146207574206, 0.08162895362578272], [0.0010455857806526312, 0.04318260534565701, 0.022595122872038628, 0.9331766860016517], [0.30312210183676314, 0.22564402283881052, 0.27014098687328764, 0.20109288845113873], [0.011391119327581686, 0.00905374066032977, 0.5457718709945323, 0.4337832690175562], [0.11271726639347383, 0.6292867723305072, 0.03919196928577243, 0.21880399199024633], [0.24286492788896796, 0.08598873502533741, 0.4956548311330113, 0.17549150595268348], [0.09261309189646981, 0.001125298401793559, 0.8953822385309783, 0.010879371170758368], [0.017126114340076326, 0.6892302513630333, 0.007119599539813368, 0.286524034757077], [0.43000288904445566, 0.5698407469475498, 6.724749026724884e-05, 8.911651772710632e-05], [0.7603255356000332, 0.06470445367812144, 0.16124767444202415, 0.013722336279821118], [0.67412635431095, 0.20315623408142378, 0.0942991943441204, 0.02841821726350599], [0.4520359259716354, 0.5432597217727725, 0.002136587488122347, 0.002567764767469758], [0.4629550023018307, 0.5276710265338561, 0.004380792262295475, 0.004993178902017636], [0.001915205707525817, 0.0014999009430757767, 0.5588888638193924, 0.437696029530006]], "state_values": [1.676175676030783, 2.9961776467051733, -4.709367842324157, -4.202338992315592, 4.776953438169139, 0.24822163489391785, 3.4913423660635137, -3.8983640542263864, -0.08604052762477214, 4.587224627898542, 1.5823150196272173, 4.8089431104287605, -4.630539908967008, 4.323100491010576, -4.842973436574731, 4.527193154192857], "value_grad": [0.0, 0.0, 0.0, 0.0, 0.0, 0.0, 0.0, 0.0, 0.0, 0.0, 0.0, 0.0, 0.0, 0.0, 0.0, 0.0], "action_grad": [[0.0, 0.0, 0.0], [0.0, 0.0, 0.0], [0.0, 0.0, 0.0], [0.0, 0.0, 0.0], [0.0, 0.0, 0.0], [0.0, 0.0, 0.0], [0.0, 0.0, 0.0], [0.0, 0.0, 0.0], [0.0, 0.0, 0.0], [0.0, 0.0, 0.0], [0.0, 0.0, 0.0], [0.0, 0.0, 0.0], [0.0, 0.0, 0.0], [0.0, 0.0, 0.0], [0.0, 0.0, 0.0], [0.0, 0.0, 0.0]], "action_params_change": 0, "value_params_change": 0}
{"iterations": 1, "type_itr": 0, "sub_iteration": 0, "sub_it_time": 0.3710348606109619, "total_time": 0.37252187728881836, "value_loss": 15.720354110678455, "action_loss": -0.6245891013180306, "action_probs": [[0.33398952282574607, 0.5729456276694535, 0.03427222405150643, 0.05879262545329405], [0.04189324681081582, 0.9460708015899122, 0.0005103678537367375, 0.011525583745535323], [0.3667779044932756, 0.4905616798051996, 0.06103146207574206, 0.08162895362578272], [0.0010455857806526312, 0.04318260534565701, 0.022595122872038628, 0.9331766860016517], [0.30312210183676314, 0.22564402283881052, 0.27014098687328764, 0.20109288845113873], [0.011391119327581686, 0.00905374066032977, 0.5457718709945323, 0.4337832690175562], [0.11271726639347383, 0.6292867723305072, 0.03919196928577243, 0.21880399199024633], [0.24286492788896796, 0.08598873502533741, 0.4956548311330113, 0.17549150595268348], [0.09261309189646981, 0.001125298401793559, 0.8953822385309783, 0.010879371170758368], [0.017126114340076326, 0.6892302513630333, 0.007119599539813368, 0.286524034757077], [0.43000288904445566, 0.5698407469475498, 6.724749026724884e-05, 8.911651772710632e-05], [0.7603255356000332, 0.06470445367812144, 0.16124767444202415, 0.013722336279821118], [0.67412635431095, 0.20315623408142378, 0.0942991943441204, 0.02841821726350599], [0.4520359259716354, 0.5432597217727725, 0.002136587488122347, 0.002567764767469758], [0.4629550023018307, 0.5276710265338561, 0.004380792262295475, 0.004993178902017636], [0.001915205707525817, 0.0014999009430757767, 0.5588888638193924, 0.437696029530006]], "state_values": [0.4586285456477481, 1.9127093699054198, -4.147366528383919, -3.4014050768155704, 4.2631020008374385, 1.4759995189315076, 2.4973017245950615, -3.002567569548751, 1.1534707656961334, 3.9524548293719417, 2.7065676343362948, 4.3207573476105665, -4.019911365256708, 3.567194620024831, -4.999995897210632, 4.911540371057412], "value_grad": [-0.09460779615093706, 1.0596672366194007, -0.5488006103650438, -0.3973862604782177, 0.43525570850646744, 1.475861059936042, 1.7031114212654543, 0.13245805346030615, -0.09460706409408459, -0.11353851581250751, 0.4162726198399085, 0.07569292209946887, -0.7001990355378886, -1.002972076006765, -213.07688679843278, -213.30401155377396], "action_grad": [[0.0, 0.0, 0.0], [0.0, 0.0, 0.0], [0.0, 0.0, 0.0], [0.0, 0.0, 0.0], [0.0, 0.0, 0.0], [0.0, 0.0, 0.0], [0.0, 0.0, 0.0], [0.0, 0.0, 0.0], [0.0, 0.0, 0.0], [0.0, 0.0, 0.0], [0.0, 0.0, 0.0], [0.0, 0.0, 0.0], [0.0, 0.0, 0.0], [0.0, 0.0, 0.0], [0.0, 0.0, 0.0], [0.0, 0.0, 0.0]], "action_params_change": 0, "value_params_change": 0.49999999997655925}
{"iterations": 1, "type_itr": 0, "sub_iteration": 1, "sub_it_time": 0.3518552780151367, "total_time": 0.7260794639587402, "value_loss": 12.842477595463466, "action_loss": -0.5986033567439313, "action_probs": [[0.33398952282574607, 0.5729456276694535, 0.03427222405150643, 0.05879262545329405], [0.04189324681081582, 0.9460708015899122, 0.0005103678537367375, 0.011525583745535323], [0.3667779044932756, 0.4905616798051996, 0.06103146207574206, 0.08162895362578272], [0.0010455857806526312, 0.04318260534565701, 0.022595122872038628, 0.9331766860016517], [0.30312210183676314, 0.22564402283881052, 0.27014098687328764, 0.20109288845113873], [0.011391119327581686, 0.00905374066032977, 0.5457718709945323, 0.4337832690175562], [0.11271726639347383, 0.6292867723305072, 0.03919196928577243, 0.21880399199024633], [0.24286492788896796, 0.08598873502533741, 0.4956548311330113, 0.17549150595268348], [0.09261309189646981, 0.001125298401793559, 0.8953822385309783, 0.010879371170758368], [0.017126114340076326, 0.6892302513630333, 0.007119599539813368, 0.286524034757077], [0.43000288904445566, 0.5698407469475498, 6.724749026724884e-05, 8.911651772710632e-05], [0.7603255356000332, 0.06470445367812144, 0.16124767444202415, 0.013722336279821118], [0.67412635431095, 0.20315623408142378, 0.0942991943441204, 0.02841821726350599], [0.4520359259716354, 0.5432597217727725, 0.002136587488122347, 0.002567764767469758], [0.4629550023018307, 0.5276710265338561, 0.004380792262295475, 0.004993178902017636], [0.001915205707525817, 0.0014999009430757767, 0.5588888638193924, 0.437696029530006]], "state_values": [-0.6621952870168689, 0.713496866477496, -3.3340489559817867, -2.3904064467653887, 3.489983518287672, 2.512493829522313, 1.3608982351050796, -1.9186485950801035, 0.5245037677011221, 3.074624293058599, 2.9108865374482793, 3.5828194231531243, -3.168896801605063, 4.151447554407143, -4.931074996082405, 4.9988833748184], "value_grad": [-0.03788322154729862, 0.9849876572590048, -0.7956219783489633, -0.511450749957767, 0.6251297761796213, 0.6250748772879398, 1.382800182611895, 0.15153767068276736, 0.3030676638902783, -0.15154147599094436, -0.24624792945719953, 0.13260003584305835, -1.0608353234385781, 210.1983471499368, -6.572520305780927e-14, 0.30310549409439425], "action_grad": [[0.0, 0.0, 0.0], [0.0, 0.0, 0.0], [0.0, 0.0, 0.0], [0.0, 0.0, 0.0], [0.0, 0.0, 0.0], [0.0, 0.0, 0.0], [0.0, 0.0, 0.0], [0.0, 0.0, 0.0], [0.0, 0.0, 0.0], [0.0, 0.0, 0.0], [0.0, 0.0, 0.0], [0.0, 0.0, 0.0], [0.0, 0.0, 0.0], [0.0, 0.0, 0.0], [0.0, 0.0, 0.0], [0.0, 0.0, 0.0]], "action_params_change": 0, "value_params_change": 0.5006226312203261}
{"iterations": 1, "type_itr": 0, "sub_iteration": 2, "sub_it_time": 0.3513166904449463, "total_time": 1.079291820526123, "value_loss": 11.042381011861448, "action_loss": -0.49894734236906163, "action_probs": [[0.33398952282574607, 0.5729456276694535, 0.03427222405150643, 0.05879262545329405], [0.04189324681081582, 0.9460708015899122, 0.0005103678537367375, 0.011525583745535323], [0.3667779044932756, 0.4905616798051996, 0.06103146207574206, 0.08162895362578272], [0.0010455857806526312, 0.04318260534565701, 0.022595122872038628, 0.9331766860016517], [0.30312210183676314, 0.22564402283881052, 0.27014098687328764, 0.20109288845113873], [0.011391119327581686, 0.00905374066032977, 0.5457718709945323, 0.4337832690175562], [0.11271726639347383, 0.6292867723305072, 0.03919196928577243, 0.21880399199024633], [0.24286492788896796, 0.08598873502533741, 0.4956548311330113, 0.17549150595268348], [0.09261309189646981, 0.001125298401793559, 0.8953822385309783, 0.010879371170758368], [0.017126114340076326, 0.6892302513630333, 0.007119599539813368, 0.286524034757077], [0.43000288904445566, 0.5698407469475498, 6.724749026724884e-05, 8.911651772710632e-05], [0.7603255356000332, 0.06470445367812144, 0.16124767444202415, 0.013722336279821118], [0.67412635431095, 0.20315623408142378, 0.0942991943441204, 0.02841821726350599], [0.4520359259716354, 0.5432597217727725, 0.002136587488122347, 0.002567764767469758], [0.4629550023018307, 0.5276710265338561, 0.004380792262295475, 0.004993178902017636], [0.001915205707525817, 0.0014999009430757767, 0.5588888638193924, 0.437696029530006]], "state_values": [-1.0256896064338907, -0.49886731587942806, -2.3100886746497102, -1.2271475572722386, 2.4999821602065877, 3.167178678312156, 2.099548623062026, -2.6276975064524644, -0.20846724869760164, 2.407708997895502, 2.503663591111443, 2.9820548703897716, -2.118041302320764, 4.504733282511964, -4.782378784379642, 4.970802673496716], "value_grad": [0.05685655770766296, 0.7012343459639716, -0.8149832390378506, -0.5306740616507195, 0.7391749164136119, -0.1516203784418657, -208.8717957074479, -209.17505279339917, 0.11371342513932348, -209.2508629840136, -0.5685854896274538, 209.21295809484064, -1.1561444079374343, -1.1372368501994483, -0.5307418007772959, 0.03790874945206646], "action_grad": [[0.0, 0.0, 0.0], [0.0, 0.0, 0.0], [0.0, 0.0, 0.0], [0.0, 0.0, 0.0], [0.0, 0.0, 0.0], [0.0, 0.0, 0.0], [0.0, 0.0, 0.0], [0.0, 0.0, 0.0], [0.0, 0.0, 0.0], [0.0, 0.0, 0.0], [0.0, 0.0, 0.0], [0.0, 0.0, 0.0], [0.0, 0.0, 0.0], [0.0, 0.0, 0.0], [0.0, 0.0, 0.0], [0.0, 0.0, 0.0]], "action_params_change": 0, "value_params_change": 0.501012290846504}
{"iterations": 1, "type_itr": 0, "sub_iteration": 3, "sub_it_time": 0.35371971130371094, "total_time": 1.4347474575042725, "value_loss": 9.980832734870791, "action_loss": -0.41397474947566276, "action_probs": [[0.33398952282574607, 0.5729456276694535, 0.03427222405150643, 0.05879262545329405], [0.04189324681081582, 0.9460708015899122, 0.0005103678537367375, 0.011525583745535323], [0.3667779044932756, 0.4905616798051996, 0.06103146207574206, 0.08162895362578272], [0.0010455857806526312, 0.04318260534565701, 0.022595122872038628, 0.9331766860016517], [0.30312210183676314, 0.22564402283881052, 0.27014098687328764, 0.20109288845113873], [0.011391119327581686, 0.00905374066032977, 0.5457718709945323, 0.4337832690175562], [0.11271726639347383, 0.6292867723305072, 0.03919196928577243, 0.21880399199024633], [0.24286492788896796, 0.08598873502533741, 0.4956548311330113, 0.17549150595268348], [0.09261309189646981, 0.001125298401793559, 0.8953822385309783, 0.010879371170758368], [0.017126114340076326, 0.6892302513630333, 0.007119599539813368, 0.286524034757077], [0.43000288904445566, 0.5698407469475498, 6.724749026724884e-05, 8.911651772710632e-05], [0.7603255356000332, 0.06470445367812144, 0.16124767444202415, 0.013722336279821118], [0.67412635431095, 0.20315623408142378, 0.0942991943441204, 0.02841821726350599], [0.4520359259716354, 0.5432597217727725, 0.002136587488122347, 0.002567764767469758], [0.4629550023018307, 0.5276710265338561, 0.004380792262295475, 0.004993178902017636], [0.001915205707525817, 0.0014999009430757767, 0.5588888638193924, 0.437696029530006]], "state_values": [-1.0869077089542662, -1.5672699630700457, -1.1406710227955694, 0.01569014970021761, 1.841950181452703, 3.4608687299722503, 2.6638909869984055, -3.159246890693885, -0.45796443739894055, 2.4498114074534327, 1.84939893467941, 2.4320873501277087, -0.9336364263296751, 4.725447611805373, -4.817578449908661, 4.885822021296522], "value_grad": [0.03791553119891944, 0.24645032702281888, -0.7583251179364723, -0.5308199030911194, 208.43581900958432, -0.5308355498960342, 0.9099898961670316, 0.11374827648834795, -0.15166136995143376, 208.09458435170026, -208.37894869744503, 0.1516651128080735, -1.0237383932331632, -0.947979463945325, 207.26033068630662, -0.1706368679649728], "action_grad": [[0.0, 0.0, 0.0], [0.0, 0.0, 0.0], [0.0, 0.0, 0.0], [0.0, 0.0, 0.0], [0.0, 0.0, 0.0], [0.0, 0.0, 0.0], [0.0, 0.0, 0.0], [0.0, 0.0, 0.0], [0.0, 0.0, 0.0], [0.0, 0.0, 0.0], [0.0, 0.0, 0.0], [0.0, 0.0, 0.0], [0.0, 0.0, 0.0], [0.0, 0.0, 0.0], [0.0, 0.0, 0.0], [0.0, 0.0, 0.0]], "action_params_change": 0, "value_params_change": 0.5022015311395793}
{"iterations": 1, "type_itr": 0, "sub_iteration": 4, "sub_it_time": 0.3502631187438965, "total_time": 1.7866911888122559, "value_loss": 9.563715502997074, "action_loss": -0.4573331512614136, "action_probs": [[0.33398952282574607, 0.5729456276694535, 0.03427222405150643, 0.05879262545329405], [0.04189324681081582, 0.9460708015899122, 0.0005103678537367375, 0.011525583745535323], [0.3667779044932756, 0.4905616798051996, 0.06103146207574206, 0.08162895362578272], [0.0010455857806526312, 0.04318260534565701, 0.022595122872038628, 0.9331766860016517], [0.30312210183676314, 0.22564402283881052, 0.27014098687328764, 0.20109288845113873], [0.011391119327581686, 0.00905374066032977, 0.5457718709945323, 0.4337832690175562], [0.11271726639347383, 0.6292867723305072, 0.03919196928577243, 0.21880399199024633], [0.24286492788896796, 0.08598873502533741, 0.4956548311330113, 0.17549150595268348], [0.09261309189646981, 0.001125298401793559, 0.8953822385309783, 0.010879371170758368], [0.017126114340076326, 0.6892302513630333, 0.007119599539813368, 0.286524034757077], [0.43000288904445566, 0.5698407469475498, 6.724749026724884e-05, 8.911651772710632e-05], [0.7603255356000332, 0.06470445367812144, 0.16124767444202415, 0.013722336279821118], [0.67412635431095, 0.20315623408142378, 0.0942991943441204, 0.02841821726350599], [0.4520359259716354, 0.5432597217727725, 0.002136587488122347, 0.002567764767469758], [0.4629550023018307, 0.5276710265338561, 0.004380792262295475, 0.004993178902017636], [0.001915205707525817, 0.0014999009430757767, 0.5588888638193924, 0.437696029530006]], "state_values": [-0.8523438815877813, -2.3227555689363375, 0.07792264423923645, 1.2537423086213264, 1.2530341606805073, 3.4986625216609615, 3.353147981758692, -3.5665660395642322, -0.18907554275194116, 2.4849921519692058, 1.2645881669440784, 1.9339197867101392, 0.2866141952550707, 4.862087066807743, -4.8444887742108955, 4.770826975965026], "value_grad": [0.0568794980732914, -0.22751959659036913, -0.5498375777543227, -0.4739957054521202, 0.45504126741187, -0.682584107162107, -207.14655572385095, 0.1516825933672603, -0.30335801330702594, -0.1137608767143039, -0.22752067134972442, 0.13272070946358916, -0.7394365499225835, -0.7205451735623623, -0.8153738871507041, -0.3602702767946635], "action_grad": [[0.0, 0.0, 0.0], [0.0, 0.0, 0.0], [0.0, 0.0, 0.0], [0.0, 0.0, 0.0], [0.0, 0.0, 0.0], [0.0, 0.0, 0.0], [0.0, 0.0, 0.0], [0.0, 0.0, 0.0], [0.0, 0.0, 0.0], [0.0, 0.0, 0.0], [0.0, 0.0, 0.0], [0.0, 0.0, 0.0], [0.0, 0.0, 0.0], [0.0, 0.0, 0.0], [0.0, 0.0, 0.0], [0.0, 0.0, 0.0]], "action_params_change": 0, "value_params_change": 0.5006306104628444}
{"iterations": 1, "type_itr": 0, "sub_iteration": 5, "sub_it_time": 0.36603546142578125, "total_time": 2.154510736465454, "value_loss": 9.563715502997074, "action_loss": 9.055385138137419, "action_probs": [[0.33398952282574607, 0.5729456276694535, 0.03427222405150643, 0.05879262545329405], [0.04189324681081582, 0.9460708015899122, 0.0005103678537367375, 0.011525583745535323], [0.3667779044932756, 0.4905616798051996, 0.06103146207574206, 0.08162895362578272], [0.0010455857806526312, 0.04318260534565701, 0.022595122872038628, 0.9331766860016517], [0.30312210183676314, 0.22564402283881052, 0.27014098687328764, 0.20109288845113873], [0.011391119327581686, 0.00905374066032977, 0.5457718709945323, 0.4337832690175562], [0.11271726639347383, 0.6292867723305072, 0.03919196928577243, 0.21880399199024633], [0.24286492788896796, 0.08598873502533741, 0.4956548311330113, 0.17549150595268348], [0.09261309189646981, 0.001125298401793559, 0.8953822385309783, 0.010879371170758368], [0.017126114340076326, 0.6892302513630333, 0.007119599539813368, 0.286524034757077], [0.43000288904445566, 0.5698407469475498, 6.724749026724884e-05, 8.911651772710632e-05], [0.7603255356000332, 0.06470445367812144, 0.16124767444202415, 0.013722336279821118], [0.67412635431095, 0.20315623408142378, 0.0942991943441204, 0.02841821726350599], [0.4520359259716354, 0.5432597217727725, 0.002136587488122347, 0.002567764767469758], [0.4629550023018307, 0.5276710265338561, 0.004380792262295475, 0.004993178902017636], [0.001915205707525817, 0.0014999009430757767, 0.5588888638193924, 0.437696029530006]], "state_values": [-0.4808747973559762, -2.883861187012893, 1.2287426751980708, 1.878348079669687, 0.7296909763479672, 3.3465472044212663, 3.8658752839064445, -3.882727765384916, 0.35652623886307017, 2.1776351707333017, 0.7449026258341798, 1.1756720019214983, 1.4359134661763742, 4.9425840698243935, -4.865610887623144, 4.501125537071475], "value_grad": [0.03791957549943703, 207.41202586307796, -0.30335657471784927, -207.9808327348709, 0.0, -0.7584266974327658, 1.0807598753429044, 0.1516833042965704, -0.30335657471784927, -207.7912393860769, 0.01895983274921953, 207.81019912882712, -0.4550348063090013, -0.5119676103626762, -0.7395219199267427, -207.67747904569651], "action_grad": [[0.0, 0.0, 0.0], [0.0, 0.0, 0.0], [0.0, 0.0, 0.0], [0.0, 0.0, 0.0], [0.0, 0.0, 0.0], [0.0, 0.0, 0.0], [0.0, 0.0, 0.0], [0.0, 0.0, 0.0], [0.0, 0.0, 0.0], [0.0, 0.0, 0.0], [0.0, 0.0, 0.0], [0.0, 0.0, 0.0], [0.0, 0.0, 0.0], [0.0, 0.0, 0.0], [0.0, 0.0, 0.0], [0.0, 0.0, 0.0]], "action_params_change": 0, "value_params_change": 0.4678601091840626}
{"iterations": 1, "type_itr": 0, "sub_iteration": 6, "sub_it_time": 0.38901424407958984, "total_time": 2.5452442169189453, "value_loss": -198.00000000000009, "action_loss": -0.6089982608536275, "action_probs": [[0.33398952282574607, 0.5729456276694535, 0.03427222405150643, 0.05879262545329405], [0.04189324681081582, 0.9460708015899122, 0.0005103678537367375, 0.011525583745535323], [0.3667779044932756, 0.4905616798051996, 0.06103146207574206, 0.08162895362578272], [0.0010455857806526312, 0.04318260534565701, 0.022595122872038628, 0.9331766860016517], [0.30312210183676314, 0.22564402283881052, 0.27014098687328764, 0.20109288845113873], [0.011391119327581686, 0.00905374066032977, 0.5457718709945323, 0.4337832690175562], [0.11271726639347383, 0.6292867723305072, 0.03919196928577243, 0.21880399199024633], [0.24286492788896796, 0.08598873502533741, 0.4956548311330113, 0.17549150595268348], [0.09261309189646981, 0.001125298401793559, 0.8953822385309783, 0.010879371170758368], [0.017126114340076326, 0.6892302513630333, 0.007119599539813368, 0.286524034757077], [0.43000288904445566, 0.5698407469475498, 6.724749026724884e-05, 8.911651772710632e-05], [0.7603255356000332, 0.06470445367812144, 0.16124767444202415, 0.013722336279821118], [0.67412635431095, 0.20315623408142378, 0.0942991943441204, 0.02841821726350599], [0.4520359259716354, 0.5432597217727725, 0.002136587488122347, 0.002567764767469758], [0.4629550023018307, 0.5276710265338561, 0.004380792262295475, 0.004993178902017636], [0.001915205707525817, 0.0014999009430757767, 0.5588888638193924, 0.437696029530006]], "state_values": [-0.0002712071632415152, -3.3314242426457503, 2.1748306510756463, 2.398493177138621, 0.2657519895315388, 3.030957705997896, 4.24293362888057, -4.130052759151179, 1.0032081994380022, 2.2255224040183115, 0.28462767655481763, 0.25161443356639235, 2.418366837208913, 4.9844961419362654, -4.88250742103333, 4.185524713315796], "value_grad": [0.037917390429052844, -0.853171484167385, 0.018958741259686107, -0.3412581280940721, -0.037917390429052844, -0.815260598853099, 1.042794533836787, 0.15167540739202678, -0.18958694517527874, 207.9049964864943, 0.2085451312797808, 208.03770895847566, -0.17062866610923066, -0.3223337554513588, -0.6636372941454649, -0.73945049459949], "action_grad": [[0.0, 0.0, 0.0], [0.0, 0.0, 0.0], [0.0, 0.0, 0.0], [0.0, 0.0, 0.0], [0.0, 0.0, 0.0], [0.0, 0.0, 0.0], [0.0, 0.0, 0.0], [0.0, 0.0, 0.0], [0.0, 0.0, 0.0], [0.0, 0.0, 0.0], [0.0, 0.0, 0.0], [0.0, 0.0, 0.0], [0.0, 0.0, 0.0], [0.0, 0.0, 0.0], [0.0, 0.0, 0.0], [0.0, 0.0, 0.0]], "action_params_change": 0, "value_params_change": 0.4271249556006431}
{"iterations": 1, "type_itr": 0, "sub_iteration": 7, "sub_it_time": 0.3478524684906006, "total_time": 2.8948230743408203, "value_loss": 10.189374815672613, "action_loss": -0.6574969328699513, "action_probs": [[0.33398952282574607, 0.5729456276694535, 0.03427222405150643, 0.05879262545329405], [0.04189324681081582, 0.9460708015899122, 0.0005103678537367375, 0.011525583745535323], [0.3667779044932756, 0.4905616798051996, 0.06103146207574206, 0.08162895362578272], [0.0010455857806526312, 0.04318260534565701, 0.022595122872038628, 0.9331766860016517], [0.30312210183676314, 0.22564402283881052, 0.27014098687328764, 0.20109288845113873], [0.011391119327581686, 0.00905374066032977, 0.5457718709945323, 0.4337832690175562], [0.11271726639347383, 0.6292867723305072, 0.03919196928577243, 0.21880399199024633], [0.24286492788896796, 0.08598873502533741, 0.4956548311330113, 0.17549150595268348], [0.09261309189646981, 0.001125298401793559, 0.8953822385309783, 0.010879371170758368], [0.017126114340076326, 0.6892302513630333, 0.007119599539813368, 0.286524034757077], [0.43000288904445566, 0.5698407469475498, 6.724749026724884e-05, 8.911651772710632e-05], [0.7603255356000332, 0.06470445367812144, 0.16124767444202415, 0.013722336279821118], [0.67412635431095, 0.20315623408142378, 0.0942991943441204, 0.02841821726350599], [0.4520359259716354, 0.5432597217727725, 0.002136587488122347, 0.002567764767469758], [0.4629550023018307, 0.5276710265338561, 0.004380792262295475, 0.004993178902017636], [0.001915205707525817, 0.0014999009430757767, 0.5588888638193924, 0.437696029530006]], "state_values": [-0.618083327679589, -3.68797680170742, 2.851454541145529, 2.831581317893595, -0.1444403792233341, 2.5129477639910136, 4.515726908326305, -4.324649847227556, 1.5956880560852316, 2.2673769806538036, -0.12226695676667507, -0.571375546991705, 3.1905114950288067, 4.992670222644338, -4.896223283660666, 3.848794403570665], "value_grad": [-208.43581900958424, -1.0047530272782925, 0.24644048686160858, -0.2843529708026207, -0.28435010092975155, -208.68224699237427, 0.9668712695796788, 0.0, -0.03791344579269662, -0.11374148288805053, 0.3412192452555729, 0.018956675021625458, 0.01895696174748629, 207.90499648649424, -0.5877321281208072, -0.928950265250247], "action_grad": [[0.0, 0.0, 0.0], [0.0, 0.0, 0.0], [0.0, 0.0, 0.0], [0.0, 0.0, 0.0], [0.0, 0.0, 0.0], [0.0, 0.0, 0.0], [0.0, 0.0, 0.0], [0.0, 0.0, 0.0], [0.0, 0.0, 0.0], [0.0, 0.0, 0.0], [0.0, 0.0, 0.0], [0.0, 0.0, 0.0], [0.0, 0.0, 0.0], [0.0, 0.0, 0.0], [0.0, 0.0, 0.0], [0.0, 0.0, 0.0]], "action_params_change": 0, "value_params_change": 0.37436845629134474}
{"iterations": 1, "type_itr": 0, "sub_iteration": 8, "sub_it_time": 0.3593621253967285, "total_time": 3.255845308303833, "value_loss": 10.549557039215243, "action_loss": -0.596870795322796, "action_probs": [[0.33398952282574607, 0.5729456276694535, 0.03427222405150643, 0.05879262545329405], [0.04189324681081582, 0.9460708015899122, 0.0005103678537367375, 0.011525583745535323], [0.3667779044932756, 0.4905616798051996, 0.06103146207574206, 0.08162895362578272], [0.0010455857806526312, 0.04318260534565701, 0.022595122872038628, 0.9331766860016517], [0.30312210183676314, 0.22564402283881052, 0.27014098687328764, 0.20109288845113873], [0.011391119327581686, 0.00905374066032977, 0.5457718709945323, 0.4337832690175562], [0.11271726639347383, 0.6292867723305072, 0.03919196928577243, 0.21880399199024633], [0.24286492788896796, 0.08598873502533741, 0.4956548311330113, 0.17549150595268348], [0.09261309189646981, 0.001125298401793559, 0.8953822385309783, 0.010879371170758368], [0.017126114340076326, 0.6892302513630333, 0.007119599539813368, 0.286524034757077], [0.43000288904445566, 0.5698407469475498, 6.724749026724884e-05, 8.911651772710632e-05], [0.7603255356000332, 0.06470445367812144, 0.16124767444202415, 0.013722336279821118], [0.67412635431095, 0.20315623408142378, 0.0942991943441204, 0.02841821726350599], [0.4520359259716354, 0.5432597217727725, 0.002136587488122347, 0.002567764767469758], [0.4629550023018307, 0.5276710265338561, 0.004380792262295475, 0.004993178902017636], [0.001915205707525817, 0.0014999009430757767, 0.5588888638193924, 0.437696029530006]], "state_values": [-1.158786034029093, -3.9717835753737525, 3.334812610835224, 3.1922135939668084, 0.03166396932926241, 2.018162323747818, 4.708514402267704, -4.477970784694845, 2.0083378209332516, 2.3041930423030497, -0.48155608182531295, -1.2896515230146852, 3.757964753357059, 4.926048991426953, -4.907483863849914, 3.5066851692018552], "value_grad": [0.037909744408569424, -0.9857185343472068, -208.4737320716818, -0.24641781644428917, -208.9476124051602, -0.7392607320705196, 0.8340993994052361, 0.11373570655055865, 0.09477510222970764, -0.13268652264497405, 0.45491683324360643, -0.018954921734316343, 0.1326885846124224, 0.11374262561010973, -0.530806729909278, -1.042594757951747], "action_grad": [[0.0, 0.0, 0.0], [0.0, 0.0, 0.0], [0.0, 0.0, 0.0], [0.0, 0.0, 0.0], [0.0, 0.0, 0.0], [0.0, 0.0, 0.0], [0.0, 0.0, 0.0], [0.0, 0.0, 0.0], [0.0, 0.0, 0.0], [0.0, 0.0, 0.0], [0.0, 0.0, 0.0], [0.0, 0.0, 0.0], [0.0, 0.0, 0.0], [0.0, 0.0, 0.0], [0.0, 0.0, 0.0], [0.0, 0.0, 0.0]], "action_params_change": 0, "value_params_change": 0.3168853092624815}
{"iterations": 1, "type_itr": 0, "sub_iteration": 9, "sub_it_time": 0.34790492057800293, "total_time": 3.6054553985595703, "value_loss": 10.73911264580753, "action_loss": -0.5466172265859702, "action_probs": [[0.33398952282574607, 0.5729456276694535, 0.03427222405150643, 0.05879262545329405], [0.04189324681081582, 0.9460708015899122, 0.0005103678537367375, 0.011525583745535323], [0.3667779044932756, 0.4905616798051996, 0.06103146207574206, 0.08162895362578272], [0.0010455857806526312, 0.04318260534565701, 0.022595122872038628, 0.9331766860016517], [0.30312210183676314, 0.22564402283881052, 0.27014098687328764, 0.20109288845113873], [0.011391119327581686, 0.00905374066032977, 0.5457718709945323, 0.4337832690175562], [0.11271726639347383, 0.6292867723305072, 0.03919196928577243, 0.21880399199024633], [0.24286492788896796, 0.08598873502533741, 0.4956548311330113, 0.17549150595268348], [0.09261309189646981, 0.001125298401793559, 0.8953822385309783, 0.010879371170758368], [0.017126114340076326, 0.6892302513630333, 0.007119599539813368, 0.286524034757077], [0.43000288904445566, 0.5698407469475498, 6.724749026724884e-05, 8.911651772710632e-05], [0.7603255356000332, 0.06470445367812144, 0.16124767444202415, 0.013722336279821118], [0.67412635431095, 0.20315623408142378, 0.0942991943441204, 0.02841821726350599], [0.4520359259716354, 0.5432597217727725, 0.002136587488122347, 0.002567764767469758], [0.4629550023018307, 0.5276710265338561, 0.004380792262295475, 0.004993178902017636], [0.001915205707525817, 0.0014999009430757767, 0.5588888638193924, 0.437696029530006]], "state_values": [-1.0782312752294303, -4.197407281709705, 3.7228216548334876, 3.492552492540397, 0.18931250732260635, 1.5538519059888292, 4.840037098306161, -4.598843063180732, 1.4415401713276492, 2.3367707038745587, -0.7985793831461373, -1.9077454590011806, 4.154929923012065, 4.808445510117678, -4.916802511888854, 3.169126243081169], "value_grad": [208.98552015094455, -0.9477673603247307, 0.43595626456339787, -0.20849756278255072, -0.2464009869594399, -0.5496723381584303, 0.7013716286747922, 0.11372982566948764, 208.98552015094452, -0.1137250456972616, 0.5496635986734475, -0.07581589408111711, 0.18954673038742698, 0.34120882903082084, -0.5118222989359325, -1.156260631881846], "action_grad": [[0.0, 0.0, 0.0], [0.0, 0.0, 0.0], [0.0, 0.0, 0.0], [0.0, 0.0, 0.0], [0.0, 0.0, 0.0], [0.0, 0.0, 0.0], [0.0, 0.0, 0.0], [0.0, 0.0, 0.0], [0.0, 0.0, 0.0], [0.0, 0.0, 0.0], [0.0, 0.0, 0.0], [0.0, 0.0, 0.0], [0.0, 0.0, 0.0], [0.0, 0.0, 0.0], [0.0, 0.0, 0.0], [0.0, 0.0, 0.0]], "action_params_change": 0, "value_params_change": 0.26118436574863946}
{"iterations": 1, "type_itr": 0, "sub_iteration": 10, "sub_it_time": 0.3601539134979248, "total_time": 3.9672820568084717, "value_loss": 10.985520150944437, "action_loss": -0.4963467558506855, "action_probs": [[0.33398952282574607, 0.5729456276694535, 0.03427222405150643, 0.05879262545329405], [0.04189324681081582, 0.9460708015899122, 0.0005103678537367375, 0.011525583745535323], [0.3667779044932756, 0.4905616798051996, 0.06103146207574206, 0.08162895362578272], [0.0010455857806526312, 0.04318260534565701, 0.022595122872038628, 0.9331766860016517], [0.30312210183676314, 0.22564402283881052, 0.27014098687328764, 0.20109288845113873], [0.011391119327581686, 0.00905374066032977, 0.5457718709945323, 0.4337832690175562], [0.11271726639347383, 0.6292867723305072, 0.03919196928577243, 0.21880399199024633], [0.24286492788896796, 0.08598873502533741, 0.4956548311330113, 0.17549150595268348], [0.09261309189646981, 0.001125298401793559, 0.8953822385309783, 0.010879371170758368], [0.017126114340076326, 0.6892302513630333, 0.007119599539813368, 0.286524034757077], [0.43000288904445566, 0.5698407469475498, 6.724749026724884e-05, 8.911651772710632e-05], [0.7603255356000332, 0.06470445367812144, 0.16124767444202415, 0.013722336279821118], [0.67412635431095, 0.20315623408142378, 0.0942991943441204, 0.02841821726350599], [0.4520359259716354, 0.5432597217727725, 0.002136587488122347, 0.002567764767469758], [0.4629550023018307, 0.5276710265338561, 0.004380792262295475, 0.004993178902017636], [0.001915205707525817, 0.0014999009430757767, 0.5588888638193924, 0.437696029530006]], "state_values": [-1.005674262752132, -4.095897557160964, 4.031830302091389, 3.947250277584573, 0.3307107614495109, 1.1235349424981864, 4.924809916301139, -4.803300937312291, 0.9157804599208968, 2.365689414075642, -1.0782365251102783, -2.434228688106383, 4.412757100062534, 4.657191329773918, -4.924576728478992, 2.842290517573087], "value_grad": [0.05685779764854004, -209.34562339412616, 0.45488557317736245, -209.1940054955663, -0.13266819248128492, -0.36010324318164955, 0.5496925534522674, -208.92865838123873, -0.1137159029307675, -0.132670349573484, 0.6064845861397767, -0.09476402355830338, 0.28430579832654956, 0.5117773901857472, -0.45492394675094694, -1.2319833305933923], "action_grad": [[0.0, 0.0, 0.0], [0.0, 0.0, 0.0], [0.0, 0.0, 0.0], [0.0, 0.0, 0.0], [0.0, 0.0, 0.0], [0.0, 0.0, 0.0], [0.0, 0.0, 0.0], [0.0, 0.0, 0.0], [0.0, 0.0, 0.0], [0.0, 0.0, 0.0], [0.0, 0.0, 0.0], [0.0, 0.0, 0.0], [0.0, 0.0, 0.0], [0.0, 0.0, 0.0], [0.0, 0.0, 0.0], [0.0, 0.0, 0.0]], "action_params_change": 0, "value_params_change": 0.27319726334665995}
{"iterations": 1, "type_itr": 0, "sub_iteration": 11, "sub_it_time": 0.34703707695007324, "total_time": 4.316025733947754, "value_loss": 11.080287745267068, "action_loss": -0.45906727537135406, "action_probs": [[0.33398952282574607, 0.5729456276694535, 0.03427222405150643, 0.05879262545329405], [0.04189324681081582, 0.9460708015899122, 0.0005103678537367375, 0.011525583745535323], [0.3667779044932756, 0.4905616798051996, 0.06103146207574206, 0.08162895362578272], [0.0010455857806526312, 0.04318260534565701, 0.022595122872038628, 0.9331766860016517], [0.30312210183676314, 0.22564402283881052, 0.27014098687328764, 0.20109288845113873], [0.011391119327581686, 0.00905374066032977, 0.5457718709945323, 0.4337832690175562], [0.11271726639347383, 0.6292867723305072, 0.03919196928577243, 0.21880399199024633], [0.24286492788896796, 0.08598873502533741, 0.4956548311330113, 0.17549150595268348], [0.09261309189646981, 0.001125298401793559, 0.8953822385309783, 0.010879371170758368], [0.017126114340076326, 0.6892302513630333, 0.007119599539813368, 0.286524034757077], [0.43000288904445566, 0.5698407469475498, 6.724749026724884e-05, 8.911651772710632e-05], [0.7603255356000332, 0.06470445367812144, 0.16124767444202415, 0.013722336279821118], [0.67412635431095, 0.20315623408142378, 0.0942991943441204, 0.02841821726350599], [0.4520359259716354, 0.5432597217727725, 0.002136587488122347, 0.002567764767469758], [0.4629550023018307, 0.5276710265338561, 0.004380792262295475, 0.004993178902017636], [0.001915205707525817, 0.0014999009430757767, 0.5588888638193924, 0.437696029530006]], "state_values": [-0.9401321840574409, -4.215213064603061, 4.276022552406511, 4.293673169963674, 0.4575851711409217, 0.728433251841598, 4.994883854936829, -4.926331839311378, 0.43469637228449454, 2.3914597477085713, -0.8353629740215489, -3.065280955319366, 4.572567761253861, 4.484875399562097, -4.9311033932466115, 2.529883347240634], "value_grad": [0.056856246415792455, 208.53060094235028, 0.4169695095130237, -0.1516220247280291, 0.01895208219667488, -0.15161706914531692, -208.6632915779531, 0.07581346646304254, -0.3411365022887747, -0.11371404615505831, 209.6109386028274, 209.17505279339917, 0.30325383797723227, 0.6633905262659674, -0.4170005566207884, -1.2698426151439648], "action_grad": [[0.0, 0.0, 0.0], [0.0, 0.0, 0.0], [0.0, 0.0, 0.0], [0.0, 0.0, 0.0], [0.0, 0.0, 0.0], [0.0, 0.0, 0.0], [0.0, 0.0, 0.0], [0.0, 0.0, 0.0], [0.0, 0.0, 0.0], [0.0, 0.0, 0.0], [0.0, 0.0, 0.0], [0.0, 0.0, 0.0], [0.0, 0.0, 0.0], [0.0, 0.0, 0.0], [0.0, 0.0, 0.0], [0.0, 0.0, 0.0]], "action_params_change": 0, "value_params_change": 0.3028964465860282}
{"iterations": 1, "type_itr": 0, "sub_iteration": 12, "sub_it_time": 0.3495814800262451, "total_time": 4.667280673980713, "value_loss": 11.32667151997981, "action_loss": -0.4096383696458635, "action_probs": [[0.33398952282574607, 0.5729456276694535, 0.03427222405150643, 0.05879262545329405], [0.04189324681081582, 0.9460708015899122, 0.0005103678537367375, 0.011525583745535323], [0.3667779044932756, 0.4905616798051996, 0.06103146207574206, 0.08162895362578272], [0.0010455857806526312, 0.04318260534565701, 0.022595122872038628, 0.9331766860016517], [0.30312210183676314, 0.22564402283881052, 0.27014098687328764, 0.20109288845113873], [0.011391119327581686, 0.00905374066032977, 0.5457718709945323, 0.4337832690175562], [0.11271726639347383, 0.6292867723305072, 0.03919196928577243, 0.21880399199024633], [0.24286492788896796, 0.08598873502533741, 0.4956548311330113, 0.17549150595268348], [0.09261309189646981, 0.001125298401793559, 0.8953822385309783, 0.010879371170758368], [0.017126114340076326, 0.6892302513630333, 0.007119599539813368, 0.286524034757077], [0.43000288904445566, 0.5698407469475498, 6.724749026724884e-05, 8.911651772710632e-05], [0.7603255356000332, 0.06470445367812144, 0.16124767444202415, 0.013722336279821118], [0.67412635431095, 0.20315623408142378, 0.0942991943441204, 0.02841821726350599], [0.4520359259716354, 0.5432597217727725, 0.002136587488122347, 0.002567764767469758], [0.4629550023018307, 0.5276710265338561, 0.004380792262295475, 0.004993178902017636], [0.001915205707525817, 0.0014999009430757767, 0.5588888638193924, 0.437696029530006]], "state_values": [-0.8807871589493299, -4.315322485100427, 4.46735256752843, 4.550697477508361, 0.571402455989769, 0.36824780131132384, 4.987586484083463, -4.986638414316963, -0.0011106499969293824, 2.4144768051720957, -0.9993456491161048, -3.574252114339568, 4.298068468014529, 4.30063997686897, -4.936607100169236, 2.233950546815621], "value_grad": [0.056852152066259265, -0.94762132345131, 0.39799147636203003, -0.1137090487632868, 0.15160531101317787, 0.037901328624286634, 0.09476606922135211, 0.03790426815725567, -0.5306184422264888, -0.11370589142445198, -209.28876745952468, -0.15160954170145757, 209.44038119707542, 0.7581014462369566, -0.3980174273163488, -1.2886931552592316], "action_grad": [[0.0, 0.0, 0.0], [0.0, 0.0, 0.0], [0.0, 0.0, 0.0], [0.0, 0.0, 0.0], [0.0, 0.0, 0.0], [0.0, 0.0, 0.0], [0.0, 0.0, 0.0], [0.0, 0.0, 0.0], [0.0, 0.0, 0.0], [0.0, 0.0, 0.0], [0.0, 0.0, 0.0], [0.0, 0.0, 0.0], [0.0, 0.0, 0.0], [0.0, 0.0, 0.0], [0.0, 0.0, 0.0], [0.0, 0.0, 0.0]], "action_params_change": 0, "value_params_change": 0.2729739302474439}
{"iterations": 1, "type_itr": 0, "sub_iteration": 13, "sub_it_time": 0.3559269905090332, "total_time": 5.024801969528198, "value_loss": 11.421429846103734, "action_loss": -0.3367738985593804, "action_probs": [[0.33398952282574607, 0.5729456276694535, 0.03427222405150643, 0.05879262545329405], [0.04189324681081582, 0.9460708015899122, 0.0005103678537367375, 0.011525583745535323], [0.3667779044932756, 0.4905616798051996, 0.06103146207574206, 0.08162895362578272], [0.0010455857806526312, 0.04318260534565701, 0.022595122872038628, 0.9331766860016517], [0.30312210183676314, 0.22564402283881052, 0.27014098687328764, 0.20109288845113873], [0.011391119327581686, 0.00905374066032977, 0.5457718709945323, 0.4337832690175562], [0.11271726639347383, 0.6292867723305072, 0.03919196928577243, 0.21880399199024633], [0.24286492788896796, 0.08598873502533741, 0.4956548311330113, 0.17549150595268348], [0.09261309189646981, 0.001125298401793559, 0.8953822385309783, 0.010879371170758368], [0.017126114340076326, 0.6892302513630333, 0.007119599539813368, 0.286524034757077], [0.43000288904445566, 0.5698407469475498, 6.724749026724884e-05, 8.911651772710632e-05], [0.7603255356000332, 0.06470445367812144, 0.16124767444202415, 0.013722336279821118], [0.67412635431095, 0.20315623408142378, 0.0942991943441204, 0.02841821726350599], [0.4520359259716354, 0.5432597217727725, 0.002136587488122347, 0.002567764767469758], [0.4629550023018307, 0.5276710265338561, 0.004380792262295475, 0.004993178902017636], [0.001915205707525817, 0.0014999009430757767, 0.5588888638193924, 0.437696029530006]], "state_values": [-0.8269480931343873, -4.399559018956512, 4.615829895024143, 4.735026991320444, 0.6734695422317084, 0.04168468469315469, 4.87766990347116, -4.999353589313174, -0.3930479234369355, 2.435044748008662, -1.1457060165475135, -4.09861226159227, 3.9962984248826396, 4.111029906159831, -4.94127100246199, 1.9554015045568058], "value_grad": [0.056850553800178005, -0.9286460810780142, 0.3600796048700303, -0.09475570154058843, 0.246352384704986, 0.18950130424584444, -209.2508629840136, 0.018951665398903472, -0.6443041738543318, -0.1326535313988071, 0.5116577293956439, 209.44038119707542, 0.39798050798680507, 0.871787900140994, -0.36010129152701964, -1.3076044336815116], "action_grad": [[0.0, 0.0, 0.0], [0.0, 0.0, 0.0], [0.0, 0.0, 0.0], [0.0, 0.0, 0.0], [0.0, 0.0, 0.0], [0.0, 0.0, 0.0], [0.0, 0.0, 0.0], [0.0, 0.0, 0.0], [0.0, 0.0, 0.0], [0.0, 0.0, 0.0], [0.0, 0.0, 0.0], [0.0, 0.0, 0.0], [0.0, 0.0, 0.0], [0.0, 0.0, 0.0], [0.0, 0.0, 0.0], [0.0, 0.0, 0.0]], "action_params_change": 0, "value_params_change": 0.3290321826581115}
