{"iterations": 0, "type_itr": 0, "sub_iteration": 0, "sub_it_time": 0, "total_time": 0, "value_loss": 0, "action_loss": 0, "action_probs": [[0.5012965071522024, 0.025551757405692228, 0.4502042206197038, 0.022947514822401798], [0.13415129438919532, 0.8255933673612877, 0.00562681507641624, 0.03462852317310101], [0.5334430654470088, 0.11638276785885529, 0.28745853326786475, 0.06271563342627107], [0.0003364596565316092, 0.0012179434518185366, 0.2161193970798396, 0.7823261998118104], [0.34840884548061035, 0.6450111271679897, 0.002307724623876696, 0.004272302727523235], [0.47863575931948416, 0.0011808364695486645, 0.518903224367383, 0.0012801798435841522], [0.21583262028209405, 0.7339733643674069, 0.011406019787899803, 0.03878799556259926], [0.9938534052917689, 0.00011921066369228196, 0.006026661158977661, 7.228855611752003e-07], [0.1542847128729646, 0.7844963699295665, 0.01006107093041205, 0.051157846267056904], [0.013965048918886709, 0.017809565994248246, 0.42553827652075066, 0.5426871085661144], [0.0006812694721381645, 0.0009858214172128717, 0.40797639669948155, 0.5903565124111673], [0.14225404331970018, 0.0414873784298272, 0.6319537643983548, 0.18430481385211755], [0.08385555521836079, 0.5813242949209008, 0.042208929748832454, 0.29261122011190605], [0.47662197895817576, 0.40834862294090035, 0.06195181991760957, 0.0530775781833142], [0.018446188020937972, 0.0005802578027843063, 0.9510563765588933, 0.029917177617384272], [0.0653313504172016, 0.9327338814511176, 0.0001266460455197373, 0.0018081220861609023]], "state_values": [-0.2884687794558231, 3.5862564517579902, 3.896911625580982, -1.1845666958122367, -2.9429316372316765, 0.06750952856327509, -0.8094898942679346, 2.192941097086916, 1.9316529997864518, 4.75749339485064, 4.275525335589423, 1.4514231193181717, -3.516668992691826, -3.166813118877913, -2.869898540331409, 4.79780638667429], "value_grad": [0.0, 0.0, 0.0, 0.0, 0.0, 0.0, 0.0, 0.0, 0.0, 0.0, 0.0, 0.0, 0.0, 0.0, 0.0, 0.0], "action_grad": [[0.0, 0.0, 0.0], [0.0, 0.0, 0.0], [0.0, 0.0, 0.0], [0.0, 0.0, 0.0], [0.0, 0.0, 0.0], [0.0, 0.0, 0.0], [0.0, 0.0, 0.0], [0.0, 0.0, 0.0], [0.0, 0.0, 0.0], [0.0, 0.0, 0.0], [0.0, 0.0, 0.0], [0.0, 0.0, 0.0], [0.0, 0.0, 0.0], [0.0, 0.0, 0.0], [0.0, 0.0, 0.0], [0.0, 0.0, 0.0]], "action_params_change": 0, "value_params_change": 0}
{"iterations": 1, "type_itr": 0, "sub_iteration": 0, "sub_it_time": 0.12769603729248047, "total_time": 0.12900400161743164, "value_loss": 7.341839790344238, "action_loss": -0.7784008979797363, "action_probs": [[0.5012965071522024, 0.025551757405692228, 0.4502042206197038, 0.022947514822401798], [0.13415129438919532, 0.8255933673612877, 0.00562681507641624, 0.03462852317310101], [0.5334430654470088, 0.11638276785885529, 0.28745853326786475, 0.06271563342627107], [0.0003364596565316092, 0.0012179434518185366, 0.2161193970798396, 0.7823261998118104], [0.34840884548061035, 0.6450111271679897, 0.002307724623876696, 0.004272302727523235], [0.47863575931948416, 0.0011808364695486645, 0.518903224367383, 0.0012801798435841522], [0.21583262028209405, 0.7339733643674069, 0.011406019787899803, 0.03878799556259926], [0.9938534052917689, 0.00011921066369228196, 0.006026661158977661, 7.228855611752003e-07], [0.1542847128729646, 0.7844963699295665, 0.01006107093041205, 0.051157846267056904], [0.013965048918886709, 0.017809565994248246, 0.42553827652075066, 0.5426871085661144], [0.0006812694721381645, 0.0009858214172128717, 0.40797639669948155, 0.5903565124111673], [0.14225404331970018, 0.0414873784298272, 0.6319537643983548, 0.18430481385211755], [0.08385555521836079, 0.5813242949209008, 0.042208929748832454, 0.29261122011190605], [0.47662197895817576, 0.40834862294090035, 0.06195181991760957, 0.0530775781833142], [0.018446188020937972, 0.0005802578027843063, 0.9510563765588933, 0.029917177617384272], [0.0653313504172016, 0.9327338814511176, 0.0001266460455197373, 0.0018081220861609023]], "state_values": [0.9554578269937919, 2.6127949750193658, 3.000713037443823, 0.0540614183693738, -1.8513937087760133, 1.3023178485153875, 0.4363755816942449, 3.236462811846759, 0.730624556065353, 4.990167086690507, 3.5012708287215313, 2.590056026878021, -4.286691814354063, -2.1110904472432295, -1.7677225514893393, 4.30043336017767], "value_grad": [0.023760318756103516, -1.8532805442810059, -0.4712400436401367, -1.069199562072754, -0.9385204315185547, -1.4770798683166504, 0.6692395210266113, -0.12276077270507812, 0.7088403701782227, 0.7127995491027832, -1.3424410820007324, 0.4910397529602051, 0.26136016845703125, 0.8078403472900391, -0.7088403701782227, -0.3326406478881836], "action_grad": [[0.0, 0.0, 0.0], [0.0, 0.0, 0.0], [0.0, 0.0, 0.0], [0.0, 0.0, 0.0], [0.0, 0.0, 0.0], [0.0, 0.0, 0.0], [0.0, 0.0, 0.0], [0.0, 0.0, 0.0], [0.0, 0.0, 0.0], [0.0, 0.0, 0.0], [0.0, 0.0, 0.0], [0.0, 0.0, 0.0], [0.0, 0.0, 0.0], [0.0, 0.0, 0.0], [0.0, 0.0, 0.0], [0.0, 0.0, 0.0]], "action_params_change": 0, "value_params_change": 0.49999999730208144}
{"iterations": 1, "type_itr": 0, "sub_iteration": 1, "sub_it_time": 0.12578272819519043, "total_time": 0.2563042640686035, "value_loss": 4.89456033706665, "action_loss": -1.2007439136505127, "action_probs": [[0.5012965071522024, 0.025551757405692228, 0.4502042206197038, 0.022947514822401798], [0.13415129438919532, 0.8255933673612877, 0.00562681507641624, 0.03462852317310101], [0.5334430654470088, 0.11638276785885529, 0.28745853326786475, 0.06271563342627107], [0.0003364596565316092, 0.0012179434518185366, 0.2161193970798396, 0.7823261998118104], [0.34840884548061035, 0.6450111271679897, 0.002307724623876696, 0.004272302727523235], [0.47863575931948416, 0.0011808364695486645, 0.518903224367383, 0.0012801798435841522], [0.21583262028209405, 0.7339733643674069, 0.011406019787899803, 0.03878799556259926], [0.9938534052917689, 0.00011921066369228196, 0.006026661158977661, 7.228855611752003e-07], [0.1542847128729646, 0.7844963699295665, 0.01006107093041205, 0.051157846267056904], [0.013965048918886709, 0.017809565994248246, 0.42553827652075066, 0.5426871085661144], [0.0006812694721381645, 0.0009858214172128717, 0.40797639669948155, 0.5903565124111673], [0.14225404331970018, 0.0414873784298272, 0.6319537643983548, 0.18430481385211755], [0.08385555521836079, 0.5813242949209008, 0.042208929748832454, 0.29261122011190605], [0.47662197895817576, 0.40834862294090035, 0.06195181991760957, 0.0530775781833142], [0.018446188020937972, 0.0005802578027843063, 0.9510563765588933, 0.029917177617384272], [0.0653313504172016, 0.9327338814511176, 0.0001266460455197373, 0.0018081220861609023]], "state_values": [0.1589059636942668, 1.9474045812320437, 3.069402497233567, 0.820511798626724, -1.1923277635210408, 2.3491787060441656, 1.5577868559562418, 2.6976609301546146, -0.4175067023120973, 4.970390516541172, 2.538150983339581, 3.5045705544857912, -3.8396743440736683, -1.5609771075434533, -0.6502478483886172, 3.636943946374554], "value_grad": [-0.16632080078125, 0.17027950286865234, 0.48708009719848633, 0.07523965835571289, 0.13859987258911133, -0.6058802604675293, 2.007720708847046, 0.4395604133605957, 0.32868003845214844, 0.015839576721191406, -0.9187202453613281, 1.3464012145996094, -1.4968805313110352, -0.1979994773864746, -2.0235595703125, -1.3384804725646973], "action_grad": [[0.0, 0.0, 0.0], [0.0, 0.0, 0.0], [0.0, 0.0, 0.0], [0.0, 0.0, 0.0], [0.0, 0.0, 0.0], [0.0, 0.0, 0.0], [0.0, 0.0, 0.0], [0.0, 0.0, 0.0], [0.0, 0.0, 0.0], [0.0, 0.0, 0.0], [0.0, 0.0, 0.0], [0.0, 0.0, 0.0], [0.0, 0.0, 0.0], [0.0, 0.0, 0.0], [0.0, 0.0, 0.0], [0.0, 0.0, 0.0]], "action_params_change": 0, "value_params_change": 0.4866429105384762}
{"iterations": 1, "type_itr": 0, "sub_iteration": 2, "sub_it_time": 0.12707304954528809, "total_time": 0.3849003314971924, "value_loss": 3.3145201206207275, "action_loss": -1.3416458368301392, "action_probs": [[0.5012965071522024, 0.025551757405692228, 0.4502042206197038, 0.022947514822401798], [0.13415129438919532, 0.8255933673612877, 0.00562681507641624, 0.03462852317310101], [0.5334430654470088, 0.11638276785885529, 0.28745853326786475, 0.06271563342627107], [0.0003364596565316092, 0.0012179434518185366, 0.2161193970798396, 0.7823261998118104], [0.34840884548061035, 0.6450111271679897, 0.002307724623876696, 0.004272302727523235], [0.47863575931948416, 0.0011808364695486645, 0.518903224367383, 0.0012801798435841522], [0.21583262028209405, 0.7339733643674069, 0.011406019787899803, 0.03878799556259926], [0.9938534052917689, 0.00011921066369228196, 0.006026661158977661, 7.228855611752003e-07], [0.1542847128729646, 0.7844963699295665, 0.01006107093041205, 0.051157846267056904], [0.013965048918886709, 0.017809565994248246, 0.42553827652075066, 0.5426871085661144], [0.0006812694721381645, 0.0009858214172128717, 0.40797639669948155, 0.5903565124111673], [0.14225404331970018, 0.0414873784298272, 0.6319537643983548, 0.18430481385211755], [0.08385555521836079, 0.5813242949209008, 0.042208929748832454, 0.29261122011190605], [0.47662197895817576, 0.40834862294090035, 0.06195181991760957, 0.0530775781833142], [0.018446188020937972, 0.0005802578027843063, 0.9510563765588933, 0.029917177617384272], [0.0653313504172016, 0.9327338814511176, 0.0001266460455197373, 0.0018081220861609023]], "state_values": [-0.7507719925723385, 1.0498850162416191, 2.8279814521048072, 1.597209706725678, -0.4699825071700092, 2.747713245884153, 2.283424594540691, 2.803942719031631, -0.552243546452935, 4.943979539506982, 1.4239512464861401, 4.208536586031169, -3.8626909052109446, -0.7122128389827171, 0.2940593561741723, 3.1404311122387445], "value_grad": [-0.7682399749755859, -1.3978803157806396, -0.3405604362487793, -0.3247203826904297, -0.26927971839904785, 0.7246804237365723, -0.2494802474975586, -0.3920402526855469, -0.693000316619873, -0.38412022590637207, -0.9860396385192871, 0.5306398868560791, 1.223639965057373, 0.7405202388763428, -0.15047979354858398, 0.2811601161956787], "action_grad": [[0.0, 0.0, 0.0], [0.0, 0.0, 0.0], [0.0, 0.0, 0.0], [0.0, 0.0, 0.0], [0.0, 0.0, 0.0], [0.0, 0.0, 0.0], [0.0, 0.0, 0.0], [0.0, 0.0, 0.0], [0.0, 0.0, 0.0], [0.0, 0.0, 0.0], [0.0, 0.0, 0.0], [0.0, 0.0, 0.0], [0.0, 0.0, 0.0], [0.0, 0.0, 0.0], [0.0, 0.0, 0.0], [0.0, 0.0, 0.0]], "action_params_change": 0, "value_params_change": 0.48728879469681097}
{"iterations": 1, "type_itr": 0, "sub_iteration": 3, "sub_it_time": 0.1266343593597412, "total_time": 0.5131087303161621, "value_loss": 1.7859599590301514, "action_loss": -1.4236876964569092, "action_probs": [[0.5012965071522024, 0.025551757405692228, 0.4502042206197038, 0.022947514822401798], [0.13415129438919532, 0.8255933673612877, 0.00562681507641624, 0.03462852317310101], [0.5334430654470088, 0.11638276785885529, 0.28745853326786475, 0.06271563342627107], [0.0003364596565316092, 0.0012179434518185366, 0.2161193970798396, 0.7823261998118104], [0.34840884548061035, 0.6450111271679897, 0.002307724623876696, 0.004272302727523235], [0.47863575931948416, 0.0011808364695486645, 0.518903224367383, 0.0012801798435841522], [0.21583262028209405, 0.7339733643674069, 0.011406019787899803, 0.03878799556259926], [0.9938534052917689, 0.00011921066369228196, 0.006026661158977661, 7.228855611752003e-07], [0.1542847128729646, 0.7844963699295665, 0.01006107093041205, 0.051157846267056904], [0.013965048918886709, 0.017809565994248246, 0.42553827652075066, 0.5426871085661144], [0.0006812694721381645, 0.0009858214172128717, 0.40797639669948155, 0.5903565124111673], [0.14225404331970018, 0.0414873784298272, 0.6319537643983548, 0.18430481385211755], [0.08385555521836079, 0.5813242949209008, 0.042208929748832454, 0.29261122011190605], [0.47662197895817576, 0.40834862294090035, 0.06195181991760957, 0.0530775781833142], [0.018446188020937972, 0.0005802578027843063, 0.9510563765588933, 0.029917177617384272], [0.0653313504172016, 0.9327338814511176, 0.0001266460455197373, 0.0018081220861609023]], "state_values": [-1.7444726062181046, 0.13990361377799165, 2.5287401350720096, 1.9568905290231087, 0.24244487237841927, 3.351055358261616, 2.9789504259001998, 3.067924549280546, -0.11977965741390827, 4.990491717575686, 0.6209559450745907, 4.717091059361273, -3.7818577417918666, 0.30221176504505026, 0.6580013023757249, 2.3946262659234594], "value_grad": [-1.0652397871017456, -0.5464801788330078, -0.11880016326904297, 0.38411998748779297, -0.1663198471069336, -1.5246000289916992, 0.609839916229248, -0.19800043106079102, -1.037519931793213, -0.9385203123092651, 0.41184043884277344, 1.5245999097824097, -0.4237198829650879, 0.9900000095367432, 1.0810801982879639, -1.267200231552124], "action_grad": [[0.0, 0.0, 0.0], [0.0, 0.0, 0.0], [0.0, 0.0, 0.0], [0.0, 0.0, 0.0], [0.0, 0.0, 0.0], [0.0, 0.0, 0.0], [0.0, 0.0, 0.0], [0.0, 0.0, 0.0], [0.0, 0.0, 0.0], [0.0, 0.0, 0.0], [0.0, 0.0, 0.0], [0.0, 0.0, 0.0], [0.0, 0.0, 0.0], [0.0, 0.0, 0.0], [0.0, 0.0, 0.0], [0.0, 0.0, 0.0]], "action_params_change": 0, "value_params_change": 0.4647082403587519}
{"iterations": 1, "type_itr": 0, "sub_iteration": 4, "sub_it_time": 0.12497806549072266, "total_time": 0.6396660804748535, "value_loss": 2.1977999210357666, "action_loss": -1.5051860809326172, "action_probs": [[0.5012965071522024, 0.025551757405692228, 0.4502042206197038, 0.022947514822401798], [0.13415129438919532, 0.8255933673612877, 0.00562681507641624, 0.03462852317310101], [0.5334430654470088, 0.11638276785885529, 0.28745853326786475, 0.06271563342627107], [0.0003364596565316092, 0.0012179434518185366, 0.2161193970798396, 0.7823261998118104], [0.34840884548061035, 0.6450111271679897, 0.002307724623876696, 0.004272302727523235], [0.47863575931948416, 0.0011808364695486645, 0.518903224367383, 0.0012801798435841522], [0.21583262028209405, 0.7339733643674069, 0.011406019787899803, 0.03878799556259926], [0.9938534052917689, 0.00011921066369228196, 0.006026661158977661, 7.228855611752003e-07], [0.1542847128729646, 0.7844963699295665, 0.01006107093041205, 0.051157846267056904], [0.013965048918886709, 0.017809565994248246, 0.42553827652075066, 0.5426871085661144], [0.0006812694721381645, 0.0009858214172128717, 0.40797639669948155, 0.5903565124111673], [0.14225404331970018, 0.0414873784298272, 0.6319537643983548, 0.18430481385211755], [0.08385555521836079, 0.5813242949209008, 0.042208929748832454, 0.29261122011190605], [0.47662197895817576, 0.40834862294090035, 0.06195181991760957, 0.0530775781833142], [0.018446188020937972, 0.0005802578027843063, 0.9510563765588933, 0.029917177617384272], [0.0653313504172016, 0.9327338814511176, 0.0001266460455197373, 0.0018081220861609023]], "state_values": [-2.6097256961316817, -0.6262395322889662, 2.8945660594676763, 2.1595795592583276, 0.17783870985554262, 3.8511657440276545, 3.2222367602016306, 2.909642890812052, 0.6419814158615456, 4.999968957894188, 0.489115776649824, 4.950994861151908, -3.567485856702699, 1.2016717270285715, 1.2494943056987515, 2.042428860702284], "value_grad": [-0.20592021942138672, 0.027719974517822266, 1.302839994430542, 0.1742401123046875, 1.0177197456359863, -0.28512001037597656, -1.120680570602417, 0.4870798587799072, -1.9008004665374756, 0.0831599235534668, 1.500840663909912, 0.023759841918945312, -0.6652796268463135, 0.11879992485046387, -1.3464000225067139, 0.8989200592041016], "action_grad": [[0.0, 0.0, 0.0], [0.0, 0.0, 0.0], [0.0, 0.0, 0.0], [0.0, 0.0, 0.0], [0.0, 0.0, 0.0], [0.0, 0.0, 0.0], [0.0, 0.0, 0.0], [0.0, 0.0, 0.0], [0.0, 0.0, 0.0], [0.0, 0.0, 0.0], [0.0, 0.0, 0.0], [0.0, 0.0, 0.0], [0.0, 0.0, 0.0], [0.0, 0.0, 0.0], [0.0, 0.0, 0.0], [0.0, 0.0, 0.0]], "action_params_change": 0, "value_params_change": 0.39576540909721514}
{"iterations": 1, "type_itr": 0, "sub_iteration": 5, "sub_it_time": 0.12552452087402344, "total_time": 0.766801118850708, "value_loss": 2.375999927520752, "action_loss": -1.5689359903335571, "action_probs": [[0.5012965071522024, 0.025551757405692228, 0.4502042206197038, 0.022947514822401798], [0.13415129438919532, 0.8255933673612877, 0.00562681507641624, 0.03462852317310101], [0.5334430654470088, 0.11638276785885529, 0.28745853326786475, 0.06271563342627107], [0.0003364596565316092, 0.0012179434518185366, 0.2161193970798396, 0.7823261998118104], [0.34840884548061035, 0.6450111271679897, 0.002307724623876696, 0.004272302727523235], [0.47863575931948416, 0.0011808364695486645, 0.518903224367383, 0.0012801798435841522], [0.21583262028209405, 0.7339733643674069, 0.011406019787899803, 0.03878799556259926], [0.9938534052917689, 0.00011921066369228196, 0.006026661158977661, 7.228855611752003e-07], [0.1542847128729646, 0.7844963699295665, 0.01006107093041205, 0.051157846267056904], [0.013965048918886709, 0.017809565994248246, 0.42553827652075066, 0.5426871085661144], [0.0006812694721381645, 0.0009858214172128717, 0.40797639669948155, 0.5903565124111673], [0.14225404331970018, 0.0414873784298272, 0.6319537643983548, 0.18430481385211755], [0.08385555521836079, 0.5813242949209008, 0.042208929748832454, 0.29261122011190605], [0.47662197895817576, 0.40834862294090035, 0.06195181991760957, 0.0530775781833142], [0.018446188020937972, 0.0005802578027843063, 0.9510563765588933, 0.029917177617384272], [0.0653313504172016, 0.9327338814511176, 0.0001266460455197373, 0.0018081220861609023]], "state_values": [-3.374555102944629, -1.4682517807343445, 3.3164884070489715, 2.687712317670442, 0.19095217345916554, 4.238534892438564, 3.4474296056727542, 2.3732161999473034, 1.2871804166632155, 4.957030602694208, 0.5677444159973177, 4.9858514478519504, -3.3496035908311073, 2.1525795556622165, 1.7793166432330587, 1.4827057034661806], "value_grad": [-0.3167996406555176, -0.997920036315918, 0.42768049240112305, -1.2513599395751953, -0.15048003196716309, -0.14256000518798828, 0.13463997840881348, 1.144439935684204, 0.0, -1.065239429473877, 0.7405200004577637, -1.5087597370147705, -0.09504008293151855, 1.6275603771209717, -0.1584000587463379, -1.069199800491333], "action_grad": [[0.0, 0.0, 0.0], [0.0, 0.0, 0.0], [0.0, 0.0, 0.0], [0.0, 0.0, 0.0], [0.0, 0.0, 0.0], [0.0, 0.0, 0.0], [0.0, 0.0, 0.0], [0.0, 0.0, 0.0], [0.0, 0.0, 0.0], [0.0, 0.0, 0.0], [0.0, 0.0, 0.0], [0.0, 0.0, 0.0], [0.0, 0.0, 0.0], [0.0, 0.0, 0.0], [0.0, 0.0, 0.0], [0.0, 0.0, 0.0]], "action_params_change": 0, "value_params_change": 0.40470803184318793}
{"iterations": 1, "type_itr": 0, "sub_iteration": 6, "sub_it_time": 0.12650585174560547, "total_time": 0.8949089050292969, "value_loss": 4.98960018157959, "action_loss": -1.585960030555725, "action_probs": [[0.5012965071522024, 0.025551757405692228, 0.4502042206197038, 0.022947514822401798], [0.13415129438919532, 0.8255933673612877, 0.00562681507641624, 0.03462852317310101], [0.5334430654470088, 0.11638276785885529, 0.28745853326786475, 0.06271563342627107], [0.0003364596565316092, 0.0012179434518185366, 0.2161193970798396, 0.7823261998118104], [0.34840884548061035, 0.6450111271679897, 0.002307724623876696, 0.004272302727523235], [0.47863575931948416, 0.0011808364695486645, 0.518903224367383, 0.0012801798435841522], [0.21583262028209405, 0.7339733643674069, 0.011406019787899803, 0.03878799556259926], [0.9938534052917689, 0.00011921066369228196, 0.006026661158977661, 7.228855611752003e-07], [0.1542847128729646, 0.7844963699295665, 0.01006107093041205, 0.051157846267056904], [0.013965048918886709, 0.017809565994248246, 0.42553827652075066, 0.5426871085661144], [0.0006812694721381645, 0.0009858214172128717, 0.40797639669948155, 0.5903565124111673], [0.14225404331970018, 0.0414873784298272, 0.6319537643983548, 0.18430481385211755], [0.08385555521836079, 0.5813242949209008, 0.042208929748832454, 0.29261122011190605], [0.47662197895817576, 0.40834862294090035, 0.06195181991760957, 0.0530775781833142], [0.018446188020937972, 0.0005802578027843063, 0.9510563765588933, 0.029917177617384272], [0.0653313504172016, 0.9327338814511176, 0.0001266460455197373, 0.0018081220861609023]], "state_values": [-3.8713011737043037, -1.9593069404355699, 3.3961275350321403, 3.17925000312308, 0.09700965222221923, 4.3665642981556765, 3.5071574268828587, 1.6756643698120797, 2.0669307847052165, 4.915510472060577, 0.52427340497549, 4.979049789901842, -3.015778659515456, 2.5619540450528198, 1.9824177145066912, 0.997443138443833], "value_grad": [0.22572040557861328, 0.8316006660461426, -0.8632807731628418, -0.23364019393920898, 0.2415599822998047, 1.108799934387207, -0.69696044921875, 0.6296401023864746, -1.5958800315856934, 0.6969606876373291, -0.45935988426208496, -1.5721204280853271, -0.6256799697875977, -1.22760009765625, 1.0889997482299805, 0.07920026779174805], "action_grad": [[0.0, 0.0, 0.0], [0.0, 0.0, 0.0], [0.0, 0.0, 0.0], [0.0, 0.0, 0.0], [0.0, 0.0, 0.0], [0.0, 0.0, 0.0], [0.0, 0.0, 0.0], [0.0, 0.0, 0.0], [0.0, 0.0, 0.0], [0.0, 0.0, 0.0], [0.0, 0.0, 0.0], [0.0, 0.0, 0.0], [0.0, 0.0, 0.0], [0.0, 0.0, 0.0], [0.0, 0.0, 0.0], [0.0, 0.0, 0.0]], "action_params_change": 0, "value_params_change": 0.3316036051296547}
{"iterations": 1, "type_itr": 0, "sub_iteration": 7, "sub_it_time": 0.12886643409729004, "total_time": 1.0253777503967285, "value_loss": 4.767840385437012, "action_loss": -1.6288825273513794, "action_probs": [[0.5012965071522024, 0.025551757405692228, 0.4502042206197038, 0.022947514822401798], [0.13415129438919532, 0.8255933673612877, 0.00562681507641624, 0.03462852317310101], [0.5334430654470088, 0.11638276785885529, 0.28745853326786475, 0.06271563342627107], [0.0003364596565316092, 0.0012179434518185366, 0.2161193970798396, 0.7823261998118104], [0.34840884548061035, 0.6450111271679897, 0.002307724623876696, 0.004272302727523235], [0.47863575931948416, 0.0011808364695486645, 0.518903224367383, 0.0012801798435841522], [0.21583262028209405, 0.7339733643674069, 0.011406019787899803, 0.03878799556259926], [0.9938534052917689, 0.00011921066369228196, 0.006026661158977661, 7.228855611752003e-07], [0.1542847128729646, 0.7844963699295665, 0.01006107093041205, 0.051157846267056904], [0.013965048918886709, 0.017809565994248246, 0.42553827652075066, 0.5426871085661144], [0.0006812694721381645, 0.0009858214172128717, 0.40797639669948155, 0.5903565124111673], [0.14225404331970018, 0.0414873784298272, 0.6319537643983548, 0.18430481385211755], [0.08385555521836079, 0.5813242949209008, 0.042208929748832454, 0.29261122011190605], [0.47662197895817576, 0.40834862294090035, 0.06195181991760957, 0.0530775781833142], [0.018446188020937972, 0.0005802578027843063, 0.9510563765588933, 0.029917177617384272], [0.0653313504172016, 0.9327338814511176, 0.0001266460455197373, 0.0018081220861609023]], "state_values": [-4.290552697660473, -2.286018508063849, 3.317220766454048, 3.6309761767833786, -0.3990460739880013, 4.432152107416231, 3.3199027395545873, 1.3809185231445833, 2.797820392906058, 4.9104567057369914, 0.901088974692945, 4.933585827400373, -2.4254269162264532, 2.837157662598313, 2.2102150005269934, 0.601421045181225], "value_grad": [-0.22967958450317383, 0.41976022720336914, -0.5979592800140381, -0.2494797706604004, 1.4493608474731445, 0.34452033042907715, -1.5483603477478027, -0.7999200820922852, -0.5781598091125488, 0.5860795974731445, 2.292839527130127, -1.6552801132202148, -2.110679864883423, -0.3247199058532715, -0.2811598777770996, 0.15047979354858398], "action_grad": [[0.0, 0.0, 0.0], [0.0, 0.0, 0.0], [0.0, 0.0, 0.0], [0.0, 0.0, 0.0], [0.0, 0.0, 0.0], [0.0, 0.0, 0.0], [0.0, 0.0, 0.0], [0.0, 0.0, 0.0], [0.0, 0.0, 0.0], [0.0, 0.0, 0.0], [0.0, 0.0, 0.0], [0.0, 0.0, 0.0], [0.0, 0.0, 0.0], [0.0, 0.0, 0.0], [0.0, 0.0, 0.0], [0.0, 0.0, 0.0]], "action_params_change": 0, "value_params_change": 0.3353800287421973}
{"iterations": 1, "type_itr": 0, "sub_iteration": 8, "sub_it_time": 0.12761569023132324, "total_time": 1.1546261310577393, "value_loss": 5.884560585021973, "action_loss": -1.6089608669281006, "action_probs": [[0.5012965071522024, 0.025551757405692228, 0.4502042206197038, 0.022947514822401798], [0.13415129438919532, 0.8255933673612877, 0.00562681507641624, 0.03462852317310101], [0.5334430654470088, 0.11638276785885529, 0.28745853326786475, 0.06271563342627107], [0.0003364596565316092, 0.0012179434518185366, 0.2161193970798396, 0.7823261998118104], [0.34840884548061035, 0.6450111271679897, 0.002307724623876696, 0.004272302727523235], [0.47863575931948416, 0.0011808364695486645, 0.518903224367383, 0.0012801798435841522], [0.21583262028209405, 0.7339733643674069, 0.011406019787899803, 0.03878799556259926], [0.9938534052917689, 0.00011921066369228196, 0.006026661158977661, 7.228855611752003e-07], [0.1542847128729646, 0.7844963699295665, 0.01006107093041205, 0.051157846267056904], [0.013965048918886709, 0.017809565994248246, 0.42553827652075066, 0.5426871085661144], [0.0006812694721381645, 0.0009858214172128717, 0.40797639669948155, 0.5903565124111673], [0.14225404331970018, 0.0414873784298272, 0.6319537643983548, 0.18430481385211755], [0.08385555521836079, 0.5813242949209008, 0.042208929748832454, 0.29261122011190605], [0.47662197895817576, 0.40834862294090035, 0.06195181991760957, 0.0530775781833142], [0.018446188020937972, 0.0005802578027843063, 0.9510563765588933, 0.029917177617384272], [0.0653313504172016, 0.9327338814511176, 0.0001266460455197373, 0.0018081220861609023]], "state_values": [-4.428699909772995, -2.3360910118961264, 3.4622200359080124, 3.876605019898347, -1.0019864037140482, 4.452499190743077, 3.1394730041541297, 1.0639872427106718, 3.4893205382786823, 4.908825394624599, 1.4691982110327526, 4.83023792919935, -1.6482050337033558, 3.094978489697842, 2.1978538175163247, 0.7169726876429922], "value_grad": [0.7563600540161133, 1.1642398834228516, 0.9781203269958496, 0.4712400436401367, 0.6732001304626465, 0.3326396942138672, -0.04355955123901367, 0.15047979354858398, -0.9187202453613281, 0.04752016067504883, 1.841400146484375, -1.1285996437072754, -1.8612003326416016, 0.12672042846679688, 1.156320571899414, 1.956239938735962], "action_grad": [[0.0, 0.0, 0.0], [0.0, 0.0, 0.0], [0.0, 0.0, 0.0], [0.0, 0.0, 0.0], [0.0, 0.0, 0.0], [0.0, 0.0, 0.0], [0.0, 0.0, 0.0], [0.0, 0.0, 0.0], [0.0, 0.0, 0.0], [0.0, 0.0, 0.0], [0.0, 0.0, 0.0], [0.0, 0.0, 0.0], [0.0, 0.0, 0.0], [0.0, 0.0, 0.0], [0.0, 0.0, 0.0], [0.0, 0.0, 0.0]], "action_params_change": 0, "value_params_change": 0.3571025689543297}
{"iterations": 1, "type_itr": 0, "sub_iteration": 9, "sub_it_time": 0.12540531158447266, "total_time": 1.2816495895385742, "value_loss": 5.163840293884277, "action_loss": -1.5763614177703857, "action_probs": [[0.5012965071522024, 0.025551757405692228, 0.4502042206197038, 0.022947514822401798], [0.13415129438919532, 0.8255933673612877, 0.00562681507641624, 0.03462852317310101], [0.5334430654470088, 0.11638276785885529, 0.28745853326786475, 0.06271563342627107], [0.0003364596565316092, 0.0012179434518185366, 0.2161193970798396, 0.7823261998118104], [0.34840884548061035, 0.6450111271679897, 0.002307724623876696, 0.004272302727523235], [0.47863575931948416, 0.0011808364695486645, 0.518903224367383, 0.0012801798435841522], [0.21583262028209405, 0.7339733643674069, 0.011406019787899803, 0.03878799556259926], [0.9938534052917689, 0.00011921066369228196, 0.006026661158977661, 7.228855611752003e-07], [0.1542847128729646, 0.7844963699295665, 0.01006107093041205, 0.051157846267056904], [0.013965048918886709, 0.017809565994248246, 0.42553827652075066, 0.5426871085661144], [0.0006812694721381645, 0.0009858214172128717, 0.40797639669948155, 0.5903565124111673], [0.14225404331970018, 0.0414873784298272, 0.6319537643983548, 0.18430481385211755], [0.08385555521836079, 0.5813242949209008, 0.042208929748832454, 0.29261122011190605], [0.47662197895817576, 0.40834862294090035, 0.06195181991760957, 0.0530775781833142], [0.018446188020937972, 0.0005802578027843063, 0.9510563765588933, 0.029917177617384272], [0.0653313504172016, 0.9327338814511176, 0.0001266460455197373, 0.0018081220861609023]], "state_values": [-4.47592794013116, -2.376280399291616, 3.5107968747513776, 4.1577252689842545, -1.3683365430773944, 4.476872342566751, 2.917241126403698, 0.9969440697481924, 4.052572725321453, 4.953879839154635, 2.098660628868278, 4.698691768361994, -0.7928055377397775, 3.3207007872378886, 2.1462911128498456, 0.9744425551630661], "value_grad": [0.38412046432495117, 0.023760318756103516, -0.37620019912719727, -0.4712395668029785, -0.5504398345947266, -0.06335926055908203, -0.3484797477722168, -0.6256799697875977, -0.36828041076660156, 0.9899997711181641, 1.180079460144043, 0.0, -0.8751602172851562, 0.03564023971557617, 0.23759984970092773, 0.843480110168457], "action_grad": [[0.0, 0.0, 0.0], [0.0, 0.0, 0.0], [0.0, 0.0, 0.0], [0.0, 0.0, 0.0], [0.0, 0.0, 0.0], [0.0, 0.0, 0.0], [0.0, 0.0, 0.0], [0.0, 0.0, 0.0], [0.0, 0.0, 0.0], [0.0, 0.0, 0.0], [0.0, 0.0, 0.0], [0.0, 0.0, 0.0], [0.0, 0.0, 0.0], [0.0, 0.0, 0.0], [0.0, 0.0, 0.0], [0.0, 0.0, 0.0]], "action_params_change": 0, "value_params_change": 0.35338030057159964}
{"iterations": 1, "type_itr": 0, "sub_iteration": 10, "sub_it_time": 0.1275486946105957, "total_time": 1.4107465744018555, "value_loss": 4.482719898223877, "action_loss": -1.6629308462142944, "action_probs": [[0.5012965071522024, 0.025551757405692228, 0.4502042206197038, 0.022947514822401798], [0.13415129438919532, 0.8255933673612877, 0.00562681507641624, 0.03462852317310101], [0.5334430654470088, 0.11638276785885529, 0.28745853326786475, 0.06271563342627107], [0.0003364596565316092, 0.0012179434518185366, 0.2161193970798396, 0.7823261998118104], [0.34840884548061035, 0.6450111271679897, 0.002307724623876696, 0.004272302727523235], [0.47863575931948416, 0.0011808364695486645, 0.518903224367383, 0.0012801798435841522], [0.21583262028209405, 0.7339733643674069, 0.011406019787899803, 0.03878799556259926], [0.9938534052917689, 0.00011921066369228196, 0.006026661158977661, 7.228855611752003e-07], [0.1542847128729646, 0.7844963699295665, 0.01006107093041205, 0.051157846267056904], [0.013965048918886709, 0.017809565994248246, 0.42553827652075066, 0.5426871085661144], [0.0006812694721381645, 0.0009858214172128717, 0.40797639669948155, 0.5903565124111673], [0.14225404331970018, 0.0414873784298272, 0.6319537643983548, 0.18430481385211755], [0.08385555521836079, 0.5813242949209008, 0.042208929748832454, 0.29261122011190605], [0.47662197895817576, 0.40834862294090035, 0.06195181991760957, 0.0530775781833142], [0.018446188020937972, 0.0005802578027843063, 0.9510563765588933, 0.029917177617384272], [0.0653313504172016, 0.9327338814511176, 0.0001266460455197373, 0.0018081220861609023]], "state_values": [-4.559812607918438, -2.3273983045058384, 3.351433283491894, 4.432983874489124, -1.2137874411528276, 4.475038999273993, 2.7498631708401917, 0.8333080237176731, 4.320351619537975, 4.97295518199076, 2.6186526730439397, 4.4994131883722215, 0.19674790161975467, 3.3551120909723138, 2.28281207050014, 1.2869341138965364], "value_grad": [-0.2890791893005371, 0.4791598320007324, -1.0969195365905762, -0.3999600410461426, -2.0512795448303223, 0.22968006134033203, 0.23363971710205078, 0.32868051528930664, 1.2513604164123535, -0.3049192428588867, -0.09504079818725586, -0.7959604263305664, -3.183839797973633, -0.9068398475646973, -1.1286001205444336, 0.4752006530761719], "action_grad": [[0.0, 0.0, 0.0], [0.0, 0.0, 0.0], [0.0, 0.0, 0.0], [0.0, 0.0, 0.0], [0.0, 0.0, 0.0], [0.0, 0.0, 0.0], [0.0, 0.0, 0.0], [0.0, 0.0, 0.0], [0.0, 0.0, 0.0], [0.0, 0.0, 0.0], [0.0, 0.0, 0.0], [0.0, 0.0, 0.0], [0.0, 0.0, 0.0], [0.0, 0.0, 0.0], [0.0, 0.0, 0.0], [0.0, 0.0, 0.0]], "action_params_change": 0, "value_params_change": 0.3971857902715894}
{"iterations": 1, "type_itr": 0, "sub_iteration": 11, "sub_it_time": 0.12977313995361328, "total_time": 1.5422000885009766, "value_loss": 4.253039836883545, "action_loss": -1.7187119722366333, "action_probs": [[0.5012965071522024, 0.025551757405692228, 0.4502042206197038, 0.022947514822401798], [0.13415129438919532, 0.8255933673612877, 0.00562681507641624, 0.03462852317310101], [0.5334430654470088, 0.11638276785885529, 0.28745853326786475, 0.06271563342627107], [0.0003364596565316092, 0.0012179434518185366, 0.2161193970798396, 0.7823261998118104], [0.34840884548061035, 0.6450111271679897, 0.002307724623876696, 0.004272302727523235], [0.47863575931948416, 0.0011808364695486645, 0.518903224367383, 0.0012801798435841522], [0.21583262028209405, 0.7339733643674069, 0.011406019787899803, 0.03878799556259926], [0.9938534052917689, 0.00011921066369228196, 0.006026661158977661, 7.228855611752003e-07], [0.1542847128729646, 0.7844963699295665, 0.01006107093041205, 0.051157846267056904], [0.013965048918886709, 0.017809565994248246, 0.42553827652075066, 0.5426871085661144], [0.0006812694721381645, 0.0009858214172128717, 0.40797639669948155, 0.5903565124111673], [0.14225404331970018, 0.0414873784298272, 0.6319537643983548, 0.18430481385211755], [0.08385555521836079, 0.5813242949209008, 0.042208929748832454, 0.29261122011190605], [0.47662197895817576, 0.40834862294090035, 0.06195181991760957, 0.0530775781833142], [0.018446188020937972, 0.0005802578027843063, 0.9510563765588933, 0.029917177617384272], [0.0653313504172016, 0.9327338814511176, 0.0001266460455197373, 0.0018081220861609023]], "state_values": [-4.471691650852314, -2.197992996215992, 3.1514186399564865, 4.617552057746467, -0.9103206081131421, 4.444946804544121, 2.7509617198840726, 0.5726885323623853, 4.469493102756526, 4.981634340280364, 2.9000078879304767, 4.159950479099013, 0.9054991573283667, 3.1466343028790495, 2.404991809355645, 1.3601305416294696], "value_grad": [1.188000202178955, 0.4870796203613281, -0.2732396125793457, 0.15444040298461914, -0.9068403244018555, 0.27720022201538086, 0.9266395568847656, 0.36828041076660156, 0.6771607398986816, -0.1821599006652832, -1.2157196998596191, -1.916639804840088, 1.2553200721740723, -1.6236000061035156, -0.007919788360595703, -1.108799934387207], "action_grad": [[0.0, 0.0, 0.0], [0.0, 0.0, 0.0], [0.0, 0.0, 0.0], [0.0, 0.0, 0.0], [0.0, 0.0, 0.0], [0.0, 0.0, 0.0], [0.0, 0.0, 0.0], [0.0, 0.0, 0.0], [0.0, 0.0, 0.0], [0.0, 0.0, 0.0], [0.0, 0.0, 0.0], [0.0, 0.0, 0.0], [0.0, 0.0, 0.0], [0.0, 0.0, 0.0], [0.0, 0.0, 0.0], [0.0, 0.0, 0.0]], "action_params_change": 0, "value_params_change": 0.28548983491515756}
{"iterations": 1, "type_itr": 0, "sub_iteration": 12, "sub_it_time": 0.12584686279296875, "total_time": 1.6696312427520752, "value_loss": 3.674880027770996, "action_loss": -1.7453347444534302, "action_probs": [[0.5012965071522024, 0.025551757405692228, 0.4502042206197038, 0.022947514822401798], [0.13415129438919532, 0.8255933673612877, 0.00562681507641624, 0.03462852317310101], [0.5334430654470088, 0.11638276785885529, 0.28745853326786475, 0.06271563342627107], [0.0003364596565316092, 0.0012179434518185366, 0.2161193970798396, 0.7823261998118104], [0.34840884548061035, 0.6450111271679897, 0.002307724623876696, 0.004272302727523235], [0.47863575931948416, 0.0011808364695486645, 0.518903224367383, 0.0012801798435841522], [0.21583262028209405, 0.7339733643674069, 0.011406019787899803, 0.03878799556259926], [0.9938534052917689, 0.00011921066369228196, 0.006026661158977661, 7.228855611752003e-07], [0.1542847128729646, 0.7844963699295665, 0.01006107093041205, 0.051157846267056904], [0.013965048918886709, 0.017809565994248246, 0.42553827652075066, 0.5426871085661144], [0.0006812694721381645, 0.0009858214172128717, 0.40797639669948155, 0.5903565124111673], [0.14225404331970018, 0.0414873784298272, 0.6319537643983548, 0.18430481385211755], [0.08385555521836079, 0.5813242949209008, 0.042208929748832454, 0.29261122011190605], [0.47662197895817576, 0.40834862294090035, 0.06195181991760957, 0.0530775781833142], [0.018446188020937972, 0.0005802578027843063, 0.9510563765588933, 0.029917177617384272], [0.0653313504172016, 0.9327338814511176, 0.0001266460455197373, 0.0018081220861609023]], "state_values": [-4.295236943900194, -1.879970332852102, 2.909609237562678, 4.556254372890035, -0.7125065725789461, 4.207988776325653, 2.731805151804303, 0.410070092619566, 4.650163998372829, 4.991344494688261, 3.1154287567258305, 3.7069635698023973, 1.5175994652970661, 2.9560607513591006, 2.4189581564836304, 1.4974547334305048], "value_grad": [0.6890397071838379, 1.2434396743774414, -0.27720069885253906, 1.960200309753418, 0.4078798294067383, 2.736360549926758, -0.12672019004821777, -0.22968006134033203, -1.0137598514556885, 0.18612003326416016, -0.2415599822998047, -0.9820795059204102, 0.0989999771118164, 0.03564023971557617, 0.609839916229248, 0.42768049240112305], "action_grad": [[0.0, 0.0, 0.0], [0.0, 0.0, 0.0], [0.0, 0.0, 0.0], [0.0, 0.0, 0.0], [0.0, 0.0, 0.0], [0.0, 0.0, 0.0], [0.0, 0.0, 0.0], [0.0, 0.0, 0.0], [0.0, 0.0, 0.0], [0.0, 0.0, 0.0], [0.0, 0.0, 0.0], [0.0, 0.0, 0.0], [0.0, 0.0, 0.0], [0.0, 0.0, 0.0], [0.0, 0.0, 0.0], [0.0, 0.0, 0.0]], "action_params_change": 0, "value_params_change": 0.29508372565873975}
{"iterations": 1, "type_itr": 0, "sub_iteration": 13, "sub_it_time": 0.12624835968017578, "total_time": 1.7974441051483154, "value_loss": 3.956040382385254, "action_loss": -1.7473270893096924, "action_probs": [[0.5012965071522024, 0.025551757405692228, 0.4502042206197038, 0.022947514822401798], [0.13415129438919532, 0.8255933673612877, 0.00562681507641624, 0.03462852317310101], [0.5334430654470088, 0.11638276785885529, 0.28745853326786475, 0.06271563342627107], [0.0003364596565316092, 0.0012179434518185366, 0.2161193970798396, 0.7823261998118104], [0.34840884548061035, 0.6450111271679897, 0.002307724623876696, 0.004272302727523235], [0.47863575931948416, 0.0011808364695486645, 0.518903224367383, 0.0012801798435841522], [0.21583262028209405, 0.7339733643674069, 0.011406019787899803, 0.03878799556259926], [0.9938534052917689, 0.00011921066369228196, 0.006026661158977661, 7.228855611752003e-07], [0.1542847128729646, 0.7844963699295665, 0.01006107093041205, 0.051157846267056904], [0.013965048918886709, 0.017809565994248246, 0.42553827652075066, 0.5426871085661144], [0.0006812694721381645, 0.0009858214172128717, 0.40797639669948155, 0.5903565124111673], [0.14225404331970018, 0.0414873784298272, 0.6319537643983548, 0.18430481385211755], [0.08385555521836079, 0.5813242949209008, 0.042208929748832454, 0.29261122011190605], [0.47662197895817576, 0.40834862294090035, 0.06195181991760957, 0.0530775781833142], [0.018446188020937972, 0.0005802578027843063, 0.9510563765588933, 0.029917177617384272], [0.0653313504172016, 0.9327338814511176, 0.0001266460455197373, 0.0018081220861609023]], "state_values": [-4.175926924839365, -1.5602508105348112, 2.675285476018274, 4.612772134997996, -0.28182531499811664, 3.883795199050153, 2.828257941419165, 0.3029365337582429, 4.700395072268696, 4.999846474622762, 3.2204477447676583, 3.2991902171436496, 2.051805209012954, 2.640968832205304, 2.3380121241339724, 1.8571800412073234], "value_grad": [-0.3722400665283203, 0.14256000518798828, -0.03168010711669922, -1.3503601551055908, -1.5958800315856934, 0.8791201114654541, 0.732600212097168, -0.12671995162963867, 1.4493598937988281, 0.498960018157959, -0.7484402656555176, 0.6256799697875977, -0.01584005355834961, -0.9345595836639404, 0.6138002872467041, 1.6711201667785645], "action_grad": [[0.0, 0.0, 0.0], [0.0, 0.0, 0.0], [0.0, 0.0, 0.0], [0.0, 0.0, 0.0], [0.0, 0.0, 0.0], [0.0, 0.0, 0.0], [0.0, 0.0, 0.0], [0.0, 0.0, 0.0], [0.0, 0.0, 0.0], [0.0, 0.0, 0.0], [0.0, 0.0, 0.0], [0.0, 0.0, 0.0], [0.0, 0.0, 0.0], [0.0, 0.0, 0.0], [0.0, 0.0, 0.0], [0.0, 0.0, 0.0]], "action_params_change": 0, "value_params_change": 0.22908028372637768}
