{"iterations": 0, "type_itr": 0, "sub_iteration": 0, "sub_it_time": 0, "total_time": 0, "value_loss": 0, "action_loss": 0, "action_probs": [[0.27528982657703466, 0.6667475671711502, 0.016938304072545637, 0.04102430217926959], [0.9219286326455403, 0.07627019169666238, 0.0016635517602838015, 0.00013762389751371116], [0.12704370680332042, 0.19728255082915797, 0.2646720541428205, 0.4110016882247011], [0.049824994514709155, 0.002768857465325294, 0.8975289763186803, 0.049877171701285306], [0.5550715316158579, 0.3664515621505229, 0.04726989137248061, 0.031207014861138603], [0.18389884662228198, 0.1432751233342556, 0.378183909064888, 0.2946421209785745], [0.04007884965989183, 0.08140440982945953, 0.2898336817321799, 0.5886830587784687], [0.5343339446419026, 0.3880902774031608, 0.044937427327554, 0.032638350627382504], [0.9399383960444782, 0.005342205779695928, 0.0544101542490678, 0.0003092439267581132], [0.06461525344284083, 0.8886649475862889, 0.003166762141962395, 0.04355303682890776], [0.15755251928096314, 0.039007287910821344, 0.643997510360846, 0.1594426824473695], [0.7407641802575526, 0.006100084495062924, 0.2510682251968929, 0.002067510050491427], [0.01819330666284783, 0.05732536771590195, 0.22271805483169727, 0.7017632707895529], [0.02389505291191322, 0.5738540039832631, 0.016080004574632586, 0.3861709385301909], [0.38404502671379936, 0.08413406026337203, 0.43625010691425514, 0.09557080610857345], [0.0003130043732188716, 0.11532406445358141, 0.002393777944894756, 0.8819691532283048]], "state_values": [-0.16967950294188827, -3.775718202838406, 4.899160781173363, 4.316372345845641, 4.815285190195116, 4.380602487349103, 4.20177217956956, 3.853935847736178, -1.443811755543917, 4.823350144498207, 4.972664478564347, 2.2965463203701684, 1.4243931007745223, 1.2007624978504285, -1.0921227530154465, 3.124116000298623], "value_grad": [0.0, 0.0, 0.0, 0.0, 0.0, 0.0, 0.0, 0.0, 0.0, 0.0, 0.0, 0.0, 0.0, 0.0, 0.0, 0.0], "action_grad": [[0.0, 0.0, 0.0], [0.0, 0.0, 0.0], [0.0, 0.0, 0.0], [0.0, 0.0, 0.0], [0.0, 0.0, 0.0], [0.0, 0.0, 0.0], [0.0, 0.0, 0.0], [0.0, 0.0, 0.0], [0.0, 0.0, 0.0], [0.0, 0.0, 0.0], [0.0, 0.0, 0.0], [0.0, 0.0, 0.0], [0.0, 0.0, 0.0], [0.0, 0.0, 0.0], [0.0, 0.0, 0.0], [0.0, 0.0, 0.0]], "action_params_change": 0, "value_params_change": 0}
{"iterations": 1, "type_itr": 0, "sub_iteration": 0, "sub_it_time": 3.444093704223633, "total_time": 3.445575475692749, "value_loss": 8.824177018868486, "action_loss": -2.070351967154519, "action_probs": [[0.27528982657703466, 0.6667475671711502, 0.016938304072545637, 0.04102430217926959], [0.9219286326455403, 0.07627019169666238, 0.0016635517602838015, 0.00013762389751371116], [0.12704370680332042, 0.19728255082915797, 0.2646720541428205, 0.4110016882247011], [0.049824994514709155, 0.002768857465325294, 0.8975289763186803, 0.049877171701285306], [0.5550715316158579, 0.3664515621505229, 0.04726989137248061, 0.031207014861138603], [0.18389884662228198, 0.1432751233342556, 0.378183909064888, 0.2946421209785745], [0.04007884965989183, 0.08140440982945953, 0.2898336817321799, 0.5886830587784687], [0.5343339446419026, 0.3880902774031608, 0.044937427327554, 0.032638350627382504], [0.9399383960444782, 0.005342205779695928, 0.0544101542490678, 0.0003092439267581132], [0.06461525344284083, 0.8886649475862889, 0.003166762141962395, 0.04355303682890776], [0.15755251928096314, 0.039007287910821344, 0.643997510360846, 0.1594426824473695], [0.7407641802575526, 0.006100084495062924, 0.2510682251968929, 0.002067510050491427], [0.01819330666284783, 0.05732536771590195, 0.22271805483169727, 0.7017632707895529], [0.02389505291191322, 0.5738540039832631, 0.016080004574632586, 0.3861709385301909], [0.38404502671379936, 0.08413406026337203, 0.43625010691425514, 0.09557080610857345], [0.0003130043732188716, 0.11532406445358141, 0.002393777944894756, 0.8819691532283048]], "state_values": [1.0719020650684854, -2.84740036123435, 4.499673636582054, 4.806553658185603, 4.33246331919749, 3.6480626088804065, 4.741660090842575, 2.946030069991756, -0.21460340028010175, 4.3474973916667015, 4.688902166235064, 1.1263368313650026, 0.19435008166877216, -0.0373847620011591, 0.14897920576927384, 2.0611714858335577], "value_grad": [-0.0189631235652179, -1.5171542100314337, 0.2465407538027975, -0.11378294981400927, -0.34136625623093053, 0.4361781799011215, -0.1706798996419625, 0.15171059812512944, -1.9153015057587428, -0.07585692788540399, 0.15171771279004354, 0.13274360609021052, 0.2085961781490031, 0.07585266031528981, 1.2136512960884094, 0.606842169382011], "action_grad": [[0.0, 0.0, 0.0], [0.0, 0.0, 0.0], [0.0, 0.0, 0.0], [0.0, 0.0, 0.0], [0.0, 0.0, 0.0], [0.0, 0.0, 0.0], [0.0, 0.0, 0.0], [0.0, 0.0, 0.0], [0.0, 0.0, 0.0], [0.0, 0.0, 0.0], [0.0, 0.0, 0.0], [0.0, 0.0, 0.0], [0.0, 0.0, 0.0], [0.0, 0.0, 0.0], [0.0, 0.0, 0.0], [0.0, 0.0, 0.0]], "action_params_change": 0, "value_params_change": 0.4999999973894451}
{"iterations": 1, "type_itr": 0, "sub_iteration": 1, "sub_it_time": 3.992997407913208, "total_time": 7.440217971801758, "value_loss": 5.352557307967698, "action_loss": -1.9365813002896257, "action_probs": [[0.27528982657703466, 0.6667475671711502, 0.016938304072545637, 0.04102430217926959], [0.9219286326455403, 0.07627019169666238, 0.0016635517602838015, 0.00013762389751371116], [0.12704370680332042, 0.19728255082915797, 0.2646720541428205, 0.4110016882247011], [0.049824994514709155, 0.002768857465325294, 0.8975289763186803, 0.049877171701285306], [0.5550715316158579, 0.3664515621505229, 0.04726989137248061, 0.031207014861138603], [0.18389884662228198, 0.1432751233342556, 0.378183909064888, 0.2946421209785745], [0.04007884965989183, 0.08140440982945953, 0.2898336817321799, 0.5886830587784687], [0.5343339446419026, 0.3880902774031608, 0.044937427327554, 0.032638350627382504], [0.9399383960444782, 0.005342205779695928, 0.0544101542490678, 0.0003092439267581132], [0.06461525344284083, 0.8886649475862889, 0.003166762141962395, 0.04355303682890776], [0.15755251928096314, 0.039007287910821344, 0.643997510360846, 0.1594426824473695], [0.7407641802575526, 0.006100084495062924, 0.2510682251968929, 0.002067510050491427], [0.01819330666284783, 0.05732536771590195, 0.22271805483169727, 0.7017632707895529], [0.02389505291191322, 0.5738540039832631, 0.016080004574632586, 0.3861709385301909], [0.38404502671379936, 0.08413406026337203, 0.43625010691425514, 0.09557080610857345], [0.0003130043732188716, 0.11532406445358141, 0.002393777944894756, 0.8819691532283048]], "state_values": [0.380381263545356, -1.7411074387768928, 3.832235784250698, 4.994709469423195, 3.6028577109458473, 2.6922534796175257, 4.527349204162869, 1.8615065541188367, 0.9843977437694268, 3.631449879623262, 4.147409668502303, -0.0003924551570719315, -0.8543876823256091, 0.717363676344568, 1.3046541002044114, 0.932801252970767], "value_grad": [0.07590188648170404, -1.5749997895773005, 0.39849904684516435, -0.05692800188639868, -0.6262110146583328, 0.3984938625779062, 0.4554197358144725, 0.13282990301955966, -1.2144282860356963, -0.15180819950321034, 0.3415728192820602, 0.05692649188741061, 0.056926338009575694, -0.3984843001371088, 0.6261894590944692, 0.3415612045499232], "action_grad": [[0.0, 0.0, 0.0], [0.0, 0.0, 0.0], [0.0, 0.0, 0.0], [0.0, 0.0, 0.0], [0.0, 0.0, 0.0], [0.0, 0.0, 0.0], [0.0, 0.0, 0.0], [0.0, 0.0, 0.0], [0.0, 0.0, 0.0], [0.0, 0.0, 0.0], [0.0, 0.0, 0.0], [0.0, 0.0, 0.0], [0.0, 0.0, 0.0], [0.0, 0.0, 0.0], [0.0, 0.0, 0.0], [0.0, 0.0, 0.0]], "action_params_change": 0, "value_params_change": 0.5004000574781253}
{"iterations": 1, "type_itr": 0, "sub_iteration": 2, "sub_it_time": 3.6481001377105713, "total_time": 11.089905500411987, "value_loss": 3.0751243460619038, "action_loss": -1.6250524946136393, "action_probs": [[0.27528982657703466, 0.6667475671711502, 0.016938304072545637, 0.04102430217926959], [0.9219286326455403, 0.07627019169666238, 0.0016635517602838015, 0.00013762389751371116], [0.12704370680332042, 0.19728255082915797, 0.2646720541428205, 0.4110016882247011], [0.049824994514709155, 0.002768857465325294, 0.8975289763186803, 0.049877171701285306], [0.5550715316158579, 0.3664515621505229, 0.04726989137248061, 0.031207014861138603], [0.18389884662228198, 0.1432751233342556, 0.378183909064888, 0.2946421209785745], [0.04007884965989183, 0.08140440982945953, 0.2898336817321799, 0.5886830587784687], [0.5343339446419026, 0.3880902774031608, 0.044937427327554, 0.032638350627382504], [0.9399383960444782, 0.005342205779695928, 0.0544101542490678, 0.0003092439267581132], [0.06461525344284083, 0.8886649475862889, 0.003166762141962395, 0.04355303682890776], [0.15755251928096314, 0.039007287910821344, 0.643997510360846, 0.1594426824473695], [0.7407641802575526, 0.006100084495062924, 0.2510682251968929, 0.002067510050491427], [0.01819330666284783, 0.05732536771590195, 0.22271805483169727, 0.7017632707895529], [0.02389505291191322, 0.5738540039832631, 0.016080004574632586, 0.3861709385301909], [0.38404502671379936, 0.08413406026337203, 0.43625010691425514, 0.09557080610857345], [0.0003130043732188716, 0.11532406445358141, 0.002393777944894756, 0.8819691532283048]], "state_values": [-0.4538106936225012, -0.5373683996383167, 2.9254348037660103, 4.925946488512637, 2.6470358785190133, 1.6502622499031194, 4.117736881924739, 0.6957090877341892, 1.554977126938452, 2.687320250429613, 3.3641613230055416, -0.8743754713304336, -0.884258607003608, 1.3919247663824024, 2.2351836074178455, -9.25825054287166e-05], "value_grad": [0.037960741772642415, -1.3096484045094976, 0.36063232783393406, -0.03796144527697498, -0.6453423510349019, 0.18980490230622138, 0.34165397691107247, 0.09490208038300008, 0.8541551682192492, -0.1518446295363578, 0.45553724352814795, 0.0, -0.20878456916622623, -0.05694106694535339, 0.17082346936054682, 0.018980386066091537], "action_grad": [[0.0, 0.0, 0.0], [0.0, 0.0, 0.0], [0.0, 0.0, 0.0], [0.0, 0.0, 0.0], [0.0, 0.0, 0.0], [0.0, 0.0, 0.0], [0.0, 0.0, 0.0], [0.0, 0.0, 0.0], [0.0, 0.0, 0.0], [0.0, 0.0, 0.0], [0.0, 0.0, 0.0], [0.0, 0.0, 0.0], [0.0, 0.0, 0.0], [0.0, 0.0, 0.0], [0.0, 0.0, 0.0], [0.0, 0.0, 0.0]], "action_params_change": 0, "value_params_change": 0.49660817473747887}
{"iterations": 1, "type_itr": 0, "sub_iteration": 3, "sub_it_time": 3.4187679290771484, "total_time": 14.510332345962524, "value_loss": 1.9552184839965274, "action_loss": -1.2909030373691313, "action_probs": [[0.27528982657703466, 0.6667475671711502, 0.016938304072545637, 0.04102430217926959], [0.9219286326455403, 0.07627019169666238, 0.0016635517602838015, 0.00013762389751371116], [0.12704370680332042, 0.19728255082915797, 0.2646720541428205, 0.4110016882247011], [0.049824994514709155, 0.002768857465325294, 0.8975289763186803, 0.049877171701285306], [0.5550715316158579, 0.3664515621505229, 0.04726989137248061, 0.031207014861138603], [0.18389884662228198, 0.1432751233342556, 0.378183909064888, 0.2946421209785745], [0.04007884965989183, 0.08140440982945953, 0.2898336817321799, 0.5886830587784687], [0.5343339446419026, 0.3880902774031608, 0.044937427327554, 0.032638350627382504], [0.9399383960444782, 0.005342205779695928, 0.0544101542490678, 0.0003092439267581132], [0.06461525344284083, 0.8886649475862889, 0.003166762141962395, 0.04355303682890776], [0.15755251928096314, 0.039007287910821344, 0.643997510360846, 0.1594426824473695], [0.7407641802575526, 0.006100084495062924, 0.2510682251968929, 0.002067510050491427], [0.01819330666284783, 0.05732536771590195, 0.22271805483169727, 0.7017632707895529], [0.02389505291191322, 0.5738540039832631, 0.016080004574632586, 0.3861709385301909], [0.38404502671379936, 0.08413406026337203, 0.43625010691425514, 0.09557080610857345], [0.0003130043732188716, 0.11532406445358141, 0.002393777944894756, 0.8819691532283048]], "state_values": [-1.1287546370333277, 0.6379538313785328, 1.9368050874467229, 4.661733710562242, 1.5211335874359286, 0.8730664060232275, 3.480100349225922, -0.40033607241454294, 1.9747667835717795, 1.5752995458249361, 2.3694385283024118, -1.3720694499349166, -0.34630236857028174, 1.6903710392300553, 2.8362548629690205, -0.45828996961394886], "value_grad": [-6.572520305780927e-14, -0.7402924391812191, 0.11389162239949568, -0.018982041204837596, -0.6453862389635694, -0.11389126906854097, 0.5504811127088285, 0.03796371686445488, 0.11389126906854097, -0.13287349086453082, 0.4745509167092159, -0.03796371686445488, -0.36065545111142105, 0.1328730768131754, -0.20880097920752183, -0.2657459985104227], "action_grad": [[0.0, 0.0, 0.0], [0.0, 0.0, 0.0], [0.0, 0.0, 0.0], [0.0, 0.0, 0.0], [0.0, 0.0, 0.0], [0.0, 0.0, 0.0], [0.0, 0.0, 0.0], [0.0, 0.0, 0.0], [0.0, 0.0, 0.0], [0.0, 0.0, 0.0], [0.0, 0.0, 0.0], [0.0, 0.0, 0.0], [0.0, 0.0, 0.0], [0.0, 0.0, 0.0], [0.0, 0.0, 0.0], [0.0, 0.0, 0.0]], "action_params_change": 0, "value_params_change": 0.4975501340697477}
{"iterations": 1, "type_itr": 0, "sub_iteration": 4, "sub_it_time": 3.640584945678711, "total_time": 18.15261936187744, "value_loss": 1.6515029157034213, "action_loss": -0.9713507535941984, "action_probs": [[0.27528982657703466, 0.6667475671711502, 0.016938304072545637, 0.04102430217926959], [0.9219286326455403, 0.07627019169666238, 0.0016635517602838015, 0.00013762389751371116], [0.12704370680332042, 0.19728255082915797, 0.2646720541428205, 0.4110016882247011], [0.049824994514709155, 0.002768857465325294, 0.8975289763186803, 0.049877171701285306], [0.5550715316158579, 0.3664515621505229, 0.04726989137248061, 0.031207014861138603], [0.18389884662228198, 0.1432751233342556, 0.378183909064888, 0.2946421209785745], [0.04007884965989183, 0.08140440982945953, 0.2898336817321799, 0.5886830587784687], [0.5343339446419026, 0.3880902774031608, 0.044937427327554, 0.032638350627382504], [0.9399383960444782, 0.005342205779695928, 0.0544101542490678, 0.0003092439267581132], [0.06461525344284083, 0.8886649475862889, 0.003166762141962395, 0.04355303682890776], [0.15755251928096314, 0.039007287910821344, 0.643997510360846, 0.1594426824473695], [0.7407641802575526, 0.006100084495062924, 0.2510682251968929, 0.002067510050491427], [0.01819330666284783, 0.05732536771590195, 0.22271805483169727, 0.7017632707895529], [0.02389505291191322, 0.5738540039832631, 0.016080004574632586, 0.3861709385301909], [0.38404502671379936, 0.08413406026337203, 0.43625010691425514, 0.09557080610857345], [0.0003130043732188716, 0.11532406445358141, 0.002393777944894756, 0.8819691532283048]], "state_values": [-1.2352529476821357, 1.6375711151499701, 1.3426421467142506, 4.506646987044147, 0.32102945227832563, 0.5154169828276929, 2.6309816860415185, -1.2554579278817228, 2.1939845207627977, 0.38936213720176077, 1.2773267306589955, -1.4444051314194915, 0.4170771107871635, 1.6344902737262008, 3.1162407027531795, -0.4478699633528479], "value_grad": [-0.056946699240911336, -0.13287562952616638, -0.24676922814300384, 0.07592952720054624, -0.43659202435821975, -0.26575112836322146, 0.6833664650908893, -0.01898223313847658, 0.4745569320838725, -0.0949112468278972, 0.20880509042205309, -0.07592896500808566, -0.3226979277591191, 0.20880473534409005, -0.45557560818948994, -0.43659127389652297], "action_grad": [[0.0, 0.0, 0.0], [0.0, 0.0, 0.0], [0.0, 0.0, 0.0], [0.0, 0.0, 0.0], [0.0, 0.0, 0.0], [0.0, 0.0, 0.0], [0.0, 0.0, 0.0], [0.0, 0.0, 0.0], [0.0, 0.0, 0.0], [0.0, 0.0, 0.0], [0.0, 0.0, 0.0], [0.0, 0.0, 0.0], [0.0, 0.0, 0.0], [0.0, 0.0, 0.0], [0.0, 0.0, 0.0], [0.0, 0.0, 0.0]], "action_params_change": 0, "value_params_change": 0.48975295506346317}
{"iterations": 1, "type_itr": 0, "sub_iteration": 5, "sub_it_time": 4.0717082023620605, "total_time": 22.226067066192627, "value_loss": 1.575573388502875, "action_loss": -0.7397273763574882, "action_probs": [[0.27528982657703466, 0.6667475671711502, 0.016938304072545637, 0.04102430217926959], [0.9219286326455403, 0.07627019169666238, 0.0016635517602838015, 0.00013762389751371116], [0.12704370680332042, 0.19728255082915797, 0.2646720541428205, 0.4110016882247011], [0.049824994514709155, 0.002768857465325294, 0.8975289763186803, 0.049877171701285306], [0.5550715316158579, 0.3664515621505229, 0.04726989137248061, 0.031207014861138603], [0.18389884662228198, 0.1432751233342556, 0.378183909064888, 0.2946421209785745], [0.04007884965989183, 0.08140440982945953, 0.2898336817321799, 0.5886830587784687], [0.5343339446419026, 0.3880902774031608, 0.044937427327554, 0.032638350627382504], [0.9399383960444782, 0.005342205779695928, 0.0544101542490678, 0.0003092439267581132], [0.06461525344284083, 0.8886649475862889, 0.003166762141962395, 0.04355303682890776], [0.15755251928096314, 0.039007287910821344, 0.643997510360846, 0.1594426824473695], [0.7407641802575526, 0.006100084495062924, 0.2510682251968929, 0.002067510050491427], [0.01819330666284783, 0.05732536771590195, 0.22271805483169727, 0.7017632707895529], [0.02389505291191322, 0.5738540039832631, 0.016080004574632586, 0.3861709385301909], [0.38404502671379936, 0.08413406026337203, 0.43625010691425514, 0.09557080610857345], [0.0003130043732188716, 0.11532406445358141, 0.002393777944894756, 0.8819691532283048]], "state_values": [-1.0100571970155798, 2.379737719217882, 1.2913533905709775, 4.530849826006123, -0.7599699077704366, 0.42686430676636566, 1.6082004427806387, -1.794608729496123, 2.2086673681930122, -0.7617420858855346, 1.192988471710934, -1.2414786373333762, 1.2234520637792834, 1.421163931945463, 3.1372978871425894, -0.13565641599921077], "value_grad": [-0.05694669924073548, 0.2847337186734422, -0.4745553006455341, 0.09491179645751702, -0.056946699240801424, -0.2277864860305503, 0.85420344092238, -0.05694669924084539, 0.7213266130234486, -0.05694669924073548, -1.043994790842612, -0.07592896500801971, -0.1708399438263244, 0.13287574433759897, -0.6074345341721665, -0.45557329660588364], "action_grad": [[0.0, 0.0, 0.0], [0.0, 0.0, 0.0], [0.0, 0.0, 0.0], [0.0, 0.0, 0.0], [0.0, 0.0, 0.0], [0.0, 0.0, 0.0], [0.0, 0.0, 0.0], [0.0, 0.0, 0.0], [0.0, 0.0, 0.0], [0.0, 0.0, 0.0], [0.0, 0.0, 0.0], [0.0, 0.0, 0.0], [0.0, 0.0, 0.0], [0.0, 0.0, 0.0], [0.0, 0.0, 0.0], [0.0, 0.0, 0.0]], "action_params_change": 0, "value_params_change": 0.4617906838797081}
{"iterations": 1, "type_itr": 0, "sub_iteration": 6, "sub_it_time": 3.707009792327881, "total_time": 25.93475580215454, "value_loss": 1.6894675889202437, "action_loss": -0.6185262151706532, "action_probs": [[0.27528982657703466, 0.6667475671711502, 0.016938304072545637, 0.04102430217926959], [0.9219286326455403, 0.07627019169666238, 0.0016635517602838015, 0.00013762389751371116], [0.12704370680332042, 0.19728255082915797, 0.2646720541428205, 0.4110016882247011], [0.049824994514709155, 0.002768857465325294, 0.8975289763186803, 0.049877171701285306], [0.5550715316158579, 0.3664515621505229, 0.04726989137248061, 0.031207014861138603], [0.18389884662228198, 0.1432751233342556, 0.378183909064888, 0.2946421209785745], [0.04007884965989183, 0.08140440982945953, 0.2898336817321799, 0.5886830587784687], [0.5343339446419026, 0.3880902774031608, 0.044937427327554, 0.032638350627382504], [0.9399383960444782, 0.005342205779695928, 0.0544101542490678, 0.0003092439267581132], [0.06461525344284083, 0.8886649475862889, 0.003166762141962395, 0.04355303682890776], [0.15755251928096314, 0.039007287910821344, 0.643997510360846, 0.1594426824473695], [0.7407641802575526, 0.006100084495062924, 0.2510682251968929, 0.002067510050491427], [0.01819330666284783, 0.05732536771590195, 0.22271805483169727, 0.7017632707895529], [0.02389505291191322, 0.5738540039832631, 0.016080004574632586, 0.3861709385301909], [0.38404502671379936, 0.08413406026337203, 0.43625010691425514, 0.09557080610857345], [0.0003130043732188716, 0.11532406445358141, 0.002393777944894756, 0.8819691532283048]], "state_values": [-0.5595174979304026, 2.895248509268371, 1.5796695039933242, 4.753456449847804, -1.4488298314383046, 0.3827712884666946, 0.4768716181941361, -1.99794744511599, 2.0328319883248795, -1.6491892980482767, 1.1100710874370796, -0.8386421951024513, 1.9016344728694679, 1.1416083688438456, 2.9652009910325154, 0.36433500437542576], "value_grad": [-0.05694639301919735, 0.3986268287316359, -0.5125169200236386, 0.45557811450327246, 0.39862468518111105, -0.03796420908567688, 0.5884469230449199, -0.09491074169301728, 0.8921626366981796, 0.03796424450618541, 0.018982095643982788, -0.07592855880627747, 0.0, 0.07592855880640936, -0.6453975670513992, -0.41760661279643085], "action_grad": [[0.0, 0.0, 0.0], [0.0, 0.0, 0.0], [0.0, 0.0, 0.0], [0.0, 0.0, 0.0], [0.0, 0.0, 0.0], [0.0, 0.0, 0.0], [0.0, 0.0, 0.0], [0.0, 0.0, 0.0], [0.0, 0.0, 0.0], [0.0, 0.0, 0.0], [0.0, 0.0, 0.0], [0.0, 0.0, 0.0], [0.0, 0.0, 0.0], [0.0, 0.0, 0.0], [0.0, 0.0, 0.0], [0.0, 0.0, 0.0]], "action_params_change": 0, "value_params_change": 0.4638831980427045}
{"iterations": 1, "type_itr": 0, "sub_iteration": 7, "sub_it_time": 4.008631706237793, "total_time": 29.945010900497437, "value_loss": 1.8982721438464252, "action_loss": -0.5812767626415328, "action_probs": [[0.27528982657703466, 0.6667475671711502, 0.016938304072545637, 0.04102430217926959], [0.9219286326455403, 0.07627019169666238, 0.0016635517602838015, 0.00013762389751371116], [0.12704370680332042, 0.19728255082915797, 0.2646720541428205, 0.4110016882247011], [0.049824994514709155, 0.002768857465325294, 0.8975289763186803, 0.049877171701285306], [0.5550715316158579, 0.3664515621505229, 0.04726989137248061, 0.031207014861138603], [0.18389884662228198, 0.1432751233342556, 0.378183909064888, 0.2946421209785745], [0.04007884965989183, 0.08140440982945953, 0.2898336817321799, 0.5886830587784687], [0.5343339446419026, 0.3880902774031608, 0.044937427327554, 0.032638350627382504], [0.9399383960444782, 0.005342205779695928, 0.0544101542490678, 0.0003092439267581132], [0.06461525344284083, 0.8886649475862889, 0.003166762141962395, 0.04355303682890776], [0.15755251928096314, 0.039007287910821344, 0.643997510360846, 0.1594426824473695], [0.7407641802575526, 0.006100084495062924, 0.2510682251968929, 0.002067510050491427], [0.01819330666284783, 0.05732536771590195, 0.22271805483169727, 0.7017632707895529], [0.02389505291191322, 0.5738540039832631, 0.016080004574632586, 0.3861709385301909], [0.38404502671379936, 0.08413406026337203, 0.43625010691425514, 0.09557080610857345], [0.0003130043732188716, 0.11532406445358141, 0.002393777944894756, 0.8819691532283048]], "state_values": [-0.002035685478934691, 3.216047264529597, 2.0078438512233077, 4.9130491333375925, -1.707499602155179, 0.17317170710298135, -0.5946358532225731, -1.925388389669183, 1.6902925969400764, -2.1778697620204905, 0.9087639104584392, -0.3224373187244628, 2.3156198738397316, 0.9386933887693091, 2.648437946568065, 0.9456505529256953], "value_grad": [-0.037963835688359815, 0.5314967360239595, -0.34167447932102246, 0.09491065445052405, 0.6643678329655462, 0.20880097920752183, 0.13287335406879164, -0.11389173808270625, 0.9680812420244649, 0.09490973404316572, 0.2847288898030247, -0.05694578267148476, 0.15185564914846283, -0.037963835688359815, -0.5884430609955553, -0.28472859666911354], "action_grad": [[0.0, 0.0, 0.0], [0.0, 0.0, 0.0], [0.0, 0.0, 0.0], [0.0, 0.0, 0.0], [0.0, 0.0, 0.0], [0.0, 0.0, 0.0], [0.0, 0.0, 0.0], [0.0, 0.0, 0.0], [0.0, 0.0, 0.0], [0.0, 0.0, 0.0], [0.0, 0.0, 0.0], [0.0, 0.0, 0.0], [0.0, 0.0, 0.0], [0.0, 0.0, 0.0], [0.0, 0.0, 0.0], [0.0, 0.0, 0.0]], "action_params_change": 0, "value_params_change": 0.429457649888223}
{"iterations": 1, "type_itr": 0, "sub_iteration": 8, "sub_it_time": 3.422757387161255, "total_time": 33.369439125061035, "value_loss": 2.0880926405199802, "action_loss": -0.5864749681757037, "action_probs": [[0.27528982657703466, 0.6667475671711502, 0.016938304072545637, 0.04102430217926959], [0.9219286326455403, 0.07627019169666238, 0.0016635517602838015, 0.00013762389751371116], [0.12704370680332042, 0.19728255082915797, 0.2646720541428205, 0.4110016882247011], [0.049824994514709155, 0.002768857465325294, 0.8975289763186803, 0.049877171701285306], [0.5550715316158579, 0.3664515621505229, 0.04726989137248061, 0.031207014861138603], [0.18389884662228198, 0.1432751233342556, 0.378183909064888, 0.2946421209785745], [0.04007884965989183, 0.08140440982945953, 0.2898336817321799, 0.5886830587784687], [0.5343339446419026, 0.3880902774031608, 0.044937427327554, 0.032638350627382504], [0.9399383960444782, 0.005342205779695928, 0.0544101542490678, 0.0003092439267581132], [0.06461525344284083, 0.8886649475862889, 0.003166762141962395, 0.04355303682890776], [0.15755251928096314, 0.039007287910821344, 0.643997510360846, 0.1594426824473695], [0.7407641802575526, 0.006100084495062924, 0.2510682251968929, 0.002067510050491427], [0.01819330666284783, 0.05732536771590195, 0.22271805483169727, 0.7017632707895529], [0.02389505291191322, 0.5738540039832631, 0.016080004574632586, 0.3861709385301909], [0.38404502671379936, 0.08413406026337203, 0.43625010691425514, 0.09557080610857345], [0.0003130043732188716, 0.11532406445358141, 0.002393777944894756, 0.8819691532283048]], "state_values": [0.4046278062954175, 3.387566371863248, 2.431571809633565, 4.991151312849212, -1.64391168029855, -0.19476088516185988, -1.3796697084371183, -1.6474467189503228, 1.2239306507994336, -2.409597942403499, 0.5699033718882965, 0.19288251146975716, 2.429006089438489, 0.8722418188520215, 2.217274418428818, 1.5175903273297853], "value_grad": [0.018981766391841237, 0.5694561569075016, -0.11389053414150974, 0.05694578267141903, 0.7592706068415376, 0.2467624005597151, -0.3226892782091668, -0.11389053414150974, 0.8541797598600827, 0.11389065924658226, 0.3796346403744457, -0.018981724341238237, 0.26574514475961886, -0.09490862083414875, -0.5125092174039947, -0.13287206794644346], "action_grad": [[0.0, 0.0, 0.0], [0.0, 0.0, 0.0], [0.0, 0.0, 0.0], [0.0, 0.0, 0.0], [0.0, 0.0, 0.0], [0.0, 0.0, 0.0], [0.0, 0.0, 0.0], [0.0, 0.0, 0.0], [0.0, 0.0, 0.0], [0.0, 0.0, 0.0], [0.0, 0.0, 0.0], [0.0, 0.0, 0.0], [0.0, 0.0, 0.0], [0.0, 0.0, 0.0], [0.0, 0.0, 0.0], [0.0, 0.0, 0.0]], "action_params_change": 0, "value_params_change": 0.3207038349984739}
{"iterations": 1, "type_itr": 0, "sub_iteration": 9, "sub_it_time": 4.548788070678711, "total_time": 37.919902324676514, "value_loss": 2.107074587503105, "action_loss": -0.6029346638683345, "action_probs": [[0.27528982657703466, 0.6667475671711502, 0.016938304072545637, 0.04102430217926959], [0.9219286326455403, 0.07627019169666238, 0.0016635517602838015, 0.00013762389751371116], [0.12704370680332042, 0.19728255082915797, 0.2646720541428205, 0.4110016882247011], [0.049824994514709155, 0.002768857465325294, 0.8975289763186803, 0.049877171701285306], [0.5550715316158579, 0.3664515621505229, 0.04726989137248061, 0.031207014861138603], [0.18389884662228198, 0.1432751233342556, 0.378183909064888, 0.2946421209785745], [0.04007884965989183, 0.08140440982945953, 0.2898336817321799, 0.5886830587784687], [0.5343339446419026, 0.3880902774031608, 0.044937427327554, 0.032638350627382504], [0.9399383960444782, 0.005342205779695928, 0.0544101542490678, 0.0003092439267581132], [0.06461525344284083, 0.8886649475862889, 0.003166762141962395, 0.04355303682890776], [0.15755251928096314, 0.039007287910821344, 0.643997510360846, 0.1594426824473695], [0.7407641802575526, 0.006100084495062924, 0.2510682251968929, 0.002067510050491427], [0.01819330666284783, 0.05732536771590195, 0.22271805483169727, 0.7017632707895529], [0.02389505291191322, 0.5738540039832631, 0.016080004574632586, 0.3861709385301909], [0.38404502671379936, 0.08413406026337203, 0.43625010691425514, 0.09557080610857345], [0.0003130043732188716, 0.11532406445358141, 0.002393777944894756, 0.8819691532283048]], "state_values": [0.7653828283749086, 3.4454141335509476, 2.7431317157061725, 4.992690732277394, -1.3542836995151213, -0.6301036346186571, -1.804785490598595, -1.3229757433670555, 0.6727743830370831, -2.425737243487158, 0.11623795964085484, 0.5945144171023988, 2.312855734444411, 0.8571943002539922, 1.6833319395949677, 2.0008102340873224], "value_grad": [0.0, 0.5694555575541629, 0.09490883108718595, 0.0, 0.7402868183554041, 0.15185353509875732, -0.5884332382301745, -0.03796338464719362, 0.7023234326585064, 0.11389053414150974, 0.3796337888935244, 0.018981681592759703, 0.284726471452033, -0.037963427395672156, -0.4935266066829249, 0.018981703054323784], "action_grad": [[0.0, 0.0, 0.0], [0.0, 0.0, 0.0], [0.0, 0.0, 0.0], [0.0, 0.0, 0.0], [0.0, 0.0, 0.0], [0.0, 0.0, 0.0], [0.0, 0.0, 0.0], [0.0, 0.0, 0.0], [0.0, 0.0, 0.0], [0.0, 0.0, 0.0], [0.0, 0.0, 0.0], [0.0, 0.0, 0.0], [0.0, 0.0, 0.0], [0.0, 0.0, 0.0], [0.0, 0.0, 0.0], [0.0, 0.0, 0.0]], "action_params_change": 0, "value_params_change": 0.23215053531143015}
{"iterations": 1, "type_itr": 0, "sub_iteration": 10, "sub_it_time": 3.7771501541137695, "total_time": 41.69871282577515, "value_loss": 2.012164662399332, "action_loss": -0.6098644666669528, "action_probs": [[0.27528982657703466, 0.6667475671711502, 0.016938304072545637, 0.04102430217926959], [0.9219286326455403, 0.07627019169666238, 0.0016635517602838015, 0.00013762389751371116], [0.12704370680332042, 0.19728255082915797, 0.2646720541428205, 0.4110016882247011], [0.049824994514709155, 0.002768857465325294, 0.8975289763186803, 0.049877171701285306], [0.5550715316158579, 0.3664515621505229, 0.04726989137248061, 0.031207014861138603], [0.18389884662228198, 0.1432751233342556, 0.378183909064888, 0.2946421209785745], [0.04007884965989183, 0.08140440982945953, 0.2898336817321799, 0.5886830587784687], [0.5343339446419026, 0.3880902774031608, 0.044937427327554, 0.032638350627382504], [0.9399383960444782, 0.005342205779695928, 0.0544101542490678, 0.0003092439267581132], [0.06461525344284083, 0.8886649475862889, 0.003166762141962395, 0.04355303682890776], [0.15755251928096314, 0.039007287910821344, 0.643997510360846, 0.1594426824473695], [0.7407641802575526, 0.006100084495062924, 0.2510682251968929, 0.002067510050491427], [0.01819330666284783, 0.05732536771590195, 0.22271805483169727, 0.7017632707895529], [0.02389505291191322, 0.5738540039832631, 0.016080004574632586, 0.3861709385301909], [0.38404502671379936, 0.08413406026337203, 0.43625010691425514, 0.09557080610857345], [0.0003130043732188716, 0.11532406445358141, 0.002393777944894756, 0.8819691532283048]], "state_values": [0.4440468258613351, 3.410378966990511, 2.91695389943702, 4.942929000249955, -0.9249178182289828, -0.9294509952746544, -1.9259778131563376, -0.8913107078430393, 0.08568670992980745, -2.2467593866927067, -0.3938172147656121, 1.0035050529086278, 2.0045671894411066, 0.8217029879799287, 1.1006457896122948, 2.3299861588754456], "value_grad": [0.20880097920752183, 0.5694590751588102, 0.1898189751679813, -0.018982022709426616, 0.569454952966437, -0.11389053414150974, -0.7023287652371892, -0.07592727145893674, 0.47454508020607156, 0.13287307681324112, 0.26574514475961886, -0.018981807744634427, 0.30371002525949997, 0.018981807744634427, -0.30370938315757234, 0.17083663036070051], "action_grad": [[0.0, 0.0, 0.0], [0.0, 0.0, 0.0], [0.0, 0.0, 0.0], [0.0, 0.0, 0.0], [0.0, 0.0, 0.0], [0.0, 0.0, 0.0], [0.0, 0.0, 0.0], [0.0, 0.0, 0.0], [0.0, 0.0, 0.0], [0.0, 0.0, 0.0], [0.0, 0.0, 0.0], [0.0, 0.0, 0.0], [0.0, 0.0, 0.0], [0.0, 0.0, 0.0], [0.0, 0.0, 0.0], [0.0, 0.0, 0.0]], "action_params_change": 0, "value_params_change": 0.24285498587188714}
{"iterations": 1, "type_itr": 0, "sub_iteration": 11, "sub_it_time": 3.7639269828796387, "total_time": 45.46424698829651, "value_loss": 1.822343446847866, "action_loss": -0.5864749681757037, "action_probs": [[0.27528982657703466, 0.6667475671711502, 0.016938304072545637, 0.04102430217926959], [0.9219286326455403, 0.07627019169666238, 0.0016635517602838015, 0.00013762389751371116], [0.12704370680332042, 0.19728255082915797, 0.2646720541428205, 0.4110016882247011], [0.049824994514709155, 0.002768857465325294, 0.8975289763186803, 0.049877171701285306], [0.5550715316158579, 0.3664515621505229, 0.04726989137248061, 0.031207014861138603], [0.18389884662228198, 0.1432751233342556, 0.378183909064888, 0.2946421209785745], [0.04007884965989183, 0.08140440982945953, 0.2898336817321799, 0.5886830587784687], [0.5343339446419026, 0.3880902774031608, 0.044937427327554, 0.032638350627382504], [0.9399383960444782, 0.005342205779695928, 0.0544101542490678, 0.0003092439267581132], [0.06461525344284083, 0.8886649475862889, 0.003166762141962395, 0.04355303682890776], [0.15755251928096314, 0.039007287910821344, 0.643997510360846, 0.1594426824473695], [0.7407641802575526, 0.006100084495062924, 0.2510682251968929, 0.002067510050491427], [0.01819330666284783, 0.05732536771590195, 0.22271805483169727, 0.7017632707895529], [0.02389505291191322, 0.5738540039832631, 0.016080004574632586, 0.3861709385301909], [0.38404502671379936, 0.08413406026337203, 0.43625010691425514, 0.09557080610857345], [0.0003130043732188716, 0.11532406445358141, 0.002393777944894756, 0.8819691532283048]], "state_values": [0.1087864679391325, 3.293203294258384, 2.9536966645307987, 4.863759426839959, -0.44251848165574514, -1.0271114152483085, -1.821750452053449, -0.4612672388554129, -0.47540612397682275, -1.9269250075916138, -0.8865554860191737, 1.1445949829303366, 1.4858911097113827, 0.6613001472859553, 0.5023459692507038, 2.4879203539226986], "value_grad": [0.0189820040395845, 0.5694645190850021, 0.2467672274955921, -0.01898219981166127, 0.30371218467965844, -0.22778392319525032, -0.7023358344756157, -0.0189820040395845, 0.17083803112169993, 0.11389230079575463, 0.0949100193256176, 0.07592805314909556, 0.41760622317143015, 0.11389207885112795, -0.20880244365668, 0.2657489408435121], "action_grad": [[0.0, 0.0, 0.0], [0.0, 0.0, 0.0], [0.0, 0.0, 0.0], [0.0, 0.0, 0.0], [0.0, 0.0, 0.0], [0.0, 0.0, 0.0], [0.0, 0.0, 0.0], [0.0, 0.0, 0.0], [0.0, 0.0, 0.0], [0.0, 0.0, 0.0], [0.0, 0.0, 0.0], [0.0, 0.0, 0.0], [0.0, 0.0, 0.0], [0.0, 0.0, 0.0], [0.0, 0.0, 0.0], [0.0, 0.0, 0.0]], "action_params_change": 0, "value_params_change": 0.24261576868224521}
{"iterations": 1, "type_itr": 0, "sub_iteration": 12, "sub_it_time": 4.074737787246704, "total_time": 49.54063320159912, "value_loss": 1.6325205562375402, "action_loss": -0.5457506330619389, "action_probs": [[0.27528982657703466, 0.6667475671711502, 0.016938304072545637, 0.04102430217926959], [0.9219286326455403, 0.07627019169666238, 0.0016635517602838015, 0.00013762389751371116], [0.12704370680332042, 0.19728255082915797, 0.2646720541428205, 0.4110016882247011], [0.049824994514709155, 0.002768857465325294, 0.8975289763186803, 0.049877171701285306], [0.5550715316158579, 0.3664515621505229, 0.04726989137248061, 0.031207014861138603], [0.18389884662228198, 0.1432751233342556, 0.378183909064888, 0.2946421209785745], [0.04007884965989183, 0.08140440982945953, 0.2898336817321799, 0.5886830587784687], [0.5343339446419026, 0.3880902774031608, 0.044937427327554, 0.032638350627382504], [0.9399383960444782, 0.005342205779695928, 0.0544101542490678, 0.0003092439267581132], [0.06461525344284083, 0.8886649475862889, 0.003166762141962395, 0.04355303682890776], [0.15755251928096314, 0.039007287910821344, 0.643997510360846, 0.1594426824473695], [0.7407641802575526, 0.006100084495062924, 0.2510682251968929, 0.002067510050491427], [0.01819330666284783, 0.05732536771590195, 0.22271805483169727, 0.7017632707895529], [0.02389505291191322, 0.5738540039832631, 0.016080004574632586, 0.3861709385301909], [0.38404502671379936, 0.08413406026337203, 0.43625010691425514, 0.09557080610857345], [0.0003130043732188716, 0.11532406445358141, 0.002393777944894756, 0.8819691532283048]], "state_values": [-0.1475721358168418, 3.0956469109074822, 2.8676008757116396, 4.756957585486183, 0.031149967665849484, -0.9703433202353745, -1.5495166096057575, -0.07051104116744693, -0.9432547739469146, -1.4801426312773127, -1.2848286354865939, 1.121657988419973, 0.8710069310860886, 0.33736117241773483, -0.05509977617219171, 2.457505156608537], "value_grad": [-0.018982182886541965, 0.5884510122829478, 0.26575158760888495, 0.01898237447171569, 0.11389324772617271, -0.2088034321137502, -0.6453953601602136, 1.099120794378905e-13, -0.170839793071202, 0.11389324772628262, -0.09491091356084325, 0.056946548485547144, 0.22778628397662448, 0.17083964074558988, -0.037964348673819925, 0.37964476920597146], "action_grad": [[0.0, 0.0, 0.0], [0.0, 0.0, 0.0], [0.0, 0.0, 0.0], [0.0, 0.0, 0.0], [0.0, 0.0, 0.0], [0.0, 0.0, 0.0], [0.0, 0.0, 0.0], [0.0, 0.0, 0.0], [0.0, 0.0, 0.0], [0.0, 0.0, 0.0], [0.0, 0.0, 0.0], [0.0, 0.0, 0.0], [0.0, 0.0, 0.0], [0.0, 0.0, 0.0], [0.0, 0.0, 0.0], [0.0, 0.0, 0.0]], "action_params_change": 0, "value_params_change": 0.25328260281534387}
{"iterations": 1, "type_itr": 0, "sub_iteration": 13, "sub_it_time": 4.887106418609619, "total_time": 54.42935228347778, "value_loss": 1.4806611549581457, "action_loss": -0.5041483913628353, "action_probs": [[0.27528982657703466, 0.6667475671711502, 0.016938304072545637, 0.04102430217926959], [0.9219286326455403, 0.07627019169666238, 0.0016635517602838015, 0.00013762389751371116], [0.12704370680332042, 0.19728255082915797, 0.2646720541428205, 0.4110016882247011], [0.049824994514709155, 0.002768857465325294, 0.8975289763186803, 0.049877171701285306], [0.5550715316158579, 0.3664515621505229, 0.04726989137248061, 0.031207014861138603], [0.18389884662228198, 0.1432751233342556, 0.378183909064888, 0.2946421209785745], [0.04007884965989183, 0.08140440982945953, 0.2898336817321799, 0.5886830587784687], [0.5343339446419026, 0.3880902774031608, 0.044937427327554, 0.032638350627382504], [0.9399383960444782, 0.005342205779695928, 0.0544101542490678, 0.0003092439267581132], [0.06461525344284083, 0.8886649475862889, 0.003166762141962395, 0.04355303682890776], [0.15755251928096314, 0.039007287910821344, 0.643997510360846, 0.1594426824473695], [0.7407641802575526, 0.006100084495062924, 0.2510682251968929, 0.002067510050491427], [0.01819330666284783, 0.05732536771590195, 0.22271805483169727, 0.7017632707895529], [0.02389505291191322, 0.5738540039832631, 0.016080004574632586, 0.3861709385301909], [0.38404502671379936, 0.08413406026337203, 0.43625010691425514, 0.09557080610857345], [0.0003130043732188716, 0.11532406445358141, 0.002393777944894756, 0.8819691532283048]], "state_values": [-0.33276692556030274, 2.821720614580408, 2.6798046736692136, 4.660838986702534, 0.38477436687156674, -0.665029487979889, -1.1578106272805013, 0.24543883595600927, -1.3042422720650968, -1.0648978262445565, -1.5294180429014392, 0.9157048112059211, 0.202390172234029, -0.106499893840035, -0.5228019775596998, 2.2500284248182054], "value_grad": [-0.018982297698040496, 0.5694721406109644, 0.24677085225488882, -0.05694734047563266, -0.22778765438507342, -0.4176106453260908, -0.5315052662556665, 0.01898231340168466, -0.2847349095373437, 0.0, -0.26575247678727587, 0.0759292218505232, 0.17084081538141271, 0.15185844090956513, 0.11389373715784812, 0.436594179429751], "action_grad": [[0.0, 0.0, 0.0], [0.0, 0.0, 0.0], [0.0, 0.0, 0.0], [0.0, 0.0, 0.0], [0.0, 0.0, 0.0], [0.0, 0.0, 0.0], [0.0, 0.0, 0.0], [0.0, 0.0, 0.0], [0.0, 0.0, 0.0], [0.0, 0.0, 0.0], [0.0, 0.0, 0.0], [0.0, 0.0, 0.0], [0.0, 0.0, 0.0], [0.0, 0.0, 0.0], [0.0, 0.0, 0.0], [0.0, 0.0, 0.0]], "action_params_change": 0, "value_params_change": 0.2692111988969872}
