{"iterations": 0, "type_itr": 0, "sub_iteration": 0, "sub_it_time": 0, "total_time": 0, "value_loss": 0, "action_loss": 0, "action_probs": [[0.12877568264743522, 0.20372255520057087, 0.25852165607200206, 0.40898010607999197], [0.1416677235125401, 0.05985136962272143, 0.5613312891787852, 0.2371496176859532], [0.6009374025156231, 0.35557645029836726, 0.027320516329682933, 0.016165630856326465], [0.2440471658517371, 0.18949117858875264, 0.3188722828689898, 0.2475893726905204], [0.6280425044485259, 0.29692325362642236, 0.05094750027945108, 0.02408674164560071], [0.18086896493944032, 0.27349282626986765, 0.21720360286615792, 0.32843460592453405], [0.8042421231361903, 0.14640585279496118, 0.04175149752916906, 0.007600526539679387], [0.0016723439687758759, 9.274864654920235e-06, 0.9928122178888017, 0.005506163277767576], [0.0003172293709783056, 0.2466753064694912, 0.0009671388788509181, 0.7520403252806797], [0.22078697761626387, 0.07330908270299454, 0.5299438461036687, 0.17596009357707276], [0.0003341542239911648, 0.5296605758551485, 0.00029633171299403566, 0.4697089382078663], [4.638829895516338e-05, 0.052718169169755656, 0.0008327681117220506, 0.9464026744195672], [0.11497508144409485, 0.012163648956395861, 0.7893526641761422, 0.0835086054233672], [0.6168803388767148, 0.2727875575760231, 0.07650237318508392, 0.03382973036217837], [0.34168488195561075, 0.6324442531653593, 0.00907444720990005, 0.0167964176691297], [0.0036990271361229893, 0.5419841031054291, 0.0030796818455631017, 0.451237187912885]], "state_values": [4.822362437288288, 1.3188006104328154, 1.122273039677393, 3.6817369678405067, 0.21728355263536334, 0.45650705986702805, 2.8307650724044042, -0.37279298641364766, 1.5256926063199896, 2.1113225589385296, 0.13648145326626887, -2.7292643421030283, 2.3849452399859885, 1.4953413480485902, -1.9578451383157345, 2.3432695886914345], "value_grad": [0.0, 0.0, 0.0, 0.0, 0.0, 0.0, 0.0, 0.0, 0.0, 0.0, 0.0, 0.0, 0.0, 0.0, 0.0, 0.0], "action_grad": [[0.0, 0.0, 0.0], [0.0, 0.0, 0.0], [0.0, 0.0, 0.0], [0.0, 0.0, 0.0], [0.0, 0.0, 0.0], [0.0, 0.0, 0.0], [0.0, 0.0, 0.0], [0.0, 0.0, 0.0], [0.0, 0.0, 0.0], [0.0, 0.0, 0.0], [0.0, 0.0, 0.0], [0.0, 0.0, 0.0], [0.0, 0.0, 0.0], [0.0, 0.0, 0.0], [0.0, 0.0, 0.0], [0.0, 0.0, 0.0]], "action_params_change": 0, "value_params_change": 0}
{"iterations": 1, "type_itr": 0, "sub_iteration": 0, "sub_it_time": 2.3556020259857178, "total_time": 2.357240676879883, "value_loss": 2.812471389770508, "action_loss": -1.1577435731887817, "action_probs": [[0.12877568264743522, 0.20372255520057087, 0.25852165607200206, 0.40898010607999197], [0.1416677235125401, 0.05985136962272143, 0.5613312891787852, 0.2371496176859532], [0.6009374025156231, 0.35557645029836726, 0.027320516329682933, 0.016165630856326465], [0.2440471658517371, 0.18949117858875264, 0.3188722828689898, 0.2475893726905204], [0.6280425044485259, 0.29692325362642236, 0.05094750027945108, 0.02408674164560071], [0.18086896493944032, 0.27349282626986765, 0.21720360286615792, 0.32843460592453405], [0.8042421231361903, 0.14640585279496118, 0.04175149752916906, 0.007600526539679387], [0.0016723439687758759, 9.274864654920235e-06, 0.9928122178888017, 0.005506163277767576], [0.0003172293709783056, 0.2466753064694912, 0.0009671388788509181, 0.7520403252806797], [0.22078697761626387, 0.07330908270299454, 0.5299438461036687, 0.17596009357707276], [0.0003341542239911648, 0.5296605758551485, 0.00029633171299403566, 0.4697089382078663], [4.638829895516338e-05, 0.052718169169755656, 0.0008327681117220506, 0.9464026744195672], [0.11497508144409485, 0.012163648956395861, 0.7893526641761422, 0.0835086054233672], [0.6168803388767148, 0.2727875575760231, 0.07650237318508392, 0.03382973036217837], [0.34168488195561075, 0.6324442531653593, 0.00907444720990005, 0.0167964176691297], [0.0036990271361229893, 0.5419841031054291, 0.0030796818455631017, 0.451237187912885]], "state_values": [4.345646911634123, 2.4710170595535503, 2.2928409429035677, 4.404252778420961, 1.446379908787691, 1.6741684801819023, 1.7230878294969811, -1.5947803025022347, 0.30023986114172907, 0.9243622337352391, -1.1043201745744462, -1.6079427385630436, 1.2235749988019444, 0.26845132501337277, -0.7587382818740798, 1.1776621810137167], "value_grad": [-0.22350239753723145, -0.17499232292175293, 0.5709526538848877, -0.2126915454864502, 0.5541229248046875, -0.5615279674530029, -1.0022759437561035, -0.06949806213378906, -0.010731220245361328, -0.060072898864746094, -0.10470247268676758, 0.21403789520263672, 0.2132854461669922, -0.2929999828338623, -1.2784466743469238, 0.8696558475494385], "action_grad": [[0.0, 0.0, 0.0], [0.0, 0.0, 0.0], [0.0, 0.0, 0.0], [0.0, 0.0, 0.0], [0.0, 0.0, 0.0], [0.0, 0.0, 0.0], [0.0, 0.0, 0.0], [0.0, 0.0, 0.0], [0.0, 0.0, 0.0], [0.0, 0.0, 0.0], [0.0, 0.0, 0.0], [0.0, 0.0, 0.0], [0.0, 0.0, 0.0], [0.0, 0.0, 0.0], [0.0, 0.0, 0.0], [0.0, 0.0, 0.0]], "action_params_change": 0, "value_params_change": 0.49999999608900403}
{"iterations": 1, "type_itr": 0, "sub_iteration": 1, "sub_it_time": 2.3477675914764404, "total_time": 4.7068400382995605, "value_loss": 1.1015137434005737, "action_loss": -0.9758915901184082, "action_probs": [[0.12877568264743522, 0.20372255520057087, 0.25852165607200206, 0.40898010607999197], [0.1416677235125401, 0.05985136962272143, 0.5613312891787852, 0.2371496176859532], [0.6009374025156231, 0.35557645029836726, 0.027320516329682933, 0.016165630856326465], [0.2440471658517371, 0.18949117858875264, 0.3188722828689898, 0.2475893726905204], [0.6280425044485259, 0.29692325362642236, 0.05094750027945108, 0.02408674164560071], [0.18086896493944032, 0.27349282626986765, 0.21720360286615792, 0.32843460592453405], [0.8042421231361903, 0.14640585279496118, 0.04175149752916906, 0.007600526539679387], [0.0016723439687758759, 9.274864654920235e-06, 0.9928122178888017, 0.005506163277767576], [0.0003172293709783056, 0.2466753064694912, 0.0009671388788509181, 0.7520403252806797], [0.22078697761626387, 0.07330908270299454, 0.5299438461036687, 0.17596009357707276], [0.0003341542239911648, 0.5296605758551485, 0.00029633171299403566, 0.4697089382078663], [4.638829895516338e-05, 0.052718169169755656, 0.0008327681117220506, 0.9464026744195672], [0.11497508144409485, 0.012163648956395861, 0.7893526641761422, 0.0835086054233672], [0.6168803388767148, 0.2727875575760231, 0.07650237318508392, 0.03382973036217837], [0.34168488195561075, 0.6324442531653593, 0.00907444720990005, 0.0167964176691297], [0.0036990271361229893, 0.5419841031054291, 0.0030796818455631017, 0.451237187912885]], "state_values": [3.7740535109154174, 3.4210953831316098, 3.2171547899076014, 4.642875450520752, 2.404331095439123, 2.3267999374944273, 0.57351379028, -1.0457987203356367, 1.1803012985435417, -0.29270226925999276, -0.3948525071119573, -0.5366631253289894, -0.015524081914416411, -0.7035809160566926, 0.32445828753289674, 0.03989005368441069], "value_grad": [-0.04059004783630371, -0.0967031717300415, 0.21637439727783203, 0.057736754417419434, 0.14073848724365234, 0.07163643836975098, -0.5580826997756958, 0.18160569667816162, 0.23565959930419922, -0.105613112449646, 0.45393478870391846, 0.07547760009765625, 0.23276889324188232, -0.04704487323760986, -0.42051243782043457, 0.39833641052246094], "action_grad": [[0.0, 0.0, 0.0], [0.0, 0.0, 0.0], [0.0, 0.0, 0.0], [0.0, 0.0, 0.0], [0.0, 0.0, 0.0], [0.0, 0.0, 0.0], [0.0, 0.0, 0.0], [0.0, 0.0, 0.0], [0.0, 0.0, 0.0], [0.0, 0.0, 0.0], [0.0, 0.0, 0.0], [0.0, 0.0, 0.0], [0.0, 0.0, 0.0], [0.0, 0.0, 0.0], [0.0, 0.0, 0.0], [0.0, 0.0, 0.0]], "action_params_change": 0, "value_params_change": 0.5006611312137332}
{"iterations": 1, "type_itr": 0, "sub_iteration": 2, "sub_it_time": 2.3881406784057617, "total_time": 7.096731185913086, "value_loss": 0.8462520241737366, "action_loss": -0.9838911294937134, "action_probs": [[0.12877568264743522, 0.20372255520057087, 0.25852165607200206, 0.40898010607999197], [0.1416677235125401, 0.05985136962272143, 0.5613312891787852, 0.2371496176859532], [0.6009374025156231, 0.35557645029836726, 0.027320516329682933, 0.016165630856326465], [0.2440471658517371, 0.18949117858875264, 0.3188722828689898, 0.2475893726905204], [0.6280425044485259, 0.29692325362642236, 0.05094750027945108, 0.02408674164560071], [0.18086896493944032, 0.27349282626986765, 0.21720360286615792, 0.32843460592453405], [0.8042421231361903, 0.14640585279496118, 0.04175149752916906, 0.007600526539679387], [0.0016723439687758759, 9.274864654920235e-06, 0.9928122178888017, 0.005506163277767576], [0.0003172293709783056, 0.2466753064694912, 0.0009671388788509181, 0.7520403252806797], [0.22078697761626387, 0.07330908270299454, 0.5299438461036687, 0.17596009357707276], [0.0003341542239911648, 0.5296605758551485, 0.00029633171299403566, 0.4697089382078663], [4.638829895516338e-05, 0.052718169169755656, 0.0008327681117220506, 0.9464026744195672], [0.11497508144409485, 0.012163648956395861, 0.7893526641761422, 0.0835086054233672], [0.6168803388767148, 0.2727875575760231, 0.07650237318508392, 0.03382973036217837], [0.34168488195561075, 0.6324442531653593, 0.00907444720990005, 0.0167964176691297], [0.0036990271361229893, 0.5419841031054291, 0.0030796818455631017, 0.451237187912885]], "state_values": [2.970063385527075, 3.5819345903324575, 3.6098798899159186, 4.836300949634128, 3.048398615025738, 2.1573444950957033, -0.3177243062805065, -0.25646291735914506, 0.7969635772247934, -1.503012232613255, 0.32254329358257955, -0.24884779119146877, -0.7458436041138354, -0.9848995744058816, 0.9251552247803729, -0.850576241343054], "value_grad": [-0.3095136284828186, 0.15705358982086182, -0.21997809410095215, -0.05547964572906494, -0.024195492267608643, 0.5832683444023132, 0.0322343111038208, 0.12173032760620117, -0.4540140628814697, -0.08787262439727783, 0.10557371377944946, -0.14414405822753906, -0.08280348777770996, 0.15935039520263672, 0.3583008050918579, 0.007801175117492676], "action_grad": [[0.0, 0.0, 0.0], [0.0, 0.0, 0.0], [0.0, 0.0, 0.0], [0.0, 0.0, 0.0], [0.0, 0.0, 0.0], [0.0, 0.0, 0.0], [0.0, 0.0, 0.0], [0.0, 0.0, 0.0], [0.0, 0.0, 0.0], [0.0, 0.0, 0.0], [0.0, 0.0, 0.0], [0.0, 0.0, 0.0], [0.0, 0.0, 0.0], [0.0, 0.0, 0.0], [0.0, 0.0, 0.0], [0.0, 0.0, 0.0]], "action_params_change": 0, "value_params_change": 0.49350062122181315}
{"iterations": 1, "type_itr": 0, "sub_iteration": 3, "sub_it_time": 2.3321800231933594, "total_time": 9.430681228637695, "value_loss": 1.476921558380127, "action_loss": -0.8216440677642822, "action_probs": [[0.12877568264743522, 0.20372255520057087, 0.25852165607200206, 0.40898010607999197], [0.1416677235125401, 0.05985136962272143, 0.5613312891787852, 0.2371496176859532], [0.6009374025156231, 0.35557645029836726, 0.027320516329682933, 0.016165630856326465], [0.2440471658517371, 0.18949117858875264, 0.3188722828689898, 0.2475893726905204], [0.6280425044485259, 0.29692325362642236, 0.05094750027945108, 0.02408674164560071], [0.18086896493944032, 0.27349282626986765, 0.21720360286615792, 0.32843460592453405], [0.8042421231361903, 0.14640585279496118, 0.04175149752916906, 0.007600526539679387], [0.0016723439687758759, 9.274864654920235e-06, 0.9928122178888017, 0.005506163277767576], [0.0003172293709783056, 0.2466753064694912, 0.0009671388788509181, 0.7520403252806797], [0.22078697761626387, 0.07330908270299454, 0.5299438461036687, 0.17596009357707276], [0.0003341542239911648, 0.5296605758551485, 0.00029633171299403566, 0.4697089382078663], [4.638829895516338e-05, 0.052718169169755656, 0.0008327681117220506, 0.9464026744195672], [0.11497508144409485, 0.012163648956395861, 0.7893526641761422, 0.0835086054233672], [0.6168803388767148, 0.2727875575760231, 0.07650237318508392, 0.03382973036217837], [0.34168488195561075, 0.6324442531653593, 0.00907444720990005, 0.0167964176691297], [0.0036990271361229893, 0.5419841031054291, 0.0030796818455631017, 0.451237187912885]], "state_values": [2.1829020265236574, 3.2319732305769837, 3.6906794375386065, 4.979845893532205, 3.190291609387139, 1.6603780799557362, -0.6239947786719794, 0.29311056445949435, 0.08042249323879784, -2.497967390984409, 0.379530167574852, -0.23224318886826115, -0.4415810376192345, -0.7057948936519769, 1.112783049141869, -1.292210977999113], "value_grad": [-0.01235496997833252, 0.34911370277404785, -0.2786651849746704, -0.16160738468170166, -0.33109545707702637, 0.5549148321151733, 0.6048109531402588, -0.030927538871765137, -0.44866812229156494, -0.017740607261657715, -0.340282678604126, -0.08102154731750488, -0.5331745147705078, 0.2785860300064087, 0.555033802986145, -0.3336300849914551], "action_grad": [[0.0, 0.0, 0.0], [0.0, 0.0, 0.0], [0.0, 0.0, 0.0], [0.0, 0.0, 0.0], [0.0, 0.0, 0.0], [0.0, 0.0, 0.0], [0.0, 0.0, 0.0], [0.0, 0.0, 0.0], [0.0, 0.0, 0.0], [0.0, 0.0, 0.0], [0.0, 0.0, 0.0], [0.0, 0.0, 0.0], [0.0, 0.0, 0.0], [0.0, 0.0, 0.0], [0.0, 0.0, 0.0], [0.0, 0.0, 0.0]], "action_params_change": 0, "value_params_change": 0.43561035177756224}
{"iterations": 1, "type_itr": 0, "sub_iteration": 4, "sub_it_time": 2.3508658409118652, "total_time": 11.784137487411499, "value_loss": 1.9514485597610474, "action_loss": -0.6445894837379456, "action_probs": [[0.12877568264743522, 0.20372255520057087, 0.25852165607200206, 0.40898010607999197], [0.1416677235125401, 0.05985136962272143, 0.5613312891787852, 0.2371496176859532], [0.6009374025156231, 0.35557645029836726, 0.027320516329682933, 0.016165630856326465], [0.2440471658517371, 0.18949117858875264, 0.3188722828689898, 0.2475893726905204], [0.6280425044485259, 0.29692325362642236, 0.05094750027945108, 0.02408674164560071], [0.18086896493944032, 0.27349282626986765, 0.21720360286615792, 0.32843460592453405], [0.8042421231361903, 0.14640585279496118, 0.04175149752916906, 0.007600526539679387], [0.0016723439687758759, 9.274864654920235e-06, 0.9928122178888017, 0.005506163277767576], [0.0003172293709783056, 0.2466753064694912, 0.0009671388788509181, 0.7520403252806797], [0.22078697761626387, 0.07330908270299454, 0.5299438461036687, 0.17596009357707276], [0.0003341542239911648, 0.5296605758551485, 0.00029633171299403566, 0.4697089382078663], [4.638829895516338e-05, 0.052718169169755656, 0.0008327681117220506, 0.9464026744195672], [0.11497508144409485, 0.012163648956395861, 0.7893526641761422, 0.0835086054233672], [0.6168803388767148, 0.2727875575760231, 0.07650237318508392, 0.03382973036217837], [0.34168488195561075, 0.6324442531653593, 0.00907444720990005, 0.0167964176691297], [0.0036990271361229893, 0.5419841031054291, 0.0030796818455631017, 0.451237187912885]], "state_values": [1.3868324941193466, 2.6278781437216714, 3.6276140928403895, 4.980782401125528, 2.8611098714113985, 1.0533196897590993, -0.4874895003501972, 0.16666492220855064, -0.7738962834009888, -2.9744234116862915, -0.06844146421231868, -0.49481881760871205, -0.15896966493198011, -0.3227808277673793, 0.9787132197552992, -1.3372218573188581], "value_grad": [-0.04561901092529297, 0.3592510223388672, -0.20295023918151855, -0.09527790546417236, -0.7590134143829346, 0.29426777362823486, 0.8007515668869019, -0.21633481979370117, -0.36162734031677246, 0.06597375869750977, -0.5865552425384521, -0.12418556213378906, -0.02225518226623535, 0.09967303276062012, 0.6867034435272217, -0.4901292324066162], "action_grad": [[0.0, 0.0, 0.0], [0.0, 0.0, 0.0], [0.0, 0.0, 0.0], [0.0, 0.0, 0.0], [0.0, 0.0, 0.0], [0.0, 0.0, 0.0], [0.0, 0.0, 0.0], [0.0, 0.0, 0.0], [0.0, 0.0, 0.0], [0.0, 0.0, 0.0], [0.0, 0.0, 0.0], [0.0, 0.0, 0.0], [0.0, 0.0, 0.0], [0.0, 0.0, 0.0], [0.0, 0.0, 0.0], [0.0, 0.0, 0.0]], "action_params_change": 0, "value_params_change": 0.3550414145838511}
{"iterations": 1, "type_itr": 0, "sub_iteration": 5, "sub_it_time": 2.3591926097869873, "total_time": 14.145394086837769, "value_loss": 1.8367668390274048, "action_loss": -0.41874274611473083, "action_probs": [[0.12877568264743522, 0.20372255520057087, 0.25852165607200206, 0.40898010607999197], [0.1416677235125401, 0.05985136962272143, 0.5613312891787852, 0.2371496176859532], [0.6009374025156231, 0.35557645029836726, 0.027320516329682933, 0.016165630856326465], [0.2440471658517371, 0.18949117858875264, 0.3188722828689898, 0.2475893726905204], [0.6280425044485259, 0.29692325362642236, 0.05094750027945108, 0.02408674164560071], [0.18086896493944032, 0.27349282626986765, 0.21720360286615792, 0.32843460592453405], [0.8042421231361903, 0.14640585279496118, 0.04175149752916906, 0.007600526539679387], [0.0016723439687758759, 9.274864654920235e-06, 0.9928122178888017, 0.005506163277767576], [0.0003172293709783056, 0.2466753064694912, 0.0009671388788509181, 0.7520403252806797], [0.22078697761626387, 0.07330908270299454, 0.5299438461036687, 0.17596009357707276], [0.0003341542239911648, 0.5296605758551485, 0.00029633171299403566, 0.4697089382078663], [4.638829895516338e-05, 0.052718169169755656, 0.0008327681117220506, 0.9464026744195672], [0.11497508144409485, 0.012163648956395861, 0.7893526641761422, 0.0835086054233672], [0.6168803388767148, 0.2727875575760231, 0.07650237318508392, 0.03382973036217837], [0.34168488195561075, 0.6324442531653593, 0.00907444720990005, 0.0167964176691297], [0.0036990271361229893, 0.5419841031054291, 0.0030796818455631017, 0.451237187912885]], "state_values": [0.669533247749667, 1.9206614610308033, 3.538979067678846, 4.805440237125621, 2.2737904430275915, 0.46156091229733126, -0.1346271686323296, -0.11637241112880234, -1.5721835944950513, -2.919738740246747, -0.6551541264287587, -0.6723999128046125, 0.06538024144236454, -0.05888062841877359, 0.6544235382163018, -1.1330833523011203], "value_grad": [0.0012278556823730469, 0.156380295753479, -0.053578853607177734, -0.12683892250061035, -0.8006327152252197, 0.0900503396987915, 0.6129287481307983, -0.08977317810058594, -0.10767245292663574, 0.14667832851409912, -0.3060288429260254, 0.022373676300048828, 0.018730878829956055, -0.04557967185974121, 0.5812883377075195, -0.46118152141571045], "action_grad": [[0.0, 0.0, 0.0], [0.0, 0.0, 0.0], [0.0, 0.0, 0.0], [0.0, 0.0, 0.0], [0.0, 0.0, 0.0], [0.0, 0.0, 0.0], [0.0, 0.0, 0.0], [0.0, 0.0, 0.0], [0.0, 0.0, 0.0], [0.0, 0.0, 0.0], [0.0, 0.0, 0.0], [0.0, 0.0, 0.0], [0.0, 0.0, 0.0], [0.0, 0.0, 0.0], [0.0, 0.0, 0.0], [0.0, 0.0, 0.0]], "action_params_change": 0, "value_params_change": 0.38435621767216144}
{"iterations": 1, "type_itr": 0, "sub_iteration": 6, "sub_it_time": 2.3582513332366943, "total_time": 16.505468130111694, "value_loss": 1.5080077648162842, "action_loss": -0.23509950935840607, "action_probs": [[0.12877568264743522, 0.20372255520057087, 0.25852165607200206, 0.40898010607999197], [0.1416677235125401, 0.05985136962272143, 0.5613312891787852, 0.2371496176859532], [0.6009374025156231, 0.35557645029836726, 0.027320516329682933, 0.016165630856326465], [0.2440471658517371, 0.18949117858875264, 0.3188722828689898, 0.2475893726905204], [0.6280425044485259, 0.29692325362642236, 0.05094750027945108, 0.02408674164560071], [0.18086896493944032, 0.27349282626986765, 0.21720360286615792, 0.32843460592453405], [0.8042421231361903, 0.14640585279496118, 0.04175149752916906, 0.007600526539679387], [0.0016723439687758759, 9.274864654920235e-06, 0.9928122178888017, 0.005506163277767576], [0.0003172293709783056, 0.2466753064694912, 0.0009671388788509181, 0.7520403252806797], [0.22078697761626387, 0.07330908270299454, 0.5299438461036687, 0.17596009357707276], [0.0003341542239911648, 0.5296605758551485, 0.00029633171299403566, 0.4697089382078663], [4.638829895516338e-05, 0.052718169169755656, 0.0008327681117220506, 0.9464026744195672], [0.11497508144409485, 0.012163648956395861, 0.7893526641761422, 0.0835086054233672], [0.6168803388767148, 0.2727875575760231, 0.07650237318508392, 0.03382973036217837], [0.34168488195561075, 0.6324442531653593, 0.00907444720990005, 0.0167964176691297], [0.0036990271361229893, 0.5419841031054291, 0.0030796818455631017, 0.451237187912885]], "state_values": [0.21175600099873135, 1.0425766099300653, 3.304174810092774, 4.650582205749261, 1.4831815452217902, -0.06217485537516927, 0.32796644419284743, -0.5486954410765521, -2.006254878677379, -2.999917353168313, -1.2063222985997526, -0.7271908040366517, 0.041272744813756417, -0.1376275919326314, 0.19947459978167867, -0.8541199938151706], "value_grad": [0.10094046592712402, 0.34764838218688965, -0.2696366310119629, 0.15440046787261963, -0.9125820398330688, 0.002019643783569336, 0.4418172836303711, -0.10870194435119629, 0.2756556272506714, -0.05631113052368164, -0.06827056407928467, 0.048589229583740234, 0.21859192848205566, -0.22651207447052002, 0.522997260093689, -0.20045506954193115], "action_grad": [[0.0, 0.0, 0.0], [0.0, 0.0, 0.0], [0.0, 0.0, 0.0], [0.0, 0.0, 0.0], [0.0, 0.0, 0.0], [0.0, 0.0, 0.0], [0.0, 0.0, 0.0], [0.0, 0.0, 0.0], [0.0, 0.0, 0.0], [0.0, 0.0, 0.0], [0.0, 0.0, 0.0], [0.0, 0.0, 0.0], [0.0, 0.0, 0.0], [0.0, 0.0, 0.0], [0.0, 0.0, 0.0], [0.0, 0.0, 0.0]], "action_params_change": 0, "value_params_change": 0.36842231841852957}
{"iterations": 1, "type_itr": 0, "sub_iteration": 7, "sub_it_time": 2.364119052886963, "total_time": 18.871376514434814, "value_loss": 1.2072455883026123, "action_loss": -0.036067597568035126, "action_probs": [[0.12877568264743522, 0.20372255520057087, 0.25852165607200206, 0.40898010607999197], [0.1416677235125401, 0.05985136962272143, 0.5613312891787852, 0.2371496176859532], [0.6009374025156231, 0.35557645029836726, 0.027320516329682933, 0.016165630856326465], [0.2440471658517371, 0.18949117858875264, 0.3188722828689898, 0.2475893726905204], [0.6280425044485259, 0.29692325362642236, 0.05094750027945108, 0.02408674164560071], [0.18086896493944032, 0.27349282626986765, 0.21720360286615792, 0.32843460592453405], [0.8042421231361903, 0.14640585279496118, 0.04175149752916906, 0.007600526539679387], [0.0016723439687758759, 9.274864654920235e-06, 0.9928122178888017, 0.005506163277767576], [0.0003172293709783056, 0.2466753064694912, 0.0009671388788509181, 0.7520403252806797], [0.22078697761626387, 0.07330908270299454, 0.5299438461036687, 0.17596009357707276], [0.0003341542239911648, 0.5296605758551485, 0.00029633171299403566, 0.4697089382078663], [4.638829895516338e-05, 0.052718169169755656, 0.0008327681117220506, 0.9464026744195672], [0.11497508144409485, 0.012163648956395861, 0.7893526641761422, 0.0835086054233672], [0.6168803388767148, 0.2727875575760231, 0.07650237318508392, 0.03382973036217837], [0.34168488195561075, 0.6324442531653593, 0.00907444720990005, 0.0167964176691297], [0.0036990271361229893, 0.5419841031054291, 0.0030796818455631017, 0.451237187912885]], "state_values": [-0.23886429130751338, 0.07944666558027517, 3.08357700196459, 4.489404161306529, 0.5568563708492271, -0.468840746462041, 0.7224805308176251, -0.6799610897024702, -2.233877307440608, -2.6185061703501606, -1.7318883130286453, -0.8801540581846578, -0.14667911671586553, -0.5165814367230859, -0.337023070544907, -0.48934081598943546], "value_grad": [-0.030095934867858887, 0.23661017417907715, -0.003524303436279297, 0.0141371488571167, -0.7595676183700562, -0.08866441249847412, -0.03053152561187744, 0.13416481018066406, 0.20108866691589355, 0.3313727378845215, -0.08248686790466309, -0.054450154304504395, 0.1857239007949829, -0.30400919914245605, 0.43928277492523193, -0.2472226619720459], "action_grad": [[0.0, 0.0, 0.0], [0.0, 0.0, 0.0], [0.0, 0.0, 0.0], [0.0, 0.0, 0.0], [0.0, 0.0, 0.0], [0.0, 0.0, 0.0], [0.0, 0.0, 0.0], [0.0, 0.0, 0.0], [0.0, 0.0, 0.0], [0.0, 0.0, 0.0], [0.0, 0.0, 0.0], [0.0, 0.0, 0.0], [0.0, 0.0, 0.0], [0.0, 0.0, 0.0], [0.0, 0.0, 0.0], [0.0, 0.0, 0.0]], "action_params_change": 0, "value_params_change": 0.3883333312292603}
{"iterations": 1, "type_itr": 0, "sub_iteration": 8, "sub_it_time": 2.344890832901001, "total_time": 21.218294620513916, "value_loss": 0.9949500560760498, "action_loss": 0.10171552002429962, "action_probs": [[0.12877568264743522, 0.20372255520057087, 0.25852165607200206, 0.40898010607999197], [0.1416677235125401, 0.05985136962272143, 0.5613312891787852, 0.2371496176859532], [0.6009374025156231, 0.35557645029836726, 0.027320516329682933, 0.016165630856326465], [0.2440471658517371, 0.18949117858875264, 0.3188722828689898, 0.2475893726905204], [0.6280425044485259, 0.29692325362642236, 0.05094750027945108, 0.02408674164560071], [0.18086896493944032, 0.27349282626986765, 0.21720360286615792, 0.32843460592453405], [0.8042421231361903, 0.14640585279496118, 0.04175149752916906, 0.007600526539679387], [0.0016723439687758759, 9.274864654920235e-06, 0.9928122178888017, 0.005506163277767576], [0.0003172293709783056, 0.2466753064694912, 0.0009671388788509181, 0.7520403252806797], [0.22078697761626387, 0.07330908270299454, 0.5299438461036687, 0.17596009357707276], [0.0003341542239911648, 0.5296605758551485, 0.00029633171299403566, 0.4697089382078663], [4.638829895516338e-05, 0.052718169169755656, 0.0008327681117220506, 0.9464026744195672], [0.11497508144409485, 0.012163648956395861, 0.7893526641761422, 0.0835086054233672], [0.6168803388767148, 0.2727875575760231, 0.07650237318508392, 0.03382973036217837], [0.34168488195561075, 0.6324442531653593, 0.00907444720990005, 0.0167964176691297], [0.0036990271361229893, 0.5419841031054291, 0.0030796818455631017, 0.451237187912885]], "state_values": [-0.7073900412172998, -0.7286840029980053, 2.749262828693279, 4.299737185873078, -0.4209721351756825, -0.7512277826838437, 0.9710515717920659, -0.8047073145701487, -2.231233084596387, -2.0497641286060984, -1.989015828646412, -0.8813009386940649, -0.49078256187295083, -0.9720614903251629, -0.8761412648905836, -0.20251736097849454], "value_grad": [-0.048470497131347656, -0.05702388286590576, -0.22215592861175537, -0.02661120891571045, -0.5132949948310852, -0.12656152248382568, -0.2690819501876831, -0.0053064823150634766, 0.3139883279800415, 0.20687031745910645, 0.2868623733520508, 0.07040882110595703, 0.2193840742111206, -0.12949204444885254, 0.21589922904968262, 0.07947719097137451], "action_grad": [[0.0, 0.0, 0.0], [0.0, 0.0, 0.0], [0.0, 0.0, 0.0], [0.0, 0.0, 0.0], [0.0, 0.0, 0.0], [0.0, 0.0, 0.0], [0.0, 0.0, 0.0], [0.0, 0.0, 0.0], [0.0, 0.0, 0.0], [0.0, 0.0, 0.0], [0.0, 0.0, 0.0], [0.0, 0.0, 0.0], [0.0, 0.0, 0.0], [0.0, 0.0, 0.0], [0.0, 0.0, 0.0], [0.0, 0.0, 0.0]], "action_params_change": 0, "value_params_change": 0.391794038833746}
{"iterations": 1, "type_itr": 0, "sub_iteration": 9, "sub_it_time": 2.3359367847442627, "total_time": 23.55607008934021, "value_loss": 0.8401535749435425, "action_loss": 0.215672105550766, "action_probs": [[0.12877568264743522, 0.20372255520057087, 0.25852165607200206, 0.40898010607999197], [0.1416677235125401, 0.05985136962272143, 0.5613312891787852, 0.2371496176859532], [0.6009374025156231, 0.35557645029836726, 0.027320516329682933, 0.016165630856326465], [0.2440471658517371, 0.18949117858875264, 0.3188722828689898, 0.2475893726905204], [0.6280425044485259, 0.29692325362642236, 0.05094750027945108, 0.02408674164560071], [0.18086896493944032, 0.27349282626986765, 0.21720360286615792, 0.32843460592453405], [0.8042421231361903, 0.14640585279496118, 0.04175149752916906, 0.007600526539679387], [0.0016723439687758759, 9.274864654920235e-06, 0.9928122178888017, 0.005506163277767576], [0.0003172293709783056, 0.2466753064694912, 0.0009671388788509181, 0.7520403252806797], [0.22078697761626387, 0.07330908270299454, 0.5299438461036687, 0.17596009357707276], [0.0003341542239911648, 0.5296605758551485, 0.00029633171299403566, 0.4697089382078663], [4.638829895516338e-05, 0.052718169169755656, 0.0008327681117220506, 0.9464026744195672], [0.11497508144409485, 0.012163648956395861, 0.7893526641761422, 0.0835086054233672], [0.6168803388767148, 0.2727875575760231, 0.07650237318508392, 0.03382973036217837], [0.34168488195561075, 0.6324442531653593, 0.00907444720990005, 0.0167964176691297], [0.0036990271361229893, 0.5419841031054291, 0.0030796818455631017, 0.451237187912885]], "state_values": [-0.93059000575276, -1.2990797889148218, 2.3988111109323924, 4.061774403538828, -1.3754546651451884, -0.9611127741135033, 1.0643598697182675, -0.903573705198381, -2.101736188842471, -1.4454079918925897, -1.958354453195919, -0.9588079032511329, -0.9765068920525626, -1.3903511851470804, -1.3340877994527869, -0.05034456106677924], "value_grad": [0.12208688259124756, -0.15190565586090088, -0.056944847106933594, -0.048866331577301025, -0.34642088413238525, -0.06937932968139648, -0.3622210621833801, 0.00748443603515625, 0.21653276681900024, 0.05670726299285889, 0.4378572106361389, -0.041857242584228516, 0.2534003257751465, -0.019483208656311035, -0.046886324882507324, 0.21197879314422607], "action_grad": [[0.0, 0.0, 0.0], [0.0, 0.0, 0.0], [0.0, 0.0, 0.0], [0.0, 0.0, 0.0], [0.0, 0.0, 0.0], [0.0, 0.0, 0.0], [0.0, 0.0, 0.0], [0.0, 0.0, 0.0], [0.0, 0.0, 0.0], [0.0, 0.0, 0.0], [0.0, 0.0, 0.0], [0.0, 0.0, 0.0], [0.0, 0.0, 0.0], [0.0, 0.0, 0.0], [0.0, 0.0, 0.0], [0.0, 0.0, 0.0]], "action_params_change": 0, "value_params_change": 0.3887801321536517}
{"iterations": 1, "type_itr": 0, "sub_iteration": 10, "sub_it_time": 2.3914759159088135, "total_time": 25.949610948562622, "value_loss": 0.8981675505638123, "action_loss": 0.29515305161476135, "action_probs": [[0.12877568264743522, 0.20372255520057087, 0.25852165607200206, 0.40898010607999197], [0.1416677235125401, 0.05985136962272143, 0.5613312891787852, 0.2371496176859532], [0.6009374025156231, 0.35557645029836726, 0.027320516329682933, 0.016165630856326465], [0.2440471658517371, 0.18949117858875264, 0.3188722828689898, 0.2475893726905204], [0.6280425044485259, 0.29692325362642236, 0.05094750027945108, 0.02408674164560071], [0.18086896493944032, 0.27349282626986765, 0.21720360286615792, 0.32843460592453405], [0.8042421231361903, 0.14640585279496118, 0.04175149752916906, 0.007600526539679387], [0.0016723439687758759, 9.274864654920235e-06, 0.9928122178888017, 0.005506163277767576], [0.0003172293709783056, 0.2466753064694912, 0.0009671388788509181, 0.7520403252806797], [0.22078697761626387, 0.07330908270299454, 0.5299438461036687, 0.17596009357707276], [0.0003341542239911648, 0.5296605758551485, 0.00029633171299403566, 0.4697089382078663], [4.638829895516338e-05, 0.052718169169755656, 0.0008327681117220506, 0.9464026744195672], [0.11497508144409485, 0.012163648956395861, 0.7893526641761422, 0.0835086054233672], [0.6168803388767148, 0.2727875575760231, 0.07650237318508392, 0.03382973036217837], [0.34168488195561075, 0.6324442531653593, 0.00907444720990005, 0.0167964176691297], [0.0036990271361229893, 0.5419841031054291, 0.0030796818455631017, 0.451237187912885]], "state_values": [-0.9322353775712006, -1.4688365392525438, 1.9887156577056286, 3.904998582638812, -2.1922591735535253, -1.040255904340751, 0.988305062930905, -1.0069093373136655, -1.8300491379971995, -0.7695696963906972, -1.6294594293995919, -0.7515845782704169, -1.4803446971263037, -1.6546922783138662, -1.6637891854993478, -0.07075877862122987], "value_grad": [0.1401841640472412, -0.39275288581848145, -0.1294524073600769, 0.07436865568161011, -0.015166759490966797, -0.1879812479019165, -0.4832388758659363, -0.009464502334594727, 0.27676451206207275, 0.09911870956420898, 0.66646808385849, 0.16564679145812988, 0.1075931191444397, 0.10402917861938477, -0.227422833442688, 0.3326004147529602], "action_grad": [[0.0, 0.0, 0.0], [0.0, 0.0, 0.0], [0.0, 0.0, 0.0], [0.0, 0.0, 0.0], [0.0, 0.0, 0.0], [0.0, 0.0, 0.0], [0.0, 0.0, 0.0], [0.0, 0.0, 0.0], [0.0, 0.0, 0.0], [0.0, 0.0, 0.0], [0.0, 0.0, 0.0], [0.0, 0.0, 0.0], [0.0, 0.0, 0.0], [0.0, 0.0, 0.0], [0.0, 0.0, 0.0], [0.0, 0.0, 0.0]], "action_params_change": 0, "value_params_change": 0.3503821954634212}
{"iterations": 1, "type_itr": 0, "sub_iteration": 11, "sub_it_time": 2.3446176052093506, "total_time": 28.29634428024292, "value_loss": 0.9591516256332397, "action_loss": 0.29027584195137024, "action_probs": [[0.12877568264743522, 0.20372255520057087, 0.25852165607200206, 0.40898010607999197], [0.1416677235125401, 0.05985136962272143, 0.5613312891787852, 0.2371496176859532], [0.6009374025156231, 0.35557645029836726, 0.027320516329682933, 0.016165630856326465], [0.2440471658517371, 0.18949117858875264, 0.3188722828689898, 0.2475893726905204], [0.6280425044485259, 0.29692325362642236, 0.05094750027945108, 0.02408674164560071], [0.18086896493944032, 0.27349282626986765, 0.21720360286615792, 0.32843460592453405], [0.8042421231361903, 0.14640585279496118, 0.04175149752916906, 0.007600526539679387], [0.0016723439687758759, 9.274864654920235e-06, 0.9928122178888017, 0.005506163277767576], [0.0003172293709783056, 0.2466753064694912, 0.0009671388788509181, 0.7520403252806797], [0.22078697761626387, 0.07330908270299454, 0.5299438461036687, 0.17596009357707276], [0.0003341542239911648, 0.5296605758551485, 0.00029633171299403566, 0.4697089382078663], [4.638829895516338e-05, 0.052718169169755656, 0.0008327681117220506, 0.9464026744195672], [0.11497508144409485, 0.012163648956395861, 0.7893526641761422, 0.0835086054233672], [0.6168803388767148, 0.2727875575760231, 0.07650237318508392, 0.03382973036217837], [0.34168488195561075, 0.6324442531653593, 0.00907444720990005, 0.0167964176691297], [0.0036990271361229893, 0.5419841031054291, 0.0030796818455631017, 0.451237187912885]], "state_values": [-0.7868318303936884, -1.4254050156606977, 1.6188591869480147, 3.9577838689016365, -2.726385080653424, -1.0107445247432953, 0.7509445372447806, -0.930473516183618, -1.4537565421710599, -0.16109725860231974, -1.1439832716283778, -0.3498779834106077, -1.8987898449204843, -1.6702349160347938, -1.8862010647769585, -0.28060258528600224], "value_grad": [0.11321640014648438, -0.2862682342529297, 0.018849492073059082, 0.20168280601501465, 0.4727843403816223, -0.1813284158706665, -0.5499252676963806, 0.10830605030059814, 0.23181843757629395, -0.009345650672912598, 0.4523112177848816, 0.15055930614471436, -0.028789162635803223, 0.23510515689849854, -0.2243340015411377, 0.44407451152801514], "action_grad": [[0.0, 0.0, 0.0], [0.0, 0.0, 0.0], [0.0, 0.0, 0.0], [0.0, 0.0, 0.0], [0.0, 0.0, 0.0], [0.0, 0.0, 0.0], [0.0, 0.0, 0.0], [0.0, 0.0, 0.0], [0.0, 0.0, 0.0], [0.0, 0.0, 0.0], [0.0, 0.0, 0.0], [0.0, 0.0, 0.0], [0.0, 0.0, 0.0], [0.0, 0.0, 0.0], [0.0, 0.0, 0.0], [0.0, 0.0, 0.0]], "action_params_change": 0, "value_params_change": 0.24568833092630005}
{"iterations": 1, "type_itr": 0, "sub_iteration": 12, "sub_it_time": 2.3674564361572266, "total_time": 30.665927171707153, "value_loss": 1.0082160234451294, "action_loss": 0.22012010216712952, "action_probs": [[0.12877568264743522, 0.20372255520057087, 0.25852165607200206, 0.40898010607999197], [0.1416677235125401, 0.05985136962272143, 0.5613312891787852, 0.2371496176859532], [0.6009374025156231, 0.35557645029836726, 0.027320516329682933, 0.016165630856326465], [0.2440471658517371, 0.18949117858875264, 0.3188722828689898, 0.2475893726905204], [0.6280425044485259, 0.29692325362642236, 0.05094750027945108, 0.02408674164560071], [0.18086896493944032, 0.27349282626986765, 0.21720360286615792, 0.32843460592453405], [0.8042421231361903, 0.14640585279496118, 0.04175149752916906, 0.007600526539679387], [0.0016723439687758759, 9.274864654920235e-06, 0.9928122178888017, 0.005506163277767576], [0.0003172293709783056, 0.2466753064694912, 0.0009671388788509181, 0.7520403252806797], [0.22078697761626387, 0.07330908270299454, 0.5299438461036687, 0.17596009357707276], [0.0003341542239911648, 0.5296605758551485, 0.00029633171299403566, 0.4697089382078663], [4.638829895516338e-05, 0.052718169169755656, 0.0008327681117220506, 0.9464026744195672], [0.11497508144409485, 0.012163648956395861, 0.7893526641761422, 0.0835086054233672], [0.6168803388767148, 0.2727875575760231, 0.07650237318508392, 0.03382973036217837], [0.34168488195561075, 0.6324442531653593, 0.00907444720990005, 0.0167964176691297], [0.0036990271361229893, 0.5419841031054291, 0.0030796818455631017, 0.451237187912885]], "state_values": [-0.6982324113805967, -1.2016070160091112, 1.3198629938933992, 4.143565560662934, -2.974315853668029, -0.957049496622806, 0.40870689787755426, -0.807584025744254, -0.9944401808233976, 0.3707859304443426, -0.5236259835625992, 0.2095714638363748, -2.084526813887201, -1.4858046767278013, -1.9407205610404106, -0.5336910137696562], "value_grad": [-0.032788753509521484, -0.2980692386627197, 0.060073137283325195, 0.18806040287017822, 0.7306993007659912, -0.04918324947357178, -0.4286304712295532, 0.035283684730529785, 0.20603883266448975, -0.014493703842163086, 0.458686888217926, 0.15535080432891846, -0.24148070812225342, 0.2408074140548706, -0.48640692234039307, 0.15234124660491943], "action_grad": [[0.0, 0.0, 0.0], [0.0, 0.0, 0.0], [0.0, 0.0, 0.0], [0.0, 0.0, 0.0], [0.0, 0.0, 0.0], [0.0, 0.0, 0.0], [0.0, 0.0, 0.0], [0.0, 0.0, 0.0], [0.0, 0.0, 0.0], [0.0, 0.0, 0.0], [0.0, 0.0, 0.0], [0.0, 0.0, 0.0], [0.0, 0.0, 0.0], [0.0, 0.0, 0.0], [0.0, 0.0, 0.0], [0.0, 0.0, 0.0]], "action_params_change": 0, "value_params_change": 0.2518475870853405}
{"iterations": 1, "type_itr": 0, "sub_iteration": 13, "sub_it_time": 2.3760159015655518, "total_time": 33.0438117980957, "value_loss": 1.0810800790786743, "action_loss": 0.08298536390066147, "action_probs": [[0.12877568264743522, 0.20372255520057087, 0.25852165607200206, 0.40898010607999197], [0.1416677235125401, 0.05985136962272143, 0.5613312891787852, 0.2371496176859532], [0.6009374025156231, 0.35557645029836726, 0.027320516329682933, 0.016165630856326465], [0.2440471658517371, 0.18949117858875264, 0.3188722828689898, 0.2475893726905204], [0.6280425044485259, 0.29692325362642236, 0.05094750027945108, 0.02408674164560071], [0.18086896493944032, 0.27349282626986765, 0.21720360286615792, 0.32843460592453405], [0.8042421231361903, 0.14640585279496118, 0.04175149752916906, 0.007600526539679387], [0.0016723439687758759, 9.274864654920235e-06, 0.9928122178888017, 0.005506163277767576], [0.0003172293709783056, 0.2466753064694912, 0.0009671388788509181, 0.7520403252806797], [0.22078697761626387, 0.07330908270299454, 0.5299438461036687, 0.17596009357707276], [0.0003341542239911648, 0.5296605758551485, 0.00029633171299403566, 0.4697089382078663], [4.638829895516338e-05, 0.052718169169755656, 0.0008327681117220506, 0.9464026744195672], [0.11497508144409485, 0.012163648956395861, 0.7893526641761422, 0.0835086054233672], [0.6168803388767148, 0.2727875575760231, 0.07650237318508392, 0.03382973036217837], [0.34168488195561075, 0.6324442531653593, 0.00907444720990005, 0.0167964176691297], [0.0036990271361229893, 0.5419841031054291, 0.0030796818455631017, 0.451237187912885]], "state_values": [-0.4938760726077462, -0.8256335088253886, 1.1468892075253572, 4.3084636312672, -3.014371079759226, -0.8421333446403529, -0.017522198930907056, -0.6779507860544292, -0.5248375016156914, 0.8508923125419137, 0.12364796012798673, 0.9040447741529456, -2.1292395315263395, -1.1520883851318686, -1.8654494554716974, -0.8730774813029317], "value_grad": [0.09812867641448975, -0.2977128028869629, 0.13883757591247559, 0.017107248306274414, 0.7422226071357727, -0.1208195686340332, -0.3999994993209839, 0.011800765991210938, 0.08181357383728027, 0.002375960350036621, 0.19681215286254883, 0.1767745018005371, -0.17693281173706055, 0.21483004093170166, -0.4452623724937439, 0.27716028690338135], "action_grad": [[0.0, 0.0, 0.0], [0.0, 0.0, 0.0], [0.0, 0.0, 0.0], [0.0, 0.0, 0.0], [0.0, 0.0, 0.0], [0.0, 0.0, 0.0], [0.0, 0.0, 0.0], [0.0, 0.0, 0.0], [0.0, 0.0, 0.0], [0.0, 0.0, 0.0], [0.0, 0.0, 0.0], [0.0, 0.0, 0.0], [0.0, 0.0, 0.0], [0.0, 0.0, 0.0], [0.0, 0.0, 0.0], [0.0, 0.0, 0.0]], "action_params_change": 0, "value_params_change": 0.2797646507788709}
