{"iterations": 0, "type_itr": 0, "sub_iteration": 0, "sub_it_time": 0, "total_time": 0, "value_loss": 0, "action_loss": 0, "action_probs": [[0.4320505137782321, 0.311795786776552, 0.14878253393067647, 0.10737116551453935], [0.28982478582451715, 0.37412623311231424, 0.14669052563416027, 0.18935845542900845], [0.6761109282925278, 0.30218594764222145, 0.014999249940958933, 0.006703874124291835], [0.022633827508176187, 0.30486574733870014, 0.04647718589927241, 0.6260232392538511], [0.003156545466037629, 0.0011007270406541267, 0.738291285528112, 0.2574514419651961], [0.09145825546236888, 0.7184755672103608, 0.02146239669728844, 0.16860378062998188], [0.46074112788541155, 0.48268289169198914, 0.02763007989006671, 0.028945900532532754], [0.0017919278871782987, 0.7139612481418781, 0.0007116277339364782, 0.283535196237007], [0.9469172124248948, 0.017463978607476362, 0.03497378797010347, 0.0006450209975254257], [0.49362220111267735, 0.5047521125370898, 0.0008037815712498003, 0.0008219047789832048], [0.10707329133741712, 0.43054735892162266, 0.09208812719408158, 0.3702912225468785], [0.7706581871547808, 1.0978838410298278e-05, 0.2293275669938283, 3.2670129806152605e-06], [0.2863713730856339, 0.18699243372476904, 0.31859962166626227, 0.2080365715233347], [0.4832806017634479, 0.45102303626596063, 0.03398229018328774, 0.03171407178730384], [0.2920284677738068, 0.7017530040389225, 0.0018273506901113404, 0.004391177497159235], [0.2517852771862684, 0.6636406427604317, 0.023261858469370927, 0.06131222158392916]], "state_values": [-0.15019203529355613, 4.264116668845039, 1.7495957885647113, 4.396351889234455, 4.304717986441865, -4.667030337360569, 4.707556627425234, 3.767753644062546, 1.7096347386969202, 4.53193579410702, -0.2128843040642186, 3.7798313299043484, 4.35721418744787, 2.2888989342612467, 3.215492407913418, -2.9466357202628366], "value_grad": [0.0, 0.0, 0.0, 0.0, 0.0, 0.0, 0.0, 0.0, 0.0, 0.0, 0.0, 0.0, 0.0, 0.0, 0.0, 0.0], "action_grad": [[0.0, 0.0, 0.0], [0.0, 0.0, 0.0], [0.0, 0.0, 0.0], [0.0, 0.0, 0.0], [0.0, 0.0, 0.0], [0.0, 0.0, 0.0], [0.0, 0.0, 0.0], [0.0, 0.0, 0.0], [0.0, 0.0, 0.0], [0.0, 0.0, 0.0], [0.0, 0.0, 0.0], [0.0, 0.0, 0.0], [0.0, 0.0, 0.0], [0.0, 0.0, 0.0], [0.0, 0.0, 0.0], [0.0, 0.0, 0.0]], "action_params_change": 0, "value_params_change": 0}
{"iterations": 1, "type_itr": 0, "sub_iteration": 0, "sub_it_time": 0.5295262336730957, "total_time": 0.5314674377441406, "value_loss": 11.56003189086914, "action_loss": -2.2507522106170654, "action_probs": [[0.4320505137782321, 0.311795786776552, 0.14878253393067647, 0.10737116551453935], [0.28982478582451715, 0.37412623311231424, 0.14669052563416027, 0.18935845542900845], [0.6761109282925278, 0.30218594764222145, 0.014999249940958933, 0.006703874124291835], [0.022633827508176187, 0.30486574733870014, 0.04647718589927241, 0.6260232392538511], [0.003156545466037629, 0.0011007270406541267, 0.738291285528112, 0.2574514419651961], [0.09145825546236888, 0.7184755672103608, 0.02146239669728844, 0.16860378062998188], [0.46074112788541155, 0.48268289169198914, 0.02763007989006671, 0.028945900532532754], [0.0017919278871782987, 0.7139612481418781, 0.0007116277339364782, 0.283535196237007], [0.9469172124248948, 0.017463978607476362, 0.03497378797010347, 0.0006450209975254257], [0.49362220111267735, 0.5047521125370898, 0.0008037815712498003, 0.0008219047789832048], [0.10707329133741712, 0.43054735892162266, 0.09208812719408158, 0.3702912225468785], [0.7706581871547808, 1.0978838410298278e-05, 0.2293275669938283, 3.2670129806152605e-06], [0.2863713730856339, 0.18699243372476904, 0.31859962166626227, 0.2080365715233347], [0.4832806017634479, 0.45102303626596063, 0.03398229018328774, 0.03171407178730384], [0.2920284677738068, 0.7017530040389225, 0.0018273506901113404, 0.004391177497159235], [0.2517852771862684, 0.6636406427604317, 0.023261858469370927, 0.06131222158392916]], "state_values": [1.0909385779732175, 3.485584449246155, 2.8540203620480997, 4.848900920732003, 3.5416222408375475, -4.07807395218287, 4.1443575104898365, 4.4638274292372, 2.818946656237275, 3.8684723871980427, 1.0296318041952108, 2.8525593254839925, 3.6150043920998103, 3.31753435119696, 2.168241220812064, -1.855650476831909], "value_grad": [0.15523242950439453, -0.7531919479370117, 0.7987327575683594, -0.165924072265625, 1.1341438293457031, -1.2418575286865234, -0.9084253311157227, -0.20235633850097656, 1.5285606384277344, -0.16156864166259766, 1.3749113082885742, -0.27086448669433594, -0.25304508209228516, -0.3983755111694336, -0.8585281372070312, 1.1016712188720703], "action_grad": [[0.0, 0.0, 0.0], [0.0, 0.0, 0.0], [0.0, 0.0, 0.0], [0.0, 0.0, 0.0], [0.0, 0.0, 0.0], [0.0, 0.0, 0.0], [0.0, 0.0, 0.0], [0.0, 0.0, 0.0], [0.0, 0.0, 0.0], [0.0, 0.0, 0.0], [0.0, 0.0, 0.0], [0.0, 0.0, 0.0], [0.0, 0.0, 0.0], [0.0, 0.0, 0.0], [0.0, 0.0, 0.0], [0.0, 0.0, 0.0]], "action_params_change": 0, "value_params_change": 0.4999999967289488}
{"iterations": 1, "type_itr": 0, "sub_iteration": 1, "sub_it_time": 0.3059101104736328, "total_time": 0.839468240737915, "value_loss": 6.493608474731445, "action_loss": -2.315244674682617, "action_probs": [[0.4320505137782321, 0.311795786776552, 0.14878253393067647, 0.10737116551453935], [0.28982478582451715, 0.37412623311231424, 0.14669052563416027, 0.18935845542900845], [0.6761109282925278, 0.30218594764222145, 0.014999249940958933, 0.006703874124291835], [0.022633827508176187, 0.30486574733870014, 0.04647718589927241, 0.6260232392538511], [0.003156545466037629, 0.0011007270406541267, 0.738291285528112, 0.2574514419651961], [0.09145825546236888, 0.7184755672103608, 0.02146239669728844, 0.16860378062998188], [0.46074112788541155, 0.48268289169198914, 0.02763007989006671, 0.028945900532532754], [0.0017919278871782987, 0.7139612481418781, 0.0007116277339364782, 0.283535196237007], [0.9469172124248948, 0.017463978607476362, 0.03497378797010347, 0.0006450209975254257], [0.49362220111267735, 0.5047521125370898, 0.0008037815712498003, 0.0008219047789832048], [0.10707329133741712, 0.43054735892162266, 0.09208812719408158, 0.3702912225468785], [0.7706581871547808, 1.0978838410298278e-05, 0.2293275669938283, 3.2670129806152605e-06], [0.2863713730856339, 0.18699243372476904, 0.31859962166626227, 0.2080365715233347], [0.4832806017634479, 0.45102303626596063, 0.03398229018328774, 0.03171407178730384], [0.2920284677738068, 0.7017530040389225, 0.0018273506901113404, 0.004391177497159235], [0.2517852771862684, 0.6636406427604317, 0.023261858469370927, 0.06131222158392916]], "state_values": [0.4695763120817663, 2.546334725799195, 3.721965271012611, 4.689154973869486, 2.575090102816275, -3.252522983207849, 3.324233576407999, 4.124397064251783, 3.7012099233533093, 2.9648472768029936, 2.12539262674693, 1.785539176925672, 2.7673519062841216, 3.7275893724745064, 1.1357024351873275, -0.6970312307539436], "value_grad": [-0.4831199645996094, -0.4213442802429199, 0.3896632194519043, 0.40154457092285156, 0.8676352500915527, -2.084939956665039, -1.1523609161376953, 0.7155709266662598, 0.7947726249694824, -0.20195960998535156, 0.6617155075073242, -0.5282645225524902, -0.09345626831054688, 0.10256290435791016, -0.298980712890625, 0.6819114685058594], "action_grad": [[0.0, 0.0, 0.0], [0.0, 0.0, 0.0], [0.0, 0.0, 0.0], [0.0, 0.0, 0.0], [0.0, 0.0, 0.0], [0.0, 0.0, 0.0], [0.0, 0.0, 0.0], [0.0, 0.0, 0.0], [0.0, 0.0, 0.0], [0.0, 0.0, 0.0], [0.0, 0.0, 0.0], [0.0, 0.0, 0.0], [0.0, 0.0, 0.0], [0.0, 0.0, 0.0], [0.0, 0.0, 0.0], [0.0, 0.0, 0.0]], "action_params_change": 0, "value_params_change": 0.4998205750282394}
{"iterations": 1, "type_itr": 0, "sub_iteration": 2, "sub_it_time": 0.2962791919708252, "total_time": 1.137514591217041, "value_loss": 3.9053521156311035, "action_loss": -2.031738758087158, "action_probs": [[0.4320505137782321, 0.311795786776552, 0.14878253393067647, 0.10737116551453935], [0.28982478582451715, 0.37412623311231424, 0.14669052563416027, 0.18935845542900845], [0.6761109282925278, 0.30218594764222145, 0.014999249940958933, 0.006703874124291835], [0.022633827508176187, 0.30486574733870014, 0.04647718589927241, 0.6260232392538511], [0.003156545466037629, 0.0011007270406541267, 0.738291285528112, 0.2574514419651961], [0.09145825546236888, 0.7184755672103608, 0.02146239669728844, 0.16860378062998188], [0.46074112788541155, 0.48268289169198914, 0.02763007989006671, 0.028945900532532754], [0.0017919278871782987, 0.7139612481418781, 0.0007116277339364782, 0.283535196237007], [0.9469172124248948, 0.017463978607476362, 0.03497378797010347, 0.0006450209975254257], [0.49362220111267735, 0.5047521125370898, 0.0008037815712498003, 0.0008219047789832048], [0.10707329133741712, 0.43054735892162266, 0.09208812719408158, 0.3702912225468785], [0.7706581871547808, 1.0978838410298278e-05, 0.2293275669938283, 3.2670129806152605e-06], [0.2863713730856339, 0.18699243372476904, 0.31859962166626227, 0.2080365715233347], [0.4832806017634479, 0.45102303626596063, 0.03398229018328774, 0.03171407178730384], [0.2920284677738068, 0.7017530040389225, 0.0018273506901113404, 0.004391177497159235], [0.2517852771862684, 0.6636406427604317, 0.023261858469370927, 0.06131222158392916]], "state_values": [-0.4119877235106309, 1.4690302233153056, 4.368513132201922, 4.3228824665980845, 1.616064392808896, -2.2207015585481638, 2.5739835114357907, 3.943558343409418, 4.207015128665772, 1.9355597076424975, 2.7761495808953556, 0.9612501081046824, 2.2604488065702277, 3.435185667346618, 0.03272906859092383, 0.5033094605282502], "value_grad": [-0.416196346282959, -1.2220556735992432, 0.3219478130340576, 0.43520402908325195, 0.2150278091430664, -2.0944440364837646, 0.05900382995605469, -0.18612003326416016, -0.15245962142944336, -0.42015576362609863, -0.26056838035583496, 0.05425214767456055, 0.08197164535522461, 0.6221160888671875, -0.44550013542175293, 0.7448763847351074], "action_grad": [[0.0, 0.0, 0.0], [0.0, 0.0, 0.0], [0.0, 0.0, 0.0], [0.0, 0.0, 0.0], [0.0, 0.0, 0.0], [0.0, 0.0, 0.0], [0.0, 0.0, 0.0], [0.0, 0.0, 0.0], [0.0, 0.0, 0.0], [0.0, 0.0, 0.0], [0.0, 0.0, 0.0], [0.0, 0.0, 0.0], [0.0, 0.0, 0.0], [0.0, 0.0, 0.0], [0.0, 0.0, 0.0], [0.0, 0.0, 0.0]], "action_params_change": 0, "value_params_change": 0.49606822562762254}
{"iterations": 1, "type_itr": 0, "sub_iteration": 3, "sub_it_time": 0.30454230308532715, "total_time": 1.4439818859100342, "value_loss": 2.9775242805480957, "action_loss": -1.6997499465942383, "action_probs": [[0.4320505137782321, 0.311795786776552, 0.14878253393067647, 0.10737116551453935], [0.28982478582451715, 0.37412623311231424, 0.14669052563416027, 0.18935845542900845], [0.6761109282925278, 0.30218594764222145, 0.014999249940958933, 0.006703874124291835], [0.022633827508176187, 0.30486574733870014, 0.04647718589927241, 0.6260232392538511], [0.003156545466037629, 0.0011007270406541267, 0.738291285528112, 0.2574514419651961], [0.09145825546236888, 0.7184755672103608, 0.02146239669728844, 0.16860378062998188], [0.46074112788541155, 0.48268289169198914, 0.02763007989006671, 0.028945900532532754], [0.0017919278871782987, 0.7139612481418781, 0.0007116277339364782, 0.283535196237007], [0.9469172124248948, 0.017463978607476362, 0.03497378797010347, 0.0006450209975254257], [0.49362220111267735, 0.5047521125370898, 0.0008037815712498003, 0.0008219047789832048], [0.10707329133741712, 0.43054735892162266, 0.09208812719408158, 0.3702912225468785], [0.7706581871547808, 1.0978838410298278e-05, 0.2293275669938283, 3.2670129806152605e-06], [0.2863713730856339, 0.18699243372476904, 0.31859962166626227, 0.2080365715233347], [0.4832806017634479, 0.45102303626596063, 0.03398229018328774, 0.03171407178730384], [0.2920284677738068, 0.7017530040389225, 0.0018273506901113404, 0.004391177497159235], [0.2517852771862684, 0.6636406427604317, 0.023261858469370927, 0.06131222158392916]], "state_values": [-1.4130722179441446, 0.35623911696609917, 4.718025416616672, 4.010513941593646, 0.7502680094722957, -1.0661849379193529, 1.8326471720289341, 3.9890526949166834, 4.473186268214531, 1.0157326513230391, 3.0733651836529794, -0.04149127672789389, 2.5539976435062965, 2.904977516069975, -0.5818826491700732, 1.3072007578362732], "value_grad": [-0.5421242713928223, -0.4462921619415283, -0.07563567161560059, -0.10850405693054199, 0.049896240234375, -1.4758918285369873, -0.13543176651000977, -0.35125160217285156, -0.31838393211364746, 0.004752159118652344, -0.48589253425598145, -0.5369758605957031, 0.41936397552490234, 0.49262404441833496, 0.35917210578918457, -0.3084838390350342], "action_grad": [[0.0, 0.0, 0.0], [0.0, 0.0, 0.0], [0.0, 0.0, 0.0], [0.0, 0.0, 0.0], [0.0, 0.0, 0.0], [0.0, 0.0, 0.0], [0.0, 0.0, 0.0], [0.0, 0.0, 0.0], [0.0, 0.0, 0.0], [0.0, 0.0, 0.0], [0.0, 0.0, 0.0], [0.0, 0.0, 0.0], [0.0, 0.0, 0.0], [0.0, 0.0, 0.0], [0.0, 0.0, 0.0], [0.0, 0.0, 0.0]], "action_params_change": 0, "value_params_change": 0.4906551100891239}
{"iterations": 1, "type_itr": 0, "sub_iteration": 4, "sub_it_time": 0.2973458766937256, "total_time": 1.7429912090301514, "value_loss": 3.56518816947937, "action_loss": -1.3764184713363647, "action_probs": [[0.4320505137782321, 0.311795786776552, 0.14878253393067647, 0.10737116551453935], [0.28982478582451715, 0.37412623311231424, 0.14669052563416027, 0.18935845542900845], [0.6761109282925278, 0.30218594764222145, 0.014999249940958933, 0.006703874124291835], [0.022633827508176187, 0.30486574733870014, 0.04647718589927241, 0.6260232392538511], [0.003156545466037629, 0.0011007270406541267, 0.738291285528112, 0.2574514419651961], [0.09145825546236888, 0.7184755672103608, 0.02146239669728844, 0.16860378062998188], [0.46074112788541155, 0.48268289169198914, 0.02763007989006671, 0.028945900532532754], [0.0017919278871782987, 0.7139612481418781, 0.0007116277339364782, 0.283535196237007], [0.9469172124248948, 0.017463978607476362, 0.03497378797010347, 0.0006450209975254257], [0.49362220111267735, 0.5047521125370898, 0.0008037815712498003, 0.0008219047789832048], [0.10707329133741712, 0.43054735892162266, 0.09208812719408158, 0.3702912225468785], [0.7706581871547808, 1.0978838410298278e-05, 0.2293275669938283, 3.2670129806152605e-06], [0.2863713730856339, 0.18699243372476904, 0.31859962166626227, 0.2080365715233347], [0.4832806017634479, 0.45102303626596063, 0.03398229018328774, 0.03171407178730384], [0.2920284677738068, 0.7017530040389225, 0.0018273506901113404, 0.004391177497159235], [0.2517852771862684, 0.6636406427604317, 0.023261858469370927, 0.06131222158392916]], "state_values": [-1.6444973503113947, -0.5228925319770903, 4.89679392448789, 4.099864037998702, 0.08908245352464704, 0.11380475353281042, 1.3706377958521303, 3.9170505297871983, 4.634189868759441, -0.03831099643598954, 3.134592558010618, -0.902462052488771, 2.775799229901974, 2.151366003190926, -0.411753498387912, 1.712341763335319], "value_grad": [0.6858718395233154, 0.16790390014648438, -0.06890368461608887, -0.6387479305267334, -0.18017983436584473, -1.0494000911712646, 0.4154036045074463, 0.22849154472351074, -0.16038036346435547, -0.46213221549987793, -0.5405397415161133, -0.015840530395507812, -0.015443801879882812, 0.683892011642456, 1.227599859237671, -0.5381639003753662], "action_grad": [[0.0, 0.0, 0.0], [0.0, 0.0, 0.0], [0.0, 0.0, 0.0], [0.0, 0.0, 0.0], [0.0, 0.0, 0.0], [0.0, 0.0, 0.0], [0.0, 0.0, 0.0], [0.0, 0.0, 0.0], [0.0, 0.0, 0.0], [0.0, 0.0, 0.0], [0.0, 0.0, 0.0], [0.0, 0.0, 0.0], [0.0, 0.0, 0.0], [0.0, 0.0, 0.0], [0.0, 0.0, 0.0], [0.0, 0.0, 0.0]], "action_params_change": 0, "value_params_change": 0.47529974887269644}
{"iterations": 1, "type_itr": 0, "sub_iteration": 5, "sub_it_time": 0.31319284439086914, "total_time": 2.057992696762085, "value_loss": 4.010292053222656, "action_loss": -1.1752442121505737, "action_probs": [[0.4320505137782321, 0.311795786776552, 0.14878253393067647, 0.10737116551453935], [0.28982478582451715, 0.37412623311231424, 0.14669052563416027, 0.18935845542900845], [0.6761109282925278, 0.30218594764222145, 0.014999249940958933, 0.006703874124291835], [0.022633827508176187, 0.30486574733870014, 0.04647718589927241, 0.6260232392538511], [0.003156545466037629, 0.0011007270406541267, 0.738291285528112, 0.2574514419651961], [0.09145825546236888, 0.7184755672103608, 0.02146239669728844, 0.16860378062998188], [0.46074112788541155, 0.48268289169198914, 0.02763007989006671, 0.028945900532532754], [0.0017919278871782987, 0.7139612481418781, 0.0007116277339364782, 0.283535196237007], [0.9469172124248948, 0.017463978607476362, 0.03497378797010347, 0.0006450209975254257], [0.49362220111267735, 0.5047521125370898, 0.0008037815712498003, 0.0008219047789832048], [0.10707329133741712, 0.43054735892162266, 0.09208812719408158, 0.3702912225468785], [0.7706581871547808, 1.0978838410298278e-05, 0.2293275669938283, 3.2670129806152605e-06], [0.2863713730856339, 0.18699243372476904, 0.31859962166626227, 0.2080365715233347], [0.4832806017634479, 0.45102303626596063, 0.03398229018328774, 0.03171407178730384], [0.2920284677738068, 0.7017530040389225, 0.0018273506901113404, 0.004391177497159235], [0.2517852771862684, 0.6636406427604317, 0.023261858469370927, 0.06131222158392916]], "state_values": [-1.744653511019739, -1.1632482491319982, 4.968112440262952, 4.176988124628631, -0.23423590460453908, 1.1137056521009066, 1.090453430617952, 3.9445607654142147, 4.62757579768596, -1.127113696707612, 2.8713328247072805, -1.6761427280879082, 2.867159726709034, 1.2222620222267633, 0.061496925264963045, 1.8561979528381118], "value_grad": [0.17027997970581055, 0.24235153198242188, -0.17027997970581055, -0.007919788360595703, -0.5108399391174316, 0.08197188377380371, 0.29541611671447754, -0.19641613960266113, -0.9646556377410889, -0.29224729537963867, -1.2410633563995361, -0.07207226753234863, -0.08791208267211914, 0.7385404109954834, 1.0319762229919434, -0.5072760581970215], "action_grad": [[0.0, 0.0, 0.0], [0.0, 0.0, 0.0], [0.0, 0.0, 0.0], [0.0, 0.0, 0.0], [0.0, 0.0, 0.0], [0.0, 0.0, 0.0], [0.0, 0.0, 0.0], [0.0, 0.0, 0.0], [0.0, 0.0, 0.0], [0.0, 0.0, 0.0], [0.0, 0.0, 0.0], [0.0, 0.0, 0.0], [0.0, 0.0, 0.0], [0.0, 0.0, 0.0], [0.0, 0.0, 0.0], [0.0, 0.0, 0.0]], "action_params_change": 0, "value_params_change": 0.439429295640831}
{"iterations": 1, "type_itr": 0, "sub_iteration": 6, "sub_it_time": 0.2990546226501465, "total_time": 2.3589529991149902, "value_loss": 4.29382848739624, "action_loss": -0.966372549533844, "action_probs": [[0.4320505137782321, 0.311795786776552, 0.14878253393067647, 0.10737116551453935], [0.28982478582451715, 0.37412623311231424, 0.14669052563416027, 0.18935845542900845], [0.6761109282925278, 0.30218594764222145, 0.014999249940958933, 0.006703874124291835], [0.022633827508176187, 0.30486574733870014, 0.04647718589927241, 0.6260232392538511], [0.003156545466037629, 0.0011007270406541267, 0.738291285528112, 0.2574514419651961], [0.09145825546236888, 0.7184755672103608, 0.02146239669728844, 0.16860378062998188], [0.46074112788541155, 0.48268289169198914, 0.02763007989006671, 0.028945900532532754], [0.0017919278871782987, 0.7139612481418781, 0.0007116277339364782, 0.283535196237007], [0.9469172124248948, 0.017463978607476362, 0.03497378797010347, 0.0006450209975254257], [0.49362220111267735, 0.5047521125370898, 0.0008037815712498003, 0.0008219047789832048], [0.10707329133741712, 0.43054735892162266, 0.09208812719408158, 0.3702912225468785], [0.7706581871547808, 1.0978838410298278e-05, 0.2293275669938283, 3.2670129806152605e-06], [0.2863713730856339, 0.18699243372476904, 0.31859962166626227, 0.2080365715233347], [0.4832806017634479, 0.45102303626596063, 0.03398229018328774, 0.03171407178730384], [0.2920284677738068, 0.7017530040389225, 0.0018273506901113404, 0.004391177497159235], [0.2517852771862684, 0.6636406427604317, 0.023261858469370927, 0.06131222158392916]], "state_values": [-1.7153510094713864, -1.5635195766193133, 4.991542367751842, 4.253134678208344, -0.5280890570163655, 1.7792310582389024, 1.0939602130174464, 3.8169009387295074, 4.566864978989098, -2.0149458612721194, 2.378441134201358, -2.4500473309986615, 2.478234639237548, 0.23896615007385552, 0.6688233658178901, 1.6211254742122836], "value_grad": [0.21780014038085938, 0.35402441024780273, -0.17740774154663086, -0.030492305755615234, 0.030096054077148438, 0.9452519416809082, 0.63043212890625, 0.3635282516479492, -0.45381593704223633, 0.025344371795654297, -1.3210554122924805, -0.23839139938354492, -0.7227005958557129, 0.35085582733154297, 0.7215123176574707, -1.1757240295410156], "action_grad": [[0.0, 0.0, 0.0], [0.0, 0.0, 0.0], [0.0, 0.0, 0.0], [0.0, 0.0, 0.0], [0.0, 0.0, 0.0], [0.0, 0.0, 0.0], [0.0, 0.0, 0.0], [0.0, 0.0, 0.0], [0.0, 0.0, 0.0], [0.0, 0.0, 0.0], [0.0, 0.0, 0.0], [0.0, 0.0, 0.0], [0.0, 0.0, 0.0], [0.0, 0.0, 0.0], [0.0, 0.0, 0.0], [0.0, 0.0, 0.0]], "action_params_change": 0, "value_params_change": 0.3982869600736989}
{"iterations": 1, "type_itr": 0, "sub_iteration": 7, "sub_it_time": 0.3189115524291992, "total_time": 2.6796021461486816, "value_loss": 4.748435974121094, "action_loss": -0.7696714997291565, "action_probs": [[0.4320505137782321, 0.311795786776552, 0.14878253393067647, 0.10737116551453935], [0.28982478582451715, 0.37412623311231424, 0.14669052563416027, 0.18935845542900845], [0.6761109282925278, 0.30218594764222145, 0.014999249940958933, 0.006703874124291835], [0.022633827508176187, 0.30486574733870014, 0.04647718589927241, 0.6260232392538511], [0.003156545466037629, 0.0011007270406541267, 0.738291285528112, 0.2574514419651961], [0.09145825546236888, 0.7184755672103608, 0.02146239669728844, 0.16860378062998188], [0.46074112788541155, 0.48268289169198914, 0.02763007989006671, 0.028945900532532754], [0.0017919278871782987, 0.7139612481418781, 0.0007116277339364782, 0.283535196237007], [0.9469172124248948, 0.017463978607476362, 0.03497378797010347, 0.0006450209975254257], [0.49362220111267735, 0.5047521125370898, 0.0008037815712498003, 0.0008219047789832048], [0.10707329133741712, 0.43054735892162266, 0.09208812719408158, 0.3702912225468785], [0.7706581871547808, 1.0978838410298278e-05, 0.2293275669938283, 3.2670129806152605e-06], [0.2863713730856339, 0.18699243372476904, 0.31859962166626227, 0.2080365715233347], [0.4832806017634479, 0.45102303626596063, 0.03398229018328774, 0.03171407178730384], [0.2920284677738068, 0.7017530040389225, 0.0018273506901113404, 0.004391177497159235], [0.2517852771862684, 0.6636406427604317, 0.023261858469370927, 0.06131222158392916]], "state_values": [-1.4978672510620308, -1.6867146991420479, 4.9999999999757545, 4.429759775839755, -0.7098919197502889, 2.2389089468064736, 1.404691268337159, 3.651296798212178, 4.363455360014355, -2.3331524197661415, 1.6648193277999987, -2.710223937145197, 1.9849559130525536, -0.6102912803218988, 1.3086571378358018, 1.3207604423004649], "value_grad": [0.3916440010070801, 0.5975642204284668, 0.07919979095458984, -0.37818050384521484, -0.18691253662109375, 0.6375603675842285, 1.0046520233154297, 0.11246490478515625, -1.3511524200439453, 0.479555606842041, -1.881791591644287, 0.5290565490722656, -0.23562002182006836, -0.058608055114746094, 0.4328279495239258, -0.3227400779724121], "action_grad": [[0.0, 0.0, 0.0], [0.0, 0.0, 0.0], [0.0, 0.0, 0.0], [0.0, 0.0, 0.0], [0.0, 0.0, 0.0], [0.0, 0.0, 0.0], [0.0, 0.0, 0.0], [0.0, 0.0, 0.0], [0.0, 0.0, 0.0], [0.0, 0.0, 0.0], [0.0, 0.0, 0.0], [0.0, 0.0, 0.0], [0.0, 0.0, 0.0], [0.0, 0.0, 0.0], [0.0, 0.0, 0.0], [0.0, 0.0, 0.0]], "action_params_change": 0, "value_params_change": 0.3403496495863756}
{"iterations": 1, "type_itr": 0, "sub_iteration": 8, "sub_it_time": 0.2906932830810547, "total_time": 2.9724435806274414, "value_loss": 4.927428722381592, "action_loss": -0.6773971319198608, "action_probs": [[0.4320505137782321, 0.311795786776552, 0.14878253393067647, 0.10737116551453935], [0.28982478582451715, 0.37412623311231424, 0.14669052563416027, 0.18935845542900845], [0.6761109282925278, 0.30218594764222145, 0.014999249940958933, 0.006703874124291835], [0.022633827508176187, 0.30486574733870014, 0.04647718589927241, 0.6260232392538511], [0.003156545466037629, 0.0011007270406541267, 0.738291285528112, 0.2574514419651961], [0.09145825546236888, 0.7184755672103608, 0.02146239669728844, 0.16860378062998188], [0.46074112788541155, 0.48268289169198914, 0.02763007989006671, 0.028945900532532754], [0.0017919278871782987, 0.7139612481418781, 0.0007116277339364782, 0.283535196237007], [0.9469172124248948, 0.017463978607476362, 0.03497378797010347, 0.0006450209975254257], [0.49362220111267735, 0.5047521125370898, 0.0008037815712498003, 0.0008219047789832048], [0.10707329133741712, 0.43054735892162266, 0.09208812719408158, 0.3702912225468785], [0.7706581871547808, 1.0978838410298278e-05, 0.2293275669938283, 3.2670129806152605e-06], [0.2863713730856339, 0.18699243372476904, 0.31859962166626227, 0.2080365715233347], [0.4832806017634479, 0.45102303626596063, 0.03398229018328774, 0.03171407178730384], [0.2920284677738068, 0.7017530040389225, 0.0018273506901113404, 0.004391177497159235], [0.2517852771862684, 0.6636406427604317, 0.023261858469370927, 0.06131222158392916]], "state_values": [-1.1644201932618075, -1.4297220700758926, 4.977780926572699, 4.591311293303504, -0.6477098738326754, 2.5063696045348998, 1.9518608918769451, 3.45136596516943, 4.029661817819923, -2.29256768073698, 0.8325300456581208, -2.912463024801894, 1.4946756547370892, -1.0411617857763524, 1.7899221767045483, 0.9493824806077804], "value_grad": [0.2977919578552246, 1.279871940612793, 0.4047117233276367, -0.09622764587402344, -0.5825161933898926, 0.8474397659301758, 1.347588062286377, 0.10256385803222656, -1.0988993644714355, 0.5274720191955566, -1.1337480545043945, 0.04039192199707031, -0.05148029327392578, -0.6272640228271484, -0.2411642074584961, -0.36946773529052734], "action_grad": [[0.0, 0.0, 0.0], [0.0, 0.0, 0.0], [0.0, 0.0, 0.0], [0.0, 0.0, 0.0], [0.0, 0.0, 0.0], [0.0, 0.0, 0.0], [0.0, 0.0, 0.0], [0.0, 0.0, 0.0], [0.0, 0.0, 0.0], [0.0, 0.0, 0.0], [0.0, 0.0, 0.0], [0.0, 0.0, 0.0], [0.0, 0.0, 0.0], [0.0, 0.0, 0.0], [0.0, 0.0, 0.0], [0.0, 0.0, 0.0]], "action_params_change": 0, "value_params_change": 0.344319823704923}
{"iterations": 1, "type_itr": 0, "sub_iteration": 9, "sub_it_time": 0.3005812168121338, "total_time": 3.2749054431915283, "value_loss": 4.774176120758057, "action_loss": -0.6353620886802673, "action_probs": [[0.4320505137782321, 0.311795786776552, 0.14878253393067647, 0.10737116551453935], [0.28982478582451715, 0.37412623311231424, 0.14669052563416027, 0.18935845542900845], [0.6761109282925278, 0.30218594764222145, 0.014999249940958933, 0.006703874124291835], [0.022633827508176187, 0.30486574733870014, 0.04647718589927241, 0.6260232392538511], [0.003156545466037629, 0.0011007270406541267, 0.738291285528112, 0.2574514419651961], [0.09145825546236888, 0.7184755672103608, 0.02146239669728844, 0.16860378062998188], [0.46074112788541155, 0.48268289169198914, 0.02763007989006671, 0.028945900532532754], [0.0017919278871782987, 0.7139612481418781, 0.0007116277339364782, 0.283535196237007], [0.9469172124248948, 0.017463978607476362, 0.03497378797010347, 0.0006450209975254257], [0.49362220111267735, 0.5047521125370898, 0.0008037815712498003, 0.0008219047789832048], [0.10707329133741712, 0.43054735892162266, 0.09208812719408158, 0.3702912225468785], [0.7706581871547808, 1.0978838410298278e-05, 0.2293275669938283, 3.2670129806152605e-06], [0.2863713730856339, 0.18699243372476904, 0.31859962166626227, 0.2080365715233347], [0.4832806017634479, 0.45102303626596063, 0.03398229018328774, 0.03171407178730384], [0.2920284677738068, 0.7017530040389225, 0.0018273506901113404, 0.004391177497159235], [0.2517852771862684, 0.6636406427604317, 0.023261858469370927, 0.06131222158392916]], "state_values": [-0.8545862766061442, -0.9960145310929356, 4.92701837555145, 4.684551809451987, -0.35517965682482633, 2.617147391125034, 2.5224172512001495, 3.3503191289664747, 3.5176881990684565, -2.394914765659378, -0.05659008862316811, -2.967839946423295, 1.0656837671589947, -1.3497525971531201, 2.125062520204345, 0.44516440044294286], "value_grad": [0.01544332504272461, 0.8506078720092773, -0.06375598907470703, 0.1330561637878418, -0.7238879203796387, 0.9024839401245117, 0.532224178314209, -0.18255615234375, -1.624392032623291, -0.2716560363769531, -0.8363523483276367, 0.24195575714111328, 0.034451961517333984, -0.17621994018554688, -0.29383230209350586, -0.6799321174621582], "action_grad": [[0.0, 0.0, 0.0], [0.0, 0.0, 0.0], [0.0, 0.0, 0.0], [0.0, 0.0, 0.0], [0.0, 0.0, 0.0], [0.0, 0.0, 0.0], [0.0, 0.0, 0.0], [0.0, 0.0, 0.0], [0.0, 0.0, 0.0], [0.0, 0.0, 0.0], [0.0, 0.0, 0.0], [0.0, 0.0, 0.0], [0.0, 0.0, 0.0], [0.0, 0.0, 0.0], [0.0, 0.0, 0.0], [0.0, 0.0, 0.0]], "action_params_change": 0, "value_params_change": 0.3572068087141327}
{"iterations": 1, "type_itr": 0, "sub_iteration": 10, "sub_it_time": 0.296968936920166, "total_time": 3.573547601699829, "value_loss": 4.135427951812744, "action_loss": -0.6405054926872253, "action_probs": [[0.4320505137782321, 0.311795786776552, 0.14878253393067647, 0.10737116551453935], [0.28982478582451715, 0.37412623311231424, 0.14669052563416027, 0.18935845542900845], [0.6761109282925278, 0.30218594764222145, 0.014999249940958933, 0.006703874124291835], [0.022633827508176187, 0.30486574733870014, 0.04647718589927241, 0.6260232392538511], [0.003156545466037629, 0.0011007270406541267, 0.738291285528112, 0.2574514419651961], [0.09145825546236888, 0.7184755672103608, 0.02146239669728844, 0.16860378062998188], [0.46074112788541155, 0.48268289169198914, 0.02763007989006671, 0.028945900532532754], [0.0017919278871782987, 0.7139612481418781, 0.0007116277339364782, 0.283535196237007], [0.9469172124248948, 0.017463978607476362, 0.03497378797010347, 0.0006450209975254257], [0.49362220111267735, 0.5047521125370898, 0.0008037815712498003, 0.0008219047789832048], [0.10707329133741712, 0.43054735892162266, 0.09208812719408158, 0.3702912225468785], [0.7706581871547808, 1.0978838410298278e-05, 0.2293275669938283, 3.2670129806152605e-06], [0.2863713730856339, 0.18699243372476904, 0.31859962166626227, 0.2080365715233347], [0.4832806017634479, 0.45102303626596063, 0.03398229018328774, 0.03171407178730384], [0.2920284677738068, 0.7017530040389225, 0.0018273506901113404, 0.004391177497159235], [0.2517852771862684, 0.6636406427604317, 0.023261858469370927, 0.06131222158392916]], "state_values": [-0.5908915380995994, -0.4331140453753738, 4.819217579422608, 4.761872145544667, 0.12576521486458117, 2.6341710202313973, 2.9478930033914708, 3.3730404358399393, 2.868263043848946, -2.445970838056889, -0.9250803767201858, -3.0768082728862716, 0.48475618617353455, -1.5734415285156165, 2.2107717058587717, -0.03759276152180938], "value_grad": [-0.034451961517333984, 0.7603201866149902, 0.2966043949127197, -0.019800186157226562, -0.7813081741333008, 0.6383519172668457, -0.24631166458129883, -0.2554199695587158, -0.9476277828216553, 0.07959556579589844, -0.46213245391845703, -0.12949228286743164, -0.35442018508911133, -0.12751245498657227, -0.7963564395904541, -0.10058307647705078], "action_grad": [[0.0, 0.0, 0.0], [0.0, 0.0, 0.0], [0.0, 0.0, 0.0], [0.0, 0.0, 0.0], [0.0, 0.0, 0.0], [0.0, 0.0, 0.0], [0.0, 0.0, 0.0], [0.0, 0.0, 0.0], [0.0, 0.0, 0.0], [0.0, 0.0, 0.0], [0.0, 0.0, 0.0], [0.0, 0.0, 0.0], [0.0, 0.0, 0.0], [0.0, 0.0, 0.0], [0.0, 0.0, 0.0], [0.0, 0.0, 0.0]], "action_params_change": 0, "value_params_change": 0.34953992136942214}
{"iterations": 1, "type_itr": 0, "sub_iteration": 11, "sub_it_time": 0.30373239517211914, "total_time": 3.878955125808716, "value_loss": 3.5948879718780518, "action_loss": -0.5989232063293457, "action_probs": [[0.4320505137782321, 0.311795786776552, 0.14878253393067647, 0.10737116551453935], [0.28982478582451715, 0.37412623311231424, 0.14669052563416027, 0.18935845542900845], [0.6761109282925278, 0.30218594764222145, 0.014999249940958933, 0.006703874124291835], [0.022633827508176187, 0.30486574733870014, 0.04647718589927241, 0.6260232392538511], [0.003156545466037629, 0.0011007270406541267, 0.738291285528112, 0.2574514419651961], [0.09145825546236888, 0.7184755672103608, 0.02146239669728844, 0.16860378062998188], [0.46074112788541155, 0.48268289169198914, 0.02763007989006671, 0.028945900532532754], [0.0017919278871782987, 0.7139612481418781, 0.0007116277339364782, 0.283535196237007], [0.9469172124248948, 0.017463978607476362, 0.03497378797010347, 0.0006450209975254257], [0.49362220111267735, 0.5047521125370898, 0.0008037815712498003, 0.0008219047789832048], [0.10707329133741712, 0.43054735892162266, 0.09208812719408158, 0.3702912225468785], [0.7706581871547808, 1.0978838410298278e-05, 0.2293275669938283, 3.2670129806152605e-06], [0.2863713730856339, 0.18699243372476904, 0.31859962166626227, 0.2080365715233347], [0.4832806017634479, 0.45102303626596063, 0.03398229018328774, 0.03171407178730384], [0.2920284677738068, 0.7017530040389225, 0.0018273506901113404, 0.004391177497159235], [0.2517852771862684, 0.6636406427604317, 0.023261858469370927, 0.06131222158392916]], "state_values": [-0.23587714962712453, 0.2516185388888613, 4.712912884920458, 4.779731080234679, 0.6925438938261237, 2.631648220018346, 3.173513846446696, 3.241497053616313, 2.06065910106835, -2.617994731084985, -1.6303135152739696, -3.2927586212407323, 0.095463942881671, -1.3978703377701704, 2.0299633591772257, -0.596552021374863], "value_grad": [0.25304388999938965, 0.8763480186462402, -0.1576080322265625, 0.24591612815856934, -0.5056920051574707, 0.14216375350952148, -0.6569643020629883, 0.363527774810791, -1.3155121803283691, -0.27046751976013184, 0.30175185203552246, -0.28670406341552734, 0.21225547790527344, -1.1183040142059326, -1.1729514598846436, -0.5203437805175781], "action_grad": [[0.0, 0.0, 0.0], [0.0, 0.0, 0.0], [0.0, 0.0, 0.0], [0.0, 0.0, 0.0], [0.0, 0.0, 0.0], [0.0, 0.0, 0.0], [0.0, 0.0, 0.0], [0.0, 0.0, 0.0], [0.0, 0.0, 0.0], [0.0, 0.0, 0.0], [0.0, 0.0, 0.0], [0.0, 0.0, 0.0], [0.0, 0.0, 0.0], [0.0, 0.0, 0.0], [0.0, 0.0, 0.0], [0.0, 0.0, 0.0]], "action_params_change": 0, "value_params_change": 0.3723312682477766}
{"iterations": 1, "type_itr": 0, "sub_iteration": 12, "sub_it_time": 0.2974824905395508, "total_time": 4.178361177444458, "value_loss": 3.08048415184021, "action_loss": -0.5425987243652344, "action_probs": [[0.4320505137782321, 0.311795786776552, 0.14878253393067647, 0.10737116551453935], [0.28982478582451715, 0.37412623311231424, 0.14669052563416027, 0.18935845542900845], [0.6761109282925278, 0.30218594764222145, 0.014999249940958933, 0.006703874124291835], [0.022633827508176187, 0.30486574733870014, 0.04647718589927241, 0.6260232392538511], [0.003156545466037629, 0.0011007270406541267, 0.738291285528112, 0.2574514419651961], [0.09145825546236888, 0.7184755672103608, 0.02146239669728844, 0.16860378062998188], [0.46074112788541155, 0.48268289169198914, 0.02763007989006671, 0.028945900532532754], [0.0017919278871782987, 0.7139612481418781, 0.0007116277339364782, 0.283535196237007], [0.9469172124248948, 0.017463978607476362, 0.03497378797010347, 0.0006450209975254257], [0.49362220111267735, 0.5047521125370898, 0.0008037815712498003, 0.0008219047789832048], [0.10707329133741712, 0.43054735892162266, 0.09208812719408158, 0.3702912225468785], [0.7706581871547808, 1.0978838410298278e-05, 0.2293275669938283, 3.2670129806152605e-06], [0.2863713730856339, 0.18699243372476904, 0.31859962166626227, 0.2080365715233347], [0.4832806017634479, 0.45102303626596063, 0.03398229018328774, 0.03171407178730384], [0.2920284677738068, 0.7017530040389225, 0.0018273506901113404, 0.004391177497159235], [0.2517852771862684, 0.6636406427604317, 0.023261858469370927, 0.06131222158392916]], "state_values": [0.08257429659732872, 0.9868220188820211, 4.589275944863875, 4.758979638345193, 1.1902879851936328, 2.5534792359817957, 3.26930775999038, 3.28522104584558, 1.1115057375398072, -2.6404462737951966, -2.2042674496898673, -3.4610578236328777, -0.06260157124026311, -1.032169977290555, 1.6571508495957035, -1.087567575813655], "value_grad": [-0.0055446624755859375, 0.6213240623474121, 0.03564023971557617, 0.20869207382202148, 0.01979994773864746, 0.6082558631896973, -0.5421237945556641, -0.39560413360595703, -1.4168882369995117, 0.27719998359680176, 0.20195984840393066, 0.04276776313781738, 0.31046390533447266, -0.7575478553771973, -1.0870203971862793, 0.02573990821838379], "action_grad": [[0.0, 0.0, 0.0], [0.0, 0.0, 0.0], [0.0, 0.0, 0.0], [0.0, 0.0, 0.0], [0.0, 0.0, 0.0], [0.0, 0.0, 0.0], [0.0, 0.0, 0.0], [0.0, 0.0, 0.0], [0.0, 0.0, 0.0], [0.0, 0.0, 0.0], [0.0, 0.0, 0.0], [0.0, 0.0, 0.0], [0.0, 0.0, 0.0], [0.0, 0.0, 0.0], [0.0, 0.0, 0.0], [0.0, 0.0, 0.0]], "action_params_change": 0, "value_params_change": 0.4012371081344086}
{"iterations": 1, "type_itr": 0, "sub_iteration": 13, "sub_it_time": 0.30423855781555176, "total_time": 4.484264373779297, "value_loss": 2.7858598232269287, "action_loss": -0.527403712272644, "action_probs": [[0.4320505137782321, 0.311795786776552, 0.14878253393067647, 0.10737116551453935], [0.28982478582451715, 0.37412623311231424, 0.14669052563416027, 0.18935845542900845], [0.6761109282925278, 0.30218594764222145, 0.014999249940958933, 0.006703874124291835], [0.022633827508176187, 0.30486574733870014, 0.04647718589927241, 0.6260232392538511], [0.003156545466037629, 0.0011007270406541267, 0.738291285528112, 0.2574514419651961], [0.09145825546236888, 0.7184755672103608, 0.02146239669728844, 0.16860378062998188], [0.46074112788541155, 0.48268289169198914, 0.02763007989006671, 0.028945900532532754], [0.0017919278871782987, 0.7139612481418781, 0.0007116277339364782, 0.283535196237007], [0.9469172124248948, 0.017463978607476362, 0.03497378797010347, 0.0006450209975254257], [0.49362220111267735, 0.5047521125370898, 0.0008037815712498003, 0.0008219047789832048], [0.10707329133741712, 0.43054735892162266, 0.09208812719408158, 0.3702912225468785], [0.7706581871547808, 1.0978838410298278e-05, 0.2293275669938283, 3.2670129806152605e-06], [0.2863713730856339, 0.18699243372476904, 0.31859962166626227, 0.2080365715233347], [0.4832806017634479, 0.45102303626596063, 0.03398229018328774, 0.03171407178730384], [0.2920284677738068, 0.7017530040389225, 0.0018273506901113404, 0.004391177497159235], [0.2517852771862684, 0.6636406427604317, 0.023261858469370927, 0.06131222158392916]], "state_values": [0.4386879883229617, 1.7222709549042838, 4.37323173861974, 4.69828807150755, 1.5046897975982712, 2.5140102583329216, 3.3073231614733585, 3.238993689058371, 0.07328229062583629, -2.527785912542938, -2.5782570107810243, -3.4827399287891714, -0.23718698686816653, -0.5625994591276567, 1.1173830043818962, -1.4301204971710488], "value_grad": [0.14770770072937012, 0.46925973892211914, 0.39402008056640625, 0.21978020668029785, 0.41817617416381836, -0.2506678104400635, -0.2669041156768799, 0.21819615364074707, -1.221264123916626, 0.2985837459564209, 0.7254722118377686, 0.3084840774536133, -0.05583620071411133, -0.5056920051574707, -1.120284080505371, 0.3472919464111328], "action_grad": [[0.0, 0.0, 0.0], [0.0, 0.0, 0.0], [0.0, 0.0, 0.0], [0.0, 0.0, 0.0], [0.0, 0.0, 0.0], [0.0, 0.0, 0.0], [0.0, 0.0, 0.0], [0.0, 0.0, 0.0], [0.0, 0.0, 0.0], [0.0, 0.0, 0.0], [0.0, 0.0, 0.0], [0.0, 0.0, 0.0], [0.0, 0.0, 0.0], [0.0, 0.0, 0.0], [0.0, 0.0, 0.0], [0.0, 0.0, 0.0]], "action_params_change": 0, "value_params_change": 0.419034118963876}
