{"iterations": 0, "type_itr": 0, "sub_iteration": 0, "sub_it_time": 0, "total_time": 0, "value_loss": 0, "action_loss": 0, "action_probs": [[0.18850002103474053, 0.6821621096552251, 0.028001896747489933, 0.10133597256254445], [0.08089880000965172, 0.196593312266423, 0.210636693904374, 0.5118711938195513], [0.09130235676533659, 0.08390443951560508, 0.4298096018080884, 0.39498360191096993], [0.7337285706000253, 0.26557513465049487, 0.0005112473300837943, 0.0001850474193960807], [0.23862554056192598, 0.16771360986369926, 0.34863153351517084, 0.245029316059204], [0.09175559207489317, 0.8627414807747645, 0.004374186302484357, 0.04112874084785792], [0.13541003079843728, 0.6400730710587796, 0.03920374282750202, 0.18531315531528122], [0.009750749955907571, 3.989759410509392e-06, 0.9898402427792197, 0.0004050175054624002], [0.03410061635724649, 0.8486193671144099, 0.0045306789524302135, 0.11274933757591357], [0.21299041861799023, 0.2595614016354846, 0.23773352209975593, 0.28971465764676924], [0.20858547628305846, 0.2916192273175438, 0.20841475338612797, 0.2913805430132698], [0.0941554678177339, 0.7864090528153335, 0.012770788704664237, 0.10666469066226848], [0.29736706275972796, 0.31595456253424087, 0.18747979490194044, 0.19919857980409095], [0.003403851850370947, 0.9950255821268065, 5.354383475674768e-06, 0.001565211639347003], [0.01009180218269215, 0.14022311737201298, 0.057045925812560995, 0.7926391546327339], [0.00016260937854055172, 0.00022265451666887877, 0.42191010639503806, 0.5777046297097526]], "state_values": [4.800200379922018, -1.5178752982210288, -2.0746638277545864, -3.800382444952032, 1.534043200915555, -3.3957089888918284, -1.514877320674248, 2.5754998122571946, 3.405289288763173, -4.929992115560601, -4.779753530260586, 3.9550842471523064, 4.98604080741529, -3.439383695475471, 3.124381949349442, 2.4593948189021257], "value_grad": [0.0, 0.0, 0.0, 0.0, 0.0, 0.0, 0.0, 0.0, 0.0, 0.0, 0.0, 0.0, 0.0, 0.0, 0.0, 0.0], "action_grad": [[0.0, 0.0, 0.0], [0.0, 0.0, 0.0], [0.0, 0.0, 0.0], [0.0, 0.0, 0.0], [0.0, 0.0, 0.0], [0.0, 0.0, 0.0], [0.0, 0.0, 0.0], [0.0, 0.0, 0.0], [0.0, 0.0, 0.0], [0.0, 0.0, 0.0], [0.0, 0.0, 0.0], [0.0, 0.0, 0.0], [0.0, 0.0, 0.0], [0.0, 0.0, 0.0], [0.0, 0.0, 0.0], [0.0, 0.0, 0.0]], "action_params_change": 0, "value_params_change": 0}
{"iterations": 1, "type_itr": 0, "sub_iteration": 0, "sub_it_time": 0.11376261711120605, "total_time": 0.11523699760437012, "value_loss": 5.860800266265869, "action_loss": -0.34591570496559143, "action_probs": [[0.18850002103474053, 0.6821621096552251, 0.028001896747489933, 0.10133597256254445], [0.08089880000965172, 0.196593312266423, 0.210636693904374, 0.5118711938195513], [0.09130235676533659, 0.08390443951560508, 0.4298096018080884, 0.39498360191096993], [0.7337285706000253, 0.26557513465049487, 0.0005112473300837943, 0.0001850474193960807], [0.23862554056192598, 0.16771360986369926, 0.34863153351517084, 0.245029316059204], [0.09175559207489317, 0.8627414807747645, 0.004374186302484357, 0.04112874084785792], [0.13541003079843728, 0.6400730710587796, 0.03920374282750202, 0.18531315531528122], [0.009750749955907571, 3.989759410509392e-06, 0.9898402427792197, 0.0004050175054624002], [0.03410061635724649, 0.8486193671144099, 0.0045306789524302135, 0.11274933757591357], [0.21299041861799023, 0.2595614016354846, 0.23773352209975593, 0.28971465764676924], [0.20858547628305846, 0.2916192273175438, 0.20841475338612797, 0.2913805430132698], [0.0941554678177339, 0.7864090528153335, 0.012770788704664237, 0.10666469066226848], [0.29736706275972796, 0.31595456253424087, 0.18747979490194044, 0.19919857980409095], [0.003403851850370947, 0.9950255821268065, 5.354383475674768e-06, 0.001565211639347003], [0.01009180218269215, 0.14022311737201298, 0.057045925812560995, 0.7926391546327339], [0.00016260937854055172, 0.00022265451666887877, 0.42191010639503806, 0.5777046297097526]], "state_values": [4.304778251642942, -0.2920464636830236, -0.8846625354878241, -4.486094799981316, 2.6637133452032407, -2.3821633141131158, -2.646661282051415, 1.4351468542656243, 2.3936445841933955, -4.98300938958864, -4.268063548381504, 4.588931977684414, 4.923407410438508, -2.434598627221856, 2.061481812502268, 3.459966283475239], "value_grad": [1.6631999015808105, 2.3364014625549316, 1.0692005157470703, -0.712799072265625, 1.0296010971069336, -2.8116002082824707, -2.3364009857177734, -1.1484003067016602, -1.1484007835388184, -2.9303998947143555, -4.276801109313965, 0.27720069885253906, 1.9800000190734863, 0.19800043106079102, 2.1780004501342773, 5.0687994956970215], "action_grad": [[0.0, 0.0, 0.0], [0.0, 0.0, 0.0], [0.0, 0.0, 0.0], [0.0, 0.0, 0.0], [0.0, 0.0, 0.0], [0.0, 0.0, 0.0], [0.0, 0.0, 0.0], [0.0, 0.0, 0.0], [0.0, 0.0, 0.0], [0.0, 0.0, 0.0], [0.0, 0.0, 0.0], [0.0, 0.0, 0.0], [0.0, 0.0, 0.0], [0.0, 0.0, 0.0], [0.0, 0.0, 0.0], [0.0, 0.0, 0.0]], "action_params_change": 0, "value_params_change": 0.49999999901357306}
{"iterations": 1, "type_itr": 0, "sub_iteration": 1, "sub_it_time": 0.11391711235046387, "total_time": 0.23073530197143555, "value_loss": 7.444800853729248, "action_loss": -0.4237919747829437, "action_probs": [[0.18850002103474053, 0.6821621096552251, 0.028001896747489933, 0.10133597256254445], [0.08089880000965172, 0.196593312266423, 0.210636693904374, 0.5118711938195513], [0.09130235676533659, 0.08390443951560508, 0.4298096018080884, 0.39498360191096993], [0.7337285706000253, 0.26557513465049487, 0.0005112473300837943, 0.0001850474193960807], [0.23862554056192598, 0.16771360986369926, 0.34863153351517084, 0.245029316059204], [0.09175559207489317, 0.8627414807747645, 0.004374186302484357, 0.04112874084785792], [0.13541003079843728, 0.6400730710587796, 0.03920374282750202, 0.18531315531528122], [0.009750749955907571, 3.989759410509392e-06, 0.9898402427792197, 0.0004050175054624002], [0.03410061635724649, 0.8486193671144099, 0.0045306789524302135, 0.11274933757591357], [0.21299041861799023, 0.2595614016354846, 0.23773352209975593, 0.28971465764676924], [0.20858547628305846, 0.2916192273175438, 0.20841475338612797, 0.2913805430132698], [0.0941554678177339, 0.7864090528153335, 0.012770788704664237, 0.10666469066226848], [0.29736706275972796, 0.31595456253424087, 0.18747979490194044, 0.19919857980409095], [0.003403851850370947, 0.9950255821268065, 5.354383475674768e-06, 0.001565211639347003], [0.01009180218269215, 0.14022311737201298, 0.057045925812560995, 0.7926391546327339], [0.00016260937854055172, 0.00022265451666887877, 0.42191010639503806, 0.5777046297097526]], "state_values": [3.604880951167597, 0.9332571586480322, 0.28403593018718726, -4.8719714192833194, 3.6198495033097062, -1.591348889176307, -3.521640362939182, 2.1064551002043923, 1.2331746947185167, -4.878625661330092, -3.9337150343751834, 4.897058369918481, 4.967065327759824, -1.3953839726441897, 2.044048660854003, 3.7909820375670225], "value_grad": [4.593599796295166, 3.801600456237793, 2.692800521850586, -2.0592002868652344, 1.544400691986084, -0.07919979095458984, -0.9107999801635742, 4.989599704742432, -1.1483993530273438, 0.43560075759887695, 1.0692005157470703, 2.257199287414551, -2.930400848388672, 0.6732010841369629, -1.9007997512817383, -1.7819995880126953], "action_grad": [[0.0, 0.0, 0.0], [0.0, 0.0, 0.0], [0.0, 0.0, 0.0], [0.0, 0.0, 0.0], [0.0, 0.0, 0.0], [0.0, 0.0, 0.0], [0.0, 0.0, 0.0], [0.0, 0.0, 0.0], [0.0, 0.0, 0.0], [0.0, 0.0, 0.0], [0.0, 0.0, 0.0], [0.0, 0.0, 0.0], [0.0, 0.0, 0.0], [0.0, 0.0, 0.0], [0.0, 0.0, 0.0], [0.0, 0.0, 0.0]], "action_params_change": 0, "value_params_change": 0.4999999794115899}
{"iterations": 1, "type_itr": 0, "sub_iteration": 2, "sub_it_time": 0.11270022392272949, "total_time": 0.34519529342651367, "value_loss": 8.157600402832031, "action_loss": -0.5940333008766174, "action_probs": [[0.18850002103474053, 0.6821621096552251, 0.028001896747489933, 0.10133597256254445], [0.08089880000965172, 0.196593312266423, 0.210636693904374, 0.5118711938195513], [0.09130235676533659, 0.08390443951560508, 0.4298096018080884, 0.39498360191096993], [0.7337285706000253, 0.26557513465049487, 0.0005112473300837943, 0.0001850474193960807], [0.23862554056192598, 0.16771360986369926, 0.34863153351517084, 0.245029316059204], [0.09175559207489317, 0.8627414807747645, 0.004374186302484357, 0.04112874084785792], [0.13541003079843728, 0.6400730710587796, 0.03920374282750202, 0.18531315531528122], [0.009750749955907571, 3.989759410509392e-06, 0.9898402427792197, 0.0004050175054624002], [0.03410061635724649, 0.8486193671144099, 0.0045306789524302135, 0.11274933757591357], [0.21299041861799023, 0.2595614016354846, 0.23773352209975593, 0.28971465764676924], [0.20858547628305846, 0.2916192273175438, 0.20841475338612797, 0.2913805430132698], [0.0941554678177339, 0.7864090528153335, 0.012770788704664237, 0.10666469066226848], [0.29736706275972796, 0.31595456253424087, 0.18747979490194044, 0.19919857980409095], [0.003403851850370947, 0.9950255821268065, 5.354383475674768e-06, 0.001565211639347003], [0.01009180218269215, 0.14022311737201298, 0.057045925812560995, 0.7926391546327339], [0.00016260937854055172, 0.00022265451666887877, 0.42191010639503806, 0.5777046297097526]], "state_values": [3.058662155808565, 1.4706077261617947, 1.4196963785603753, -4.999687540077896, 3.2496088461819546, -0.6149936292506051, -4.251527425532244, 2.2847609723521725, 0.22398358794737963, -4.681635349601275, -3.440735748686168, 4.9903238697388925, 4.996060408780651, -0.33489821286699356, 1.4681835903740037, 3.741211324859185], "value_grad": [-0.9108009338378906, -1.9404001235961914, 1.3068013191223145, -2.4156007766723633, -6.6132001876831055, -1.9403996467590332, -2.0988001823425293, -2.177999973297119, -0.11879968643188477, -0.6335992813110352, -1.9007997512817383, -0.23760032653808594, -4.514400005340576, 1.623600959777832, 3.365999937057495, -3.0888009071350098], "action_grad": [[0.0, 0.0, 0.0], [0.0, 0.0, 0.0], [0.0, 0.0, 0.0], [0.0, 0.0, 0.0], [0.0, 0.0, 0.0], [0.0, 0.0, 0.0], [0.0, 0.0, 0.0], [0.0, 0.0, 0.0], [0.0, 0.0, 0.0], [0.0, 0.0, 0.0], [0.0, 0.0, 0.0], [0.0, 0.0, 0.0], [0.0, 0.0, 0.0], [0.0, 0.0, 0.0], [0.0, 0.0, 0.0], [0.0, 0.0, 0.0]], "action_params_change": 0, "value_params_change": 0.47592959010977776}
{"iterations": 1, "type_itr": 0, "sub_iteration": 3, "sub_it_time": 0.11357808113098145, "total_time": 0.4603285789489746, "value_loss": 7.365600109100342, "action_loss": -0.5469452738761902, "action_probs": [[0.18850002103474053, 0.6821621096552251, 0.028001896747489933, 0.10133597256254445], [0.08089880000965172, 0.196593312266423, 0.210636693904374, 0.5118711938195513], [0.09130235676533659, 0.08390443951560508, 0.4298096018080884, 0.39498360191096993], [0.7337285706000253, 0.26557513465049487, 0.0005112473300837943, 0.0001850474193960807], [0.23862554056192598, 0.16771360986369926, 0.34863153351517084, 0.245029316059204], [0.09175559207489317, 0.8627414807747645, 0.004374186302484357, 0.04112874084785792], [0.13541003079843728, 0.6400730710587796, 0.03920374282750202, 0.18531315531528122], [0.009750749955907571, 3.989759410509392e-06, 0.9898402427792197, 0.0004050175054624002], [0.03410061635724649, 0.8486193671144099, 0.0045306789524302135, 0.11274933757591357], [0.21299041861799023, 0.2595614016354846, 0.23773352209975593, 0.28971465764676924], [0.20858547628305846, 0.2916192273175438, 0.20841475338612797, 0.2913805430132698], [0.0941554678177339, 0.7864090528153335, 0.012770788704664237, 0.10666469066226848], [0.29736706275972796, 0.31595456253424087, 0.18747979490194044, 0.19919857980409095], [0.003403851850370947, 0.9950255821268065, 5.354383475674768e-06, 0.001565211639347003], [0.01009180218269215, 0.14022311737201298, 0.057045925812560995, 0.7926391546327339], [0.00016260937854055172, 0.00022265451666887877, 0.42191010639503806, 0.5777046297097526]], "state_values": [2.85939584961662, 1.6897059541303918, 1.962036799826377, -4.905241274867269, 3.018427805496042, -0.6497816219362744, -4.660184134366503, 2.2466920175261227, -0.8723291159822875, -4.648513317291386, -2.7548647459411346, 4.962480912427072, 4.991926083157455, 0.6316817861986436, 0.6592165629004442, 3.4231932410629264], "value_grad": [-2.257199764251709, -1.4256000518798828, -1.3859996795654297, 0.23760032653808594, 1.1088004112243652, 4.118400573730469, 0.1979990005493164, -1.5840001106262207, -1.7819995880126953, 1.9008002281188965, -2.6531999111175537, 2.37600040435791, 4.1579999923706055, 5.306400299072266, 3.0888004302978516, -4.1579999923706055], "action_grad": [[0.0, 0.0, 0.0], [0.0, 0.0, 0.0], [0.0, 0.0, 0.0], [0.0, 0.0, 0.0], [0.0, 0.0, 0.0], [0.0, 0.0, 0.0], [0.0, 0.0, 0.0], [0.0, 0.0, 0.0], [0.0, 0.0, 0.0], [0.0, 0.0, 0.0], [0.0, 0.0, 0.0], [0.0, 0.0, 0.0], [0.0, 0.0, 0.0], [0.0, 0.0, 0.0], [0.0, 0.0, 0.0], [0.0, 0.0, 0.0]], "action_params_change": 0, "value_params_change": 0.4403499176953889}
{"iterations": 1, "type_itr": 0, "sub_iteration": 4, "sub_it_time": 0.11547493934631348, "total_time": 0.5773811340332031, "value_loss": 7.761600494384766, "action_loss": -0.2933944761753082, "action_probs": [[0.18850002103474053, 0.6821621096552251, 0.028001896747489933, 0.10133597256254445], [0.08089880000965172, 0.196593312266423, 0.210636693904374, 0.5118711938195513], [0.09130235676533659, 0.08390443951560508, 0.4298096018080884, 0.39498360191096993], [0.7337285706000253, 0.26557513465049487, 0.0005112473300837943, 0.0001850474193960807], [0.23862554056192598, 0.16771360986369926, 0.34863153351517084, 0.245029316059204], [0.09175559207489317, 0.8627414807747645, 0.004374186302484357, 0.04112874084785792], [0.13541003079843728, 0.6400730710587796, 0.03920374282750202, 0.18531315531528122], [0.009750749955907571, 3.989759410509392e-06, 0.9898402427792197, 0.0004050175054624002], [0.03410061635724649, 0.8486193671144099, 0.0045306789524302135, 0.11274933757591357], [0.21299041861799023, 0.2595614016354846, 0.23773352209975593, 0.28971465764676924], [0.20858547628305846, 0.2916192273175438, 0.20841475338612797, 0.2913805430132698], [0.0941554678177339, 0.7864090528153335, 0.012770788704664237, 0.10666469066226848], [0.29736706275972796, 0.31595456253424087, 0.18747979490194044, 0.19919857980409095], [0.003403851850370947, 0.9950255821268065, 5.354383475674768e-06, 0.001565211639347003], [0.01009180218269215, 0.14022311737201298, 0.057045925812560995, 0.7926391546327339], [0.00016260937854055172, 0.00022265451666887877, 0.42191010639503806, 0.5777046297097526]], "state_values": [2.866397214513715, 1.7072096405317256, 2.4591564232121237, -4.895245129803932, 2.9778841767854343, -0.2389866686265176, -4.661983424542731, 2.3013934264911575, -1.1527804946709201, -4.778104180480915, -2.721825122949802, 4.938336365500057, 4.998418071073023, 1.6316955377769038, -0.3135739720196338, 3.0176454324097923], "value_grad": [-1.742401123046875, -1.3068008422851562, 0.3564000129699707, 3.365999698638916, 2.0195999145507812, -4.435199737548828, 3.6827993392944336, 0.8316011428833008, 1.9800004959106445, 3.128401756286621, 5.504400253295898, -2.6927998065948486, 2.4947996139526367, 2.574000358581543, 4.514401435852051, -1.7424006462097168], "action_grad": [[0.0, 0.0, 0.0], [0.0, 0.0, 0.0], [0.0, 0.0, 0.0], [0.0, 0.0, 0.0], [0.0, 0.0, 0.0], [0.0, 0.0, 0.0], [0.0, 0.0, 0.0], [0.0, 0.0, 0.0], [0.0, 0.0, 0.0], [0.0, 0.0, 0.0], [0.0, 0.0, 0.0], [0.0, 0.0, 0.0], [0.0, 0.0, 0.0], [0.0, 0.0, 0.0], [0.0, 0.0, 0.0], [0.0, 0.0, 0.0]], "action_params_change": 0, "value_params_change": 0.41150636206370095}
{"iterations": 1, "type_itr": 0, "sub_iteration": 5, "sub_it_time": 0.11351943016052246, "total_time": 0.6925063133239746, "value_loss": 6.494400501251221, "action_loss": -0.37670400738716125, "action_probs": [[0.18850002103474053, 0.6821621096552251, 0.028001896747489933, 0.10133597256254445], [0.08089880000965172, 0.196593312266423, 0.210636693904374, 0.5118711938195513], [0.09130235676533659, 0.08390443951560508, 0.4298096018080884, 0.39498360191096993], [0.7337285706000253, 0.26557513465049487, 0.0005112473300837943, 0.0001850474193960807], [0.23862554056192598, 0.16771360986369926, 0.34863153351517084, 0.245029316059204], [0.09175559207489317, 0.8627414807747645, 0.004374186302484357, 0.04112874084785792], [0.13541003079843728, 0.6400730710587796, 0.03920374282750202, 0.18531315531528122], [0.009750749955907571, 3.989759410509392e-06, 0.9898402427792197, 0.0004050175054624002], [0.03410061635724649, 0.8486193671144099, 0.0045306789524302135, 0.11274933757591357], [0.21299041861799023, 0.2595614016354846, 0.23773352209975593, 0.28971465764676924], [0.20858547628305846, 0.2916192273175438, 0.20841475338612797, 0.2913805430132698], [0.0941554678177339, 0.7864090528153335, 0.012770788704664237, 0.10666469066226848], [0.29736706275972796, 0.31595456253424087, 0.18747979490194044, 0.19919857980409095], [0.003403851850370947, 0.9950255821268065, 5.354383475674768e-06, 0.001565211639347003], [0.01009180218269215, 0.14022311737201298, 0.057045925812560995, 0.7926391546327339], [0.00016260937854055172, 0.00022265451666887877, 0.42191010639503806, 0.5777046297097526]], "state_values": [2.7381822946841656, 2.0417967590321613, 3.098391624637895, -4.95512316431227, 2.610664047855121, -0.12514884558231504, -4.5270475855921, 2.2016171102132733, -1.2211393510446114, -4.865157939784943, -2.604394620931638, 4.939663539577122, 4.980736859384838, 2.4210916364006074, -1.3369583071406808, 2.793212081882343], "value_grad": [1.4651999473571777, 3.286799907684326, 2.5343995094299316, 3.484800338745117, -5.821200370788574, 2.494800090789795, 3.0888004302978516, -1.5048003196716309, 0.8316001892089844, -0.03959941864013672, -1.267199993133545, -1.0296001434326172, -6.256800174713135, -0.19800043106079102, 3.3660011291503906, 2.0195999145507812], "action_grad": [[0.0, 0.0, 0.0], [0.0, 0.0, 0.0], [0.0, 0.0, 0.0], [0.0, 0.0, 0.0], [0.0, 0.0, 0.0], [0.0, 0.0, 0.0], [0.0, 0.0, 0.0], [0.0, 0.0, 0.0], [0.0, 0.0, 0.0], [0.0, 0.0, 0.0], [0.0, 0.0, 0.0], [0.0, 0.0, 0.0], [0.0, 0.0, 0.0], [0.0, 0.0, 0.0], [0.0, 0.0, 0.0], [0.0, 0.0, 0.0]], "action_params_change": 0, "value_params_change": 0.4158582596823748}
{"iterations": 1, "type_itr": 0, "sub_iteration": 6, "sub_it_time": 0.11342239379882812, "total_time": 0.8075215816497803, "value_loss": 7.484400272369385, "action_loss": -0.3966258764266968, "action_probs": [[0.18850002103474053, 0.6821621096552251, 0.028001896747489933, 0.10133597256254445], [0.08089880000965172, 0.196593312266423, 0.210636693904374, 0.5118711938195513], [0.09130235676533659, 0.08390443951560508, 0.4298096018080884, 0.39498360191096993], [0.7337285706000253, 0.26557513465049487, 0.0005112473300837943, 0.0001850474193960807], [0.23862554056192598, 0.16771360986369926, 0.34863153351517084, 0.245029316059204], [0.09175559207489317, 0.8627414807747645, 0.004374186302484357, 0.04112874084785792], [0.13541003079843728, 0.6400730710587796, 0.03920374282750202, 0.18531315531528122], [0.009750749955907571, 3.989759410509392e-06, 0.9898402427792197, 0.0004050175054624002], [0.03410061635724649, 0.8486193671144099, 0.0045306789524302135, 0.11274933757591357], [0.21299041861799023, 0.2595614016354846, 0.23773352209975593, 0.28971465764676924], [0.20858547628305846, 0.2916192273175438, 0.20841475338612797, 0.2913805430132698], [0.0941554678177339, 0.7864090528153335, 0.012770788704664237, 0.10666469066226848], [0.29736706275972796, 0.31595456253424087, 0.18747979490194044, 0.19919857980409095], [0.003403851850370947, 0.9950255821268065, 5.354383475674768e-06, 0.001565211639347003], [0.01009180218269215, 0.14022311737201298, 0.057045925812560995, 0.7926391546327339], [0.00016260937854055172, 0.00022265451666887877, 0.42191010639503806, 0.5777046297097526]], "state_values": [2.3453865209536016, 2.543646502111041, 3.730357168778762, -4.9908834317428195, 2.337125890773893, -0.25466092856864286, -4.297136387847447, 2.0612236762415628, -1.3901182418497395, -4.903743594247639, -2.3109416940654546, 4.989402997075892, 4.965630494409229, 3.1423904869391497, -2.0894644873172776, 2.399400570980746], "value_grad": [3.8015995025634766, 3.0887999534606934, 1.861201286315918, 0.5544004440307617, 1.0296001434326172, 2.772000312805176, 2.0196008682250977, -0.5543999671936035, -0.5940008163452148, -0.7919998168945312, -2.969999313354492, -4.355999946594238, 1.9008007049560547, 1.3067998886108398, -1.1879997253417969, -3.2076001167297363], "action_grad": [[0.0, 0.0, 0.0], [0.0, 0.0, 0.0], [0.0, 0.0, 0.0], [0.0, 0.0, 0.0], [0.0, 0.0, 0.0], [0.0, 0.0, 0.0], [0.0, 0.0, 0.0], [0.0, 0.0, 0.0], [0.0, 0.0, 0.0], [0.0, 0.0, 0.0], [0.0, 0.0, 0.0], [0.0, 0.0, 0.0], [0.0, 0.0, 0.0], [0.0, 0.0, 0.0], [0.0, 0.0, 0.0], [0.0, 0.0, 0.0]], "action_params_change": 0, "value_params_change": 0.3482510028151946}
{"iterations": 1, "type_itr": 0, "sub_iteration": 7, "sub_it_time": 0.1130216121673584, "total_time": 0.9221360683441162, "value_loss": 10.692001342773438, "action_loss": -0.3368602991104126, "action_probs": [[0.18850002103474053, 0.6821621096552251, 0.028001896747489933, 0.10133597256254445], [0.08089880000965172, 0.196593312266423, 0.210636693904374, 0.5118711938195513], [0.09130235676533659, 0.08390443951560508, 0.4298096018080884, 0.39498360191096993], [0.7337285706000253, 0.26557513465049487, 0.0005112473300837943, 0.0001850474193960807], [0.23862554056192598, 0.16771360986369926, 0.34863153351517084, 0.245029316059204], [0.09175559207489317, 0.8627414807747645, 0.004374186302484357, 0.04112874084785792], [0.13541003079843728, 0.6400730710587796, 0.03920374282750202, 0.18531315531528122], [0.009750749955907571, 3.989759410509392e-06, 0.9898402427792197, 0.0004050175054624002], [0.03410061635724649, 0.8486193671144099, 0.0045306789524302135, 0.11274933757591357], [0.21299041861799023, 0.2595614016354846, 0.23773352209975593, 0.28971465764676924], [0.20858547628305846, 0.2916192273175438, 0.20841475338612797, 0.2913805430132698], [0.0941554678177339, 0.7864090528153335, 0.012770788704664237, 0.10666469066226848], [0.29736706275972796, 0.31595456253424087, 0.18747979490194044, 0.19919857980409095], [0.003403851850370947, 0.9950255821268065, 5.354383475674768e-06, 0.001565211639347003], [0.01009180218269215, 0.14022311737201298, 0.057045925812560995, 0.7926391546327339], [0.00016260937854055172, 0.00022265451666887877, 0.42191010639503806, 0.5777046297097526]], "state_values": [1.8982017683435475, 2.8488287890195285, 4.231146401289161, -4.999482981694838, 1.9485738390757976, -0.3995859149767584, -4.268035493422233, 1.8876685975090066, -1.3531616032703753, -4.896275413674279, -2.0302283526510116, 4.985134685821493, 4.942251506732544, 3.6281338167043953, -2.6679817820391736, 2.0753426010821565], "value_grad": [1.108799934387207, -1.4255995750427246, 0.5544004440307617, -0.8711996078491211, -2.53439998626709, 0.3959989547729492, -3.6432008743286133, -0.5148000717163086, 1.0296001434326172, -1.5443987846374512, -0.1979999542236328, -5.5836005210876465, -0.7128009796142578, -0.9900007247924805, -0.5940017700195312, 0.5940008163452148], "action_grad": [[0.0, 0.0, 0.0], [0.0, 0.0, 0.0], [0.0, 0.0, 0.0], [0.0, 0.0, 0.0], [0.0, 0.0, 0.0], [0.0, 0.0, 0.0], [0.0, 0.0, 0.0], [0.0, 0.0, 0.0], [0.0, 0.0, 0.0], [0.0, 0.0, 0.0], [0.0, 0.0, 0.0], [0.0, 0.0, 0.0], [0.0, 0.0, 0.0], [0.0, 0.0, 0.0], [0.0, 0.0, 0.0], [0.0, 0.0, 0.0]], "action_params_change": 0, "value_params_change": 0.3334512122703772}
{"iterations": 1, "type_itr": 0, "sub_iteration": 8, "sub_it_time": 0.11328411102294922, "total_time": 1.0374140739440918, "value_loss": 8.870400428771973, "action_loss": -0.22457358241081238, "action_probs": [[0.18850002103474053, 0.6821621096552251, 0.028001896747489933, 0.10133597256254445], [0.08089880000965172, 0.196593312266423, 0.210636693904374, 0.5118711938195513], [0.09130235676533659, 0.08390443951560508, 0.4298096018080884, 0.39498360191096993], [0.7337285706000253, 0.26557513465049487, 0.0005112473300837943, 0.0001850474193960807], [0.23862554056192598, 0.16771360986369926, 0.34863153351517084, 0.245029316059204], [0.09175559207489317, 0.8627414807747645, 0.004374186302484357, 0.04112874084785792], [0.13541003079843728, 0.6400730710587796, 0.03920374282750202, 0.18531315531528122], [0.009750749955907571, 3.989759410509392e-06, 0.9898402427792197, 0.0004050175054624002], [0.03410061635724649, 0.8486193671144099, 0.0045306789524302135, 0.11274933757591357], [0.21299041861799023, 0.2595614016354846, 0.23773352209975593, 0.28971465764676924], [0.20858547628305846, 0.2916192273175438, 0.20841475338612797, 0.2913805430132698], [0.0941554678177339, 0.7864090528153335, 0.012770788704664237, 0.10666469066226848], [0.29736706275972796, 0.31595456253424087, 0.18747979490194044, 0.19919857980409095], [0.003403851850370947, 0.9950255821268065, 5.354383475674768e-06, 0.001565211639347003], [0.01009180218269215, 0.14022311737201298, 0.057045925812560995, 0.7926391546327339], [0.00016260937854055172, 0.00022265451666887877, 0.42191010639503806, 0.5777046297097526]], "state_values": [1.2476767249596572, 2.9919310257994667, 4.352701019311608, -4.995238308450254, 1.4725318098905582, -0.28366331169143816, -4.30598458875066, 1.5813705961736857, -0.8509552158136955, -4.8522833052639, -1.7770818726450845, 4.848979534008103, 4.903911609451072, 3.8109827116869006, -3.1662791585180257, 2.0114180530450403], "value_grad": [4.118399143218994, -1.623600959777832, -3.445199966430664, -3.643199920654297, -2.177999496459961, -3.286799907684326, -1.4651994705200195, -1.7027997970581055, 4.751999378204346, -1.4256000518798828, 0.03959941864013672, -4.514399528503418, -1.108799934387207, -2.969999313354492, 0.3959999084472656, 3.4452009201049805], "action_grad": [[0.0, 0.0, 0.0], [0.0, 0.0, 0.0], [0.0, 0.0, 0.0], [0.0, 0.0, 0.0], [0.0, 0.0, 0.0], [0.0, 0.0, 0.0], [0.0, 0.0, 0.0], [0.0, 0.0, 0.0], [0.0, 0.0, 0.0], [0.0, 0.0, 0.0], [0.0, 0.0, 0.0], [0.0, 0.0, 0.0], [0.0, 0.0, 0.0], [0.0, 0.0, 0.0], [0.0, 0.0, 0.0], [0.0, 0.0, 0.0]], "action_params_change": 0, "value_params_change": 0.3385468009799927}
{"iterations": 1, "type_itr": 0, "sub_iteration": 9, "sub_it_time": 0.11178302764892578, "total_time": 1.150956153869629, "value_loss": 10.533599853515625, "action_loss": -0.13583077490329742, "action_probs": [[0.18850002103474053, 0.6821621096552251, 0.028001896747489933, 0.10133597256254445], [0.08089880000965172, 0.196593312266423, 0.210636693904374, 0.5118711938195513], [0.09130235676533659, 0.08390443951560508, 0.4298096018080884, 0.39498360191096993], [0.7337285706000253, 0.26557513465049487, 0.0005112473300837943, 0.0001850474193960807], [0.23862554056192598, 0.16771360986369926, 0.34863153351517084, 0.245029316059204], [0.09175559207489317, 0.8627414807747645, 0.004374186302484357, 0.04112874084785792], [0.13541003079843728, 0.6400730710587796, 0.03920374282750202, 0.18531315531528122], [0.009750749955907571, 3.989759410509392e-06, 0.9898402427792197, 0.0004050175054624002], [0.03410061635724649, 0.8486193671144099, 0.0045306789524302135, 0.11274933757591357], [0.21299041861799023, 0.2595614016354846, 0.23773352209975593, 0.28971465764676924], [0.20858547628305846, 0.2916192273175438, 0.20841475338612797, 0.2913805430132698], [0.0941554678177339, 0.7864090528153335, 0.012770788704664237, 0.10666469066226848], [0.29736706275972796, 0.31595456253424087, 0.18747979490194044, 0.19919857980409095], [0.003403851850370947, 0.9950255821268065, 5.354383475674768e-06, 0.001565211639347003], [0.01009180218269215, 0.14022311737201298, 0.057045925812560995, 0.7926391546327339], [0.00016260937854055172, 0.00022265451666887877, 0.42191010639503806, 0.5777046297097526]], "state_values": [0.9635927455613416, 3.0929608352444022, 4.2692560032226545, -4.969373439951412, 1.0206670813051344, -0.10831705692135533, -4.2943573354846505, 1.4713253307992948, -0.48863061495476895, -4.7777621413445175, -1.5144138253770782, 4.6161607525432995, 4.89245821374772, 3.9196524421183567, -3.388068846334886, 2.0785744269528417], "value_grad": [-3.9203996658325195, -0.3564004898071289, -3.960000991821289, -2.613597869873047, -0.23759937286376953, -1.0296010971069336, 1.0692014694213867, 1.7820005416870117, -0.8712005615234375, -0.9108009338378906, -0.47519969940185547, 0.23759841918945312, 2.296799659729004, -0.8316001892089844, -3.0492019653320312, 2.0988006591796875], "action_grad": [[0.0, 0.0, 0.0], [0.0, 0.0, 0.0], [0.0, 0.0, 0.0], [0.0, 0.0, 0.0], [0.0, 0.0, 0.0], [0.0, 0.0, 0.0], [0.0, 0.0, 0.0], [0.0, 0.0, 0.0], [0.0, 0.0, 0.0], [0.0, 0.0, 0.0], [0.0, 0.0, 0.0], [0.0, 0.0, 0.0], [0.0, 0.0, 0.0], [0.0, 0.0, 0.0], [0.0, 0.0, 0.0], [0.0, 0.0, 0.0]], "action_params_change": 0, "value_params_change": 0.29596737855253485}
{"iterations": 1, "type_itr": 0, "sub_iteration": 10, "sub_it_time": 0.11887192726135254, "total_time": 1.2714567184448242, "value_loss": 9.107999801635742, "action_loss": -0.18110769987106323, "action_probs": [[0.18850002103474053, 0.6821621096552251, 0.028001896747489933, 0.10133597256254445], [0.08089880000965172, 0.196593312266423, 0.210636693904374, 0.5118711938195513], [0.09130235676533659, 0.08390443951560508, 0.4298096018080884, 0.39498360191096993], [0.7337285706000253, 0.26557513465049487, 0.0005112473300837943, 0.0001850474193960807], [0.23862554056192598, 0.16771360986369926, 0.34863153351517084, 0.245029316059204], [0.09175559207489317, 0.8627414807747645, 0.004374186302484357, 0.04112874084785792], [0.13541003079843728, 0.6400730710587796, 0.03920374282750202, 0.18531315531528122], [0.009750749955907571, 3.989759410509392e-06, 0.9898402427792197, 0.0004050175054624002], [0.03410061635724649, 0.8486193671144099, 0.0045306789524302135, 0.11274933757591357], [0.21299041861799023, 0.2595614016354846, 0.23773352209975593, 0.28971465764676924], [0.20858547628305846, 0.2916192273175438, 0.20841475338612797, 0.2913805430132698], [0.0941554678177339, 0.7864090528153335, 0.012770788704664237, 0.10666469066226848], [0.29736706275972796, 0.31595456253424087, 0.18747979490194044, 0.19919857980409095], [0.003403851850370947, 0.9950255821268065, 5.354383475674768e-06, 0.001565211639347003], [0.01009180218269215, 0.14022311737201298, 0.057045925812560995, 0.7926391546327339], [0.00016260937854055172, 0.00022265451666887877, 0.42191010639503806, 0.5777046297097526]], "state_values": [0.6333593850236415, 3.3224391042627337, 4.21268170438822, -4.8799697142847736, 0.6371827863091397, 0.2497082353845443, -4.067061192653649, 1.3440823497890613, 0.05839817852829862, -4.67865373776966, -1.1293147800811936, 4.310355886157835, 4.938055824825977, 3.744887606574357, -3.38699848917778, 2.1611266836564904], "value_grad": [1.1484003067016602, 2.4155988693237305, 0.47519874572753906, -3.841200828552246, 0.4752016067504883, -3.2076005935668945, 6.534000396728516, -0.3167991638183594, 2.692800521850586, -0.514801025390625, -2.296799659729004, -0.3563995361328125, 5.781601905822754, -5.979599952697754, -3.7223997116088867, 0.3959999084472656], "action_grad": [[0.0, 0.0, 0.0], [0.0, 0.0, 0.0], [0.0, 0.0, 0.0], [0.0, 0.0, 0.0], [0.0, 0.0, 0.0], [0.0, 0.0, 0.0], [0.0, 0.0, 0.0], [0.0, 0.0, 0.0], [0.0, 0.0, 0.0], [0.0, 0.0, 0.0], [0.0, 0.0, 0.0], [0.0, 0.0, 0.0], [0.0, 0.0, 0.0], [0.0, 0.0, 0.0], [0.0, 0.0, 0.0], [0.0, 0.0, 0.0]], "action_params_change": 0, "value_params_change": 0.2741330821084582}
{"iterations": 1, "type_itr": 0, "sub_iteration": 11, "sub_it_time": 0.11393475532531738, "total_time": 1.3869819641113281, "value_loss": 9.97920036315918, "action_loss": -0.18110769987106323, "action_probs": [[0.18850002103474053, 0.6821621096552251, 0.028001896747489933, 0.10133597256254445], [0.08089880000965172, 0.196593312266423, 0.210636693904374, 0.5118711938195513], [0.09130235676533659, 0.08390443951560508, 0.4298096018080884, 0.39498360191096993], [0.7337285706000253, 0.26557513465049487, 0.0005112473300837943, 0.0001850474193960807], [0.23862554056192598, 0.16771360986369926, 0.34863153351517084, 0.245029316059204], [0.09175559207489317, 0.8627414807747645, 0.004374186302484357, 0.04112874084785792], [0.13541003079843728, 0.6400730710587796, 0.03920374282750202, 0.18531315531528122], [0.009750749955907571, 3.989759410509392e-06, 0.9898402427792197, 0.0004050175054624002], [0.03410061635724649, 0.8486193671144099, 0.0045306789524302135, 0.11274933757591357], [0.21299041861799023, 0.2595614016354846, 0.23773352209975593, 0.28971465764676924], [0.20858547628305846, 0.2916192273175438, 0.20841475338612797, 0.2913805430132698], [0.0941554678177339, 0.7864090528153335, 0.012770788704664237, 0.10666469066226848], [0.29736706275972796, 0.31595456253424087, 0.18747979490194044, 0.19919857980409095], [0.003403851850370947, 0.9950255821268065, 5.354383475674768e-06, 0.001565211639347003], [0.01009180218269215, 0.14022311737201298, 0.057045925812560995, 0.7926391546327339], [0.00016260937854055172, 0.00022265451666887877, 0.42191010639503806, 0.5777046297097526]], "state_values": [0.49952399114259827, 3.5636300844862827, 4.199152588056125, -4.765601615568875, 0.23772552902027316, 0.6328855056641912, -3.883011976232782, 1.0730700087222829, 0.6608094923103031, -4.492346208550036, -0.4698965064737118, 4.183620753372099, 4.954188100478374, 3.4731271152075185, -3.2301751900917686, 2.1198363467424803], "value_grad": [-2.4552011489868164, 0.8316001892089844, 0.8315987586975098, 0.6732006072998047, -0.8712005615234375, -0.9900016784667969, -1.1088008880615234, -1.8612003326416016, 1.3463993072509766, -2.019598960876465, -7.761600017547607, 5.346000671386719, -2.217599391937256, -2.494802474975586, -3.4056005477905273, -2.0195999145507812], "action_grad": [[0.0, 0.0, 0.0], [0.0, 0.0, 0.0], [0.0, 0.0, 0.0], [0.0, 0.0, 0.0], [0.0, 0.0, 0.0], [0.0, 0.0, 0.0], [0.0, 0.0, 0.0], [0.0, 0.0, 0.0], [0.0, 0.0, 0.0], [0.0, 0.0, 0.0], [0.0, 0.0, 0.0], [0.0, 0.0, 0.0], [0.0, 0.0, 0.0], [0.0, 0.0, 0.0], [0.0, 0.0, 0.0], [0.0, 0.0, 0.0]], "action_params_change": 0, "value_params_change": 0.26742119838471723}
{"iterations": 1, "type_itr": 0, "sub_iteration": 12, "sub_it_time": 0.11312651634216309, "total_time": 1.5016839504241943, "value_loss": 9.97920036315918, "action_loss": 0.03259938582777977, "action_probs": [[0.18850002103474053, 0.6821621096552251, 0.028001896747489933, 0.10133597256254445], [0.08089880000965172, 0.196593312266423, 0.210636693904374, 0.5118711938195513], [0.09130235676533659, 0.08390443951560508, 0.4298096018080884, 0.39498360191096993], [0.7337285706000253, 0.26557513465049487, 0.0005112473300837943, 0.0001850474193960807], [0.23862554056192598, 0.16771360986369926, 0.34863153351517084, 0.245029316059204], [0.09175559207489317, 0.8627414807747645, 0.004374186302484357, 0.04112874084785792], [0.13541003079843728, 0.6400730710587796, 0.03920374282750202, 0.18531315531528122], [0.009750749955907571, 3.989759410509392e-06, 0.9898402427792197, 0.0004050175054624002], [0.03410061635724649, 0.8486193671144099, 0.0045306789524302135, 0.11274933757591357], [0.21299041861799023, 0.2595614016354846, 0.23773352209975593, 0.28971465764676924], [0.20858547628305846, 0.2916192273175438, 0.20841475338612797, 0.2913805430132698], [0.0941554678177339, 0.7864090528153335, 0.012770788704664237, 0.10666469066226848], [0.29736706275972796, 0.31595456253424087, 0.18747979490194044, 0.19919857980409095], [0.003403851850370947, 0.9950255821268065, 5.354383475674768e-06, 0.001565211639347003], [0.01009180218269215, 0.14022311737201298, 0.057045925812560995, 0.7926391546327339], [0.00016260937854055172, 0.00022265451666887877, 0.42191010639503806, 0.5777046297097526]], "state_values": [0.35605614184854373, 3.8589322047323225, 4.173995096516536, -4.636355894439752, -0.05476810175834074, 1.1980378082656262, -3.8074767118707307, 1.3322682887335535, 1.185307247543123, -4.220265766189523, 0.006586375800287036, 4.089392880121367, 4.950439109862687, 3.067207961561068, -3.042565916816256, 1.8631820486003894], "value_grad": [0.3564004898071289, 1.9799995422363281, -0.27720069885253906, 0.1979999542236328, 1.1087989807128906, -4.474799633026123, -2.494800090789795, 7.246800422668457, -0.11880207061767578, -1.425600528717041, 2.257200241088867, 0.8711996078491211, -2.53439998626709, -3.4452028274536133, -0.8711996078491211, -4.237201690673828], "action_grad": [[0.0, 0.0, 0.0], [0.0, 0.0, 0.0], [0.0, 0.0, 0.0], [0.0, 0.0, 0.0], [0.0, 0.0, 0.0], [0.0, 0.0, 0.0], [0.0, 0.0, 0.0], [0.0, 0.0, 0.0], [0.0, 0.0, 0.0], [0.0, 0.0, 0.0], [0.0, 0.0, 0.0], [0.0, 0.0, 0.0], [0.0, 0.0, 0.0], [0.0, 0.0, 0.0], [0.0, 0.0, 0.0], [0.0, 0.0, 0.0]], "action_params_change": 0, "value_params_change": 0.2300881162986519}
{"iterations": 1, "type_itr": 0, "sub_iteration": 13, "sub_it_time": 0.11414384841918945, "total_time": 1.6174335479736328, "value_loss": 5.50439977645874, "action_loss": -0.15937477350234985, "action_probs": [[0.18850002103474053, 0.6821621096552251, 0.028001896747489933, 0.10133597256254445], [0.08089880000965172, 0.196593312266423, 0.210636693904374, 0.5118711938195513], [0.09130235676533659, 0.08390443951560508, 0.4298096018080884, 0.39498360191096993], [0.7337285706000253, 0.26557513465049487, 0.0005112473300837943, 0.0001850474193960807], [0.23862554056192598, 0.16771360986369926, 0.34863153351517084, 0.245029316059204], [0.09175559207489317, 0.8627414807747645, 0.004374186302484357, 0.04112874084785792], [0.13541003079843728, 0.6400730710587796, 0.03920374282750202, 0.18531315531528122], [0.009750749955907571, 3.989759410509392e-06, 0.9898402427792197, 0.0004050175054624002], [0.03410061635724649, 0.8486193671144099, 0.0045306789524302135, 0.11274933757591357], [0.21299041861799023, 0.2595614016354846, 0.23773352209975593, 0.28971465764676924], [0.20858547628305846, 0.2916192273175438, 0.20841475338612797, 0.2913805430132698], [0.0941554678177339, 0.7864090528153335, 0.012770788704664237, 0.10666469066226848], [0.29736706275972796, 0.31595456253424087, 0.18747979490194044, 0.19919857980409095], [0.003403851850370947, 0.9950255821268065, 5.354383475674768e-06, 0.001565211639347003], [0.01009180218269215, 0.14022311737201298, 0.057045925812560995, 0.7926391546327339], [0.00016260937854055172, 0.00022265451666887877, 0.42191010639503806, 0.5777046297097526]], "state_values": [0.07236058194362405, 4.151151968583623, 4.221628226786709, -4.467099932882113, -0.14316723532035464, 1.9028060741654613, -3.6036039653243783, 1.6725739913039657, 1.788828019404582, -3.9293138485171766, 0.43510662724838783, 4.10868717044581, 4.954829433248948, 2.5635881580705884, -3.0446038473046495, 1.5437186128648825], "value_grad": [2.5739994049072266, 1.2672004699707031, 1.5444002151489258, -0.9503993988037109, 2.8511996269226074, -5.42519998550415, 3.6432008743286133, 2.0196008682250977, 1.9404001235961914, 0.0, 0.039600372314453125, 3.366000175476074, 1.1484003067016602, -2.3759984970092773, 3.6035985946655273, -1.5839996337890625], "action_grad": [[0.0, 0.0, 0.0], [0.0, 0.0, 0.0], [0.0, 0.0, 0.0], [0.0, 0.0, 0.0], [0.0, 0.0, 0.0], [0.0, 0.0, 0.0], [0.0, 0.0, 0.0], [0.0, 0.0, 0.0], [0.0, 0.0, 0.0], [0.0, 0.0, 0.0], [0.0, 0.0, 0.0], [0.0, 0.0, 0.0], [0.0, 0.0, 0.0], [0.0, 0.0, 0.0], [0.0, 0.0, 0.0], [0.0, 0.0, 0.0]], "action_params_change": 0, "value_params_change": 0.29688296405989867}
