{"iterations": 0, "type_itr": 0, "sub_iteration": 0, "sub_it_time": 0, "total_time": 0, "value_loss": 0, "action_loss": 0, "action_probs": [[0.2992909743419686, 0.17803276179931218, 0.32772786356761924, 0.1949484002911], [0.008166368868276357, 0.2049317411325274, 0.03015573951760072, 0.7567461504815955], [0.048829730590036834, 0.673451905187466, 0.018775104105052537, 0.2589432601174445], [0.1784745370174042, 0.40418072609167227, 0.1278378715671429, 0.2895068653237808], [8.910749842496961e-07, 0.994961226941246, 4.511860831736984e-09, 0.0050378774719089655], [0.49804290758622133, 0.38849722986590973, 0.0637397873491371, 0.04972007519873172], [0.41869430994603857, 0.03465085386002528, 0.5048719776721776, 0.041782858521758365], [1.2352704435065668e-05, 9.672975448603284e-07, 0.9273677222896902, 0.07261895770832984], [0.38922586767655515, 0.6047675117593018, 0.0023520600330449878, 0.0036545605310980183], [0.06990336076201924, 0.8120696646762262, 0.009354574283425957, 0.10867240027832864], [0.1279014111809252, 0.8460037194073534, 0.003426997679255569, 0.022667871732465802], [0.5946461337688286, 0.09400207385074948, 0.2688515522620658, 0.042500240118356146], [0.3988578766493075, 0.21106662324387868, 0.2550884342779597, 0.13498706582885406], [0.11991938478721385, 0.8253615510177628, 0.006941720990925637, 0.04777734320409751], [0.11264094978284607, 0.011739813842378386, 0.7929729610807985, 0.082646275293977], [0.0399251272697182, 0.3632253741808378, 0.05910768337063958, 0.5377418151788043]], "state_values": [3.7037110561250537, 4.788413959818099, 0.40318474268033727, 4.797747767009067, 4.938318548359653, -4.949342608570091, -3.1565124006917022, -3.2957988128696183, 4.534281159239281, 0.6411813032432198, 4.662352908459934, 4.916237841000483, -1.4313631834281038, 4.937486464612357, 4.962718123078258, 0.3940486484388831], "value_grad": [0.0, 0.0, 0.0, 0.0, 0.0, 0.0, 0.0, 0.0, 0.0, 0.0, 0.0, 0.0, 0.0, 0.0, 0.0, 0.0], "action_grad": [[0.0, 0.0, 0.0], [0.0, 0.0, 0.0], [0.0, 0.0, 0.0], [0.0, 0.0, 0.0], [0.0, 0.0, 0.0], [0.0, 0.0, 0.0], [0.0, 0.0, 0.0], [0.0, 0.0, 0.0], [0.0, 0.0, 0.0], [0.0, 0.0, 0.0], [0.0, 0.0, 0.0], [0.0, 0.0, 0.0], [0.0, 0.0, 0.0], [0.0, 0.0, 0.0], [0.0, 0.0, 0.0], [0.0, 0.0, 0.0]], "action_params_change": 0, "value_params_change": 0}
{"iterations": 1, "type_itr": 0, "sub_iteration": 0, "sub_it_time": 0.11823296546936035, "total_time": 0.11973428726196289, "value_loss": 14.057999610900879, "action_loss": -1.6625686883926392, "action_probs": [[0.2992909743419686, 0.17803276179931218, 0.32772786356761924, 0.1949484002911], [0.008166368868276357, 0.2049317411325274, 0.03015573951760072, 0.7567461504815955], [0.048829730590036834, 0.673451905187466, 0.018775104105052537, 0.2589432601174445], [0.1784745370174042, 0.40418072609167227, 0.1278378715671429, 0.2895068653237808], [8.910749842496961e-07, 0.994961226941246, 4.511860831736984e-09, 0.0050378774719089655], [0.49804290758622133, 0.38849722986590973, 0.0637397873491371, 0.04972007519873172], [0.41869430994603857, 0.03465085386002528, 0.5048719776721776, 0.041782858521758365], [1.2352704435065668e-05, 9.672975448603284e-07, 0.9273677222896902, 0.07261895770832984], [0.38922586767655515, 0.6047675117593018, 0.0023520600330449878, 0.0036545605310980183], [0.06990336076201924, 0.8120696646762262, 0.009354574283425957, 0.10867240027832864], [0.1279014111809252, 0.8460037194073534, 0.003426997679255569, 0.022667871732465802], [0.5946461337688286, 0.09400207385074948, 0.2688515522620658, 0.042500240118356146], [0.3988578766493075, 0.21106662324387868, 0.2550884342779597, 0.13498706582885406], [0.11991938478721385, 0.8253615510177628, 0.006941720990925637, 0.04777734320409751], [0.11264094978284607, 0.011739813842378386, 0.7929729610807985, 0.082646275293977], [0.0399251272697182, 0.3632253741808378, 0.05910768337063958, 0.5377418151788043]], "state_values": [2.7575548838462325, 4.283507609826924, 1.623642191617893, 4.996867703743861, 4.978502990085375, -4.971120269811915, -2.0990298213332923, -2.263097903683408, 3.8719915701256524, 1.8480550407513454, 4.070543307892641, 4.988881846226224, -2.57211385924426, 4.978990773487369, 4.959219482739097, -0.8513736252835646], "value_grad": [4.910399436950684, -0.5939998626708984, -3.5244016647338867, 1.5839996337890625, -1.5443992614746094, -2.6927995681762695, -5.504399299621582, -1.7819976806640625, 2.8115997314453125, 0.9107990264892578, -0.5147991180419922, 0.6336002349853516, -3.445201873779297, 2.415599822998047, -2.6532020568847656, 1.4256000518798828], "action_grad": [[0.0, 0.0, 0.0], [0.0, 0.0, 0.0], [0.0, 0.0, 0.0], [0.0, 0.0, 0.0], [0.0, 0.0, 0.0], [0.0, 0.0, 0.0], [0.0, 0.0, 0.0], [0.0, 0.0, 0.0], [0.0, 0.0, 0.0], [0.0, 0.0, 0.0], [0.0, 0.0, 0.0], [0.0, 0.0, 0.0], [0.0, 0.0, 0.0], [0.0, 0.0, 0.0], [0.0, 0.0, 0.0], [0.0, 0.0, 0.0]], "action_params_change": 0, "value_params_change": 0.49999999909163595}
{"iterations": 1, "type_itr": 0, "sub_iteration": 1, "sub_it_time": 0.12056756019592285, "total_time": 0.24241900444030762, "value_loss": 14.770801544189453, "action_loss": -1.5611484050750732, "action_probs": [[0.2992909743419686, 0.17803276179931218, 0.32772786356761924, 0.1949484002911], [0.008166368868276357, 0.2049317411325274, 0.03015573951760072, 0.7567461504815955], [0.048829730590036834, 0.673451905187466, 0.018775104105052537, 0.2589432601174445], [0.1784745370174042, 0.40418072609167227, 0.1278378715671429, 0.2895068653237808], [8.910749842496961e-07, 0.994961226941246, 4.511860831736984e-09, 0.0050378774719089655], [0.49804290758622133, 0.38849722986590973, 0.0637397873491371, 0.04972007519873172], [0.41869430994603857, 0.03465085386002528, 0.5048719776721776, 0.041782858521758365], [1.2352704435065668e-05, 9.672975448603284e-07, 0.9273677222896902, 0.07261895770832984], [0.38922586767655515, 0.6047675117593018, 0.0023520600330449878, 0.0036545605310980183], [0.06990336076201924, 0.8120696646762262, 0.009354574283425957, 0.10867240027832864], [0.1279014111809252, 0.8460037194073534, 0.003426997679255569, 0.022667871732465802], [0.5946461337688286, 0.09400207385074948, 0.2688515522620658, 0.042500240118356146], [0.3988578766493075, 0.21106662324387868, 0.2550884342779597, 0.13498706582885406], [0.11991938478721385, 0.8253615510177628, 0.006941720990925637, 0.04777734320409751], [0.11264094978284607, 0.011739813842378386, 0.7929729610807985, 0.082646275293977], [0.0399251272697182, 0.3632253741808378, 0.05910768337063958, 0.5377418151788043]], "state_values": [2.9462982613156306, 4.605777773884193, 2.528451309121111, 4.899289411444543, 4.708731957509775, -4.68397476946715, -1.7023317632546842, -1.2353308434930836, 3.089041925817349, 1.3341740406492653, 3.3964409037351975, 4.801234020825361, -3.035145373145382, 4.711347460395639, 4.8863672243411616, -1.8822712435381015], "value_grad": [-6.4151997566223145, 2.4947996139526367, -0.6731986999511719, 3.7619991302490234, -1.6236000061035156, -3.3660011291503906, 2.217599868774414, -7.405200004577637, 0.9899997711181641, -2.2175989151000977, -4.356001853942871, 3.049201011657715, 0.9503984451293945, 2.3363990783691406, 1.0692005157470703, 7.246798515319824], "action_grad": [[0.0, 0.0, 0.0], [0.0, 0.0, 0.0], [0.0, 0.0, 0.0], [0.0, 0.0, 0.0], [0.0, 0.0, 0.0], [0.0, 0.0, 0.0], [0.0, 0.0, 0.0], [0.0, 0.0, 0.0], [0.0, 0.0, 0.0], [0.0, 0.0, 0.0], [0.0, 0.0, 0.0], [0.0, 0.0, 0.0], [0.0, 0.0, 0.0], [0.0, 0.0, 0.0], [0.0, 0.0, 0.0], [0.0, 0.0, 0.0]], "action_params_change": 0, "value_params_change": 0.5004952571786572}
{"iterations": 1, "type_itr": 0, "sub_iteration": 2, "sub_it_time": 0.12301063537597656, "total_time": 0.3671586513519287, "value_loss": 10.414800643920898, "action_loss": -1.7639890909194946, "action_probs": [[0.2992909743419686, 0.17803276179931218, 0.32772786356761924, 0.1949484002911], [0.008166368868276357, 0.2049317411325274, 0.03015573951760072, 0.7567461504815955], [0.048829730590036834, 0.673451905187466, 0.018775104105052537, 0.2589432601174445], [0.1784745370174042, 0.40418072609167227, 0.1278378715671429, 0.2895068653237808], [8.910749842496961e-07, 0.994961226941246, 4.511860831736984e-09, 0.0050378774719089655], [0.49804290758622133, 0.38849722986590973, 0.0637397873491371, 0.04972007519873172], [0.41869430994603857, 0.03465085386002528, 0.5048719776721776, 0.041782858521758365], [1.2352704435065668e-05, 9.672975448603284e-07, 0.9273677222896902, 0.07261895770832984], [0.38922586767655515, 0.6047675117593018, 0.0023520600330449878, 0.0036545605310980183], [0.06990336076201924, 0.8120696646762262, 0.009354574283425957, 0.10867240027832864], [0.1279014111809252, 0.8460037194073534, 0.003426997679255569, 0.022667871732465802], [0.5946461337688286, 0.09400207385074948, 0.2688515522620658, 0.042500240118356146], [0.3988578766493075, 0.21106662324387868, 0.2550884342779597, 0.13498706582885406], [0.11991938478721385, 0.8253615510177628, 0.006941720990925637, 0.04777734320409751], [0.11264094978284607, 0.011739813842378386, 0.7929729610807985, 0.082646275293977], [0.0399251272697182, 0.3632253741808378, 0.05910768337063958, 0.5377418151788043]], "state_values": [3.1993818103443417, 4.462257819957014, 3.349823615866803, 4.5349833841067415, 4.1444976719093205, -4.23859636165806, -1.5637609623856428, -0.5487245894074292, 2.097610315911085, 0.44846473603952486, 2.494410387216509, 4.831129612892243, -3.624274632672424, 4.342434241499601, 4.884246357472725, -2.375740059700627], "value_grad": [-1.504800796508789, -3.68280029296875, -1.504800796508789, 1.9404001235961914, -1.7028007507324219, -0.23760032653808594, 1.346400260925293, 1.346400260925293, 3.0095996856689453, -4.237200736999512, -4.791600227355957, -3.9600000381469727, -2.257199287414551, -0.3168010711669922, 1.1483993530273438, -2.37600040435791], "action_grad": [[0.0, 0.0, 0.0], [0.0, 0.0, 0.0], [0.0, 0.0, 0.0], [0.0, 0.0, 0.0], [0.0, 0.0, 0.0], [0.0, 0.0, 0.0], [0.0, 0.0, 0.0], [0.0, 0.0, 0.0], [0.0, 0.0, 0.0], [0.0, 0.0, 0.0], [0.0, 0.0, 0.0], [0.0, 0.0, 0.0], [0.0, 0.0, 0.0], [0.0, 0.0, 0.0], [0.0, 0.0, 0.0], [0.0, 0.0, 0.0]], "action_params_change": 0, "value_params_change": 0.5012962651758159}
{"iterations": 1, "type_itr": 0, "sub_iteration": 3, "sub_it_time": 0.1223611831665039, "total_time": 0.4913482666015625, "value_loss": 7.8408002853393555, "action_loss": -1.6172916889190674, "action_probs": [[0.2992909743419686, 0.17803276179931218, 0.32772786356761924, 0.1949484002911], [0.008166368868276357, 0.2049317411325274, 0.03015573951760072, 0.7567461504815955], [0.048829730590036834, 0.673451905187466, 0.018775104105052537, 0.2589432601174445], [0.1784745370174042, 0.40418072609167227, 0.1278378715671429, 0.2895068653237808], [8.910749842496961e-07, 0.994961226941246, 4.511860831736984e-09, 0.0050378774719089655], [0.49804290758622133, 0.38849722986590973, 0.0637397873491371, 0.04972007519873172], [0.41869430994603857, 0.03465085386002528, 0.5048719776721776, 0.041782858521758365], [1.2352704435065668e-05, 9.672975448603284e-07, 0.9273677222896902, 0.07261895770832984], [0.38922586767655515, 0.6047675117593018, 0.0023520600330449878, 0.0036545605310980183], [0.06990336076201924, 0.8120696646762262, 0.009354574283425957, 0.10867240027832864], [0.1279014111809252, 0.8460037194073534, 0.003426997679255569, 0.022667871732465802], [0.5946461337688286, 0.09400207385074948, 0.2688515522620658, 0.042500240118356146], [0.3988578766493075, 0.21106662324387868, 0.2550884342779597, 0.13498706582885406], [0.11991938478721385, 0.8253615510177628, 0.006941720990925637, 0.04777734320409751], [0.11264094978284607, 0.011739813842378386, 0.7929729610807985, 0.082646275293977], [0.0399251272697182, 0.3632253741808378, 0.05910768337063958, 0.5377418151788043]], "state_values": [3.147838041771522, 4.591664671485311, 4.0829076317092285, 4.106927065311711, 3.5914607075089173, -4.007228237951743, -1.4991678507680815, 0.21772530460816628, 0.9621422470133089, -0.5682262824466813, 1.440243171980092, 4.736303356542696, -3.760927563145332, 4.169796320438309, 4.817619763216045, -2.493963476882901], "value_grad": [3.8015999794006348, 4.355999946594238, -3.60360050201416, -0.5543994903564453, 0.5147991180419922, 2.177999496459961, 0.43559932708740234, -2.494800567626953, 3.7224016189575195, -3.286799430847168, -3.3660011291503906, 3.366000175476074, 2.415599822998047, -1.6632003784179688, -1.22760009765625, -3.207601547241211], "action_grad": [[0.0, 0.0, 0.0], [0.0, 0.0, 0.0], [0.0, 0.0, 0.0], [0.0, 0.0, 0.0], [0.0, 0.0, 0.0], [0.0, 0.0, 0.0], [0.0, 0.0, 0.0], [0.0, 0.0, 0.0], [0.0, 0.0, 0.0], [0.0, 0.0, 0.0], [0.0, 0.0, 0.0], [0.0, 0.0, 0.0], [0.0, 0.0, 0.0], [0.0, 0.0, 0.0], [0.0, 0.0, 0.0], [0.0, 0.0, 0.0]], "action_params_change": 0, "value_params_change": 0.4785649962483709}
{"iterations": 1, "type_itr": 0, "sub_iteration": 4, "sub_it_time": 0.12273097038269043, "total_time": 0.615837812423706, "value_loss": 10.81080150604248, "action_loss": -1.3981515169143677, "action_probs": [[0.2992909743419686, 0.17803276179931218, 0.32772786356761924, 0.1949484002911], [0.008166368868276357, 0.2049317411325274, 0.03015573951760072, 0.7567461504815955], [0.048829730590036834, 0.673451905187466, 0.018775104105052537, 0.2589432601174445], [0.1784745370174042, 0.40418072609167227, 0.1278378715671429, 0.2895068653237808], [8.910749842496961e-07, 0.994961226941246, 4.511860831736984e-09, 0.0050378774719089655], [0.49804290758622133, 0.38849722986590973, 0.0637397873491371, 0.04972007519873172], [0.41869430994603857, 0.03465085386002528, 0.5048719776721776, 0.041782858521758365], [1.2352704435065668e-05, 9.672975448603284e-07, 0.9273677222896902, 0.07261895770832984], [0.38922586767655515, 0.6047675117593018, 0.0023520600330449878, 0.0036545605310980183], [0.06990336076201924, 0.8120696646762262, 0.009354574283425957, 0.10867240027832864], [0.1279014111809252, 0.8460037194073534, 0.003426997679255569, 0.022667871732465802], [0.5946461337688286, 0.09400207385074948, 0.2688515522620658, 0.042500240118356146], [0.3988578766493075, 0.21106662324387868, 0.2550884342779597, 0.13498706582885406], [0.11991938478721385, 0.8253615510177628, 0.006941720990925637, 0.04777734320409751], [0.11264094978284607, 0.011739813842378386, 0.7929729610807985, 0.082646275293977], [0.0399251272697182, 0.3632253741808378, 0.05910768337063958, 0.5377418151788043]], "state_values": [3.0226935869229528, 4.777828754306862, 4.386762295093642, 3.498378045680264, 3.7187861836822313, -3.5635393977109744, -0.9971894945844377, 1.0817718854689784, 0.113515918342401, -1.1240457766679686, 1.2792673019272627, 4.695631002623745, -3.7818469763130302, 3.75972684722488, 4.585066972714582, -2.7913776703473347], "value_grad": [1.3860015869140625, 3.168001174926758, 2.3759994506835938, 2.0592002868652344, 4.593599319458008, -3.524399757385254, -5.979599952697754, -3.6827993392944336, -1.1483993530273438, 2.217599868774414, 7.801200866699219, -1.3463993072509766, 0.9900016784667969, 3.68280029296875, -4.949999809265137, 3.207599639892578], "action_grad": [[0.0, 0.0, 0.0], [0.0, 0.0, 0.0], [0.0, 0.0, 0.0], [0.0, 0.0, 0.0], [0.0, 0.0, 0.0], [0.0, 0.0, 0.0], [0.0, 0.0, 0.0], [0.0, 0.0, 0.0], [0.0, 0.0, 0.0], [0.0, 0.0, 0.0], [0.0, 0.0, 0.0], [0.0, 0.0, 0.0], [0.0, 0.0, 0.0], [0.0, 0.0, 0.0], [0.0, 0.0, 0.0], [0.0, 0.0, 0.0]], "action_params_change": 0, "value_params_change": 0.3777847710929092}
{"iterations": 1, "type_itr": 0, "sub_iteration": 5, "sub_it_time": 0.122711181640625, "total_time": 0.7402853965759277, "value_loss": 9.028800964355469, "action_loss": -1.3945293426513672, "action_probs": [[0.2992909743419686, 0.17803276179931218, 0.32772786356761924, 0.1949484002911], [0.008166368868276357, 0.2049317411325274, 0.03015573951760072, 0.7567461504815955], [0.048829730590036834, 0.673451905187466, 0.018775104105052537, 0.2589432601174445], [0.1784745370174042, 0.40418072609167227, 0.1278378715671429, 0.2895068653237808], [8.910749842496961e-07, 0.994961226941246, 4.511860831736984e-09, 0.0050378774719089655], [0.49804290758622133, 0.38849722986590973, 0.0637397873491371, 0.04972007519873172], [0.41869430994603857, 0.03465085386002528, 0.5048719776721776, 0.041782858521758365], [1.2352704435065668e-05, 9.672975448603284e-07, 0.9273677222896902, 0.07261895770832984], [0.38922586767655515, 0.6047675117593018, 0.0023520600330449878, 0.0036545605310980183], [0.06990336076201924, 0.8120696646762262, 0.009354574283425957, 0.10867240027832864], [0.1279014111809252, 0.8460037194073534, 0.003426997679255569, 0.022667871732465802], [0.5946461337688286, 0.09400207385074948, 0.2688515522620658, 0.042500240118356146], [0.3988578766493075, 0.21106662324387868, 0.2550884342779597, 0.13498706582885406], [0.11991938478721385, 0.8253615510177628, 0.006941720990925637, 0.04777734320409751], [0.11264094978284607, 0.011739813842378386, 0.7929729610807985, 0.082646275293977], [0.0399251272697182, 0.3632253741808378, 0.05910768337063958, 0.5377418151788043]], "state_values": [2.9698412234604077, 4.855924500900149, 4.420912461028795, 2.748303528355747, 3.6962212545536905, -2.9788812511810043, -0.3412837170694983, 1.9537177854433327, -0.5846915280652463, -1.8664164952654092, 1.043082208194011, 4.724677050972632, -4.057496507639383, 3.478423094357186, 4.180005074547721, -2.7998276178200765], "value_grad": [-0.9899997711181641, -1.742401123046875, 3.6431994438171387, 1.465200424194336, -1.6236000061035156, -2.177999496459961, -3.524400234222412, -2.890800952911377, -0.3168010711669922, -4.633199691772461, -1.6631994247436523, -1.8611998558044434, -4.237199783325195, -1.3068008422851562, -3.6432008743286133, -3.9995999336242676], "action_grad": [[0.0, 0.0, 0.0], [0.0, 0.0, 0.0], [0.0, 0.0, 0.0], [0.0, 0.0, 0.0], [0.0, 0.0, 0.0], [0.0, 0.0, 0.0], [0.0, 0.0, 0.0], [0.0, 0.0, 0.0], [0.0, 0.0, 0.0], [0.0, 0.0, 0.0], [0.0, 0.0, 0.0], [0.0, 0.0, 0.0], [0.0, 0.0, 0.0], [0.0, 0.0, 0.0], [0.0, 0.0, 0.0], [0.0, 0.0, 0.0]], "action_params_change": 0, "value_params_change": 0.38597065564075317}
{"iterations": 1, "type_itr": 0, "sub_iteration": 6, "sub_it_time": 0.12392544746398926, "total_time": 0.8659634590148926, "value_loss": 7.88040018081665, "action_loss": -1.2170436382293701, "action_probs": [[0.2992909743419686, 0.17803276179931218, 0.32772786356761924, 0.1949484002911], [0.008166368868276357, 0.2049317411325274, 0.03015573951760072, 0.7567461504815955], [0.048829730590036834, 0.673451905187466, 0.018775104105052537, 0.2589432601174445], [0.1784745370174042, 0.40418072609167227, 0.1278378715671429, 0.2895068653237808], [8.910749842496961e-07, 0.994961226941246, 4.511860831736984e-09, 0.0050378774719089655], [0.49804290758622133, 0.38849722986590973, 0.0637397873491371, 0.04972007519873172], [0.41869430994603857, 0.03465085386002528, 0.5048719776721776, 0.041782858521758365], [1.2352704435065668e-05, 9.672975448603284e-07, 0.9273677222896902, 0.07261895770832984], [0.38922586767655515, 0.6047675117593018, 0.0023520600330449878, 0.0036545605310980183], [0.06990336076201924, 0.8120696646762262, 0.009354574283425957, 0.10867240027832864], [0.1279014111809252, 0.8460037194073534, 0.003426997679255569, 0.022667871732465802], [0.5946461337688286, 0.09400207385074948, 0.2688515522620658, 0.042500240118356146], [0.3988578766493075, 0.21106662324387868, 0.2550884342779597, 0.13498706582885406], [0.11991938478721385, 0.8253615510177628, 0.006941720990925637, 0.04777734320409751], [0.11264094978284607, 0.011739813842378386, 0.7929729610807985, 0.082646275293977], [0.0399251272697182, 0.3632253741808378, 0.05910768337063958, 0.5377418151788043]], "state_values": [3.0695472961796932, 4.964953336186413, 4.349858566914107, 2.1826408165390774, 3.4684318789707307, -2.3956085258916104, 0.46387550706712743, 2.5867317104012875, -1.3126698837835276, -2.316640277508799, 0.8030751023469123, 4.867725152656351, -4.351005782134819, 3.2715605658363724, 3.934706492702368, -2.710784602688851], "value_grad": [-2.7323999404907227, 6.375601291656494, 2.375999927520752, -1.386000156402588, -3.0492005348205566, -0.1584005355834961, -4.831199645996094, 1.2275991439819336, 1.3859996795654297, 2.059199333190918, -0.5543994903564453, -6.930001735687256, -1.8216004371643066, -0.6336002349853516, 3.1283998489379883, -1.8215999603271484], "action_grad": [[0.0, 0.0, 0.0], [0.0, 0.0, 0.0], [0.0, 0.0, 0.0], [0.0, 0.0, 0.0], [0.0, 0.0, 0.0], [0.0, 0.0, 0.0], [0.0, 0.0, 0.0], [0.0, 0.0, 0.0], [0.0, 0.0, 0.0], [0.0, 0.0, 0.0], [0.0, 0.0, 0.0], [0.0, 0.0, 0.0], [0.0, 0.0, 0.0], [0.0, 0.0, 0.0], [0.0, 0.0, 0.0], [0.0, 0.0, 0.0]], "action_params_change": 0, "value_params_change": 0.3224371296886752}
{"iterations": 1, "type_itr": 0, "sub_iteration": 7, "sub_it_time": 0.12242865562438965, "total_time": 0.9902081489562988, "value_loss": 8.3951997756958, "action_loss": -1.2985422611236572, "action_probs": [[0.2992909743419686, 0.17803276179931218, 0.32772786356761924, 0.1949484002911], [0.008166368868276357, 0.2049317411325274, 0.03015573951760072, 0.7567461504815955], [0.048829730590036834, 0.673451905187466, 0.018775104105052537, 0.2589432601174445], [0.1784745370174042, 0.40418072609167227, 0.1278378715671429, 0.2895068653237808], [8.910749842496961e-07, 0.994961226941246, 4.511860831736984e-09, 0.0050378774719089655], [0.49804290758622133, 0.38849722986590973, 0.0637397873491371, 0.04972007519873172], [0.41869430994603857, 0.03465085386002528, 0.5048719776721776, 0.041782858521758365], [1.2352704435065668e-05, 9.672975448603284e-07, 0.9273677222896902, 0.07261895770832984], [0.38922586767655515, 0.6047675117593018, 0.0023520600330449878, 0.0036545605310980183], [0.06990336076201924, 0.8120696646762262, 0.009354574283425957, 0.10867240027832864], [0.1279014111809252, 0.8460037194073534, 0.003426997679255569, 0.022667871732465802], [0.5946461337688286, 0.09400207385074948, 0.2688515522620658, 0.042500240118356146], [0.3988578766493075, 0.21106662324387868, 0.2550884342779597, 0.13498706582885406], [0.11991938478721385, 0.8253615510177628, 0.006941720990925637, 0.04777734320409751], [0.11264094978284607, 0.011739813842378386, 0.7929729610807985, 0.082646275293977], [0.0399251272697182, 0.3632253741808378, 0.05910768337063958, 0.5377418151788043]], "state_values": [3.1057520134531535, 4.999487515221832, 4.220819935703943, 1.4222560945912701, 3.1050275203584876, -1.7949244600065335, 1.0786000608517519, 3.1843002768909696, -1.5151799334742044, -2.739208597634966, 0.5070551314081285, 4.956967879756886, -4.612541856524137, 3.032012075579785, 3.598805256788088, -2.6166490427656606], "value_grad": [0.9899997711181641, 2.2176003456115723, 1.4651999473571777, 3.4056010246276855, -2.336399555206299, -0.5543994903564453, 1.386000633239746, -1.821599006652832, -3.8411998748779297, -0.7128009796142578, -1.5047998428344727, -0.6731996536254883, -1.386000156402588, 0.5544004440307617, -1.9404001235961914, -0.27719879150390625], "action_grad": [[0.0, 0.0, 0.0], [0.0, 0.0, 0.0], [0.0, 0.0, 0.0], [0.0, 0.0, 0.0], [0.0, 0.0, 0.0], [0.0, 0.0, 0.0], [0.0, 0.0, 0.0], [0.0, 0.0, 0.0], [0.0, 0.0, 0.0], [0.0, 0.0, 0.0], [0.0, 0.0, 0.0], [0.0, 0.0, 0.0], [0.0, 0.0, 0.0], [0.0, 0.0, 0.0], [0.0, 0.0, 0.0], [0.0, 0.0, 0.0]], "action_params_change": 0, "value_params_change": 0.3266043393485365}
{"iterations": 1, "type_itr": 0, "sub_iteration": 8, "sub_it_time": 0.12290334701538086, "total_time": 1.1148805618286133, "value_loss": 7.8408002853393555, "action_loss": -1.1880666017532349, "action_probs": [[0.2992909743419686, 0.17803276179931218, 0.32772786356761924, 0.1949484002911], [0.008166368868276357, 0.2049317411325274, 0.03015573951760072, 0.7567461504815955], [0.048829730590036834, 0.673451905187466, 0.018775104105052537, 0.2589432601174445], [0.1784745370174042, 0.40418072609167227, 0.1278378715671429, 0.2895068653237808], [8.910749842496961e-07, 0.994961226941246, 4.511860831736984e-09, 0.0050378774719089655], [0.49804290758622133, 0.38849722986590973, 0.0637397873491371, 0.04972007519873172], [0.41869430994603857, 0.03465085386002528, 0.5048719776721776, 0.041782858521758365], [1.2352704435065668e-05, 9.672975448603284e-07, 0.9273677222896902, 0.07261895770832984], [0.38922586767655515, 0.6047675117593018, 0.0023520600330449878, 0.0036545605310980183], [0.06990336076201924, 0.8120696646762262, 0.009354574283425957, 0.10867240027832864], [0.1279014111809252, 0.8460037194073534, 0.003426997679255569, 0.022667871732465802], [0.5946461337688286, 0.09400207385074948, 0.2688515522620658, 0.042500240118356146], [0.3988578766493075, 0.21106662324387868, 0.2550884342779597, 0.13498706582885406], [0.11991938478721385, 0.8253615510177628, 0.006941720990925637, 0.04777734320409751], [0.11264094978284607, 0.011739813842378386, 0.7929729610807985, 0.082646275293977], [0.0399251272697182, 0.3632253741808378, 0.05910768337063958, 0.5377418151788043]], "state_values": [3.2544799211150157, 4.9386395667029, 4.082428162209058, 1.2076569305141447, 2.6164746172252666, -1.1417505456474633, 1.4100359679824996, 3.7256458588952253, -1.962339439153924, -3.018442221821167, 0.36715786227196845, 4.990798257092082, -4.725116854962623, 2.7493758341745376, 3.5271546545681254, -2.2977943223147594], "value_grad": [-2.4947991371154785, 2.296800136566162, 0.316800594329834, -4.672800540924072, -2.2176003456115723, -1.1087994575500488, 3.3264000415802, -1.7820005416870117, 4.27679967880249, 1.188000202178955, 2.177999973297119, 1.3067998886108398, 2.2176003456115723, 0.6732006072998047, 4.3560004234313965, -5.108400344848633], "action_grad": [[0.0, 0.0, 0.0], [0.0, 0.0, 0.0], [0.0, 0.0, 0.0], [0.0, 0.0, 0.0], [0.0, 0.0, 0.0], [0.0, 0.0, 0.0], [0.0, 0.0, 0.0], [0.0, 0.0, 0.0], [0.0, 0.0, 0.0], [0.0, 0.0, 0.0], [0.0, 0.0, 0.0], [0.0, 0.0, 0.0], [0.0, 0.0, 0.0], [0.0, 0.0, 0.0], [0.0, 0.0, 0.0], [0.0, 0.0, 0.0]], "action_params_change": 0, "value_params_change": 0.30061958691768464}
{"iterations": 1, "type_itr": 0, "sub_iteration": 9, "sub_it_time": 0.12159585952758789, "total_time": 1.2383644580841064, "value_loss": 8.197200775146484, "action_loss": -1.1391674280166626, "action_probs": [[0.2992909743419686, 0.17803276179931218, 0.32772786356761924, 0.1949484002911], [0.008166368868276357, 0.2049317411325274, 0.03015573951760072, 0.7567461504815955], [0.048829730590036834, 0.673451905187466, 0.018775104105052537, 0.2589432601174445], [0.1784745370174042, 0.40418072609167227, 0.1278378715671429, 0.2895068653237808], [8.910749842496961e-07, 0.994961226941246, 4.511860831736984e-09, 0.0050378774719089655], [0.49804290758622133, 0.38849722986590973, 0.0637397873491371, 0.04972007519873172], [0.41869430994603857, 0.03465085386002528, 0.5048719776721776, 0.041782858521758365], [1.2352704435065668e-05, 9.672975448603284e-07, 0.9273677222896902, 0.07261895770832984], [0.38922586767655515, 0.6047675117593018, 0.0023520600330449878, 0.0036545605310980183], [0.06990336076201924, 0.8120696646762262, 0.009354574283425957, 0.10867240027832864], [0.1279014111809252, 0.8460037194073534, 0.003426997679255569, 0.022667871732465802], [0.5946461337688286, 0.09400207385074948, 0.2688515522620658, 0.042500240118356146], [0.3988578766493075, 0.21106662324387868, 0.2550884342779597, 0.13498706582885406], [0.11991938478721385, 0.8253615510177628, 0.006941720990925637, 0.04777734320409751], [0.11264094978284607, 0.011739813842378386, 0.7929729610807985, 0.082646275293977], [0.0399251272697182, 0.3632253741808378, 0.05910768337063958, 0.5377418151788043]], "state_values": [3.524844325933718, 4.788060750318815, 3.976367033661134, 0.7536997707295316, 2.198692690396574, -0.7802821691433702, 1.391963544358913, 4.261257814287715, -2.4316595167124873, -3.095237686989699, 0.28964493704385763, 4.9993462186470214, -4.778914699595549, 2.1578251970216105, 3.709423990648089, -2.113520275921379], "value_grad": [-3.603600025177002, 0.7128000259399414, -0.5147995948791504, 4.276799201965332, 0.6336007118225098, 2.336400032043457, 5.939999580383301, -6.969601631164551, 1.425600528717041, 2.7323999404907227, 0.8712005615234375, 1.425600528717041, 1.2671995162963867, 10.612799644470215, 6.098399639129639, 2.1780009269714355], "action_grad": [[0.0, 0.0, 0.0], [0.0, 0.0, 0.0], [0.0, 0.0, 0.0], [0.0, 0.0, 0.0], [0.0, 0.0, 0.0], [0.0, 0.0, 0.0], [0.0, 0.0, 0.0], [0.0, 0.0, 0.0], [0.0, 0.0, 0.0], [0.0, 0.0, 0.0], [0.0, 0.0, 0.0], [0.0, 0.0, 0.0], [0.0, 0.0, 0.0], [0.0, 0.0, 0.0], [0.0, 0.0, 0.0], [0.0, 0.0, 0.0]], "action_params_change": 0, "value_params_change": 0.3590916439921876}
{"iterations": 1, "type_itr": 0, "sub_iteration": 10, "sub_it_time": 0.12220096588134766, "total_time": 1.3626186847686768, "value_loss": 8.078400611877441, "action_loss": -1.0757797956466675, "action_probs": [[0.2992909743419686, 0.17803276179931218, 0.32772786356761924, 0.1949484002911], [0.008166368868276357, 0.2049317411325274, 0.03015573951760072, 0.7567461504815955], [0.048829730590036834, 0.673451905187466, 0.018775104105052537, 0.2589432601174445], [0.1784745370174042, 0.40418072609167227, 0.1278378715671429, 0.2895068653237808], [8.910749842496961e-07, 0.994961226941246, 4.511860831736984e-09, 0.0050378774719089655], [0.49804290758622133, 0.38849722986590973, 0.0637397873491371, 0.04972007519873172], [0.41869430994603857, 0.03465085386002528, 0.5048719776721776, 0.041782858521758365], [1.2352704435065668e-05, 9.672975448603284e-07, 0.9273677222896902, 0.07261895770832984], [0.38922586767655515, 0.6047675117593018, 0.0023520600330449878, 0.0036545605310980183], [0.06990336076201924, 0.8120696646762262, 0.009354574283425957, 0.10867240027832864], [0.1279014111809252, 0.8460037194073534, 0.003426997679255569, 0.022667871732465802], [0.5946461337688286, 0.09400207385074948, 0.2688515522620658, 0.042500240118356146], [0.3988578766493075, 0.21106662324387868, 0.2550884342779597, 0.13498706582885406], [0.11991938478721385, 0.8253615510177628, 0.006941720990925637, 0.04777734320409751], [0.11264094978284607, 0.011739813842378386, 0.7929729610807985, 0.082646275293977], [0.0399251272697182, 0.3632253741808378, 0.05910768337063958, 0.5377418151788043]], "state_values": [3.7094595054142787, 4.584272739516318, 4.016437979064801, 0.26586024145893955, 1.600354118619054, -0.12769660938954278, 1.4160302226621126, 4.646071999981946, -2.889450114244651, -3.0388853583970805, 0.23509850790620734, 4.998287729596644, -4.764087662481527, 1.6011113384631983, 3.7571188181291193, -1.883090486949181], "value_grad": [1.0692014694213867, -0.23759984970092773, -2.851199150085449, 1.1879997253417969, -3.484799385070801, -6.6132001876831055, -0.8712005615234375, -1.1879992485046387, 1.069200038909912, 2.296800136566162, 0.27719974517822266, -0.19800090789794922, 2.534400463104248, -0.1583995819091797, -2.9303998947143555, -1.306800365447998], "action_grad": [[0.0, 0.0, 0.0], [0.0, 0.0, 0.0], [0.0, 0.0, 0.0], [0.0, 0.0, 0.0], [0.0, 0.0, 0.0], [0.0, 0.0, 0.0], [0.0, 0.0, 0.0], [0.0, 0.0, 0.0], [0.0, 0.0, 0.0], [0.0, 0.0, 0.0], [0.0, 0.0, 0.0], [0.0, 0.0, 0.0], [0.0, 0.0, 0.0], [0.0, 0.0, 0.0], [0.0, 0.0, 0.0], [0.0, 0.0, 0.0]], "action_params_change": 0, "value_params_change": 0.34401384800745816}
{"iterations": 1, "type_itr": 0, "sub_iteration": 11, "sub_it_time": 0.1190330982208252, "total_time": 1.4834246635437012, "value_loss": 7.642800807952881, "action_loss": -1.246021032333374, "action_probs": [[0.2992909743419686, 0.17803276179931218, 0.32772786356761924, 0.1949484002911], [0.008166368868276357, 0.2049317411325274, 0.03015573951760072, 0.7567461504815955], [0.048829730590036834, 0.673451905187466, 0.018775104105052537, 0.2589432601174445], [0.1784745370174042, 0.40418072609167227, 0.1278378715671429, 0.2895068653237808], [8.910749842496961e-07, 0.994961226941246, 4.511860831736984e-09, 0.0050378774719089655], [0.49804290758622133, 0.38849722986590973, 0.0637397873491371, 0.04972007519873172], [0.41869430994603857, 0.03465085386002528, 0.5048719776721776, 0.041782858521758365], [1.2352704435065668e-05, 9.672975448603284e-07, 0.9273677222896902, 0.07261895770832984], [0.38922586767655515, 0.6047675117593018, 0.0023520600330449878, 0.0036545605310980183], [0.06990336076201924, 0.8120696646762262, 0.009354574283425957, 0.10867240027832864], [0.1279014111809252, 0.8460037194073534, 0.003426997679255569, 0.022667871732465802], [0.5946461337688286, 0.09400207385074948, 0.2688515522620658, 0.042500240118356146], [0.3988578766493075, 0.21106662324387868, 0.2550884342779597, 0.13498706582885406], [0.11991938478721385, 0.8253615510177628, 0.006941720990925637, 0.04777734320409751], [0.11264094978284607, 0.011739813842378386, 0.7929729610807985, 0.082646275293977], [0.0399251272697182, 0.3632253741808378, 0.05910768337063958, 0.5377418151788043]], "state_values": [3.8374414523664, 4.465420828559327, 4.0003577198067575, -0.4276074398602378, 1.131785170094399, 0.5762270997858768, 1.6016727819644367, 4.9000448717441865, -3.3733194348568603, -2.800863601700669, 0.16897076557929505, 4.999760498445089, -4.7551189630680675, 0.84911104570785, 3.637139152557176, -1.6446814764422768], "value_grad": [0.7920000553131104, -3.9204001426696777, 1.148399829864502, 5.7024006843566895, 1.1880006790161133, -2.098799705505371, -3.76200008392334, -2.8511996269226074, 2.1780004501342773, 3.76200008392334, -0.316800594329834, 4.514400482177734, -0.1979994773864746, 7.405200958251953, -4.831200122833252, -0.5544009208679199], "action_grad": [[0.0, 0.0, 0.0], [0.0, 0.0, 0.0], [0.0, 0.0, 0.0], [0.0, 0.0, 0.0], [0.0, 0.0, 0.0], [0.0, 0.0, 0.0], [0.0, 0.0, 0.0], [0.0, 0.0, 0.0], [0.0, 0.0, 0.0], [0.0, 0.0, 0.0], [0.0, 0.0, 0.0], [0.0, 0.0, 0.0], [0.0, 0.0, 0.0], [0.0, 0.0, 0.0], [0.0, 0.0, 0.0], [0.0, 0.0, 0.0]], "action_params_change": 0, "value_params_change": 0.3564506742301784}
{"iterations": 1, "type_itr": 0, "sub_iteration": 12, "sub_it_time": 0.1210331916809082, "total_time": 1.6061882972717285, "value_loss": 4.791600227355957, "action_loss": -1.1717668771743774, "action_probs": [[0.2992909743419686, 0.17803276179931218, 0.32772786356761924, 0.1949484002911], [0.008166368868276357, 0.2049317411325274, 0.03015573951760072, 0.7567461504815955], [0.048829730590036834, 0.673451905187466, 0.018775104105052537, 0.2589432601174445], [0.1784745370174042, 0.40418072609167227, 0.1278378715671429, 0.2895068653237808], [8.910749842496961e-07, 0.994961226941246, 4.511860831736984e-09, 0.0050378774719089655], [0.49804290758622133, 0.38849722986590973, 0.0637397873491371, 0.04972007519873172], [0.41869430994603857, 0.03465085386002528, 0.5048719776721776, 0.041782858521758365], [1.2352704435065668e-05, 9.672975448603284e-07, 0.9273677222896902, 0.07261895770832984], [0.38922586767655515, 0.6047675117593018, 0.0023520600330449878, 0.0036545605310980183], [0.06990336076201924, 0.8120696646762262, 0.009354574283425957, 0.10867240027832864], [0.1279014111809252, 0.8460037194073534, 0.003426997679255569, 0.022667871732465802], [0.5946461337688286, 0.09400207385074948, 0.2688515522620658, 0.042500240118356146], [0.3988578766493075, 0.21106662324387868, 0.2550884342779597, 0.13498706582885406], [0.11991938478721385, 0.8253615510177628, 0.006941720990925637, 0.04777734320409751], [0.11264094978284607, 0.011739813842378386, 0.7929729610807985, 0.082646275293977], [0.0399251272697182, 0.3632253741808378, 0.05910768337063958, 0.5377418151788043]], "state_values": [4.067759656928714, 4.243119901722816, 4.003671924140871, -0.9082205866635595, 0.7029653482934829, 1.1519973013568479, 1.6769109676053615, 4.997619270611369, -3.7427904901338156, -2.526374076948091, 0.08161214206121192, 4.999968873710303, -4.817866644491913, 0.10337201129530665, 3.4746667729726814, -1.271863183042852], "value_grad": [-3.9996001720428467, 4.2372002601623535, -0.39600038528442383, -2.296800136566162, 0.03959989547729492, 0.7919998168945312, 2.059199810028076, -0.9504003524780273, -0.47520017623901367, 0.9900002479553223, -0.5147995948791504, -0.7523994445800781, -3.405600070953369, 1.2275996208190918, -1.4652001857757568, -3.366000175476074], "action_grad": [[0.0, 0.0, 0.0], [0.0, 0.0, 0.0], [0.0, 0.0, 0.0], [0.0, 0.0, 0.0], [0.0, 0.0, 0.0], [0.0, 0.0, 0.0], [0.0, 0.0, 0.0], [0.0, 0.0, 0.0], [0.0, 0.0, 0.0], [0.0, 0.0, 0.0], [0.0, 0.0, 0.0], [0.0, 0.0, 0.0], [0.0, 0.0, 0.0], [0.0, 0.0, 0.0], [0.0, 0.0, 0.0], [0.0, 0.0, 0.0]], "action_params_change": 0, "value_params_change": 0.3388585802444242}
{"iterations": 1, "type_itr": 0, "sub_iteration": 13, "sub_it_time": 0.12333369255065918, "total_time": 1.7314245700836182, "value_loss": 6.692399978637695, "action_loss": -1.1210566759109497, "action_probs": [[0.2992909743419686, 0.17803276179931218, 0.32772786356761924, 0.1949484002911], [0.008166368868276357, 0.2049317411325274, 0.03015573951760072, 0.7567461504815955], [0.048829730590036834, 0.673451905187466, 0.018775104105052537, 0.2589432601174445], [0.1784745370174042, 0.40418072609167227, 0.1278378715671429, 0.2895068653237808], [8.910749842496961e-07, 0.994961226941246, 4.511860831736984e-09, 0.0050378774719089655], [0.49804290758622133, 0.38849722986590973, 0.0637397873491371, 0.04972007519873172], [0.41869430994603857, 0.03465085386002528, 0.5048719776721776, 0.041782858521758365], [1.2352704435065668e-05, 9.672975448603284e-07, 0.9273677222896902, 0.07261895770832984], [0.38922586767655515, 0.6047675117593018, 0.0023520600330449878, 0.0036545605310980183], [0.06990336076201924, 0.8120696646762262, 0.009354574283425957, 0.10867240027832864], [0.1279014111809252, 0.8460037194073534, 0.003426997679255569, 0.022667871732465802], [0.5946461337688286, 0.09400207385074948, 0.2688515522620658, 0.042500240118356146], [0.3988578766493075, 0.21106662324387868, 0.2550884342779597, 0.13498706582885406], [0.11991938478721385, 0.8253615510177628, 0.006941720990925637, 0.04777734320409751], [0.11264094978284607, 0.011739813842378386, 0.7929729610807985, 0.082646275293977], [0.0399251272697182, 0.3632253741808378, 0.05910768337063958, 0.5377418151788043]], "state_values": [4.289732442494441, 4.058569843487934, 3.898129429576246, -1.5138189146508172, 0.1946848356173857, 1.644835292100187, 1.833761759943612, 4.952361669237476, -3.824787807291391, -2.1874522660843554, -0.07331050610829064, 4.998844965059229, -4.770774040881635, -0.6807896204507554, 3.2392375246858545, -1.1176736777299168], "value_grad": [-1.267200231552124, -1.4652001857757568, 2.4552001953125, 4.1579999923706055, -1.7027997970581055, 0.23759984970092773, -2.1384003162384033, -1.8215999603271484, -4.791600227355957, 1.5443999767303467, -1.4256000518798828, 1.7424006462097168, 5.544000148773193, 2.930400848388672, -2.336400032043457, 3.6827995777130127], "action_grad": [[0.0, 0.0, 0.0], [0.0, 0.0, 0.0], [0.0, 0.0, 0.0], [0.0, 0.0, 0.0], [0.0, 0.0, 0.0], [0.0, 0.0, 0.0], [0.0, 0.0, 0.0], [0.0, 0.0, 0.0], [0.0, 0.0, 0.0], [0.0, 0.0, 0.0], [0.0, 0.0, 0.0], [0.0, 0.0, 0.0], [0.0, 0.0, 0.0], [0.0, 0.0, 0.0], [0.0, 0.0, 0.0], [0.0, 0.0, 0.0]], "action_params_change": 0, "value_params_change": 0.3380226774796705}
