{"iterations": 0, "type_itr": 0, "sub_iteration": 0, "sub_it_time": 0, "total_time": 0, "value_loss": 0, "action_loss": 0, "action_probs": [[0.9650079616541822, 0.0010090477146753886, 0.033947493886569785, 3.549674457243015e-05], [0.005451778555464892, 0.33401584227066206, 0.010608011012086404, 0.6499243681617867], [0.10157300279305206, 0.5883410165488827, 0.0456525933615762, 0.2644333872964892], [0.9300160180387261, 0.05970887102522998, 0.009655226278772645, 0.000619884657271184], [0.3490381763075017, 0.23424156778650224, 0.24936795701306358, 0.16735229889293252], [0.11289078136841864, 0.0017460247205208414, 0.8718782925434436, 0.013484901367617127], [0.4802257694396754, 0.2838836969045614, 0.1482519429714025, 0.08763859068436083], [0.025144380648976932, 0.11394566335429653, 0.15563333661441803, 0.7052766193823086], [0.006843613500104678, 0.9244139683558544, 0.0005051733806052007, 0.06823724476343572], [0.15516408848437374, 0.17728296822748268, 0.31156914121860396, 0.35598380206953956], [0.5082165346209732, 0.0038068235704422195, 0.48434860228237286, 0.0036280395262118055], [0.003938504934490332, 0.8780388690175378, 0.0005270347163086368, 0.11749559133166303], [0.04309207115571136, 0.07469119879927329, 0.32276694406929163, 0.5594497859757238], [0.7720241395714084, 0.12586977056681528, 0.08779251677784941, 0.014313573083926969], [0.001879124015534397, 0.08974732213926193, 0.018629409212522395, 0.8897441446326813], [0.3426770580710137, 0.2292415005530326, 0.25649401778189324, 0.17158742359406035]], "state_values": [3.7339299126212366, 0.10704511374335911, 4.558250717821699, 4.999511170038942, -2.6332441055764018, -0.8465439718565138, 4.161433648396989, 1.110207394649855, 2.157047855246053, -2.587875603775456, 4.678250244274769, 4.679379891357723, -3.9360236401762934, 4.023534039372947, -3.9340641956620894, -2.0960461276326825], "value_grad": [0.0, 0.0, 0.0, 0.0, 0.0, 0.0, 0.0, 0.0, 0.0, 0.0, 0.0, 0.0, 0.0, 0.0, 0.0, 0.0], "action_grad": [[0.0, 0.0, 0.0], [0.0, 0.0, 0.0], [0.0, 0.0, 0.0], [0.0, 0.0, 0.0], [0.0, 0.0, 0.0], [0.0, 0.0, 0.0], [0.0, 0.0, 0.0], [0.0, 0.0, 0.0], [0.0, 0.0, 0.0], [0.0, 0.0, 0.0], [0.0, 0.0, 0.0], [0.0, 0.0, 0.0], [0.0, 0.0, 0.0], [0.0, 0.0, 0.0], [0.0, 0.0, 0.0], [0.0, 0.0, 0.0]], "action_params_change": 0, "value_params_change": 0}
{"iterations": 1, "type_itr": 0, "sub_iteration": 0, "sub_it_time": 4.699935436248779, "total_time": 4.701386213302612, "value_loss": 9.961873809953318, "action_loss": -0.8728938908526359, "action_probs": [[0.9650079616541822, 0.0010090477146753886, 0.033947493886569785, 3.549674457243015e-05], [0.005451778555464892, 0.33401584227066206, 0.010608011012086404, 0.6499243681617867], [0.10157300279305206, 0.5883410165488827, 0.0456525933615762, 0.2644333872964892], [0.9300160180387261, 0.05970887102522998, 0.009655226278772645, 0.000619884657271184], [0.3490381763075017, 0.23424156778650224, 0.24936795701306358, 0.16735229889293252], [0.11289078136841864, 0.0017460247205208414, 0.8718782925434436, 0.013484901367617127], [0.4802257694396754, 0.2838836969045614, 0.1482519429714025, 0.08763859068436083], [0.025144380648976932, 0.11394566335429653, 0.15563333661441803, 0.7052766193823086], [0.006843613500104678, 0.9244139683558544, 0.0005051733806052007, 0.06823724476343572], [0.15516408848437374, 0.17728296822748268, 0.31156914121860396, 0.35598380206953956], [0.5082165346209732, 0.0038068235704422195, 0.48434860228237286, 0.0036280395262118055], [0.003938504934490332, 0.8780388690175378, 0.0005270347163086368, 0.11749559133166303], [0.04309207115571136, 0.07469119879927329, 0.32276694406929163, 0.5594497859757238], [0.7720241395714084, 0.12586977056681528, 0.08779251677784941, 0.014313573083926969], [0.001879124015534397, 0.08974732213926193, 0.018629409212522395, 0.8897441446326813], [0.3426770580710137, 0.2292415005530326, 0.25649401778189324, 0.17158742359406035]], "state_values": [2.7951532862903026, 1.340453599240902, 3.9081712448487202, 4.826791481751409, -1.4998134982632574, -2.0393879020852532, 3.3463285662482773, -0.13044638897350164, 0.9740054098233611, -1.448984047893218, 4.096234436789444, 4.098070677187273, -3.050802305578879, 3.164067569320405, -3.048285364304035, -0.9078076734116768], "value_grad": [0.13270989589537052, -0.9099764469878266, -0.26542428713282185, -0.018958924917473752, 1.118575079272313, 0.15166287127605216, 0.45501519714348504, -0.0568737183491006, 1.4029473139074433, -0.13270730029202582, -0.6825487781490125, 0.09479508155222227, -0.7583620236990409, -1.384051813854617, -1.0048364714846816, 0.6256198807571334], "action_grad": [[0.0, 0.0, 0.0], [0.0, 0.0, 0.0], [0.0, 0.0, 0.0], [0.0, 0.0, 0.0], [0.0, 0.0, 0.0], [0.0, 0.0, 0.0], [0.0, 0.0, 0.0], [0.0, 0.0, 0.0], [0.0, 0.0, 0.0], [0.0, 0.0, 0.0], [0.0, 0.0, 0.0], [0.0, 0.0, 0.0], [0.0, 0.0, 0.0], [0.0, 0.0, 0.0], [0.0, 0.0, 0.0], [0.0, 0.0, 0.0]], "action_params_change": 0, "value_params_change": 0.4999999964360744}
{"iterations": 1, "type_itr": 0, "sub_iteration": 1, "sub_it_time": 3.6730027198791504, "total_time": 8.376138687133789, "value_loss": 5.902842076566999, "action_loss": -0.8383223077325963, "action_probs": [[0.9650079616541822, 0.0010090477146753886, 0.033947493886569785, 3.549674457243015e-05], [0.005451778555464892, 0.33401584227066206, 0.010608011012086404, 0.6499243681617867], [0.10157300279305206, 0.5883410165488827, 0.0456525933615762, 0.2644333872964892], [0.9300160180387261, 0.05970887102522998, 0.009655226278772645, 0.000619884657271184], [0.3490381763075017, 0.23424156778650224, 0.24936795701306358, 0.16735229889293252], [0.11289078136841864, 0.0017460247205208414, 0.8718782925434436, 0.013484901367617127], [0.4802257694396754, 0.2838836969045614, 0.1482519429714025, 0.08763859068436083], [0.025144380648976932, 0.11394566335429653, 0.15563333661441803, 0.7052766193823086], [0.006843613500104678, 0.9244139683558544, 0.0005051733806052007, 0.06823724476343572], [0.15516408848437374, 0.17728296822748268, 0.31156914121860396, 0.35598380206953956], [0.5082165346209732, 0.0038068235704422195, 0.48434860228237286, 0.0036280395262118055], [0.003938504934490332, 0.8780388690175378, 0.0005270347163086368, 0.11749559133166303], [0.04309207115571136, 0.07469119879927329, 0.32276694406929163, 0.5594497859757238], [0.7720241395714084, 0.12586977056681528, 0.08779251677784941, 0.014313573083926969], [0.001879124015534397, 0.08974732213926193, 0.018629409212522395, 0.8897441446326813], [0.3426770580710137, 0.2292415005530326, 0.25649401778189324, 0.17158742359406035]], "state_values": [1.6825624468874396, 2.2378614232426486, 3.04870201921527, 4.950812912787838, -0.44008506212399107, -1.3511903151983342, 2.324768782270775, -0.9619975633429639, -0.1850559836925327, -0.33330866109334967, 3.2621038828377946, 3.2949061524469236, -1.976716645444479, 2.1131444059715254, -1.971755068126418, 0.3000077783778321], "value_grad": [0.13281913655825317, -0.13281757095138058, -0.17076994003275114, 0.056923478733308386, 0.36049722815341934, -0.7020415934476611, 0.5882056747719933, 0.0, 0.7020374557744349, -0.0569219855225116, -0.910786550583218, 0.18974519487647257, -0.7399983856495549, -1.2333471125784312, -1.062565739872067, 0.4174272004345019], "action_grad": [[0.0, 0.0, 0.0], [0.0, 0.0, 0.0], [0.0, 0.0, 0.0], [0.0, 0.0, 0.0], [0.0, 0.0, 0.0], [0.0, 0.0, 0.0], [0.0, 0.0, 0.0], [0.0, 0.0, 0.0], [0.0, 0.0, 0.0], [0.0, 0.0, 0.0], [0.0, 0.0, 0.0], [0.0, 0.0, 0.0], [0.0, 0.0, 0.0], [0.0, 0.0, 0.0], [0.0, 0.0, 0.0], [0.0, 0.0, 0.0]], "action_params_change": 0, "value_params_change": 0.5005327358890237}
{"iterations": 1, "type_itr": 0, "sub_iteration": 2, "sub_it_time": 2.7878615856170654, "total_time": 11.165645360946655, "value_loss": 2.866334725335759, "action_loss": -0.8538810762744157, "action_probs": [[0.9650079616541822, 0.0010090477146753886, 0.033947493886569785, 3.549674457243015e-05], [0.005451778555464892, 0.33401584227066206, 0.010608011012086404, 0.6499243681617867], [0.10157300279305206, 0.5883410165488827, 0.0456525933615762, 0.2644333872964892], [0.9300160180387261, 0.05970887102522998, 0.009655226278772645, 0.000619884657271184], [0.3490381763075017, 0.23424156778650224, 0.24936795701306358, 0.16735229889293252], [0.11289078136841864, 0.0017460247205208414, 0.8718782925434436, 0.013484901367617127], [0.4802257694396754, 0.2838836969045614, 0.1482519429714025, 0.08763859068436083], [0.025144380648976932, 0.11394566335429653, 0.15563333661441803, 0.7052766193823086], [0.006843613500104678, 0.9244139683558544, 0.0005051733806052007, 0.06823724476343572], [0.15516408848437374, 0.17728296822748268, 0.31156914121860396, 0.35598380206953956], [0.5082165346209732, 0.0038068235704422195, 0.48434860228237286, 0.0036280395262118055], [0.003938504934490332, 0.8780388690175378, 0.0005270347163086368, 0.11749559133166303], [0.04309207115571136, 0.07469119879927329, 0.32276694406929163, 0.5594497859757238], [0.7720241395714084, 0.12586977056681528, 0.08779251677784941, 0.014313573083926969], [0.001879124015534397, 0.08974732213926193, 0.018629409212522395, 0.8897441446326813], [0.3426770580710137, 0.2292415005530326, 0.25649401778189324, 0.17158742359406035]], "state_values": [0.4925836401872971, 2.5891204177914524, 2.4477994170490494, 4.999996987708124, 0.5120165789801046, -0.39553210490246404, 1.1616884640597902, -0.8558493523756331, -1.1051286063005037, 0.6398692922779883, 2.2220314443585925, 2.285995560705558, -0.8036681993110527, 0.9579570682923444, -0.7803223585999707, 1.330716915063547], "value_grad": [0.0949036829846075, 0.36063501309227597, 0.07592333687610742, 0.018981009834508455, 0.18980693587474118, -0.7971909969602216, 0.49350084591367693, 0.05694212534209564, 0.05694204002095349, -0.018980680065186828, -0.911085755785316, 0.1518468908068309, -0.5504428135288166, -0.9300593506987633, -0.9110779166978231, 0.11388416431633441], "action_grad": [[0.0, 0.0, 0.0], [0.0, 0.0, 0.0], [0.0, 0.0, 0.0], [0.0, 0.0, 0.0], [0.0, 0.0, 0.0], [0.0, 0.0, 0.0], [0.0, 0.0, 0.0], [0.0, 0.0, 0.0], [0.0, 0.0, 0.0], [0.0, 0.0, 0.0], [0.0, 0.0, 0.0], [0.0, 0.0, 0.0], [0.0, 0.0, 0.0], [0.0, 0.0, 0.0], [0.0, 0.0, 0.0], [0.0, 0.0, 0.0]], "action_params_change": 0, "value_params_change": 0.5005258065377949}
{"iterations": 1, "type_itr": 0, "sub_iteration": 3, "sub_it_time": 4.354337692260742, "total_time": 15.521646738052368, "value_loss": 1.3098182918093315, "action_loss": -0.88499093810312, "action_probs": [[0.9650079616541822, 0.0010090477146753886, 0.033947493886569785, 3.549674457243015e-05], [0.005451778555464892, 0.33401584227066206, 0.010608011012086404, 0.6499243681617867], [0.10157300279305206, 0.5883410165488827, 0.0456525933615762, 0.2644333872964892], [0.9300160180387261, 0.05970887102522998, 0.009655226278772645, 0.000619884657271184], [0.3490381763075017, 0.23424156778650224, 0.24936795701306358, 0.16735229889293252], [0.11289078136841864, 0.0017460247205208414, 0.8718782925434436, 0.013484901367617127], [0.4802257694396754, 0.2838836969045614, 0.1482519429714025, 0.08763859068436083], [0.025144380648976932, 0.11394566335429653, 0.15563333661441803, 0.7052766193823086], [0.006843613500104678, 0.9244139683558544, 0.0005051733806052007, 0.06823724476343572], [0.15516408848437374, 0.17728296822748268, 0.31156914121860396, 0.35598380206953956], [0.5082165346209732, 0.0038068235704422195, 0.48434860228237286, 0.0036280395262118055], [0.003938504934490332, 0.8780388690175378, 0.0005270347163086368, 0.11749559133166303], [0.04309207115571136, 0.07469119879927329, 0.32276694406929163, 0.5594497859757238], [0.7720241395714084, 0.12586977056681528, 0.08779251677784941, 0.014313573083926969], [0.001879124015534397, 0.08974732213926193, 0.018629409212522395, 0.8897441446326813], [0.3426770580710137, 0.2292415005530326, 0.25649401778189324, 0.17158742359406035]], "state_values": [-0.6197421597511256, 2.541754417106117, 2.390524230233892, 4.989071298526521, 1.0943975367091794, 0.6562460303022116, 0.03368641104887938, -0.36772812386313425, -1.6515272604182272, 1.2186670252933929, 1.058013410597562, 1.1731991428321409, 0.2978318127526232, -0.1528947040789296, 0.4110564601552326, 1.9887915790671047], "value_grad": [0.037964851192286764, 0.5315089377868616, 0.22778943414059616, -0.018982578620543533, -0.28473646682329967, -0.6264195475672041, 0.17084201671628607, 0.056947298075795016, -0.3796492971109122, 0.037964851192308746, -0.6833689933922098, 0.09491237226109384, -0.18982424898192884, -0.398630720110533, -0.5694729990816569, -0.1518595150442661], "action_grad": [[0.0, 0.0, 0.0], [0.0, 0.0, 0.0], [0.0, 0.0, 0.0], [0.0, 0.0, 0.0], [0.0, 0.0, 0.0], [0.0, 0.0, 0.0], [0.0, 0.0, 0.0], [0.0, 0.0, 0.0], [0.0, 0.0, 0.0], [0.0, 0.0, 0.0], [0.0, 0.0, 0.0], [0.0, 0.0, 0.0], [0.0, 0.0, 0.0], [0.0, 0.0, 0.0], [0.0, 0.0, 0.0], [0.0, 0.0, 0.0]], "action_params_change": 0, "value_params_change": 0.4945938292541321}
{"iterations": 1, "type_itr": 0, "sub_iteration": 4, "sub_it_time": 3.9593050479888916, "total_time": 19.482851266860962, "value_loss": 1.1389744534555903, "action_loss": -0.8858549521549912, "action_probs": [[0.9650079616541822, 0.0010090477146753886, 0.033947493886569785, 3.549674457243015e-05], [0.005451778555464892, 0.33401584227066206, 0.010608011012086404, 0.6499243681617867], [0.10157300279305206, 0.5883410165488827, 0.0456525933615762, 0.2644333872964892], [0.9300160180387261, 0.05970887102522998, 0.009655226278772645, 0.000619884657271184], [0.3490381763075017, 0.23424156778650224, 0.24936795701306358, 0.16735229889293252], [0.11289078136841864, 0.0017460247205208414, 0.8718782925434436, 0.013484901367617127], [0.4802257694396754, 0.2838836969045614, 0.1482519429714025, 0.08763859068436083], [0.025144380648976932, 0.11394566335429653, 0.15563333661441803, 0.7052766193823086], [0.006843613500104678, 0.9244139683558544, 0.0005051733806052007, 0.06823724476343572], [0.15516408848437374, 0.17728296822748268, 0.31156914121860396, 0.35598380206953956], [0.5082165346209732, 0.0038068235704422195, 0.48434860228237286, 0.0036280395262118055], [0.003938504934490332, 0.8780388690175378, 0.0005270347163086368, 0.11749559133166303], [0.04309207115571136, 0.07469119879927329, 0.32276694406929163, 0.5594497859757238], [0.7720241395714084, 0.12586977056681528, 0.08779251677784941, 0.014313573083926969], [0.001879124015534397, 0.08974732213926193, 0.018629409212522395, 0.8897441446326813], [0.3426770580710137, 0.2292415005530326, 0.25649401778189324, 0.17158742359406035]], "state_values": [-1.4101707223194568, 2.2132724741938623, 2.623292457418621, 4.962255037346448, 1.2643302847751503, 1.6598922914005154, -0.6073649633659643, 0.16932485968496794, -1.7797497933390969, 1.3511378134443006, -0.07036924842235201, 0.03404511162619336, 1.117839555343731, -1.0043654153381183, 1.4354039774426475, 2.260794754244272], "value_grad": [-0.03796506895102181, 0.6264252365135581, 0.2088080807621664, 4.39648317751562e-14, -0.5504935099121364, -0.3227031602404311, -0.36066798264252364, 0.01898252801957212, -0.7782847147439604, 0.07593013755294087, -0.24677301623110082, 0.07593013755294087, 0.17084274694092683, 0.24677284837528557, -0.09491263922496085, -0.3037209298946666], "action_grad": [[0.0, 0.0, 0.0], [0.0, 0.0, 0.0], [0.0, 0.0, 0.0], [0.0, 0.0, 0.0], [0.0, 0.0, 0.0], [0.0, 0.0, 0.0], [0.0, 0.0, 0.0], [0.0, 0.0, 0.0], [0.0, 0.0, 0.0], [0.0, 0.0, 0.0], [0.0, 0.0, 0.0], [0.0, 0.0, 0.0], [0.0, 0.0, 0.0], [0.0, 0.0, 0.0], [0.0, 0.0, 0.0], [0.0, 0.0, 0.0]], "action_params_change": 0, "value_params_change": 0.46007792246990586}
{"iterations": 1, "type_itr": 0, "sub_iteration": 5, "sub_it_time": 3.9983134269714355, "total_time": 23.482837438583374, "value_loss": 1.8223434468478001, "action_loss": -0.8504237902860325, "action_probs": [[0.9650079616541822, 0.0010090477146753886, 0.033947493886569785, 3.549674457243015e-05], [0.005451778555464892, 0.33401584227066206, 0.010608011012086404, 0.6499243681617867], [0.10157300279305206, 0.5883410165488827, 0.0456525933615762, 0.2644333872964892], [0.9300160180387261, 0.05970887102522998, 0.009655226278772645, 0.000619884657271184], [0.3490381763075017, 0.23424156778650224, 0.24936795701306358, 0.16735229889293252], [0.11289078136841864, 0.0017460247205208414, 0.8718782925434436, 0.013484901367617127], [0.4802257694396754, 0.2838836969045614, 0.1482519429714025, 0.08763859068436083], [0.025144380648976932, 0.11394566335429653, 0.15563333661441803, 0.7052766193823086], [0.006843613500104678, 0.9244139683558544, 0.0005051733806052007, 0.06823724476343572], [0.15516408848437374, 0.17728296822748268, 0.31156914121860396, 0.35598380206953956], [0.5082165346209732, 0.0038068235704422195, 0.48434860228237286, 0.0036280395262118055], [0.003938504934490332, 0.8780388690175378, 0.0005270347163086368, 0.11749559133166303], [0.04309207115571136, 0.07469119879927329, 0.32276694406929163, 0.5594497859757238], [0.7720241395714084, 0.12586977056681528, 0.08779251677784941, 0.014313573083926969], [0.001879124015534397, 0.08974732213926193, 0.018629409212522395, 0.8897441446326813], [0.3426770580710137, 0.2292415005530326, 0.25649401778189324, 0.17158742359406035]], "state_values": [-1.70746201272115, 1.7160286152703974, 2.8839986496461107, 4.999393269743421, 1.135911777975232, 2.3971989093158474, -0.6860150056423497, 0.6308558625139675, -1.6257289769588135, 1.1956761378399272, -0.944128460196019, -0.9915280138465337, 1.5764601653265717, -1.485695776854712, 2.1620778711681257, 2.229094933471548], "value_grad": [-0.11389230079582058, 0.5125159542497177, 0.0569461784026728, -0.18982273095610602, -0.6074247853369037, 0.15185625216750154, -0.6833521433424803, -4.39648317751562e-14, -0.8162279819062099, 0.07592805314909556, 0.22778392319518415, 0.018982004039540534, 0.398622409723846, 0.7023344722734668, 0.30371248200152756, -0.3796413144005575], "action_grad": [[0.0, 0.0, 0.0], [0.0, 0.0, 0.0], [0.0, 0.0, 0.0], [0.0, 0.0, 0.0], [0.0, 0.0, 0.0], [0.0, 0.0, 0.0], [0.0, 0.0, 0.0], [0.0, 0.0, 0.0], [0.0, 0.0, 0.0], [0.0, 0.0, 0.0], [0.0, 0.0, 0.0], [0.0, 0.0, 0.0], [0.0, 0.0, 0.0], [0.0, 0.0, 0.0], [0.0, 0.0, 0.0], [0.0, 0.0, 0.0]], "action_params_change": 0, "value_params_change": 0.412875926114749}
{"iterations": 1, "type_itr": 0, "sub_iteration": 6, "sub_it_time": 3.2690112590789795, "total_time": 26.753509521484375, "value_loss": 2.5056907314971983, "action_loss": -0.8089267483554765, "action_probs": [[0.9650079616541822, 0.0010090477146753886, 0.033947493886569785, 3.549674457243015e-05], [0.005451778555464892, 0.33401584227066206, 0.010608011012086404, 0.6499243681617867], [0.10157300279305206, 0.5883410165488827, 0.0456525933615762, 0.2644333872964892], [0.9300160180387261, 0.05970887102522998, 0.009655226278772645, 0.000619884657271184], [0.3490381763075017, 0.23424156778650224, 0.24936795701306358, 0.16735229889293252], [0.11289078136841864, 0.0017460247205208414, 0.8718782925434436, 0.013484901367617127], [0.4802257694396754, 0.2838836969045614, 0.1482519429714025, 0.08763859068436083], [0.025144380648976932, 0.11394566335429653, 0.15563333661441803, 0.7052766193823086], [0.006843613500104678, 0.9244139683558544, 0.0005051733806052007, 0.06823724476343572], [0.15516408848437374, 0.17728296822748268, 0.31156914121860396, 0.35598380206953956], [0.5082165346209732, 0.0038068235704422195, 0.48434860228237286, 0.0036280395262118055], [0.003938504934490332, 0.8780388690175378, 0.0005270347163086368, 0.11749559133166303], [0.04309207115571136, 0.07469119879927329, 0.32276694406929163, 0.5594497859757238], [0.7720241395714084, 0.12586977056681528, 0.08779251677784941, 0.014313573083926969], [0.001879124015534397, 0.08974732213926193, 0.018629409212522395, 0.8897441446326813], [0.3426770580710137, 0.2292415005530326, 0.25649401778189324, 0.17158742359406035]], "state_values": [-1.7317803721813876, 1.1438765558279869, 3.0163678573615686, 4.998131311826282, 0.8507993690953973, 2.7677070358902984, -0.3994697211655177, 0.7832793762403284, -1.2755478873805117, 0.7525493028506209, -1.430162514742064, -1.7234561097427368, 1.701619911713874, -1.6457451917146566, 2.5699633722149104, 1.9558783909773536], "value_grad": [-0.09490620249854542, 0.3037000196877546, -0.0759252087170692, 0.0759256885445172, -0.4365690170830847, 0.4935137319130165, -0.778229343919377, -0.03796240632107173, -0.7782313827442877, 0.11388751697893618, 0.6073990650774013, -0.05694364699521515, 0.5504565209810544, 0.8921187217665767, 0.5694381371425594, -0.43656958292952863], "action_grad": [[0.0, 0.0, 0.0], [0.0, 0.0, 0.0], [0.0, 0.0, 0.0], [0.0, 0.0, 0.0], [0.0, 0.0, 0.0], [0.0, 0.0, 0.0], [0.0, 0.0, 0.0], [0.0, 0.0, 0.0], [0.0, 0.0, 0.0], [0.0, 0.0, 0.0], [0.0, 0.0, 0.0], [0.0, 0.0, 0.0], [0.0, 0.0, 0.0], [0.0, 0.0, 0.0], [0.0, 0.0, 0.0], [0.0, 0.0, 0.0]], "action_params_change": 0, "value_params_change": 0.30456188109620763}
{"iterations": 1, "type_itr": 0, "sub_iteration": 7, "sub_it_time": 4.16549277305603, "total_time": 30.920815467834473, "value_loss": 2.790410424275082, "action_loss": -0.7241513756238032, "action_probs": [[0.9650079616541822, 0.0010090477146753886, 0.033947493886569785, 3.549674457243015e-05], [0.005451778555464892, 0.33401584227066206, 0.010608011012086404, 0.6499243681617867], [0.10157300279305206, 0.5883410165488827, 0.0456525933615762, 0.2644333872964892], [0.9300160180387261, 0.05970887102522998, 0.009655226278772645, 0.000619884657271184], [0.3490381763075017, 0.23424156778650224, 0.24936795701306358, 0.16735229889293252], [0.11289078136841864, 0.0017460247205208414, 0.8718782925434436, 0.013484901367617127], [0.4802257694396754, 0.2838836969045614, 0.1482519429714025, 0.08763859068436083], [0.025144380648976932, 0.11394566335429653, 0.15563333661441803, 0.7052766193823086], [0.006843613500104678, 0.9244139683558544, 0.0005051733806052007, 0.06823724476343572], [0.15516408848437374, 0.17728296822748268, 0.31156914121860396, 0.35598380206953956], [0.5082165346209732, 0.0038068235704422195, 0.48434860228237286, 0.0036280395262118055], [0.003938504934490332, 0.8780388690175378, 0.0005270347163086368, 0.11749559133166303], [0.04309207115571136, 0.07469119879927329, 0.32276694406929163, 0.5594497859757238], [0.7720241395714084, 0.12586977056681528, 0.08779251677784941, 0.014313573083926969], [0.001879124015534397, 0.08974732213926193, 0.018629409212522395, 0.8897441446326813], [0.3426770580710137, 0.2292415005530326, 0.25649401778189324, 0.17158742359406035]], "state_values": [-1.5529345227306333, 0.6093551142616268, 2.9697189193870948, 4.989383643925913, 0.46908634034892344, 2.791157129070392, 0.08764057032709392, 0.6138719112932389, -0.8091500980763038, 0.21252526348562406, -1.5680569252623497, -2.0942320160975236, 1.6032668081395198, -1.565255087742584, 2.7099275193772496, 1.4971750813254574], "value_grad": [-0.09490410173892494, 0.03796161330205505, -0.15184732631216624, 0.0, -0.34165397691107247, 0.7782187205975384, -0.6453461951934156, -0.05694229441404408, -0.5884052198497565, 0.05694229441397791, 0.7971945035020203, -0.11388483851032527, 0.5124820112115893, 0.9300607015303979, 0.7212744187691036, -0.4365594177952081], "action_grad": [[0.0, 0.0, 0.0], [0.0, 0.0, 0.0], [0.0, 0.0, 0.0], [0.0, 0.0, 0.0], [0.0, 0.0, 0.0], [0.0, 0.0, 0.0], [0.0, 0.0, 0.0], [0.0, 0.0, 0.0], [0.0, 0.0, 0.0], [0.0, 0.0, 0.0], [0.0, 0.0, 0.0], [0.0, 0.0, 0.0], [0.0, 0.0, 0.0], [0.0, 0.0, 0.0], [0.0, 0.0, 0.0], [0.0, 0.0, 0.0]], "action_params_change": 0, "value_params_change": 0.21728940690939957}
{"iterations": 1, "type_itr": 0, "sub_iteration": 8, "sub_it_time": 3.5171501636505127, "total_time": 34.439645528793335, "value_loss": 2.6955044721584955, "action_loss": -0.621990755827891, "action_probs": [[0.9650079616541822, 0.0010090477146753886, 0.033947493886569785, 3.549674457243015e-05], [0.005451778555464892, 0.33401584227066206, 0.010608011012086404, 0.6499243681617867], [0.10157300279305206, 0.5883410165488827, 0.0456525933615762, 0.2644333872964892], [0.9300160180387261, 0.05970887102522998, 0.009655226278772645, 0.000619884657271184], [0.3490381763075017, 0.23424156778650224, 0.24936795701306358, 0.16735229889293252], [0.11289078136841864, 0.0017460247205208414, 0.8718782925434436, 0.013484901367617127], [0.4802257694396754, 0.2838836969045614, 0.1482519429714025, 0.08763859068436083], [0.025144380648976932, 0.11394566335429653, 0.15563333661441803, 0.7052766193823086], [0.006843613500104678, 0.9244139683558544, 0.0005051733806052007, 0.06823724476343572], [0.15516408848437374, 0.17728296822748268, 0.31156914121860396, 0.35598380206953956], [0.5082165346209732, 0.0038068235704422195, 0.48434860228237286, 0.0036280395262118055], [0.003938504934490332, 0.8780388690175378, 0.0005270347163086368, 0.11749559133166303], [0.04309207115571136, 0.07469119879927329, 0.32276694406929163, 0.5594497859757238], [0.7720241395714084, 0.12586977056681528, 0.08779251677784941, 0.014313573083926969], [0.001879124015534397, 0.08974732213926193, 0.018629409212522395, 0.8897441446326813], [0.3426770580710137, 0.2292415005530326, 0.25649401778189324, 0.17158742359406035]], "state_values": [-1.1811290873084221, 0.20541050765522145, 2.7790127987266398, 4.9756332159510475, 0.06373605596426495, 2.556329090630538, 0.6507350913310985, 0.2877418129320682, -0.29548073747835674, -0.3189579277157497, -1.4384052310866207, -2.2087715334830156, 1.341321354288997, -1.3197819049795156, 2.646872052566069, 0.912671771233177], "value_grad": [-0.11388565769962744, -0.17082836249330402, -0.15184859932982953, -1.318944953254686e-13, -0.1708286043246967, 0.8921116117978105, -0.37961934173477285, -0.03796188636511877, -0.3606381260114402, 0.018980929747489217, 0.8731251361483396, -0.11388597804774747, 0.47452446942769155, 0.8161839781246272, 0.7592435864278269, -0.36063863322926437], "action_grad": [[0.0, 0.0, 0.0], [0.0, 0.0, 0.0], [0.0, 0.0, 0.0], [0.0, 0.0, 0.0], [0.0, 0.0, 0.0], [0.0, 0.0, 0.0], [0.0, 0.0, 0.0], [0.0, 0.0, 0.0], [0.0, 0.0, 0.0], [0.0, 0.0, 0.0], [0.0, 0.0, 0.0], [0.0, 0.0, 0.0], [0.0, 0.0, 0.0], [0.0, 0.0, 0.0], [0.0, 0.0, 0.0], [0.0, 0.0, 0.0]], "action_params_change": 0, "value_params_change": 0.24107389466714935}
{"iterations": 1, "type_itr": 0, "sub_iteration": 9, "sub_it_time": 3.681438684463501, "total_time": 38.12270927429199, "value_loss": 2.3538380723059156, "action_loss": -0.5249509018797476, "action_probs": [[0.9650079616541822, 0.0010090477146753886, 0.033947493886569785, 3.549674457243015e-05], [0.005451778555464892, 0.33401584227066206, 0.010608011012086404, 0.6499243681617867], [0.10157300279305206, 0.5883410165488827, 0.0456525933615762, 0.2644333872964892], [0.9300160180387261, 0.05970887102522998, 0.009655226278772645, 0.000619884657271184], [0.3490381763075017, 0.23424156778650224, 0.24936795701306358, 0.16735229889293252], [0.11289078136841864, 0.0017460247205208414, 0.8718782925434436, 0.013484901367617127], [0.4802257694396754, 0.2838836969045614, 0.1482519429714025, 0.08763859068436083], [0.025144380648976932, 0.11394566335429653, 0.15563333661441803, 0.7052766193823086], [0.006843613500104678, 0.9244139683558544, 0.0005051733806052007, 0.06823724476343572], [0.15516408848437374, 0.17728296822748268, 0.31156914121860396, 0.35598380206953956], [0.5082165346209732, 0.0038068235704422195, 0.48434860228237286, 0.0036280395262118055], [0.003938504934490332, 0.8780388690175378, 0.0005270347163086368, 0.11749559133166303], [0.04309207115571136, 0.07469119879927329, 0.32276694406929163, 0.5594497859757238], [0.7720241395714084, 0.12586977056681528, 0.08779251677784941, 0.014313573083926969], [0.001879124015534397, 0.08974732213926193, 0.018629409212522395, 0.8897441446326813], [0.3426770580710137, 0.2292415005530326, 0.25649401778189324, 0.17158742359406035]], "state_values": [-0.738072918319336, -0.013396414207428013, 2.476768436056054, 4.895557900415948, -0.26899215565622886, 2.111235116747553, 1.1933806017575554, -0.09072196159517538, 0.1861995005246203, -0.7383825709636206, -1.1099548879443346, -2.1293792357693313, 0.9706626734551302, -0.9524569573403119, 2.4104708301245723, 0.2730813506954919], "value_grad": [-0.056944301828434796, -0.32268394198553585, -0.13287052289519607, -0.20879678165070015, 0.07592559397462528, 0.9680580431800274, -0.13286970457017633, -0.01898141044568291, -0.07592559397462528, -0.01898141044568291, 0.8541649200484072, -0.11388881251292382, 0.37962885624994636, 0.7212945384707767, 0.8162060361874159, -0.2277770544671438], "action_grad": [[0.0, 0.0, 0.0], [0.0, 0.0, 0.0], [0.0, 0.0, 0.0], [0.0, 0.0, 0.0], [0.0, 0.0, 0.0], [0.0, 0.0, 0.0], [0.0, 0.0, 0.0], [0.0, 0.0, 0.0], [0.0, 0.0, 0.0], [0.0, 0.0, 0.0], [0.0, 0.0, 0.0], [0.0, 0.0, 0.0], [0.0, 0.0, 0.0], [0.0, 0.0, 0.0], [0.0, 0.0, 0.0], [0.0, 0.0, 0.0]], "action_params_change": 0, "value_params_change": 0.2578400768895355}
{"iterations": 1, "type_itr": 0, "sub_iteration": 10, "sub_it_time": 3.4696009159088135, "total_time": 41.594056367874146, "value_loss": 1.8792899953333473, "action_loss": -0.43912384510170743, "action_probs": [[0.9650079616541822, 0.0010090477146753886, 0.033947493886569785, 3.549674457243015e-05], [0.005451778555464892, 0.33401584227066206, 0.010608011012086404, 0.6499243681617867], [0.10157300279305206, 0.5883410165488827, 0.0456525933615762, 0.2644333872964892], [0.9300160180387261, 0.05970887102522998, 0.009655226278772645, 0.000619884657271184], [0.3490381763075017, 0.23424156778650224, 0.24936795701306358, 0.16735229889293252], [0.11289078136841864, 0.0017460247205208414, 0.8718782925434436, 0.013484901367617127], [0.4802257694396754, 0.2838836969045614, 0.1482519429714025, 0.08763859068436083], [0.025144380648976932, 0.11394566335429653, 0.15563333661441803, 0.7052766193823086], [0.006843613500104678, 0.9244139683558544, 0.0005051733806052007, 0.06823724476343572], [0.15516408848437374, 0.17728296822748268, 0.31156914121860396, 0.35598380206953956], [0.5082165346209732, 0.0038068235704422195, 0.48434860228237286, 0.0036280395262118055], [0.003938504934490332, 0.8780388690175378, 0.0005270347163086368, 0.11749559133166303], [0.04309207115571136, 0.07469119879927329, 0.32276694406929163, 0.5594497859757238], [0.7720241395714084, 0.12586977056681528, 0.08779251677784941, 0.014313573083926969], [0.001879124015534397, 0.08974732213926193, 0.018629409212522395, 0.8897441446326813], [0.3426770580710137, 0.2292415005530326, 0.25649401778189324, 0.17158742359406035]], "state_values": [-0.2648425868555662, -0.04361906701690618, 2.1379499001965576, 4.811432595418917, -0.49256301295845945, 1.4941369732556733, 1.590353766187397, -0.4295186041326317, 0.5693796892741774, -1.006896581882029, -0.645066356242496, -1.8911366319566898, 0.540285431238569, -0.5161064049521936, 2.031079538933525, -0.35063352327986513], "value_grad": [-0.03796387459837902, -0.3986204127477395, -0.056945955411221494, 0.056946445364847165, 0.1898189751679813, 0.9490997614366741, 0.2088014072177553, 0.0, 0.17083734330360123, -0.037963874598489156, 0.7213139522207701, -0.11389185271902713, 0.2657471026475384, 0.5125124256463223, 0.7782624303330499, -0.09490963720427059], "action_grad": [[0.0, 0.0, 0.0], [0.0, 0.0, 0.0], [0.0, 0.0, 0.0], [0.0, 0.0, 0.0], [0.0, 0.0, 0.0], [0.0, 0.0, 0.0], [0.0, 0.0, 0.0], [0.0, 0.0, 0.0], [0.0, 0.0, 0.0], [0.0, 0.0, 0.0], [0.0, 0.0, 0.0], [0.0, 0.0, 0.0], [0.0, 0.0, 0.0], [0.0, 0.0, 0.0], [0.0, 0.0, 0.0], [0.0, 0.0, 0.0]], "action_params_change": 0, "value_params_change": 0.26491813811149045}
{"iterations": 1, "type_itr": 0, "sub_iteration": 11, "sub_it_time": 3.7043850421905518, "total_time": 45.30005621910095, "value_loss": 1.4426961650493626, "action_loss": -0.3792811309271217, "action_probs": [[0.9650079616541822, 0.0010090477146753886, 0.033947493886569785, 3.549674457243015e-05], [0.005451778555464892, 0.33401584227066206, 0.010608011012086404, 0.6499243681617867], [0.10157300279305206, 0.5883410165488827, 0.0456525933615762, 0.2644333872964892], [0.9300160180387261, 0.05970887102522998, 0.009655226278772645, 0.000619884657271184], [0.3490381763075017, 0.23424156778650224, 0.24936795701306358, 0.16735229889293252], [0.11289078136841864, 0.0017460247205208414, 0.8718782925434436, 0.013484901367617127], [0.4802257694396754, 0.2838836969045614, 0.1482519429714025, 0.08763859068436083], [0.025144380648976932, 0.11394566335429653, 0.15563333661441803, 0.7052766193823086], [0.006843613500104678, 0.9244139683558544, 0.0005051733806052007, 0.06823724476343572], [0.15516408848437374, 0.17728296822748268, 0.31156914121860396, 0.35598380206953956], [0.5082165346209732, 0.0038068235704422195, 0.48434860228237286, 0.0036280395262118055], [0.003938504934490332, 0.8780388690175378, 0.0005270347163086368, 0.11749559133166303], [0.04309207115571136, 0.07469119879927329, 0.32276694406929163, 0.5594497859757238], [0.7720241395714084, 0.12586977056681528, 0.08779251677784941, 0.014313573083926969], [0.001879124015534397, 0.08974732213926193, 0.018629409212522395, 0.8897441446326813], [0.3426770580710137, 0.2292415005530326, 0.25649401778189324, 0.17158742359406035]], "state_values": [0.1989649458221371, 0.08366750723706312, 1.9059279026628435, 4.752578918641021, -0.562821873745504, 0.7529257878273455, 1.7811098975867203, -0.5506583846893787, 0.8119301259510531, -1.0971779561001356, -0.09764074817246646, -1.514783170570792, 0.10858688188657122, -0.05850780638679321, 1.572487236636578, -0.8679983521931061], "value_grad": [-0.018982328930986503, -0.3986288403750917, 0.07592946752653051, 0.05694746453552901, 0.34168201707463575, 0.7972588752885557, 0.436594179429751, 0.03796467321677843, 0.36066449170144765, -0.05694703268276946, 0.5504878071870503, -0.11389420041743459, 0.1138940182542103, 0.30371735642072006, 0.4935398172751668, 0.07592934608445412], "action_grad": [[0.0, 0.0, 0.0], [0.0, 0.0, 0.0], [0.0, 0.0, 0.0], [0.0, 0.0, 0.0], [0.0, 0.0, 0.0], [0.0, 0.0, 0.0], [0.0, 0.0, 0.0], [0.0, 0.0, 0.0], [0.0, 0.0, 0.0], [0.0, 0.0, 0.0], [0.0, 0.0, 0.0], [0.0, 0.0, 0.0], [0.0, 0.0, 0.0], [0.0, 0.0, 0.0], [0.0, 0.0, 0.0], [0.0, 0.0, 0.0]], "action_params_change": 0, "value_params_change": 0.304607027225575}
{"iterations": 1, "type_itr": 0, "sub_iteration": 12, "sub_it_time": 3.7975881099700928, "total_time": 49.0992705821991, "value_loss": 1.0630435788712636, "action_loss": -0.36713702050628705, "action_probs": [[0.9650079616541822, 0.0010090477146753886, 0.033947493886569785, 3.549674457243015e-05], [0.005451778555464892, 0.33401584227066206, 0.010608011012086404, 0.6499243681617867], [0.10157300279305206, 0.5883410165488827, 0.0456525933615762, 0.2644333872964892], [0.9300160180387261, 0.05970887102522998, 0.009655226278772645, 0.000619884657271184], [0.3490381763075017, 0.23424156778650224, 0.24936795701306358, 0.16735229889293252], [0.11289078136841864, 0.0017460247205208414, 0.8718782925434436, 0.013484901367617127], [0.4802257694396754, 0.2838836969045614, 0.1482519429714025, 0.08763859068436083], [0.025144380648976932, 0.11394566335429653, 0.15563333661441803, 0.7052766193823086], [0.006843613500104678, 0.9244139683558544, 0.0005051733806052007, 0.06823724476343572], [0.15516408848437374, 0.17728296822748268, 0.31156914121860396, 0.35598380206953956], [0.5082165346209732, 0.0038068235704422195, 0.48434860228237286, 0.0036280395262118055], [0.003938504934490332, 0.8780388690175378, 0.0005270347163086368, 0.11749559133166303], [0.04309207115571136, 0.07469119879927329, 0.32276694406929163, 0.5594497859757238], [0.7720241395714084, 0.12586977056681528, 0.08779251677784941, 0.014313573083926969], [0.001879124015534397, 0.08974732213926193, 0.018629409212522395, 0.8897441446326813], [0.3426770580710137, 0.2292415005530326, 0.25649401778189324, 0.17158742359406035]], "state_values": [0.5782512875250954, 0.3044661404845304, 1.8561222469666039, 4.730364534599246, -0.49484681888867715, -0.03799526726546319, 1.7501250154872048, -1.0465509663832944, 0.9075567088990728, -0.5383626183649474, 0.4631463466082951, -1.0374307132275566, -0.26009170021819433, 0.36645119491157063, 1.022952060664435, -1.228629439393995], "value_grad": [0.018982602874138665, -0.2847390186844503, 0.15186096118668813, 0.0569481408451733, 0.36066940488102484, 0.4935477019497281, 0.6074443584380014, -0.1328785425703245, 0.4555825115558825, -0.9871072264342933, 0.2847390186844503, -0.09491307282376171, -0.056947772329337454, 0.05694780844791958, 0.5884612029647043, 0.18982608108760823], "action_grad": [[0.0, 0.0, 0.0], [0.0, 0.0, 0.0], [0.0, 0.0, 0.0], [0.0, 0.0, 0.0], [0.0, 0.0, 0.0], [0.0, 0.0, 0.0], [0.0, 0.0, 0.0], [0.0, 0.0, 0.0], [0.0, 0.0, 0.0], [0.0, 0.0, 0.0], [0.0, 0.0, 0.0], [0.0, 0.0, 0.0], [0.0, 0.0, 0.0], [0.0, 0.0, 0.0], [0.0, 0.0, 0.0], [0.0, 0.0, 0.0]], "action_params_change": 0, "value_params_change": 0.3175185595555434}
{"iterations": 1, "type_itr": 0, "sub_iteration": 13, "sub_it_time": 4.823607444763184, "total_time": 53.9245707988739, "value_loss": 0.7783014979430528, "action_loss": -0.41050565317432447, "action_probs": [[0.9650079616541822, 0.0010090477146753886, 0.033947493886569785, 3.549674457243015e-05], [0.005451778555464892, 0.33401584227066206, 0.010608011012086404, 0.6499243681617867], [0.10157300279305206, 0.5883410165488827, 0.0456525933615762, 0.2644333872964892], [0.9300160180387261, 0.05970887102522998, 0.009655226278772645, 0.000619884657271184], [0.3490381763075017, 0.23424156778650224, 0.24936795701306358, 0.16735229889293252], [0.11289078136841864, 0.0017460247205208414, 0.8718782925434436, 0.013484901367617127], [0.4802257694396754, 0.2838836969045614, 0.1482519429714025, 0.08763859068436083], [0.025144380648976932, 0.11394566335429653, 0.15563333661441803, 0.7052766193823086], [0.006843613500104678, 0.9244139683558544, 0.0005051733806052007, 0.06823724476343572], [0.15516408848437374, 0.17728296822748268, 0.31156914121860396, 0.35598380206953956], [0.5082165346209732, 0.0038068235704422195, 0.48434860228237286, 0.0036280395262118055], [0.003938504934490332, 0.8780388690175378, 0.0005270347163086368, 0.11749559133166303], [0.04309207115571136, 0.07469119879927329, 0.32276694406929163, 0.5594497859757238], [0.7720241395714084, 0.12586977056681528, 0.08779251677784941, 0.014313573083926969], [0.001879124015534397, 0.08974732213926193, 0.018629409212522395, 0.8897441446326813], [0.3426770580710137, 0.2292415005530326, 0.25649401778189324, 0.17158742359406035]], "state_values": [0.8046537678259161, 0.56665462580059, 2.0119314340928995, 4.744906150415233, -0.31971395346803333, -0.7659562997836845, 1.5395152665481526, -1.4254384681558805, 0.8861441002287541, -0.016155031883010262, 0.9740353599750577, -0.5424370522620438, -0.5420132615841338, 0.7280914611169498, 0.4251194353690129, -1.4163427743758619], "value_grad": [0.056948259147237446, -0.17084477273068277, 0.20881037822837967, 0.05694851826052438, 0.3227067672281976, 0.056948259147237446, 0.6074486047483268, 0.01898275310724462, 0.41762059523121475, -0.01898275310724462, 0.037965515636922076, -0.0379654966176699, -0.13287926930782845, -0.09491376466378498, 0.41762059523110484, 0.2657585899153394], "action_grad": [[0.0, 0.0, 0.0], [0.0, 0.0, 0.0], [0.0, 0.0, 0.0], [0.0, 0.0, 0.0], [0.0, 0.0, 0.0], [0.0, 0.0, 0.0], [0.0, 0.0, 0.0], [0.0, 0.0, 0.0], [0.0, 0.0, 0.0], [0.0, 0.0, 0.0], [0.0, 0.0, 0.0], [0.0, 0.0, 0.0], [0.0, 0.0, 0.0], [0.0, 0.0, 0.0], [0.0, 0.0, 0.0], [0.0, 0.0, 0.0]], "action_params_change": 0, "value_params_change": 0.2923954431561704}
