{"iterations": 0, "type_itr": 0, "sub_iteration": 0, "sub_it_time": 0, "total_time": 0, "value_loss": 0, "action_loss": 0, "action_probs": [[0.42472774229800264, 0.5309241532663624, 0.01970997008384484, 0.02463813435179006], [0.5842987691853287, 0.03378808208906858, 0.3610356413115086, 0.020877507414094127], [0.01375703527140143, 0.4353809387930689, 0.016872829192979655, 0.5339891967425502], [0.006090497068892662, 0.21774063471642352, 0.021119735128540262, 0.7550491330861436], [1.1565740800785315e-05, 0.04291962401848487, 0.0002578360825736471, 0.9568109741581408], [0.006486665537301177, 0.9838202018867094, 6.349154095307464e-05, 0.009629641035036449], [0.8276843237925507, 0.16244975186358399, 0.008247237540763659, 0.0016186868031016208], [0.05563375453064982, 0.6872735169838907, 0.019252784696824867, 0.23783994378863474], [0.43081734642835623, 0.14779113295147733, 0.3137575462350154, 0.1076339743851511], [0.09698657507125898, 0.08477102298176502, 0.4366173903759799, 0.3816250115709958], [0.0763854221191744, 0.09908771403953927, 0.3589257815860159, 0.4656010822552704], [0.026178941526822538, 0.10778642520755287, 0.16923680035465766, 0.696797832910967], [0.37015354844466, 0.17897584293682078, 0.30391991084230435, 0.14695069777621514], [0.002664738029118867, 0.9418680161446814, 0.00015648549896276208, 0.05531076032723691], [0.37255826387077795, 0.2014223549954761, 0.2765198611130719, 0.149499520020674], [0.46979341903461697, 0.5008716587353316, 0.014197846123435696, 0.015137076106615778]], "state_values": [3.6096505456291488, 4.9498975847582845, 3.6826939407995773, 4.743397293451384, -4.9798386443686935, -4.634531216722904, 1.193143505855901, 3.4211797193148423, 1.46090881005437, -4.881440548849169, 3.335133903119491, 2.8123837727436034, 3.1694277007164153, -1.0324355023864806, -4.4473888143900515, 0.17989060627111272], "value_grad": [0.0, 0.0, 0.0, 0.0, 0.0, 0.0, 0.0, 0.0, 0.0, 0.0, 0.0, 0.0, 0.0, 0.0, 0.0, 0.0], "action_grad": [[0.0, 0.0, 0.0], [0.0, 0.0, 0.0], [0.0, 0.0, 0.0], [0.0, 0.0, 0.0], [0.0, 0.0, 0.0], [0.0, 0.0, 0.0], [0.0, 0.0, 0.0], [0.0, 0.0, 0.0], [0.0, 0.0, 0.0], [0.0, 0.0, 0.0], [0.0, 0.0, 0.0], [0.0, 0.0, 0.0], [0.0, 0.0, 0.0], [0.0, 0.0, 0.0], [0.0, 0.0, 0.0], [0.0, 0.0, 0.0]], "action_params_change": 0, "value_params_change": 0}
{"iterations": 1, "type_itr": 0, "sub_iteration": 0, "sub_it_time": 0.48920512199401855, "total_time": 0.4910929203033447, "value_loss": 10.35856819152832, "action_loss": -0.6780672073364258, "action_probs": [[0.42472774229800264, 0.5309241532663624, 0.01970997008384484, 0.02463813435179006], [0.5842987691853287, 0.03378808208906858, 0.3610356413115086, 0.020877507414094127], [0.01375703527140143, 0.4353809387930689, 0.016872829192979655, 0.5339891967425502], [0.006090497068892662, 0.21774063471642352, 0.021119735128540262, 0.7550491330861436], [1.1565740800785315e-05, 0.04291962401848487, 0.0002578360825736471, 0.9568109741581408], [0.006486665537301177, 0.9838202018867094, 6.349154095307464e-05, 0.009629641035036449], [0.8276843237925507, 0.16244975186358399, 0.008247237540763659, 0.0016186868031016208], [0.05563375453064982, 0.6872735169838907, 0.019252784696824867, 0.23783994378863474], [0.43081734642835623, 0.14779113295147733, 0.3137575462350154, 0.1076339743851511], [0.09698657507125898, 0.08477102298176502, 0.4366173903759799, 0.3816250115709958], [0.0763854221191744, 0.09908771403953927, 0.3589257815860159, 0.4656010822552704], [0.026178941526822538, 0.10778642520755287, 0.16923680035465766, 0.696797832910967], [0.37015354844466, 0.17897584293682078, 0.30391991084230435, 0.14695069777621514], [0.002664738029118867, 0.9418680161446814, 0.00015648549896276208, 0.05531076032723691], [0.37255826387077795, 0.2014223549954761, 0.2765198611130719, 0.149499520020674], [0.46979341903461697, 0.5008716587353316, 0.014197846123435696, 0.015137076106615778]], "state_values": [4.353410734663365, 4.621336496291563, 4.40492222168744, 4.987130780431457, -4.714051739679148, -4.026210051006626, 2.3573349393882603, 4.216933408728357, 0.23245298759137084, -4.4619042625229, 2.309831186702732, 1.7021694490727932, 2.114153531626801, -2.2107007275095434, -3.7438388765741575, 1.4105171300905548], "value_grad": [-0.04633331298828125, -0.056629180908203125, 0.08474159240722656, -0.02732372283935547, 0.26967525482177734, 0.3076915740966797, -1.3198671340942383, 0.1504802703857422, 0.6644878387451172, 0.2003765106201172, 2.0789995193481445, 0.24353981018066406, -1.0434608459472656, 0.3001689910888672, -1.216909408569336, -0.34174633026123047], "action_grad": [[0.0, 0.0, 0.0], [0.0, 0.0, 0.0], [0.0, 0.0, 0.0], [0.0, 0.0, 0.0], [0.0, 0.0, 0.0], [0.0, 0.0, 0.0], [0.0, 0.0, 0.0], [0.0, 0.0, 0.0], [0.0, 0.0, 0.0], [0.0, 0.0, 0.0], [0.0, 0.0, 0.0], [0.0, 0.0, 0.0], [0.0, 0.0, 0.0], [0.0, 0.0, 0.0], [0.0, 0.0, 0.0], [0.0, 0.0, 0.0]], "action_params_change": 0, "value_params_change": 0.49999999759499714}
{"iterations": 1, "type_itr": 0, "sub_iteration": 1, "sub_it_time": 0.27529215812683105, "total_time": 0.7680597305297852, "value_loss": 7.965539932250977, "action_loss": -0.7483370304107666, "action_probs": [[0.42472774229800264, 0.5309241532663624, 0.01970997008384484, 0.02463813435179006], [0.5842987691853287, 0.03378808208906858, 0.3610356413115086, 0.020877507414094127], [0.01375703527140143, 0.4353809387930689, 0.016872829192979655, 0.5339891967425502], [0.006090497068892662, 0.21774063471642352, 0.021119735128540262, 0.7550491330861436], [1.1565740800785315e-05, 0.04291962401848487, 0.0002578360825736471, 0.9568109741581408], [0.006486665537301177, 0.9838202018867094, 6.349154095307464e-05, 0.009629641035036449], [0.8276843237925507, 0.16244975186358399, 0.008247237540763659, 0.0016186868031016208], [0.05563375453064982, 0.6872735169838907, 0.019252784696824867, 0.23783994378863474], [0.43081734642835623, 0.14779113295147733, 0.3137575462350154, 0.1076339743851511], [0.09698657507125898, 0.08477102298176502, 0.4366173903759799, 0.3816250115709958], [0.0763854221191744, 0.09908771403953927, 0.3589257815860159, 0.4656010822552704], [0.026178941526822538, 0.10778642520755287, 0.16923680035465766, 0.696797832910967], [0.37015354844466, 0.17897584293682078, 0.30391991084230435, 0.14695069777621514], [0.002664738029118867, 0.9418680161446814, 0.00015648549896276208, 0.05531076032723691], [0.37255826387077795, 0.2014223549954761, 0.2765198611130719, 0.149499520020674], [0.46979341903461697, 0.5008716587353316, 0.014197846123435696, 0.015137076106615778]], "state_values": [4.4843162111836605, 4.130790533451503, 4.84916816500998, 4.845329255631533, -4.176686479971811, -3.3131885566181634, 3.0325455335581983, 4.354924553772728, -1.0112809518998243, -3.79609600081798, 1.1912987483846846, 0.5792808147890482, 0.9762550020446555, -3.028705344710827, -2.8240457338365688, 0.986533823131364], "value_grad": [0.02574014663696289, -0.41738462448120117, 0.13503646850585938, 0.5575685501098633, 0.5207405090332031, 1.7871475219726562, 0.04752016067504883, -0.08553552627563477, 0.794771671295166, 0.4130282402038574, 1.2576956748962402, 0.11602783203125, -0.6395401954650879, 0.043956756591796875, -0.9270353317260742, 0.6541924476623535], "action_grad": [[0.0, 0.0, 0.0], [0.0, 0.0, 0.0], [0.0, 0.0, 0.0], [0.0, 0.0, 0.0], [0.0, 0.0, 0.0], [0.0, 0.0, 0.0], [0.0, 0.0, 0.0], [0.0, 0.0, 0.0], [0.0, 0.0, 0.0], [0.0, 0.0, 0.0], [0.0, 0.0, 0.0], [0.0, 0.0, 0.0], [0.0, 0.0, 0.0], [0.0, 0.0, 0.0], [0.0, 0.0, 0.0], [0.0, 0.0, 0.0]], "action_params_change": 0, "value_params_change": 0.5003370800637628}
{"iterations": 1, "type_itr": 0, "sub_iteration": 2, "sub_it_time": 0.2742304801940918, "total_time": 1.0439608097076416, "value_loss": 5.176512241363525, "action_loss": -0.6612604856491089, "action_probs": [[0.42472774229800264, 0.5309241532663624, 0.01970997008384484, 0.02463813435179006], [0.5842987691853287, 0.03378808208906858, 0.3610356413115086, 0.020877507414094127], [0.01375703527140143, 0.4353809387930689, 0.016872829192979655, 0.5339891967425502], [0.006090497068892662, 0.21774063471642352, 0.021119735128540262, 0.7550491330861436], [1.1565740800785315e-05, 0.04291962401848487, 0.0002578360825736471, 0.9568109741581408], [0.006486665537301177, 0.9838202018867094, 6.349154095307464e-05, 0.009629641035036449], [0.8276843237925507, 0.16244975186358399, 0.008247237540763659, 0.0016186868031016208], [0.05563375453064982, 0.6872735169838907, 0.019252784696824867, 0.23783994378863474], [0.43081734642835623, 0.14779113295147733, 0.3137575462350154, 0.1076339743851511], [0.09698657507125898, 0.08477102298176502, 0.4366173903759799, 0.3816250115709958], [0.0763854221191744, 0.09908771403953927, 0.3589257815860159, 0.4656010822552704], [0.026178941526822538, 0.10778642520755287, 0.16923680035465766, 0.696797832910967], [0.37015354844466, 0.17897584293682078, 0.30391991084230435, 0.14695069777621514], [0.002664738029118867, 0.9418680161446814, 0.00015648549896276208, 0.05531076032723691], [0.37255826387077795, 0.2014223549954761, 0.2765198611130719, 0.149499520020674], [0.46979341903461697, 0.5008716587353316, 0.014197846123435696, 0.015137076106615778]], "state_values": [4.0991696769228465, 3.4247806727429024, 4.998798161552278, 4.772879828085303, -3.38192995629392, -2.3932231712530276, 3.2026566081289927, 4.666607325794067, -1.9766964594125365, -2.901669905475206, 0.0707646498659243, -0.6154676793024457, -0.1724739166465809, -3.006086971939636, -1.812537301065624, 0.21414647796518244], "value_grad": [0.35283565521240234, -0.7448749542236328, 0.3500638008117676, -0.2728443145751953, 0.5413327217102051, 1.2371039390563965, 0.6280560493469238, 0.1916642189025879, 0.06335973739624023, 0.2997722625732422, 0.8145718574523926, 0.22215652465820312, -0.47876405715942383, -0.2977914810180664, -0.4795560836791992, 0.6415200233459473], "action_grad": [[0.0, 0.0, 0.0], [0.0, 0.0, 0.0], [0.0, 0.0, 0.0], [0.0, 0.0, 0.0], [0.0, 0.0, 0.0], [0.0, 0.0, 0.0], [0.0, 0.0, 0.0], [0.0, 0.0, 0.0], [0.0, 0.0, 0.0], [0.0, 0.0, 0.0], [0.0, 0.0, 0.0], [0.0, 0.0, 0.0], [0.0, 0.0, 0.0], [0.0, 0.0, 0.0], [0.0, 0.0, 0.0], [0.0, 0.0, 0.0]], "action_params_change": 0, "value_params_change": 0.4918024727851771}
{"iterations": 1, "type_itr": 0, "sub_iteration": 3, "sub_it_time": 0.27633237838745117, "total_time": 1.321866750717163, "value_loss": 3.3390719890594482, "action_loss": -0.5873866081237793, "action_probs": [[0.42472774229800264, 0.5309241532663624, 0.01970997008384484, 0.02463813435179006], [0.5842987691853287, 0.03378808208906858, 0.3610356413115086, 0.020877507414094127], [0.01375703527140143, 0.4353809387930689, 0.016872829192979655, 0.5339891967425502], [0.006090497068892662, 0.21774063471642352, 0.021119735128540262, 0.7550491330861436], [1.1565740800785315e-05, 0.04291962401848487, 0.0002578360825736471, 0.9568109741581408], [0.006486665537301177, 0.9838202018867094, 6.349154095307464e-05, 0.009629641035036449], [0.8276843237925507, 0.16244975186358399, 0.008247237540763659, 0.0016186868031016208], [0.05563375453064982, 0.6872735169838907, 0.019252784696824867, 0.23783994378863474], [0.43081734642835623, 0.14779113295147733, 0.3137575462350154, 0.1076339743851511], [0.09698657507125898, 0.08477102298176502, 0.4366173903759799, 0.3816250115709958], [0.0763854221191744, 0.09908771403953927, 0.3589257815860159, 0.4656010822552704], [0.026178941526822538, 0.10778642520755287, 0.16923680035465766, 0.696797832910967], [0.37015354844466, 0.17897584293682078, 0.30391991084230435, 0.14695069777621514], [0.002664738029118867, 0.9418680161446814, 0.00015648549896276208, 0.05531076032723691], [0.37255826387077795, 0.2014223549954761, 0.2765198611130719, 0.149499520020674], [0.46979341903461697, 0.5008716587353316, 0.014197846123435696, 0.015137076106615778]], "state_values": [3.5562738897703707, 2.5043086869923212, 4.887722642145538, 4.6767714439837285, -2.4024097171318317, -1.3061235216407174, 3.207239418920667, 4.89578031239754, -2.9146142373475104, -2.4884054334317516, -0.9722093389021711, -1.7748432985180636, -1.2821450405753845, -2.512254695237179, -0.7607879507194139, -0.5886394349394348], "value_grad": [0.14572834968566895, -0.7333924770355225, 0.30373191833496094, 0.06732010841369629, 0.3294718265533447, 1.699631690979004, 0.34610414505004883, 0.09503984451293945, 0.5797445774078369, -0.32115626335144043, 0.4989604949951172, 0.38411951065063477, -0.42570018768310547, -0.5603399276733398, -0.4146120548248291, 0.26175570487976074], "action_grad": [[0.0, 0.0, 0.0], [0.0, 0.0, 0.0], [0.0, 0.0, 0.0], [0.0, 0.0, 0.0], [0.0, 0.0, 0.0], [0.0, 0.0, 0.0], [0.0, 0.0, 0.0], [0.0, 0.0, 0.0], [0.0, 0.0, 0.0], [0.0, 0.0, 0.0], [0.0, 0.0, 0.0], [0.0, 0.0, 0.0], [0.0, 0.0, 0.0], [0.0, 0.0, 0.0], [0.0, 0.0, 0.0], [0.0, 0.0, 0.0]], "action_params_change": 0, "value_params_change": 0.48328131580563216}
{"iterations": 1, "type_itr": 0, "sub_iteration": 4, "sub_it_time": 0.2722625732421875, "total_time": 1.5957682132720947, "value_loss": 1.9550520181655884, "action_loss": -0.4729084074497223, "action_probs": [[0.42472774229800264, 0.5309241532663624, 0.01970997008384484, 0.02463813435179006], [0.5842987691853287, 0.03378808208906858, 0.3610356413115086, 0.020877507414094127], [0.01375703527140143, 0.4353809387930689, 0.016872829192979655, 0.5339891967425502], [0.006090497068892662, 0.21774063471642352, 0.021119735128540262, 0.7550491330861436], [1.1565740800785315e-05, 0.04291962401848487, 0.0002578360825736471, 0.9568109741581408], [0.006486665537301177, 0.9838202018867094, 6.349154095307464e-05, 0.009629641035036449], [0.8276843237925507, 0.16244975186358399, 0.008247237540763659, 0.0016186868031016208], [0.05563375453064982, 0.6872735169838907, 0.019252784696824867, 0.23783994378863474], [0.43081734642835623, 0.14779113295147733, 0.3137575462350154, 0.1076339743851511], [0.09698657507125898, 0.08477102298176502, 0.4366173903759799, 0.3816250115709958], [0.0763854221191744, 0.09908771403953927, 0.3589257815860159, 0.4656010822552704], [0.026178941526822538, 0.10778642520755287, 0.16923680035465766, 0.696797832910967], [0.37015354844466, 0.17897584293682078, 0.30391991084230435, 0.14695069777621514], [0.002664738029118867, 0.9418680161446814, 0.00015648549896276208, 0.05531076032723691], [0.37255826387077795, 0.2014223549954761, 0.2765198611130719, 0.149499520020674], [0.46979341903461697, 0.5008716587353316, 0.014197846123435696, 0.015137076106615778]], "state_values": [3.0264677759890897, 1.4306513581016653, 4.6271944642296825, 4.683416716254959, -1.3065064311714105, -0.18512079544435056, 3.136317968846938, 4.999496943875747, -3.2050710288804303, -1.9059824276411237, -1.8573843934812746, -2.2973329275709613, -2.1256328808658913, -1.7505603734473365, 0.18257338158025438, -1.2050134737700875], "value_grad": [-0.006731986999511719, -0.5468759536743164, -0.07128000259399414, -0.24670827388763428, 0.28670406341552734, 0.7523998022079468, 0.2150280475616455, 0.39837586879730225, -0.8129878044128418, 0.27046775817871094, 0.1500840187072754, -0.27640819549560547, 0.0989999771118164, -0.8153641223907471, -0.06019186973571777, -0.07563567161560059], "action_grad": [[0.0, 0.0, 0.0], [0.0, 0.0, 0.0], [0.0, 0.0, 0.0], [0.0, 0.0, 0.0], [0.0, 0.0, 0.0], [0.0, 0.0, 0.0], [0.0, 0.0, 0.0], [0.0, 0.0, 0.0], [0.0, 0.0, 0.0], [0.0, 0.0, 0.0], [0.0, 0.0, 0.0], [0.0, 0.0, 0.0], [0.0, 0.0, 0.0], [0.0, 0.0, 0.0], [0.0, 0.0, 0.0], [0.0, 0.0, 0.0]], "action_params_change": 0, "value_params_change": 0.47366816425659497}
{"iterations": 1, "type_itr": 0, "sub_iteration": 5, "sub_it_time": 0.27373766899108887, "total_time": 1.8710763454437256, "value_loss": 1.9800000190734863, "action_loss": -0.4490203261375427, "action_probs": [[0.42472774229800264, 0.5309241532663624, 0.01970997008384484, 0.02463813435179006], [0.5842987691853287, 0.03378808208906858, 0.3610356413115086, 0.020877507414094127], [0.01375703527140143, 0.4353809387930689, 0.016872829192979655, 0.5339891967425502], [0.006090497068892662, 0.21774063471642352, 0.021119735128540262, 0.7550491330861436], [1.1565740800785315e-05, 0.04291962401848487, 0.0002578360825736471, 0.9568109741581408], [0.006486665537301177, 0.9838202018867094, 6.349154095307464e-05, 0.009629641035036449], [0.8276843237925507, 0.16244975186358399, 0.008247237540763659, 0.0016186868031016208], [0.05563375453064982, 0.6872735169838907, 0.019252784696824867, 0.23783994378863474], [0.43081734642835623, 0.14779113295147733, 0.3137575462350154, 0.1076339743851511], [0.09698657507125898, 0.08477102298176502, 0.4366173903759799, 0.3816250115709958], [0.0763854221191744, 0.09908771403953927, 0.3589257815860159, 0.4656010822552704], [0.026178941526822538, 0.10778642520755287, 0.16923680035465766, 0.696797832910967], [0.37015354844466, 0.17897584293682078, 0.30391991084230435, 0.14695069777621514], [0.002664738029118867, 0.9418680161446814, 0.00015648549896276208, 0.05531076032723691], [0.37255826387077795, 0.2014223549954761, 0.2765198611130719, 0.149499520020674], [0.46979341903461697, 0.5008716587353316, 0.014197846123435696, 0.015137076106615778]], "state_values": [3.1073204808583266, 0.3292228507851192, 4.19677718084752, 4.744225102928648, -0.25844440405690994, 0.9255344297571911, 2.9478673055473013, 4.999264656361766, -3.2842141310771438, -1.0882107212041565, -2.4230434062939454, -2.859283183319794, -2.9355365532504236, -1.0263099493071355, 0.799939409393434, -1.3791666185795768], "value_grad": [-0.45183563232421875, -0.2589836120605469, 0.16988420486450195, -0.1774080991744995, 0.06296420097351074, 0.7793282270431519, 0.38530802726745605, -0.4494597911834717, -0.4573802947998047, 0.8953560590744019, -0.6126118898391724, 0.17186403274536133, -0.46292388439178467, -0.046727895736694336, 0.43916404247283936, -0.5239078998565674], "action_grad": [[0.0, 0.0, 0.0], [0.0, 0.0, 0.0], [0.0, 0.0, 0.0], [0.0, 0.0, 0.0], [0.0, 0.0, 0.0], [0.0, 0.0, 0.0], [0.0, 0.0, 0.0], [0.0, 0.0, 0.0], [0.0, 0.0, 0.0], [0.0, 0.0, 0.0], [0.0, 0.0, 0.0], [0.0, 0.0, 0.0], [0.0, 0.0, 0.0], [0.0, 0.0, 0.0], [0.0, 0.0, 0.0], [0.0, 0.0, 0.0]], "action_params_change": 0, "value_params_change": 0.44858713734672406}
{"iterations": 1, "type_itr": 0, "sub_iteration": 6, "sub_it_time": 0.27568840980529785, "total_time": 2.148545980453491, "value_loss": 2.5605361461639404, "action_loss": -0.4767298102378845, "action_probs": [[0.42472774229800264, 0.5309241532663624, 0.01970997008384484, 0.02463813435179006], [0.5842987691853287, 0.03378808208906858, 0.3610356413115086, 0.020877507414094127], [0.01375703527140143, 0.4353809387930689, 0.016872829192979655, 0.5339891967425502], [0.006090497068892662, 0.21774063471642352, 0.021119735128540262, 0.7550491330861436], [1.1565740800785315e-05, 0.04291962401848487, 0.0002578360825736471, 0.9568109741581408], [0.006486665537301177, 0.9838202018867094, 6.349154095307464e-05, 0.009629641035036449], [0.8276843237925507, 0.16244975186358399, 0.008247237540763659, 0.0016186868031016208], [0.05563375453064982, 0.6872735169838907, 0.019252784696824867, 0.23783994378863474], [0.43081734642835623, 0.14779113295147733, 0.3137575462350154, 0.1076339743851511], [0.09698657507125898, 0.08477102298176502, 0.4366173903759799, 0.3816250115709958], [0.0763854221191744, 0.09908771403953927, 0.3589257815860159, 0.4656010822552704], [0.026178941526822538, 0.10778642520755287, 0.16923680035465766, 0.696797832910967], [0.37015354844466, 0.17897584293682078, 0.30391991084230435, 0.14695069777621514], [0.002664738029118867, 0.9418680161446814, 0.00015648549896276208, 0.05531076032723691], [0.37255826387077795, 0.2014223549954761, 0.2765198611130719, 0.149499520020674], [0.46979341903461697, 0.5008716587353316, 0.014197846123435696, 0.015137076106615778]], "state_values": [3.029329196260741, -0.22789942641743555, 3.5587713239421483, 4.860406036047431, 0.6806448676841953, 1.8398747033215843, 2.795508117378547, 4.9790291606754815, -3.155730755295156, -0.5754539948489384, -2.642123601503501, -2.9155630674590878, -3.383667577575954, -0.2659329701462718, 0.9185269316554086, -1.4226452273364085], "value_grad": [0.18057608604431152, 0.695375919342041, 0.53578782081604, -0.3401637077331543, 0.018611669540405273, -0.09820795059204102, -0.05227208137512207, 0.27878355979919434, -0.6526083946228027, -0.3627357482910156, -1.1460239887237549, -0.47044825553894043, 0.4874758720397949, -0.20869183540344238, 1.0798922777175903, -0.20077204704284668], "action_grad": [[0.0, 0.0, 0.0], [0.0, 0.0, 0.0], [0.0, 0.0, 0.0], [0.0, 0.0, 0.0], [0.0, 0.0, 0.0], [0.0, 0.0, 0.0], [0.0, 0.0, 0.0], [0.0, 0.0, 0.0], [0.0, 0.0, 0.0], [0.0, 0.0, 0.0], [0.0, 0.0, 0.0], [0.0, 0.0, 0.0], [0.0, 0.0, 0.0], [0.0, 0.0, 0.0], [0.0, 0.0, 0.0], [0.0, 0.0, 0.0]], "action_params_change": 0, "value_params_change": 0.4082077551203729}
{"iterations": 1, "type_itr": 0, "sub_iteration": 7, "sub_it_time": 0.27330684661865234, "total_time": 2.423644781112671, "value_loss": 3.1909682750701904, "action_loss": -0.5505130887031555, "action_probs": [[0.42472774229800264, 0.5309241532663624, 0.01970997008384484, 0.02463813435179006], [0.5842987691853287, 0.03378808208906858, 0.3610356413115086, 0.020877507414094127], [0.01375703527140143, 0.4353809387930689, 0.016872829192979655, 0.5339891967425502], [0.006090497068892662, 0.21774063471642352, 0.021119735128540262, 0.7550491330861436], [1.1565740800785315e-05, 0.04291962401848487, 0.0002578360825736471, 0.9568109741581408], [0.006486665537301177, 0.9838202018867094, 6.349154095307464e-05, 0.009629641035036449], [0.8276843237925507, 0.16244975186358399, 0.008247237540763659, 0.0016186868031016208], [0.05563375453064982, 0.6872735169838907, 0.019252784696824867, 0.23783994378863474], [0.43081734642835623, 0.14779113295147733, 0.3137575462350154, 0.1076339743851511], [0.09698657507125898, 0.08477102298176502, 0.4366173903759799, 0.3816250115709958], [0.0763854221191744, 0.09908771403953927, 0.3589257815860159, 0.4656010822552704], [0.026178941526822538, 0.10778642520755287, 0.16923680035465766, 0.696797832910967], [0.37015354844466, 0.17897584293682078, 0.30391991084230435, 0.14695069777621514], [0.002664738029118867, 0.9418680161446814, 0.00015648549896276208, 0.05531076032723691], [0.37255826387077795, 0.2014223549954761, 0.2765198611130719, 0.149499520020674], [0.46979341903461697, 0.5008716587353316, 0.014197846123435696, 0.015137076106615778]], "state_values": [2.8330800792337545, -0.6428839374771604, 2.713502100383543, 4.909738838740194, 0.9608380757172427, 2.4996356472900856, 2.5021020836878405, 4.9158567152420325, -2.9312239760084418, 0.03500608677033454, -2.673152338740372, -3.0422123919629085, -3.756176689954774, 0.002486941073673766, 0.894946273213319, -1.4275730597659897], "value_grad": [0.16354846954345703, 0.16869640350341797, 0.5559844970703125, 0.1667160987854004, -0.6937916278839111, -0.46965622901916504, 0.5029201507568359, 0.16711187362670898, -0.37738776206970215, 0.3401639461517334, -0.8731799125671387, 0.12315607070922852, -0.056627750396728516, 0.645479679107666, 0.42609572410583496, -0.06494379043579102], "action_grad": [[0.0, 0.0, 0.0], [0.0, 0.0, 0.0], [0.0, 0.0, 0.0], [0.0, 0.0, 0.0], [0.0, 0.0, 0.0], [0.0, 0.0, 0.0], [0.0, 0.0, 0.0], [0.0, 0.0, 0.0], [0.0, 0.0, 0.0], [0.0, 0.0, 0.0], [0.0, 0.0, 0.0], [0.0, 0.0, 0.0], [0.0, 0.0, 0.0], [0.0, 0.0, 0.0], [0.0, 0.0, 0.0], [0.0, 0.0, 0.0]], "action_params_change": 0, "value_params_change": 0.4366872756835942}
{"iterations": 1, "type_itr": 0, "sub_iteration": 8, "sub_it_time": 0.27297258377075195, "total_time": 2.698604106903076, "value_loss": 3.5339043140411377, "action_loss": -0.5609630346298218, "action_probs": [[0.42472774229800264, 0.5309241532663624, 0.01970997008384484, 0.02463813435179006], [0.5842987691853287, 0.03378808208906858, 0.3610356413115086, 0.020877507414094127], [0.01375703527140143, 0.4353809387930689, 0.016872829192979655, 0.5339891967425502], [0.006090497068892662, 0.21774063471642352, 0.021119735128540262, 0.7550491330861436], [1.1565740800785315e-05, 0.04291962401848487, 0.0002578360825736471, 0.9568109741581408], [0.006486665537301177, 0.9838202018867094, 6.349154095307464e-05, 0.009629641035036449], [0.8276843237925507, 0.16244975186358399, 0.008247237540763659, 0.0016186868031016208], [0.05563375453064982, 0.6872735169838907, 0.019252784696824867, 0.23783994378863474], [0.43081734642835623, 0.14779113295147733, 0.3137575462350154, 0.1076339743851511], [0.09698657507125898, 0.08477102298176502, 0.4366173903759799, 0.3816250115709958], [0.0763854221191744, 0.09908771403953927, 0.3589257815860159, 0.4656010822552704], [0.026178941526822538, 0.10778642520755287, 0.16923680035465766, 0.696797832910967], [0.37015354844466, 0.17897584293682078, 0.30391991084230435, 0.14695069777621514], [0.002664738029118867, 0.9418680161446814, 0.00015648549896276208, 0.05531076032723691], [0.37255826387077795, 0.2014223549954761, 0.2765198611130719, 0.149499520020674], [0.46979341903461697, 0.5008716587353316, 0.014197846123435696, 0.015137076106615778]], "state_values": [2.4841948246102694, -0.549281254048631, 1.823342975046072, 4.960626480497236, 1.0033003840841543, 2.8868482184829554, 2.0752286797868984, 4.827000711372986, -2.4770835387403434, 0.4576637947421579, -2.5701251136336527, -2.962713233776822, -3.8423259149182676, 0.16776891201236493, 0.5768715256034601, -1.5011075690004716], "value_grad": [0.23482775688171387, 1.1749320030212402, 0.05227208137512207, -0.15958762168884277, -0.38649630546569824, -0.8525874614715576, 0.5310361385345459, -0.00989985466003418, -1.0751399993896484, -0.22730374336242676, -0.7832880020141602, -0.3160078525543213, 0.8125920295715332, 0.1496882438659668, 1.1800799369812012, 0.13820433616638184], "action_grad": [[0.0, 0.0, 0.0], [0.0, 0.0, 0.0], [0.0, 0.0, 0.0], [0.0, 0.0, 0.0], [0.0, 0.0, 0.0], [0.0, 0.0, 0.0], [0.0, 0.0, 0.0], [0.0, 0.0, 0.0], [0.0, 0.0, 0.0], [0.0, 0.0, 0.0], [0.0, 0.0, 0.0], [0.0, 0.0, 0.0], [0.0, 0.0, 0.0], [0.0, 0.0, 0.0], [0.0, 0.0, 0.0], [0.0, 0.0, 0.0]], "action_params_change": 0, "value_params_change": 0.40074397216744817}
{"iterations": 1, "type_itr": 0, "sub_iteration": 9, "sub_it_time": 0.27135348320007324, "total_time": 2.971702814102173, "value_loss": 3.3660004138946533, "action_loss": -0.5437396764755249, "action_probs": [[0.42472774229800264, 0.5309241532663624, 0.01970997008384484, 0.02463813435179006], [0.5842987691853287, 0.03378808208906858, 0.3610356413115086, 0.020877507414094127], [0.01375703527140143, 0.4353809387930689, 0.016872829192979655, 0.5339891967425502], [0.006090497068892662, 0.21774063471642352, 0.021119735128540262, 0.7550491330861436], [1.1565740800785315e-05, 0.04291962401848487, 0.0002578360825736471, 0.9568109741581408], [0.006486665537301177, 0.9838202018867094, 6.349154095307464e-05, 0.009629641035036449], [0.8276843237925507, 0.16244975186358399, 0.008247237540763659, 0.0016186868031016208], [0.05563375453064982, 0.6872735169838907, 0.019252784696824867, 0.23783994378863474], [0.43081734642835623, 0.14779113295147733, 0.3137575462350154, 0.1076339743851511], [0.09698657507125898, 0.08477102298176502, 0.4366173903759799, 0.3816250115709958], [0.0763854221191744, 0.09908771403953927, 0.3589257815860159, 0.4656010822552704], [0.026178941526822538, 0.10778642520755287, 0.16923680035465766, 0.696797832910967], [0.37015354844466, 0.17897584293682078, 0.30391991084230435, 0.14695069777621514], [0.002664738029118867, 0.9418680161446814, 0.00015648549896276208, 0.05531076032723691], [0.37255826387077795, 0.2014223549954761, 0.2765198611130719, 0.149499520020674], [0.46979341903461697, 0.5008716587353316, 0.014197846123435696, 0.015137076106615778]], "state_values": [2.088011652937803, -0.17507827465203446, 1.4738468415273625, 4.984027021899499, 0.9720409686032688, 3.14931659544398, 1.542478879058769, 4.723253841799857, -1.8956632330166074, 0.9444916552197083, -2.3171046534766573, -2.7572129937754064, -3.8044159136655153, 0.16961564901610623, 0.20217497607283835, -1.5335365431269712], "value_grad": [0.09226822853088379, 1.080683946609497, -0.6735959053039551, 0.07920002937316895, -0.1409769058227539, -0.4047122001647949, 0.465695858001709, -0.006336212158203125, -0.6561720371246338, 0.2573997974395752, -1.020888090133667, -0.23878812789916992, 0.5151958465576172, 0.3076925277709961, 0.366300106048584, -0.0665285587310791], "action_grad": [[0.0, 0.0, 0.0], [0.0, 0.0, 0.0], [0.0, 0.0, 0.0], [0.0, 0.0, 0.0], [0.0, 0.0, 0.0], [0.0, 0.0, 0.0], [0.0, 0.0, 0.0], [0.0, 0.0, 0.0], [0.0, 0.0, 0.0], [0.0, 0.0, 0.0], [0.0, 0.0, 0.0], [0.0, 0.0, 0.0], [0.0, 0.0, 0.0], [0.0, 0.0, 0.0], [0.0, 0.0, 0.0], [0.0, 0.0, 0.0]], "action_params_change": 0, "value_params_change": 0.25891139604283486}
{"iterations": 1, "type_itr": 0, "sub_iteration": 10, "sub_it_time": 0.2711625099182129, "total_time": 3.2444496154785156, "value_loss": 2.916936159133911, "action_loss": -0.5871692895889282, "action_probs": [[0.42472774229800264, 0.5309241532663624, 0.01970997008384484, 0.02463813435179006], [0.5842987691853287, 0.03378808208906858, 0.3610356413115086, 0.020877507414094127], [0.01375703527140143, 0.4353809387930689, 0.016872829192979655, 0.5339891967425502], [0.006090497068892662, 0.21774063471642352, 0.021119735128540262, 0.7550491330861436], [1.1565740800785315e-05, 0.04291962401848487, 0.0002578360825736471, 0.9568109741581408], [0.006486665537301177, 0.9838202018867094, 6.349154095307464e-05, 0.009629641035036449], [0.8276843237925507, 0.16244975186358399, 0.008247237540763659, 0.0016186868031016208], [0.05563375453064982, 0.6872735169838907, 0.019252784696824867, 0.23783994378863474], [0.43081734642835623, 0.14779113295147733, 0.3137575462350154, 0.1076339743851511], [0.09698657507125898, 0.08477102298176502, 0.4366173903759799, 0.3816250115709958], [0.0763854221191744, 0.09908771403953927, 0.3589257815860159, 0.4656010822552704], [0.026178941526822538, 0.10778642520755287, 0.16923680035465766, 0.696797832910967], [0.37015354844466, 0.17897584293682078, 0.30391991084230435, 0.14695069777621514], [0.002664738029118867, 0.9418680161446814, 0.00015648549896276208, 0.05531076032723691], [0.37255826387077795, 0.2014223549954761, 0.2765198611130719, 0.149499520020674], [0.46979341903461697, 0.5008716587353316, 0.014197846123435696, 0.015137076106615778]], "state_values": [1.564330270332265, 0.3840093234740238, 1.2654148449368638, 4.97757439326411, 0.8133550231025073, 3.1998291482219257, 0.9997781704677627, 4.511803194736949, -1.2493477664812935, 1.4850798817363209, -1.920247283966768, -2.6834611924048906, -3.667727028922312, -0.002048758301032648, -0.22581922064909582, -1.6633894519534111], "value_grad": [0.21819615364074707, 1.0086121559143066, -0.21265220642089844, 0.38412046432495117, -0.2756156921386719, -1.1784961223602295, 0.15087604522705078, 0.37818002700805664, -0.39560413360595703, 0.2748241424560547, -1.107612133026123, 0.19522762298583984, 0.4811398983001709, 0.39481210708618164, 0.38570427894592285, 0.21067190170288086], "action_grad": [[0.0, 0.0, 0.0], [0.0, 0.0, 0.0], [0.0, 0.0, 0.0], [0.0, 0.0, 0.0], [0.0, 0.0, 0.0], [0.0, 0.0, 0.0], [0.0, 0.0, 0.0], [0.0, 0.0, 0.0], [0.0, 0.0, 0.0], [0.0, 0.0, 0.0], [0.0, 0.0, 0.0], [0.0, 0.0, 0.0], [0.0, 0.0, 0.0], [0.0, 0.0, 0.0], [0.0, 0.0, 0.0], [0.0, 0.0, 0.0]], "action_params_change": 0, "value_params_change": 0.2726265022423413}
{"iterations": 1, "type_itr": 0, "sub_iteration": 11, "sub_it_time": 0.2744607925415039, "total_time": 3.5207624435424805, "value_loss": 2.298383951187134, "action_loss": -0.6267956495285034, "action_probs": [[0.42472774229800264, 0.5309241532663624, 0.01970997008384484, 0.02463813435179006], [0.5842987691853287, 0.03378808208906858, 0.3610356413115086, 0.020877507414094127], [0.01375703527140143, 0.4353809387930689, 0.016872829192979655, 0.5339891967425502], [0.006090497068892662, 0.21774063471642352, 0.021119735128540262, 0.7550491330861436], [1.1565740800785315e-05, 0.04291962401848487, 0.0002578360825736471, 0.9568109741581408], [0.006486665537301177, 0.9838202018867094, 6.349154095307464e-05, 0.009629641035036449], [0.8276843237925507, 0.16244975186358399, 0.008247237540763659, 0.0016186868031016208], [0.05563375453064982, 0.6872735169838907, 0.019252784696824867, 0.23783994378863474], [0.43081734642835623, 0.14779113295147733, 0.3137575462350154, 0.1076339743851511], [0.09698657507125898, 0.08477102298176502, 0.4366173903759799, 0.3816250115709958], [0.0763854221191744, 0.09908771403953927, 0.3589257815860159, 0.4656010822552704], [0.026178941526822538, 0.10778642520755287, 0.16923680035465766, 0.696797832910967], [0.37015354844466, 0.17897584293682078, 0.30391991084230435, 0.14695069777621514], [0.002664738029118867, 0.9418680161446814, 0.00015648549896276208, 0.05531076032723691], [0.37255826387077795, 0.2014223549954761, 0.2765198611130719, 0.149499520020674], [0.46979341903461697, 0.5008716587353316, 0.014197846123435696, 0.015137076106615778]], "state_values": [1.0042733940213624, 1.00672869400458, 1.3857676675590989, 4.955317550264291, 0.5592932700714478, 3.1247196399955897, 0.5071161863853436, 4.192378928833321, -0.4947176845990378, 2.0454430335926976, -1.4329088768269385, -2.439079289847117, -3.361132155534334, -0.3206808421073084, -0.6234940165393559, -1.9060515132662244], "value_grad": [0.09424829483032227, 0.5706357955932617, -0.6565682888031006, 0.1983962059020996, -0.2403717041015625, -0.8890202045440674, -0.018611907958984375, 0.2506682872772217, -0.6846837997436523, 0.23363995552062988, -0.7892277240753174, -0.33461999893188477, 0.9206997156143188, 0.4062962532043457, 0.0582120418548584, 0.2835361957550049], "action_grad": [[0.0, 0.0, 0.0], [0.0, 0.0, 0.0], [0.0, 0.0, 0.0], [0.0, 0.0, 0.0], [0.0, 0.0, 0.0], [0.0, 0.0, 0.0], [0.0, 0.0, 0.0], [0.0, 0.0, 0.0], [0.0, 0.0, 0.0], [0.0, 0.0, 0.0], [0.0, 0.0, 0.0], [0.0, 0.0, 0.0], [0.0, 0.0, 0.0], [0.0, 0.0, 0.0], [0.0, 0.0, 0.0], [0.0, 0.0, 0.0]], "action_params_change": 0, "value_params_change": 0.3068796808902263}
{"iterations": 1, "type_itr": 0, "sub_iteration": 12, "sub_it_time": 0.27303147315979004, "total_time": 3.7954461574554443, "value_loss": 2.0758321285247803, "action_loss": -0.6543059349060059, "action_probs": [[0.42472774229800264, 0.5309241532663624, 0.01970997008384484, 0.02463813435179006], [0.5842987691853287, 0.03378808208906858, 0.3610356413115086, 0.020877507414094127], [0.01375703527140143, 0.4353809387930689, 0.016872829192979655, 0.5339891967425502], [0.006090497068892662, 0.21774063471642352, 0.021119735128540262, 0.7550491330861436], [1.1565740800785315e-05, 0.04291962401848487, 0.0002578360825736471, 0.9568109741581408], [0.006486665537301177, 0.9838202018867094, 6.349154095307464e-05, 0.009629641035036449], [0.8276843237925507, 0.16244975186358399, 0.008247237540763659, 0.0016186868031016208], [0.05563375453064982, 0.6872735169838907, 0.019252784696824867, 0.23783994378863474], [0.43081734642835623, 0.14779113295147733, 0.3137575462350154, 0.1076339743851511], [0.09698657507125898, 0.08477102298176502, 0.4366173903759799, 0.3816250115709958], [0.0763854221191744, 0.09908771403953927, 0.3589257815860159, 0.4656010822552704], [0.026178941526822538, 0.10778642520755287, 0.16923680035465766, 0.696797832910967], [0.37015354844466, 0.17897584293682078, 0.30391991084230435, 0.14695069777621514], [0.002664738029118867, 0.9418680161446814, 0.00015648549896276208, 0.05531076032723691], [0.37255826387077795, 0.2014223549954761, 0.2765198611130719, 0.149499520020674], [0.46979341903461697, 0.5008716587353316, 0.014197846123435696, 0.015137076106615778]], "state_values": [0.22863497038195318, 1.558331282202334, 1.5619197402494227, 4.940716106499012, 0.5182131958831407, 2.9275676134531334, 0.15519070444013686, 3.678797030019253, 0.2633999703526443, 2.5558898297906603, -0.8531179066779063, -1.906334091756317, -2.994899545867668, -0.6688746486174254, -1.0759235161721072, -1.9723723396252213], "value_grad": [0.5646960735321045, 0.015444040298461914, -0.16275596618652344, -0.111672043800354, 0.39520788192749023, -0.9808918237686157, -0.2748239040374756, 0.7195318937301636, -0.271655797958374, 0.07959604263305664, -0.8680318593978882, -0.849816083908081, 0.3160078525543213, 0.15325212478637695, 0.4300558567047119, -0.3231360912322998], "action_grad": [[0.0, 0.0, 0.0], [0.0, 0.0, 0.0], [0.0, 0.0, 0.0], [0.0, 0.0, 0.0], [0.0, 0.0, 0.0], [0.0, 0.0, 0.0], [0.0, 0.0, 0.0], [0.0, 0.0, 0.0], [0.0, 0.0, 0.0], [0.0, 0.0, 0.0], [0.0, 0.0, 0.0], [0.0, 0.0, 0.0], [0.0, 0.0, 0.0], [0.0, 0.0, 0.0], [0.0, 0.0, 0.0], [0.0, 0.0, 0.0]], "action_params_change": 0, "value_params_change": 0.33538563565797785}
{"iterations": 1, "type_itr": 0, "sub_iteration": 13, "sub_it_time": 0.26963257789611816, "total_time": 4.0667173862457275, "value_loss": 1.5139081478118896, "action_loss": -0.696159839630127, "action_probs": [[0.42472774229800264, 0.5309241532663624, 0.01970997008384484, 0.02463813435179006], [0.5842987691853287, 0.03378808208906858, 0.3610356413115086, 0.020877507414094127], [0.01375703527140143, 0.4353809387930689, 0.016872829192979655, 0.5339891967425502], [0.006090497068892662, 0.21774063471642352, 0.021119735128540262, 0.7550491330861436], [1.1565740800785315e-05, 0.04291962401848487, 0.0002578360825736471, 0.9568109741581408], [0.006486665537301177, 0.9838202018867094, 6.349154095307464e-05, 0.009629641035036449], [0.8276843237925507, 0.16244975186358399, 0.008247237540763659, 0.0016186868031016208], [0.05563375453064982, 0.6872735169838907, 0.019252784696824867, 0.23783994378863474], [0.43081734642835623, 0.14779113295147733, 0.3137575462350154, 0.1076339743851511], [0.09698657507125898, 0.08477102298176502, 0.4366173903759799, 0.3816250115709958], [0.0763854221191744, 0.09908771403953927, 0.3589257815860159, 0.4656010822552704], [0.026178941526822538, 0.10778642520755287, 0.16923680035465766, 0.696797832910967], [0.37015354844466, 0.17897584293682078, 0.30391991084230435, 0.14695069777621514], [0.002664738029118867, 0.9418680161446814, 0.00015648549896276208, 0.05531076032723691], [0.37255826387077795, 0.2014223549954761, 0.2765198611130719, 0.149499520020674], [0.46979341903461697, 0.5008716587353316, 0.014197846123435696, 0.015137076106615778]], "state_values": [-0.4029334414029254, 2.0179029758819302, 1.819297037720473, 4.930424570712701, 0.7820816909977839, 2.616045929245354, -0.043535033599472785, 3.0073825237939884, 0.8679799082099289, 2.7578697131926373, -0.27803788263885526, -1.2737027803800296, -2.4208974569290183, -0.9151806364235359, -1.5837815683696534, -1.9275357207754062], "value_grad": [-0.10731625556945801, -0.09385204315185547, -0.2490837574005127, -0.041976094245910645, 0.7535876035690308, -0.9812880754470825, -0.34808385372161865, 0.36471593379974365, 0.27086400985717773, -0.5722200870513916, -0.25542008876800537, -0.3266998529434204, 1.3155118227005005, -0.15523195266723633, 0.5025238990783691, -0.23878800868988037], "action_grad": [[0.0, 0.0, 0.0], [0.0, 0.0, 0.0], [0.0, 0.0, 0.0], [0.0, 0.0, 0.0], [0.0, 0.0, 0.0], [0.0, 0.0, 0.0], [0.0, 0.0, 0.0], [0.0, 0.0, 0.0], [0.0, 0.0, 0.0], [0.0, 0.0, 0.0], [0.0, 0.0, 0.0], [0.0, 0.0, 0.0], [0.0, 0.0, 0.0], [0.0, 0.0, 0.0], [0.0, 0.0, 0.0], [0.0, 0.0, 0.0]], "action_params_change": 0, "value_params_change": 0.3628785978267899}
