{"iterations": 0, "type_itr": 0, "sub_iteration": 0, "sub_it_time": 0, "total_time": 0, "value_loss": 0, "action_loss": 0, "action_probs": [[0.2473495458259467, 0.663022274479655, 0.024352126291841608, 0.06527605340255664], [0.48705417208627316, 0.0023323886755432554, 0.5081798844601254, 0.0024335547780580885], [0.5566081102397004, 0.4407562426492246, 0.0014708993293222968, 0.0011647477817528919], [0.23052847139955124, 0.223383684315969, 0.27734175965024255, 0.2687460846342372], [0.7783701752806113, 0.18924632374660533, 0.02604993957185128, 0.006333561400932152], [0.20189522425170214, 0.36983421794591453, 0.15123548644889817, 0.27703507135348526], [0.38670331643941785, 0.2343830890208804, 0.23592070662678505, 0.14299288791291653], [0.6003058790990563, 0.19299012118996825, 0.15641781404996313, 0.05028618566101222], [0.16762071893694994, 0.8151000754851255, 0.00294727951018314, 0.014331926067741483], [0.6308591492702962, 0.3616264480046623, 0.004776421666379748, 0.002737981058661563], [0.5433660500007776, 0.33411882437848217, 0.07586519359776239, 0.046649932022977965], [0.29276560969612425, 0.33020360404300264, 0.17718636102633611, 0.19984442523453722], [0.0019194206467481121, 0.00992406711758041, 0.16014606926148883, 0.8280104429741826], [2.014658470467568e-05, 0.6617780718226774, 1.0295601666207045e-05, 0.33819148599095156], [0.09174411823486193, 0.8970485044436839, 0.001039865110741699, 0.010167512210712465], [0.028312679297381967, 0.3888054315132522, 0.039564208719680256, 0.5433176804696855]], "state_values": [-0.873675360156451, -3.431976449166954, 4.995879841993587, -0.2972006587573927, 3.7250684467476476, 4.90003103866649, 4.888937393877206, 2.4277208461288176, 3.0464062144793544, 2.901700008850187, 4.6420019648982445, 2.0315989399498897, 4.987847241639907, 0.18796263715108344, 1.1633631371355424, -4.427455194161529], "value_grad": [0.0, 0.0, 0.0, 0.0, 0.0, 0.0, 0.0, 0.0, 0.0, 0.0, 0.0, 0.0, 0.0, 0.0, 0.0, 0.0], "action_grad": [[0.0, 0.0, 0.0], [0.0, 0.0, 0.0], [0.0, 0.0, 0.0], [0.0, 0.0, 0.0], [0.0, 0.0, 0.0], [0.0, 0.0, 0.0], [0.0, 0.0, 0.0], [0.0, 0.0, 0.0], [0.0, 0.0, 0.0], [0.0, 0.0, 0.0], [0.0, 0.0, 0.0], [0.0, 0.0, 0.0], [0.0, 0.0, 0.0], [0.0, 0.0, 0.0], [0.0, 0.0, 0.0], [0.0, 0.0, 0.0]], "action_params_change": 0, "value_params_change": 0}
{"iterations": 1, "type_itr": 0, "sub_iteration": 0, "sub_it_time": 0.10723257064819336, "total_time": 0.10848832130432129, "value_loss": 3.9600000381469727, "action_loss": -2.354400157928467, "action_probs": [[0.2473495458259467, 0.663022274479655, 0.024352126291841608, 0.06527605340255664], [0.48705417208627316, 0.0023323886755432554, 0.5081798844601254, 0.0024335547780580885], [0.5566081102397004, 0.4407562426492246, 0.0014708993293222968, 0.0011647477817528919], [0.23052847139955124, 0.223383684315969, 0.27734175965024255, 0.2687460846342372], [0.7783701752806113, 0.18924632374660533, 0.02604993957185128, 0.006333561400932152], [0.20189522425170214, 0.36983421794591453, 0.15123548644889817, 0.27703507135348526], [0.38670331643941785, 0.2343830890208804, 0.23592070662678505, 0.14299288791291653], [0.6003058790990563, 0.19299012118996825, 0.15641781404996313, 0.05028618566101222], [0.16762071893694994, 0.8151000754851255, 0.00294727951018314, 0.014331926067741483], [0.6308591492702962, 0.3616264480046623, 0.004776421666379748, 0.002737981058661563], [0.5433660500007776, 0.33411882437848217, 0.07586519359776239, 0.046649932022977965], [0.29276560969612425, 0.33020360404300264, 0.17718636102633611, 0.19984442523453722], [0.0019194206467481121, 0.00992406711758041, 0.16014606926148883, 0.8280104429741826], [2.014658470467568e-05, 0.6617780718226774, 1.0295601666207045e-05, 0.33819148599095156], [0.09174411823486193, 0.8970485044436839, 0.001039865110741699, 0.010167512210712465], [0.028312679297381967, 0.3888054315132522, 0.039564208719680256, 0.5433176804696855]], "state_values": [0.3714739381305943, -2.4256883791746606, 4.89077817196445, 0.946871176589236, 2.7841120546467217, 4.501574929591568, 4.996230003462805, 1.2708311656141094, 3.932600866704653, 1.8040960662563452, 4.038039861982594, 3.0987447083009863, 4.746592557511466, 1.418264743566631, 1.1633631371355424, -3.715027102518678], "value_grad": [35.6400032043457, 47.52000045776367, -23.760000228881836, 19.80000114440918, -55.44000244140625, -7.920000076293945, 59.400001525878906, 27.720001220703125, 3.9599990844726562, -23.76000213623047, -39.60000228881836, 7.920000076293945, 11.879999160766602, 19.80000114440918, 0.0, -31.68000030517578], "action_grad": [[0.0, 0.0, 0.0], [0.0, 0.0, 0.0], [0.0, 0.0, 0.0], [0.0, 0.0, 0.0], [0.0, 0.0, 0.0], [0.0, 0.0, 0.0], [0.0, 0.0, 0.0], [0.0, 0.0, 0.0], [0.0, 0.0, 0.0], [0.0, 0.0, 0.0], [0.0, 0.0, 0.0], [0.0, 0.0, 0.0], [0.0, 0.0, 0.0], [0.0, 0.0, 0.0], [0.0, 0.0, 0.0], [0.0, 0.0, 0.0]], "action_params_change": 0, "value_params_change": 0.49999999991582483}
{"iterations": 1, "type_itr": 0, "sub_iteration": 1, "sub_it_time": 0.10416221618652344, "total_time": 0.22009563446044922, "value_loss": -23.760000228881836, "action_loss": -2.173292398452759, "action_probs": [[0.2473495458259467, 0.663022274479655, 0.024352126291841608, 0.06527605340255664], [0.48705417208627316, 0.0023323886755432554, 0.5081798844601254, 0.0024335547780580885], [0.5566081102397004, 0.4407562426492246, 0.0014708993293222968, 0.0011647477817528919], [0.23052847139955124, 0.223383684315969, 0.27734175965024255, 0.2687460846342372], [0.7783701752806113, 0.18924632374660533, 0.02604993957185128, 0.006333561400932152], [0.20189522425170214, 0.36983421794591453, 0.15123548644889817, 0.27703507135348526], [0.38670331643941785, 0.2343830890208804, 0.23592070662678505, 0.14299288791291653], [0.6003058790990563, 0.19299012118996825, 0.15641781404996313, 0.05028618566101222], [0.16762071893694994, 0.8151000754851255, 0.00294727951018314, 0.014331926067741483], [0.6308591492702962, 0.3616264480046623, 0.004776421666379748, 0.002737981058661563], [0.5433660500007776, 0.33411882437848217, 0.07586519359776239, 0.046649932022977965], [0.29276560969612425, 0.33020360404300264, 0.17718636102633611, 0.19984442523453722], [0.0019194206467481121, 0.00992406711758041, 0.16014606926148883, 0.8280104429741826], [2.014658470467568e-05, 0.6617780718226774, 1.0295601666207045e-05, 0.33819148599095156], [0.09174411823486193, 0.8970485044436839, 0.001039865110741699, 0.010167512210712465], [0.028312679297381967, 0.3888054315132522, 0.039564208719680256, 0.5433176804696855]], "state_values": [0.5513437616843491, -1.3833211765507174, 4.880650481665404, 0.45158524756603113, 1.6700530596775898, 3.9029558839382315, 4.819754703630645, 0.32394352006261823, 4.479649564717721, 0.862239659834025, 3.368943949960035, 3.8738553079704987, 4.230092332525532, 0.8395615228534614, 0.24385634742465084, -3.8480584714905577], "value_grad": [-23.760000228881836, 19.799999237060547, 19.799999237060547, -43.560001373291016, -55.44000244140625, -27.720001220703125, 27.720003128051758, 3.960000991821289, 31.68000030517578, -3.9600000381469727, -7.920000076293945, 35.6400032043457, 7.920000076293945, -55.44000244140625, -23.76000213623047, 39.599998474121094], "action_grad": [[0.0, 0.0, 0.0], [0.0, 0.0, 0.0], [0.0, 0.0, 0.0], [0.0, 0.0, 0.0], [0.0, 0.0, 0.0], [0.0, 0.0, 0.0], [0.0, 0.0, 0.0], [0.0, 0.0, 0.0], [0.0, 0.0, 0.0], [0.0, 0.0, 0.0], [0.0, 0.0, 0.0], [0.0, 0.0, 0.0], [0.0, 0.0, 0.0], [0.0, 0.0, 0.0], [0.0, 0.0, 0.0], [0.0, 0.0, 0.0]], "action_params_change": 0, "value_params_change": 0.49999999990980903}
{"iterations": 1, "type_itr": 0, "sub_iteration": 2, "sub_it_time": 0.10306000709533691, "total_time": 0.33094239234924316, "value_loss": -27.720001220703125, "action_loss": -2.535507917404175, "action_probs": [[0.2473495458259467, 0.663022274479655, 0.024352126291841608, 0.06527605340255664], [0.48705417208627316, 0.0023323886755432554, 0.5081798844601254, 0.0024335547780580885], [0.5566081102397004, 0.4407562426492246, 0.0014708993293222968, 0.0011647477817528919], [0.23052847139955124, 0.223383684315969, 0.27734175965024255, 0.2687460846342372], [0.7783701752806113, 0.18924632374660533, 0.02604993957185128, 0.006333561400932152], [0.20189522425170214, 0.36983421794591453, 0.15123548644889817, 0.27703507135348526], [0.38670331643941785, 0.2343830890208804, 0.23592070662678505, 0.14299288791291653], [0.6003058790990563, 0.19299012118996825, 0.15641781404996313, 0.05028618566101222], [0.16762071893694994, 0.8151000754851255, 0.00294727951018314, 0.014331926067741483], [0.6308591492702962, 0.3616264480046623, 0.004776421666379748, 0.002737981058661563], [0.5433660500007776, 0.33411882437848217, 0.07586519359776239, 0.046649932022977965], [0.29276560969612425, 0.33020360404300264, 0.17718636102633611, 0.19984442523453722], [0.0019194206467481121, 0.00992406711758041, 0.16014606926148883, 0.8280104429741826], [2.014658470467568e-05, 0.6617780718226774, 1.0295601666207045e-05, 0.33819148599095156], [0.09174411823486193, 0.8970485044436839, 0.001039865110741699, 0.010167512210712465], [0.028312679297381967, 0.3888054315132522, 0.039564208719680256, 0.5433176804696855]], "state_values": [0.3436494719552557, -0.2216609550603731, 4.973450303683963, 0.46043093013245556, 1.1891325966795308, 4.043802807975147, 4.468260293078395, 0.4306296233956699, 4.80101574374655, 0.5403079587573808, 3.3296920380874973, 4.349041237081447, 3.5371525395996466, 0.43814380582571866, -0.8224969319620966, -4.084147167906913], "value_grad": [-19.80000114440918, 39.60000228881836, 35.63999938964844, 23.76000213623047, 39.599998474121094, 47.52000427246094, 7.920000076293945, -31.68000030517578, 3.960000991821289, 11.880000114440918, 35.63999938964844, 0.0, 31.68000030517578, 3.960000991821289, -31.68000030517578, 15.840001106262207], "action_grad": [[0.0, 0.0, 0.0], [0.0, 0.0, 0.0], [0.0, 0.0, 0.0], [0.0, 0.0, 0.0], [0.0, 0.0, 0.0], [0.0, 0.0, 0.0], [0.0, 0.0, 0.0], [0.0, 0.0, 0.0], [0.0, 0.0, 0.0], [0.0, 0.0, 0.0], [0.0, 0.0, 0.0], [0.0, 0.0, 0.0], [0.0, 0.0, 0.0], [0.0, 0.0, 0.0], [0.0, 0.0, 0.0], [0.0, 0.0, 0.0]], "action_params_change": 0, "value_params_change": 0.47194876229337623}
{"iterations": 1, "type_itr": 0, "sub_iteration": 3, "sub_it_time": 0.10087919235229492, "total_time": 0.4442436695098877, "value_loss": -15.84000015258789, "action_loss": -1.4488615989685059, "action_probs": [[0.2473495458259467, 0.663022274479655, 0.024352126291841608, 0.06527605340255664], [0.48705417208627316, 0.0023323886755432554, 0.5081798844601254, 0.0024335547780580885], [0.5566081102397004, 0.4407562426492246, 0.0014708993293222968, 0.0011647477817528919], [0.23052847139955124, 0.223383684315969, 0.27734175965024255, 0.2687460846342372], [0.7783701752806113, 0.18924632374660533, 0.02604993957185128, 0.006333561400932152], [0.20189522425170214, 0.36983421794591453, 0.15123548644889817, 0.27703507135348526], [0.38670331643941785, 0.2343830890208804, 0.23592070662678505, 0.14299288791291653], [0.6003058790990563, 0.19299012118996825, 0.15641781404996313, 0.05028618566101222], [0.16762071893694994, 0.8151000754851255, 0.00294727951018314, 0.014331926067741483], [0.6308591492702962, 0.3616264480046623, 0.004776421666379748, 0.002737981058661563], [0.5433660500007776, 0.33411882437848217, 0.07586519359776239, 0.046649932022977965], [0.29276560969612425, 0.33020360404300264, 0.17718636102633611, 0.19984442523453722], [0.0019194206467481121, 0.00992406711758041, 0.16014606926148883, 0.8280104429741826], [2.014658470467568e-05, 0.6617780718226774, 1.0295601666207045e-05, 0.33819148599095156], [0.09174411823486193, 0.8970485044436839, 0.001039865110741699, 0.010167512210712465], [0.028312679297381967, 0.3888054315132522, 0.039564208719680256, 0.5433176804696855]], "state_values": [0.17305732124002388, 0.8218992494629928, 4.991175062192248, 0.9645379114501837, 1.0200469582840883, 4.1809797539600435, 3.8859550838083163, 0.8593827080313742, 4.976717223001385, 0.7555436051426075, 3.1416833835830156, 4.4357534772078315, 2.909800132979963, 0.4471619715792178, -1.7879287150363643, -4.259252626934904], "value_grad": [0.0, 7.920000076293945, -15.840001106262207, 51.480003356933594, 27.720001220703125, 3.960000991821289, 47.52000427246094, -23.76000213623047, 11.880000114440918, 19.80000114440918, -15.84000015258789, -23.760000228881836, -3.9600000381469727, 27.720001220703125, -7.920000076293945, 0.0], "action_grad": [[0.0, 0.0, 0.0], [0.0, 0.0, 0.0], [0.0, 0.0, 0.0], [0.0, 0.0, 0.0], [0.0, 0.0, 0.0], [0.0, 0.0, 0.0], [0.0, 0.0, 0.0], [0.0, 0.0, 0.0], [0.0, 0.0, 0.0], [0.0, 0.0, 0.0], [0.0, 0.0, 0.0], [0.0, 0.0, 0.0], [0.0, 0.0, 0.0], [0.0, 0.0, 0.0], [0.0, 0.0, 0.0], [0.0, 0.0, 0.0]], "action_params_change": 0, "value_params_change": 0.43045789348451935}
{"iterations": 1, "type_itr": 0, "sub_iteration": 4, "sub_it_time": 0.10258150100708008, "total_time": 0.5487394332885742, "value_loss": 3.9600000381469727, "action_loss": -2.7166154384613037, "action_probs": [[0.2473495458259467, 0.663022274479655, 0.024352126291841608, 0.06527605340255664], [0.48705417208627316, 0.0023323886755432554, 0.5081798844601254, 0.0024335547780580885], [0.5566081102397004, 0.4407562426492246, 0.0014708993293222968, 0.0011647477817528919], [0.23052847139955124, 0.223383684315969, 0.27734175965024255, 0.2687460846342372], [0.7783701752806113, 0.18924632374660533, 0.02604993957185128, 0.006333561400932152], [0.20189522425170214, 0.36983421794591453, 0.15123548644889817, 0.27703507135348526], [0.38670331643941785, 0.2343830890208804, 0.23592070662678505, 0.14299288791291653], [0.6003058790990563, 0.19299012118996825, 0.15641781404996313, 0.05028618566101222], [0.16762071893694994, 0.8151000754851255, 0.00294727951018314, 0.014331926067741483], [0.6308591492702962, 0.3616264480046623, 0.004776421666379748, 0.002737981058661563], [0.5433660500007776, 0.33411882437848217, 0.07586519359776239, 0.046649932022977965], [0.29276560969612425, 0.33020360404300264, 0.17718636102633611, 0.19984442523453722], [0.0019194206467481121, 0.00992406711758041, 0.16014606926148883, 0.8280104429741826], [2.014658470467568e-05, 0.6617780718226774, 1.0295601666207045e-05, 0.33819148599095156], [0.09174411823486193, 0.8970485044436839, 0.001039865110741699, 0.010167512210712465], [0.028312679297381967, 0.3888054315132522, 0.039564208719680256, 0.5433176804696855]], "state_values": [-0.13363141896443909, 1.7787984723821029, 4.985723883254397, 1.6799945058516974, 1.0752557988031688, 4.427629466899387, 3.363067947731894, 1.161751727340811, 4.980745832579833, 0.2534359882805061, 2.6203087408485968, 4.687033430424955, 2.1982325706820163, 0.4959816675504555, -1.7383245616338352, -4.564949560950991], "value_grad": [-11.880000114440918, 11.880000114440918, -19.80000114440918, 51.480003356933594, 27.720001220703125, 27.720001220703125, -15.84000015258789, 3.9600000381469727, 7.920000076293945, -59.400001525878906, -59.400001525878906, 51.480003356933594, 7.920001029968262, 3.9600000381469727, 55.44000244140625, 47.52000427246094], "action_grad": [[0.0, 0.0, 0.0], [0.0, 0.0, 0.0], [0.0, 0.0, 0.0], [0.0, 0.0, 0.0], [0.0, 0.0, 0.0], [0.0, 0.0, 0.0], [0.0, 0.0, 0.0], [0.0, 0.0, 0.0], [0.0, 0.0, 0.0], [0.0, 0.0, 0.0], [0.0, 0.0, 0.0], [0.0, 0.0, 0.0], [0.0, 0.0, 0.0], [0.0, 0.0, 0.0], [0.0, 0.0, 0.0], [0.0, 0.0, 0.0]], "action_params_change": 0, "value_params_change": 0.39719508076845855}
{"iterations": 1, "type_itr": 0, "sub_iteration": 5, "sub_it_time": 0.10193037986755371, "total_time": 0.6623122692108154, "value_loss": 0.0, "action_loss": -2.173292398452759, "action_probs": [[0.2473495458259467, 0.663022274479655, 0.024352126291841608, 0.06527605340255664], [0.48705417208627316, 0.0023323886755432554, 0.5081798844601254, 0.0024335547780580885], [0.5566081102397004, 0.4407562426492246, 0.0014708993293222968, 0.0011647477817528919], [0.23052847139955124, 0.223383684315969, 0.27734175965024255, 0.2687460846342372], [0.7783701752806113, 0.18924632374660533, 0.02604993957185128, 0.006333561400932152], [0.20189522425170214, 0.36983421794591453, 0.15123548644889817, 0.27703507135348526], [0.38670331643941785, 0.2343830890208804, 0.23592070662678505, 0.14299288791291653], [0.6003058790990563, 0.19299012118996825, 0.15641781404996313, 0.05028618566101222], [0.16762071893694994, 0.8151000754851255, 0.00294727951018314, 0.014331926067741483], [0.6308591492702962, 0.3616264480046623, 0.004776421666379748, 0.002737981058661563], [0.5433660500007776, 0.33411882437848217, 0.07586519359776239, 0.046649932022977965], [0.29276560969612425, 0.33020360404300264, 0.17718636102633611, 0.19984442523453722], [0.0019194206467481121, 0.00992406711758041, 0.16014606926148883, 0.8280104429741826], [2.014658470467568e-05, 0.6617780718226774, 1.0295601666207045e-05, 0.33819148599095156], [0.09174411823486193, 0.8970485044436839, 0.001039865110741699, 0.010167512210712465], [0.028312679297381967, 0.3888054315132522, 0.039564208719680256, 0.5433176804696855]], "state_values": [-0.6846395942214769, 2.6773559769664765, 4.975460169967279, 2.426519819685048, 0.746072711308059, 4.3978740092771895, 2.6587064347825504, 1.6346435604793563, 4.800996270567855, -0.4864346473878877, 2.081519236492785, 4.766906841838784, 1.3690613604768909, 0.3833910319695857, -1.5907628250008452, -4.661397130692568], "value_grad": [-27.720001220703125, 19.799999237060547, -3.9600000381469727, 31.68000030517578, -67.31999969482422, -47.52000045776367, 43.560001373291016, -19.80000114440918, 55.44000244140625, -51.47999954223633, -7.920000076293945, -27.720001220703125, 79.20000457763672, -15.84000015258789, 11.879999160766602, -31.680004119873047], "action_grad": [[0.0, 0.0, 0.0], [0.0, 0.0, 0.0], [0.0, 0.0, 0.0], [0.0, 0.0, 0.0], [0.0, 0.0, 0.0], [0.0, 0.0, 0.0], [0.0, 0.0, 0.0], [0.0, 0.0, 0.0], [0.0, 0.0, 0.0], [0.0, 0.0, 0.0], [0.0, 0.0, 0.0], [0.0, 0.0, 0.0], [0.0, 0.0, 0.0], [0.0, 0.0, 0.0], [0.0, 0.0, 0.0], [0.0, 0.0, 0.0]], "action_params_change": 0, "value_params_change": 0.4026775091519319}
{"iterations": 1, "type_itr": 0, "sub_iteration": 6, "sub_it_time": 0.10199284553527832, "total_time": 0.7664422988891602, "value_loss": 3.9600000381469727, "action_loss": -0.18110769987106323, "action_probs": [[0.2473495458259467, 0.663022274479655, 0.024352126291841608, 0.06527605340255664], [0.48705417208627316, 0.0023323886755432554, 0.5081798844601254, 0.0024335547780580885], [0.5566081102397004, 0.4407562426492246, 0.0014708993293222968, 0.0011647477817528919], [0.23052847139955124, 0.223383684315969, 0.27734175965024255, 0.2687460846342372], [0.7783701752806113, 0.18924632374660533, 0.02604993957185128, 0.006333561400932152], [0.20189522425170214, 0.36983421794591453, 0.15123548644889817, 0.27703507135348526], [0.38670331643941785, 0.2343830890208804, 0.23592070662678505, 0.14299288791291653], [0.6003058790990563, 0.19299012118996825, 0.15641781404996313, 0.05028618566101222], [0.16762071893694994, 0.8151000754851255, 0.00294727951018314, 0.014331926067741483], [0.6308591492702962, 0.3616264480046623, 0.004776421666379748, 0.002737981058661563], [0.5433660500007776, 0.33411882437848217, 0.07586519359776239, 0.046649932022977965], [0.29276560969612425, 0.33020360404300264, 0.17718636102633611, 0.19984442523453722], [0.0019194206467481121, 0.00992406711758041, 0.16014606926148883, 0.8280104429741826], [2.014658470467568e-05, 0.6617780718226774, 1.0295601666207045e-05, 0.33819148599095156], [0.09174411823486193, 0.8970485044436839, 0.001039865110741699, 0.010167512210712465], [0.028312679297381967, 0.3888054315132522, 0.039564208719680256, 0.5433176804696855]], "state_values": [-1.3615938025753103, 3.4002793592781435, 4.958496313959051, 2.809564371441818, 0.4772560464416111, 4.371311985334988, 2.0813706809942922, 1.9436377039855053, 4.511555927808344, -1.0951074911007121, 1.8931601899302875, 4.898919416081166, 0.7007926029791758, 0.32232277352852606, -1.2707628675875382, -4.7037458496963875], "value_grad": [-23.760000228881836, 3.9600000381469727, -3.9600000381469727, -35.63999938964844, 3.9600000381469727, 0.0, -15.840001106262207, 7.920000076293945, -3.9600000381469727, 3.960000991821289, 39.599998474121094, 47.52000045776367, -11.880000114440918, 3.9600000381469727, 23.760000228881836, -11.880000114440918], "action_grad": [[0.0, 0.0, 0.0], [0.0, 0.0, 0.0], [0.0, 0.0, 0.0], [0.0, 0.0, 0.0], [0.0, 0.0, 0.0], [0.0, 0.0, 0.0], [0.0, 0.0, 0.0], [0.0, 0.0, 0.0], [0.0, 0.0, 0.0], [0.0, 0.0, 0.0], [0.0, 0.0, 0.0], [0.0, 0.0, 0.0], [0.0, 0.0, 0.0], [0.0, 0.0, 0.0], [0.0, 0.0, 0.0], [0.0, 0.0, 0.0]], "action_params_change": 0, "value_params_change": 0.36554653565306694}
{"iterations": 1, "type_itr": 0, "sub_iteration": 7, "sub_it_time": 0.1035003662109375, "total_time": 0.8770465850830078, "value_loss": 19.80000114440918, "action_loss": -0.5433230996131897, "action_probs": [[0.2473495458259467, 0.663022274479655, 0.024352126291841608, 0.06527605340255664], [0.48705417208627316, 0.0023323886755432554, 0.5081798844601254, 0.0024335547780580885], [0.5566081102397004, 0.4407562426492246, 0.0014708993293222968, 0.0011647477817528919], [0.23052847139955124, 0.223383684315969, 0.27734175965024255, 0.2687460846342372], [0.7783701752806113, 0.18924632374660533, 0.02604993957185128, 0.006333561400932152], [0.20189522425170214, 0.36983421794591453, 0.15123548644889817, 0.27703507135348526], [0.38670331643941785, 0.2343830890208804, 0.23592070662678505, 0.14299288791291653], [0.6003058790990563, 0.19299012118996825, 0.15641781404996313, 0.05028618566101222], [0.16762071893694994, 0.8151000754851255, 0.00294727951018314, 0.014331926067741483], [0.6308591492702962, 0.3616264480046623, 0.004776421666379748, 0.002737981058661563], [0.5433660500007776, 0.33411882437848217, 0.07586519359776239, 0.046649932022977965], [0.29276560969612425, 0.33020360404300264, 0.17718636102633611, 0.19984442523453722], [0.0019194206467481121, 0.00992406711758041, 0.16014606926148883, 0.8280104429741826], [2.014658470467568e-05, 0.6617780718226774, 1.0295601666207045e-05, 0.33819148599095156], [0.09174411823486193, 0.8970485044436839, 0.001039865110741699, 0.010167512210712465], [0.028312679297381967, 0.3888054315132522, 0.039564208719680256, 0.5433176804696855]], "state_values": [-2.0061427056710204, 4.00088089539703, 4.880188257351125, 3.268584775264651, 0.13927735654972245, 4.285840619581337, 1.64672708480563, 1.7368188567184906, 4.2468626417781685, -1.6447761502233251, 1.54140206721987, 4.947740377793711, 0.022634830702615766, 0.1962951947136726, -1.0170301448702272, -4.621183429745693], "value_grad": [-7.920000076293945, 11.880001068115234, -35.63999938964844, 35.63999938964844, -19.799999237060547, -15.840001106262207, -15.84000015258789, 51.480003356933594, -15.84000015258789, -3.9600000381469727, -31.68000030517578, -23.760000228881836, 11.880000114440918, -7.920000076293945, -3.9600000381469727, -47.52000427246094], "action_grad": [[0.0, 0.0, 0.0], [0.0, 0.0, 0.0], [0.0, 0.0, 0.0], [0.0, 0.0, 0.0], [0.0, 0.0, 0.0], [0.0, 0.0, 0.0], [0.0, 0.0, 0.0], [0.0, 0.0, 0.0], [0.0, 0.0, 0.0], [0.0, 0.0, 0.0], [0.0, 0.0, 0.0], [0.0, 0.0, 0.0], [0.0, 0.0, 0.0], [0.0, 0.0, 0.0], [0.0, 0.0, 0.0], [0.0, 0.0, 0.0]], "action_params_change": 0, "value_params_change": 0.3595001369278723}
{"iterations": 1, "type_itr": 0, "sub_iteration": 8, "sub_it_time": 0.10136985778808594, "total_time": 0.9870951175689697, "value_loss": 19.80000114440918, "action_loss": -0.18110769987106323, "action_probs": [[0.2473495458259467, 0.663022274479655, 0.024352126291841608, 0.06527605340255664], [0.48705417208627316, 0.0023323886755432554, 0.5081798844601254, 0.0024335547780580885], [0.5566081102397004, 0.4407562426492246, 0.0014708993293222968, 0.0011647477817528919], [0.23052847139955124, 0.223383684315969, 0.27734175965024255, 0.2687460846342372], [0.7783701752806113, 0.18924632374660533, 0.02604993957185128, 0.006333561400932152], [0.20189522425170214, 0.36983421794591453, 0.15123548644889817, 0.27703507135348526], [0.38670331643941785, 0.2343830890208804, 0.23592070662678505, 0.14299288791291653], [0.6003058790990563, 0.19299012118996825, 0.15641781404996313, 0.05028618566101222], [0.16762071893694994, 0.8151000754851255, 0.00294727951018314, 0.014331926067741483], [0.6308591492702962, 0.3616264480046623, 0.004776421666379748, 0.002737981058661563], [0.5433660500007776, 0.33411882437848217, 0.07586519359776239, 0.046649932022977965], [0.29276560969612425, 0.33020360404300264, 0.17718636102633611, 0.19984442523453722], [0.0019194206467481121, 0.00992406711758041, 0.16014606926148883, 0.8280104429741826], [2.014658470467568e-05, 0.6617780718226774, 1.0295601666207045e-05, 0.33819148599095156], [0.09174411823486193, 0.8970485044436839, 0.001039865110741699, 0.010167512210712465], [0.028312679297381967, 0.3888054315132522, 0.039564208719680256, 0.5433176804696855]], "state_values": [-2.682307072612111, 4.289566223103385, 4.6939082988392355, 3.7416122983202063, -0.23938025195479576, 4.328856997666324, 1.2245855143495377, 1.843883187984383, 3.9906736574848374, -2.3321163729585495, 1.2218220782256295, 4.962970360515219, -0.655546636562789, -0.11200642955616698, -0.7573016330761386, -4.539762576582576], "value_grad": [-19.80000114440918, -27.720001220703125, -39.599998474121094, 31.68000030517578, -15.84000015258789, 31.68000030517578, 3.9600000381469727, -39.599998474121094, -3.9600000381469727, -51.480003356933594, 0.0, -19.799999237060547, 11.880000114440918, -23.760000228881836, 3.9600000381469727, 0.0], "action_grad": [[0.0, 0.0, 0.0], [0.0, 0.0, 0.0], [0.0, 0.0, 0.0], [0.0, 0.0, 0.0], [0.0, 0.0, 0.0], [0.0, 0.0, 0.0], [0.0, 0.0, 0.0], [0.0, 0.0, 0.0], [0.0, 0.0, 0.0], [0.0, 0.0, 0.0], [0.0, 0.0, 0.0], [0.0, 0.0, 0.0], [0.0, 0.0, 0.0], [0.0, 0.0, 0.0], [0.0, 0.0, 0.0], [0.0, 0.0, 0.0]], "action_params_change": 0, "value_params_change": 0.3067615937090631}
{"iterations": 1, "type_itr": 0, "sub_iteration": 9, "sub_it_time": 0.10026836395263672, "total_time": 1.0995397567749023, "value_loss": 35.6400032043457, "action_loss": -1.8110771179199219, "action_probs": [[0.2473495458259467, 0.663022274479655, 0.024352126291841608, 0.06527605340255664], [0.48705417208627316, 0.0023323886755432554, 0.5081798844601254, 0.0024335547780580885], [0.5566081102397004, 0.4407562426492246, 0.0014708993293222968, 0.0011647477817528919], [0.23052847139955124, 0.223383684315969, 0.27734175965024255, 0.2687460846342372], [0.7783701752806113, 0.18924632374660533, 0.02604993957185128, 0.006333561400932152], [0.20189522425170214, 0.36983421794591453, 0.15123548644889817, 0.27703507135348526], [0.38670331643941785, 0.2343830890208804, 0.23592070662678505, 0.14299288791291653], [0.6003058790990563, 0.19299012118996825, 0.15641781404996313, 0.05028618566101222], [0.16762071893694994, 0.8151000754851255, 0.00294727951018314, 0.014331926067741483], [0.6308591492702962, 0.3616264480046623, 0.004776421666379748, 0.002737981058661563], [0.5433660500007776, 0.33411882437848217, 0.07586519359776239, 0.046649932022977965], [0.29276560969612425, 0.33020360404300264, 0.17718636102633611, 0.19984442523453722], [0.0019194206467481121, 0.00992406711758041, 0.16014606926148883, 0.8280104429741826], [2.014658470467568e-05, 0.6617780718226774, 1.0295601666207045e-05, 0.33819148599095156], [0.09174411823486193, 0.8970485044436839, 0.001039865110741699, 0.010167512210712465], [0.028312679297381967, 0.3888054315132522, 0.039564208719680256, 0.5433176804696855]], "state_values": [-3.139434206433311, 4.479652837493746, 4.487808805834609, 4.152495459856138, -0.6151584867970428, 4.405759045199287, 0.8154217804564785, 2.0637617503028873, 3.711144867829947, -2.6535973257348515, 0.7118026461275906, 4.946529178351355, -1.4640895632064426, -0.7247642139880823, -0.7504538960111261, -4.44899125644685], "value_grad": [11.880000114440918, -7.920001029968262, 7.920000076293945, 15.84000015258789, -7.920000076293945, 11.879999160766602, 3.9600000381469727, -19.80000114440918, 3.9600000381469727, 43.560001373291016, -43.560001373291016, -35.63999938964844, 51.480003356933594, -67.31999969482422, -27.720001220703125, -3.960000991821289], "action_grad": [[0.0, 0.0, 0.0], [0.0, 0.0, 0.0], [0.0, 0.0, 0.0], [0.0, 0.0, 0.0], [0.0, 0.0, 0.0], [0.0, 0.0, 0.0], [0.0, 0.0, 0.0], [0.0, 0.0, 0.0], [0.0, 0.0, 0.0], [0.0, 0.0, 0.0], [0.0, 0.0, 0.0], [0.0, 0.0, 0.0], [0.0, 0.0, 0.0], [0.0, 0.0, 0.0], [0.0, 0.0, 0.0], [0.0, 0.0, 0.0]], "action_params_change": 0, "value_params_change": 0.3313694368679396}
{"iterations": 1, "type_itr": 0, "sub_iteration": 10, "sub_it_time": 0.10149455070495605, "total_time": 1.2029800415039062, "value_loss": 19.80000114440918, "action_loss": -1.6299693584442139, "action_probs": [[0.2473495458259467, 0.663022274479655, 0.024352126291841608, 0.06527605340255664], [0.48705417208627316, 0.0023323886755432554, 0.5081798844601254, 0.0024335547780580885], [0.5566081102397004, 0.4407562426492246, 0.0014708993293222968, 0.0011647477817528919], [0.23052847139955124, 0.223383684315969, 0.27734175965024255, 0.2687460846342372], [0.7783701752806113, 0.18924632374660533, 0.02604993957185128, 0.006333561400932152], [0.20189522425170214, 0.36983421794591453, 0.15123548644889817, 0.27703507135348526], [0.38670331643941785, 0.2343830890208804, 0.23592070662678505, 0.14299288791291653], [0.6003058790990563, 0.19299012118996825, 0.15641781404996313, 0.05028618566101222], [0.16762071893694994, 0.8151000754851255, 0.00294727951018314, 0.014331926067741483], [0.6308591492702962, 0.3616264480046623, 0.004776421666379748, 0.002737981058661563], [0.5433660500007776, 0.33411882437848217, 0.07586519359776239, 0.046649932022977965], [0.29276560969612425, 0.33020360404300264, 0.17718636102633611, 0.19984442523453722], [0.0019194206467481121, 0.00992406711758041, 0.16014606926148883, 0.8280104429741826], [2.014658470467568e-05, 0.6617780718226774, 1.0295601666207045e-05, 0.33819148599095156], [0.09174411823486193, 0.8970485044436839, 0.001039865110741699, 0.010167512210712465], [0.028312679297381967, 0.3888054315132522, 0.039564208719680256, 0.5433176804696855]], "state_values": [-3.51548319795975, 4.6260981623566115, 4.187972626614789, 4.44747704822573, -0.6151546629100524, 4.528005029261866, 0.4943696511954773, 2.48977613348962, 3.665635051537916, -2.874432200551441, 0.16385786500084043, 4.874410332000943, -1.9122832757143347, -1.4644017273373735, -0.714314003214477, -4.323603669128488], "value_grad": [0.0, 0.0, -19.799999237060547, -3.9600000381469727, 67.31999969482422, 19.80000114440918, -7.920000076293945, -47.52000045776367, -35.63999938964844, 11.880002975463867, -15.840001106262207, -55.44000244140625, -39.599998474121094, -47.52000045776367, 3.9600000381469727, -11.880002975463867], "action_grad": [[0.0, 0.0, 0.0], [0.0, 0.0, 0.0], [0.0, 0.0, 0.0], [0.0, 0.0, 0.0], [0.0, 0.0, 0.0], [0.0, 0.0, 0.0], [0.0, 0.0, 0.0], [0.0, 0.0, 0.0], [0.0, 0.0, 0.0], [0.0, 0.0, 0.0], [0.0, 0.0, 0.0], [0.0, 0.0, 0.0], [0.0, 0.0, 0.0], [0.0, 0.0, 0.0], [0.0, 0.0, 0.0], [0.0, 0.0, 0.0]], "action_params_change": 0, "value_params_change": 0.3035451715571864}
{"iterations": 1, "type_itr": 0, "sub_iteration": 11, "sub_it_time": 0.10112619400024414, "total_time": 1.3108665943145752, "value_loss": -27.720001220703125, "action_loss": 0.18110769987106323, "action_probs": [[0.2473495458259467, 0.663022274479655, 0.024352126291841608, 0.06527605340255664], [0.48705417208627316, 0.0023323886755432554, 0.5081798844601254, 0.0024335547780580885], [0.5566081102397004, 0.4407562426492246, 0.0014708993293222968, 0.0011647477817528919], [0.23052847139955124, 0.223383684315969, 0.27734175965024255, 0.2687460846342372], [0.7783701752806113, 0.18924632374660533, 0.02604993957185128, 0.006333561400932152], [0.20189522425170214, 0.36983421794591453, 0.15123548644889817, 0.27703507135348526], [0.38670331643941785, 0.2343830890208804, 0.23592070662678505, 0.14299288791291653], [0.6003058790990563, 0.19299012118996825, 0.15641781404996313, 0.05028618566101222], [0.16762071893694994, 0.8151000754851255, 0.00294727951018314, 0.014331926067741483], [0.6308591492702962, 0.3616264480046623, 0.004776421666379748, 0.002737981058661563], [0.5433660500007776, 0.33411882437848217, 0.07586519359776239, 0.046649932022977965], [0.29276560969612425, 0.33020360404300264, 0.17718636102633611, 0.19984442523453722], [0.0019194206467481121, 0.00992406711758041, 0.16014606926148883, 0.8280104429741826], [2.014658470467568e-05, 0.6617780718226774, 1.0295601666207045e-05, 0.33819148599095156], [0.09174411823486193, 0.8970485044436839, 0.001039865110741699, 0.010167512210712465], [0.028312679297381967, 0.3888054315132522, 0.039564208719680256, 0.5433176804696855]], "state_values": [-3.6174182218193898, 4.6721100946023615, 3.7960666582410894, 4.653810124199593, -0.6151512247177187, 4.672487018956207, 0.30524826441711395, 2.8332202880839175, 3.4184386778530143, -3.175956940875563, -0.23714943879402828, 4.8320760155546845, -2.17856756749304, -2.215913967958873, -0.5103731270642146, -4.159804482189658], "value_grad": [31.68000030517578, -23.76000213623047, -15.84000015258789, -3.9600000381469727, 0.0, 19.799999237060547, -15.84000015258789, 3.9600000381469727, 43.560001373291016, -27.720001220703125, 15.84000015258789, 31.68000030517578, -23.76000213623047, -27.720001220703125, 23.760000228881836, -11.880001068115234], "action_grad": [[0.0, 0.0, 0.0], [0.0, 0.0, 0.0], [0.0, 0.0, 0.0], [0.0, 0.0, 0.0], [0.0, 0.0, 0.0], [0.0, 0.0, 0.0], [0.0, 0.0, 0.0], [0.0, 0.0, 0.0], [0.0, 0.0, 0.0], [0.0, 0.0, 0.0], [0.0, 0.0, 0.0], [0.0, 0.0, 0.0], [0.0, 0.0, 0.0], [0.0, 0.0, 0.0], [0.0, 0.0, 0.0], [0.0, 0.0, 0.0]], "action_params_change": 0, "value_params_change": 0.3238163772615601}
{"iterations": 1, "type_itr": 0, "sub_iteration": 12, "sub_it_time": 0.1009831428527832, "total_time": 1.4188625812530518, "value_loss": 15.84000015258789, "action_loss": 1.0866461992263794, "action_probs": [[0.2473495458259467, 0.663022274479655, 0.024352126291841608, 0.06527605340255664], [0.48705417208627316, 0.0023323886755432554, 0.5081798844601254, 0.0024335547780580885], [0.5566081102397004, 0.4407562426492246, 0.0014708993293222968, 0.0011647477817528919], [0.23052847139955124, 0.223383684315969, 0.27734175965024255, 0.2687460846342372], [0.7783701752806113, 0.18924632374660533, 0.02604993957185128, 0.006333561400932152], [0.20189522425170214, 0.36983421794591453, 0.15123548644889817, 0.27703507135348526], [0.38670331643941785, 0.2343830890208804, 0.23592070662678505, 0.14299288791291653], [0.6003058790990563, 0.19299012118996825, 0.15641781404996313, 0.05028618566101222], [0.16762071893694994, 0.8151000754851255, 0.00294727951018314, 0.014331926067741483], [0.6308591492702962, 0.3616264480046623, 0.004776421666379748, 0.002737981058661563], [0.5433660500007776, 0.33411882437848217, 0.07586519359776239, 0.046649932022977965], [0.29276560969612425, 0.33020360404300264, 0.17718636102633611, 0.19984442523453722], [0.0019194206467481121, 0.00992406711758041, 0.16014606926148883, 0.8280104429741826], [2.014658470467568e-05, 0.6617780718226774, 1.0295601666207045e-05, 0.33819148599095156], [0.09174411823486193, 0.8970485044436839, 0.001039865110741699, 0.010167512210712465], [0.028312679297381967, 0.3888054315132522, 0.039564208719680256, 0.5433176804696855]], "state_values": [-3.749747505805662, 4.730590276744143, 3.277321911416578, 4.811094031322237, -0.7002993071155961, 4.756475842258374, -0.04328782881339543, 3.126899443494906, 3.1604577625097696, -3.5508200802052317, -0.5065916482457041, 4.788750676480677, -2.278446300924861, -2.9993629489391935, -0.16579639938120386, -3.983202576342867], "value_grad": [-7.920000076293945, 7.920000076293945, -23.760000228881836, 7.920000076293945, -19.80000114440918, -11.879999160766602, 31.68000030517578, 0.0, 3.960000991821289, -35.6400032043457, 15.840001106262207, 0.0, -27.720001220703125, -55.44000244140625, 23.76000213623047, -3.9599990844726562], "action_grad": [[0.0, 0.0, 0.0], [0.0, 0.0, 0.0], [0.0, 0.0, 0.0], [0.0, 0.0, 0.0], [0.0, 0.0, 0.0], [0.0, 0.0, 0.0], [0.0, 0.0, 0.0], [0.0, 0.0, 0.0], [0.0, 0.0, 0.0], [0.0, 0.0, 0.0], [0.0, 0.0, 0.0], [0.0, 0.0, 0.0], [0.0, 0.0, 0.0], [0.0, 0.0, 0.0], [0.0, 0.0, 0.0], [0.0, 0.0, 0.0]], "action_params_change": 0, "value_params_change": 0.3683915387140173}
{"iterations": 1, "type_itr": 0, "sub_iteration": 13, "sub_it_time": 0.10085821151733398, "total_time": 1.5271499156951904, "value_loss": 3.9600000381469727, "action_loss": -0.5433230996131897, "action_probs": [[0.2473495458259467, 0.663022274479655, 0.024352126291841608, 0.06527605340255664], [0.48705417208627316, 0.0023323886755432554, 0.5081798844601254, 0.0024335547780580885], [0.5566081102397004, 0.4407562426492246, 0.0014708993293222968, 0.0011647477817528919], [0.23052847139955124, 0.223383684315969, 0.27734175965024255, 0.2687460846342372], [0.7783701752806113, 0.18924632374660533, 0.02604993957185128, 0.006333561400932152], [0.20189522425170214, 0.36983421794591453, 0.15123548644889817, 0.27703507135348526], [0.38670331643941785, 0.2343830890208804, 0.23592070662678505, 0.14299288791291653], [0.6003058790990563, 0.19299012118996825, 0.15641781404996313, 0.05028618566101222], [0.16762071893694994, 0.8151000754851255, 0.00294727951018314, 0.014331926067741483], [0.6308591492702962, 0.3616264480046623, 0.004776421666379748, 0.002737981058661563], [0.5433660500007776, 0.33411882437848217, 0.07586519359776239, 0.046649932022977965], [0.29276560969612425, 0.33020360404300264, 0.17718636102633611, 0.19984442523453722], [0.0019194206467481121, 0.00992406711758041, 0.16014606926148883, 0.8280104429741826], [2.014658470467568e-05, 0.6617780718226774, 1.0295601666207045e-05, 0.33819148599095156], [0.09174411823486193, 0.8970485044436839, 0.001039865110741699, 0.010167512210712465], [0.028312679297381967, 0.3888054315132522, 0.039564208719680256, 0.5433176804696855]], "state_values": [-3.884909698622122, 4.878373180897228, 3.130383480084315, 4.9380705675028675, -0.7599823249324166, 4.814871602890866, -0.2865219223928852, 3.3031061366072896, 2.9368799550600304, -3.717321581383235, -0.9800491133529959, 4.739008962107032, -2.2583290275306154, -3.6874765737401107, -0.13688089988893978, -3.8276225443656218], "value_grad": [-3.9600000381469727, 83.16000366210938, 59.400001525878906, 31.68000030517578, 3.9600000381469727, -3.9600000381469727, -11.880001068115234, 15.840001106262207, -3.9600000381469727, 39.599998474121094, -51.480003356933594, -3.9600000381469727, -23.76000213623047, -23.76000213623047, -39.60000228881836, 3.9600000381469727], "action_grad": [[0.0, 0.0, 0.0], [0.0, 0.0, 0.0], [0.0, 0.0, 0.0], [0.0, 0.0, 0.0], [0.0, 0.0, 0.0], [0.0, 0.0, 0.0], [0.0, 0.0, 0.0], [0.0, 0.0, 0.0], [0.0, 0.0, 0.0], [0.0, 0.0, 0.0], [0.0, 0.0, 0.0], [0.0, 0.0, 0.0], [0.0, 0.0, 0.0], [0.0, 0.0, 0.0], [0.0, 0.0, 0.0], [0.0, 0.0, 0.0]], "action_params_change": 0, "value_params_change": 0.372024488298508}
