{"iterations": 0, "type_itr": 0, "sub_iteration": 0, "sub_it_time": 0, "total_time": 0, "value_loss": 0, "action_loss": 0, "action_probs": [[0.07537080505380261, 0.6653394454651269, 0.026383970178481632, 0.23290577930258904], [0.8872214464349513, 0.004249695443608238, 0.10801149466210642, 0.0005173634593339635], [0.5551384495137746, 0.34863493069837975, 0.05910673812768904, 0.037119881660156624], [0.2320347478166607, 0.11710032977275585, 0.4325640356075988, 0.21830088680298457], [0.0036171238467628897, 0.020973802331486217, 0.14347468638209576, 0.8319343874396552], [0.1732174797201327, 0.043564916252646656, 0.6258210166616631, 0.15739658736555742], [0.4271559660580726, 0.3247167849434734, 0.14096671891630852, 0.10716053008214553], [0.18721218167528278, 0.0012788947222132582, 0.8060029097409481, 0.005506013861555896], [0.019490216082259097, 0.8326652605303759, 0.0033814506700732172, 0.14446307271729197], [0.010069215562944319, 0.05665496157569753, 0.14083883598218228, 0.792436986879176], [0.08562238767622389, 0.2661474052130971, 0.15778221785556404, 0.4904479892551152], [0.10523676517866175, 0.3726221950394248, 0.11498881169580669, 0.40715222808610696], [0.634173904840119, 0.22065538777566343, 0.10769808096834978, 0.03747262641586802], [0.0022871303576371665, 0.0015208023341835165, 0.5983354495923311, 0.39785661771584807], [0.007285287638480101, 0.9705443950886352, 0.00016517921394947435, 0.022005138058935232], [0.057306219058573186, 0.49256882291654325, 0.04691058418591097, 0.40321437383897246]], "state_values": [2.6196694021512807, 4.982306271979955, -4.887480244891942, 0.5020909972607396, 4.872775391606431, -3.864901653725261, 1.976693636187392, -1.4429206781542558, 3.3850555413508614, 1.5799507312918624, 3.3673946922215614, 2.0923122744452254, 0.2737476416017242, 1.914498054628206, -4.927118613250463, -4.546997132235429], "value_grad": [0.0, 0.0, 0.0, 0.0, 0.0, 0.0, 0.0, 0.0, 0.0, 0.0, 0.0, 0.0, 0.0, 0.0, 0.0, 0.0], "action_grad": [[0.0, 0.0, 0.0], [0.0, 0.0, 0.0], [0.0, 0.0, 0.0], [0.0, 0.0, 0.0], [0.0, 0.0, 0.0], [0.0, 0.0, 0.0], [0.0, 0.0, 0.0], [0.0, 0.0, 0.0], [0.0, 0.0, 0.0], [0.0, 0.0, 0.0], [0.0, 0.0, 0.0], [0.0, 0.0, 0.0], [0.0, 0.0, 0.0], [0.0, 0.0, 0.0], [0.0, 0.0, 0.0], [0.0, 0.0, 0.0]], "action_params_change": 0, "value_params_change": 0}
{"iterations": 1, "type_itr": 0, "sub_iteration": 0, "sub_it_time": 3.8280649185180664, "total_time": 3.8295106887817383, "value_loss": 14.54685194886432, "action_loss": -0.5691468713523212, "action_probs": [[0.07537080505380261, 0.6653394454651269, 0.026383970178481632, 0.23290577930258904], [0.8872214464349513, 0.004249695443608238, 0.10801149466210642, 0.0005173634593339635], [0.5551384495137746, 0.34863493069837975, 0.05910673812768904, 0.037119881660156624], [0.2320347478166607, 0.11710032977275585, 0.4325640356075988, 0.21830088680298457], [0.0036171238467628897, 0.020973802331486217, 0.14347468638209576, 0.8319343874396552], [0.1732174797201327, 0.043564916252646656, 0.6258210166616631, 0.15739658736555742], [0.4271559660580726, 0.3247167849434734, 0.14096671891630852, 0.10716053008214553], [0.18721218167528278, 0.0012788947222132582, 0.8060029097409481, 0.005506013861555896], [0.019490216082259097, 0.8326652605303759, 0.0033814506700732172, 0.14446307271729197], [0.010069215562944319, 0.05665496157569753, 0.14083883598218228, 0.792436986879176], [0.08562238767622389, 0.2661474052130971, 0.15778221785556404, 0.4904479892551152], [0.10523676517866175, 0.3726221950394248, 0.11498881169580669, 0.40715222808610696], [0.634173904840119, 0.22065538777566343, 0.10769808096834978, 0.03747262641586802], [0.0022871303576371665, 0.0015208023341835165, 0.5983354495923311, 0.39785661771584807], [0.007285287638480101, 0.9705443950886352, 0.00016517921394947435, 0.022005138058935232], [0.057306219058573186, 0.49256882291654325, 0.04691058418591097, 0.40321437383897246]], "state_values": [1.4845876462927368, 4.7234427765713045, -4.474586397591928, 1.717249241520239, 4.444016906070714, -2.9599487731053458, 0.7789965465848365, -0.21367368021929029, 2.3694094863762962, 0.3571960945997385, 2.348297586277072, 0.9037639041612084, 1.5004018825819796, 0.7122344990774025, -4.5635072773729055, -3.8911359402772496], "value_grad": [-0.13251397295493028, 0.20826849037757, -0.4733275150216265, -0.7003752337428111, -0.3407875222060355, 1.9121961076169907, -1.4576608228454635, -0.0946508069204075, 0.24610262928956317, -0.07572091713552886, 2.082897020578825, -0.11358218806523013, -0.530042464090295, 0.6436367253463988, 0.4165325835863527, 0.321842453520933], "action_grad": [[0.0, 0.0, 0.0], [0.0, 0.0, 0.0], [0.0, 0.0, 0.0], [0.0, 0.0, 0.0], [0.0, 0.0, 0.0], [0.0, 0.0, 0.0], [0.0, 0.0, 0.0], [0.0, 0.0, 0.0], [0.0, 0.0, 0.0], [0.0, 0.0, 0.0], [0.0, 0.0, 0.0], [0.0, 0.0, 0.0], [0.0, 0.0, 0.0], [0.0, 0.0, 0.0], [0.0, 0.0, 0.0], [0.0, 0.0, 0.0]], "action_params_change": 0, "value_params_change": 0.4999999975994973}
{"iterations": 1, "type_itr": 0, "sub_iteration": 1, "sub_it_time": 3.9683921337127686, "total_time": 7.799578905105591, "value_loss": 10.435819009584165, "action_loss": -0.39402662999077553, "action_probs": [[0.07537080505380261, 0.6653394454651269, 0.026383970178481632, 0.23290577930258904], [0.8872214464349513, 0.004249695443608238, 0.10801149466210642, 0.0005173634593339635], [0.5551384495137746, 0.34863493069837975, 0.05910673812768904, 0.037119881660156624], [0.2320347478166607, 0.11710032977275585, 0.4325640356075988, 0.21830088680298457], [0.0036171238467628897, 0.020973802331486217, 0.14347468638209576, 0.8319343874396552], [0.1732174797201327, 0.043564916252646656, 0.6258210166616631, 0.15739658736555742], [0.4271559660580726, 0.3247167849434734, 0.14096671891630852, 0.10716053008214553], [0.18721218167528278, 0.0012788947222132582, 0.8060029097409481, 0.005506013861555896], [0.019490216082259097, 0.8326652605303759, 0.0033814506700732172, 0.14446307271729197], [0.010069215562944319, 0.05665496157569753, 0.14083883598218228, 0.792436986879176], [0.08562238767622389, 0.2661474052130971, 0.15778221785556404, 0.4904479892551152], [0.10523676517866175, 0.3726221950394248, 0.11498881169580669, 0.40715222808610696], [0.634173904840119, 0.22065538777566343, 0.10769808096834978, 0.03747262641586802], [0.0022871303576371665, 0.0015208023341835165, 0.5983354495923311, 0.39785661771584807], [0.007285287638480101, 0.9705443950886352, 0.00016517921394947435, 0.022005138058935232], [0.057306219058573186, 0.49256882291654325, 0.04691058418591097, 0.40321437383897246]], "state_values": [0.2847165645861273, 4.243722711681738, -3.81017481703245, 2.751303810622788, 3.7604837786579033, -1.8709226237327425, -0.4171557613003673, 0.7869689205624858, 1.25382957736833, -0.678862636240375, 1.2529812852612108, -0.18027831393281815, 2.0821309437105255, -0.3846992129880662, -3.935691199248197, -2.9933091363470266], "value_grad": [-0.09477805051077759, 0.777265965893946, -0.928913516980499, -0.34120006259434277, -0.6255826194774183, 1.9146166976942922, -0.8909129295943892, -0.018955512435971045, 0.1516476071078401, -0.01895551243590532, 1.1184082244147895, -0.0379111227123321, 0.11373453873761719, 0.2274667240775301, 0.7582950914587165, 0.3222601754497987], "action_grad": [[0.0, 0.0, 0.0], [0.0, 0.0, 0.0], [0.0, 0.0, 0.0], [0.0, 0.0, 0.0], [0.0, 0.0, 0.0], [0.0, 0.0, 0.0], [0.0, 0.0, 0.0], [0.0, 0.0, 0.0], [0.0, 0.0, 0.0], [0.0, 0.0, 0.0], [0.0, 0.0, 0.0], [0.0, 0.0, 0.0], [0.0, 0.0, 0.0], [0.0, 0.0, 0.0], [0.0, 0.0, 0.0], [0.0, 0.0, 0.0]], "action_params_change": 0, "value_params_change": 0.5000167837646101}
{"iterations": 1, "type_itr": 0, "sub_iteration": 2, "sub_it_time": 3.9462194442749023, "total_time": 11.747408390045166, "value_loss": 6.965328071216918, "action_loss": -0.2074754715188301, "action_probs": [[0.07537080505380261, 0.6653394454651269, 0.026383970178481632, 0.23290577930258904], [0.8872214464349513, 0.004249695443608238, 0.10801149466210642, 0.0005173634593339635], [0.5551384495137746, 0.34863493069837975, 0.05910673812768904, 0.037119881660156624], [0.2320347478166607, 0.11710032977275585, 0.4325640356075988, 0.21830088680298457], [0.0036171238467628897, 0.020973802331486217, 0.14347468638209576, 0.8319343874396552], [0.1732174797201327, 0.043564916252646656, 0.6258210166616631, 0.15739658736555742], [0.4271559660580726, 0.3247167849434734, 0.14096671891630852, 0.10716053008214553], [0.18721218167528278, 0.0012788947222132582, 0.8060029097409481, 0.005506013861555896], [0.019490216082259097, 0.8326652605303759, 0.0033814506700732172, 0.14446307271729197], [0.010069215562944319, 0.05665496157569753, 0.14083883598218228, 0.792436986879176], [0.08562238767622389, 0.2661474052130971, 0.15778221785556404, 0.4904479892551152], [0.10523676517866175, 0.3726221950394248, 0.11498881169580669, 0.40715222808610696], [0.634173904840119, 0.22065538777566343, 0.10769808096834978, 0.03747262641586802], [0.0022871303576371665, 0.0015208023341835165, 0.5983354495923311, 0.39785661771584807], [0.007285287638480101, 0.9705443950886352, 0.00016517921394947435, 0.022005138058935232], [0.057306219058573186, 0.49256882291654325, 0.04691058418591097, 0.40321437383897246]], "state_values": [-0.5601198459496927, 3.524254525369385, -3.0987847238573685, 3.6008357685072427, 2.862263732286954, -0.6857209796853274, -1.4083186055831807, 1.0450288119955582, 0.24270395389684365, -1.0456719977782303, 0.10843663502461633, -0.8820815451213675, 1.9496058033091153, -1.0339265056928266, -3.0670380185623434, -1.9278584372338552], "value_grad": [0.01897058080073588, 1.0624107697448872, -0.07589335427241561, -0.2655894915778214, -0.9106105475537669, 1.4607465572387017, -0.1897048110309374, 0.05691154440197188, 0.03794109565956649, 0.03794096360114718, 1.0623494041449524, 0.018970448742427592, 0.45529620501418133, -0.15176385091727873, 0.8916530956044726, 0.2466209408529938], "action_grad": [[0.0, 0.0, 0.0], [0.0, 0.0, 0.0], [0.0, 0.0, 0.0], [0.0, 0.0, 0.0], [0.0, 0.0, 0.0], [0.0, 0.0, 0.0], [0.0, 0.0, 0.0], [0.0, 0.0, 0.0], [0.0, 0.0, 0.0], [0.0, 0.0, 0.0], [0.0, 0.0, 0.0], [0.0, 0.0, 0.0], [0.0, 0.0, 0.0], [0.0, 0.0, 0.0], [0.0, 0.0, 0.0], [0.0, 0.0, 0.0]], "action_params_change": 0, "value_params_change": 0.49200420342599616}
{"iterations": 1, "type_itr": 0, "sub_iteration": 3, "sub_it_time": 3.7350716590881348, "total_time": 15.484163045883179, "value_loss": 4.308803622494921, "action_loss": -0.08681608767438266, "action_probs": [[0.07537080505380261, 0.6653394454651269, 0.026383970178481632, 0.23290577930258904], [0.8872214464349513, 0.004249695443608238, 0.10801149466210642, 0.0005173634593339635], [0.5551384495137746, 0.34863493069837975, 0.05910673812768904, 0.037119881660156624], [0.2320347478166607, 0.11710032977275585, 0.4325640356075988, 0.21830088680298457], [0.0036171238467628897, 0.020973802331486217, 0.14347468638209576, 0.8319343874396552], [0.1732174797201327, 0.043564916252646656, 0.6258210166616631, 0.15739658736555742], [0.4271559660580726, 0.3247167849434734, 0.14096671891630852, 0.10716053008214553], [0.18721218167528278, 0.0012788947222132582, 0.8060029097409481, 0.005506013861555896], [0.019490216082259097, 0.8326652605303759, 0.0033814506700732172, 0.14446307271729197], [0.010069215562944319, 0.05665496157569753, 0.14083883598218228, 0.792436986879176], [0.08562238767622389, 0.2661474052130971, 0.15778221785556404, 0.4904479892551152], [0.10523676517866175, 0.3726221950394248, 0.11498881169580669, 0.40715222808610696], [0.634173904840119, 0.22065538777566343, 0.10769808096834978, 0.03747262641586802], [0.0022871303576371665, 0.0015208023341835165, 0.5983354495923311, 0.39785661771584807], [0.007285287638480101, 0.9705443950886352, 0.00016517921394947435, 0.022005138058935232], [0.057306219058573186, 0.49256882291654325, 0.04691058418591097, 0.40321437383897246]], "state_values": [-1.0643544389697017, 2.612656811835382, -2.1852254067292645, 4.243197040496298, 1.7796080875963867, 0.4662578836603247, -2.036311902245561, 1.0160262026914713, -0.16546719248882139, -0.9046590855642068, -0.9936335562392353, -1.209433256153063, 1.41967097058785, -1.2126517853627528, -2.0050395929571954, -0.8933523521901313], "value_grad": [0.03795597438972376, 1.632190835993347, -1.1956434943077494, -0.1897819368336835, -0.8350453125006267, 0.7780978327438133, 0.3416044797913118, 0.03795605796187829, -0.15182389406975805, 0.05693402422011662, 0.7211615211747802, 0.03795597438965803, 0.6072993477160429, -0.32262610264945124, 0.7781096501337315, 0.056934149316769656], "action_grad": [[0.0, 0.0, 0.0], [0.0, 0.0, 0.0], [0.0, 0.0, 0.0], [0.0, 0.0, 0.0], [0.0, 0.0, 0.0], [0.0, 0.0, 0.0], [0.0, 0.0, 0.0], [0.0, 0.0, 0.0], [0.0, 0.0, 0.0], [0.0, 0.0, 0.0], [0.0, 0.0, 0.0], [0.0, 0.0, 0.0], [0.0, 0.0, 0.0], [0.0, 0.0, 0.0], [0.0, 0.0, 0.0], [0.0, 0.0, 0.0]], "action_params_change": 0, "value_params_change": 0.49550251341998663}
{"iterations": 1, "type_itr": 0, "sub_iteration": 4, "sub_it_time": 3.2926740646362305, "total_time": 18.7785427570343, "value_loss": 2.467727701400566, "action_loss": -0.0807391286424098, "action_probs": [[0.07537080505380261, 0.6653394454651269, 0.026383970178481632, 0.23290577930258904], [0.8872214464349513, 0.004249695443608238, 0.10801149466210642, 0.0005173634593339635], [0.5551384495137746, 0.34863493069837975, 0.05910673812768904, 0.037119881660156624], [0.2320347478166607, 0.11710032977275585, 0.4325640356075988, 0.21830088680298457], [0.0036171238467628897, 0.020973802331486217, 0.14347468638209576, 0.8319343874396552], [0.1732174797201327, 0.043564916252646656, 0.6258210166616631, 0.15739658736555742], [0.4271559660580726, 0.3247167849434734, 0.14096671891630852, 0.10716053008214553], [0.18721218167528278, 0.0012788947222132582, 0.8060029097409481, 0.005506013861555896], [0.019490216082259097, 0.8326652605303759, 0.0033814506700732172, 0.14446307271729197], [0.010069215562944319, 0.05665496157569753, 0.14083883598218228, 0.792436986879176], [0.08562238767622389, 0.2661474052130971, 0.15778221785556404, 0.4904479892551152], [0.10523676517866175, 0.3726221950394248, 0.11498881169580669, 0.40715222808610696], [0.634173904840119, 0.22065538777566343, 0.10769808096834978, 0.03747262641586802], [0.0022871303576371665, 0.0015208023341835165, 0.5983354495923311, 0.39785661771584807], [0.007285287638480101, 0.9705443950886352, 0.00016517921394947435, 0.022005138058935232], [0.057306219058573186, 0.49256882291654325, 0.04691058418591097, 0.40321437383897246]], "state_values": [-1.249634592097025, 1.554472683507827, -1.1123627944543417, 4.67281640954234, 0.6105291767805326, 1.4346729667739186, -2.2949689663498565, 0.7021589281360101, -0.19233723134472122, -0.4082471633711071, -1.915244989236809, -1.1889005983767709, 0.6806243908288008, -1.0540413624543938, -0.860579186472035, -0.1514449777578101], "value_grad": [0.05694379617747369, 0.8731436284565262, -1.1768449812469215, -0.1138886727521311, -0.5124953480744558, 0.0569437218480453, 0.6643465442340286, 0.05694379617747369, -0.15185002101006528, 0.07592511065786445, 0.11388751697882649, 0.05694379617747369, 0.5504572344397065, -0.37962549745833973, 0.436570144763214, -0.11388751697882649], "action_grad": [[0.0, 0.0, 0.0], [0.0, 0.0, 0.0], [0.0, 0.0, 0.0], [0.0, 0.0, 0.0], [0.0, 0.0, 0.0], [0.0, 0.0, 0.0], [0.0, 0.0, 0.0], [0.0, 0.0, 0.0], [0.0, 0.0, 0.0], [0.0, 0.0, 0.0], [0.0, 0.0, 0.0], [0.0, 0.0, 0.0], [0.0, 0.0, 0.0], [0.0, 0.0, 0.0], [0.0, 0.0, 0.0], [0.0, 0.0, 0.0]], "action_params_change": 0, "value_params_change": 0.4829775221710495}
{"iterations": 1, "type_itr": 0, "sub_iteration": 5, "sub_it_time": 3.6900393962860107, "total_time": 22.470507383346558, "value_loss": 1.6704852599892572, "action_loss": -0.14411082955834326, "action_probs": [[0.07537080505380261, 0.6653394454651269, 0.026383970178481632, 0.23290577930258904], [0.8872214464349513, 0.004249695443608238, 0.10801149466210642, 0.0005173634593339635], [0.5551384495137746, 0.34863493069837975, 0.05910673812768904, 0.037119881660156624], [0.2320347478166607, 0.11710032977275585, 0.4325640356075988, 0.21830088680298457], [0.0036171238467628897, 0.020973802331486217, 0.14347468638209576, 0.8319343874396552], [0.1732174797201327, 0.043564916252646656, 0.6258210166616631, 0.15739658736555742], [0.4271559660580726, 0.3247167849434734, 0.14096671891630852, 0.10716053008214553], [0.18721218167528278, 0.0012788947222132582, 0.8060029097409481, 0.005506013861555896], [0.019490216082259097, 0.8326652605303759, 0.0033814506700732172, 0.14446307271729197], [0.010069215562944319, 0.05665496157569753, 0.14083883598218228, 0.792436986879176], [0.08562238767622389, 0.2661474052130971, 0.15778221785556404, 0.4904479892551152], [0.10523676517866175, 0.3726221950394248, 0.11498881169580669, 0.40715222808610696], [0.634173904840119, 0.22065538777566343, 0.10769808096834978, 0.03747262641586802], [0.0022871303576371665, 0.0015208023341835165, 0.5983354495923311, 0.39785661771584807], [0.007285287638480101, 0.9705443950886352, 0.00016517921394947435, 0.022005138058935232], [0.057306219058573186, 0.49256882291654325, 0.04691058418591097, 0.40321437383897246]], "state_values": [-1.0909713022530056, 0.4681239608194428, 0.04638723559420172, 4.913811612628194, -0.46673255751690973, 2.117943262706625, -2.269747137303484, 0.13966421849900781, -0.049041182546792315, 0.11384804931987035, -2.545890988330854, -0.8670196100589455, -0.1357435692590309, -0.698386352026107, 0.16777473249113728, 0.2881948787484225], "value_grad": [0.0949108280631823, 0.43659050738258465, -0.9491086601621903, -0.07592928431654755, -0.09491082806311635, -0.531501199000296, 0.7972535988474674, 0.07592876504765544, -0.09491082806311635, 0.018982165787036154, -0.47455445875422164, 0.07592869699849314, 0.341679096188515, -0.3226970734790884, 0.0, -0.1518572537110774], "action_grad": [[0.0, 0.0, 0.0], [0.0, 0.0, 0.0], [0.0, 0.0, 0.0], [0.0, 0.0, 0.0], [0.0, 0.0, 0.0], [0.0, 0.0, 0.0], [0.0, 0.0, 0.0], [0.0, 0.0, 0.0], [0.0, 0.0, 0.0], [0.0, 0.0, 0.0], [0.0, 0.0, 0.0], [0.0, 0.0, 0.0], [0.0, 0.0, 0.0], [0.0, 0.0, 0.0], [0.0, 0.0, 0.0], [0.0, 0.0, 0.0]], "action_params_change": 0, "value_params_change": 0.4672548732550674}
{"iterations": 1, "type_itr": 0, "sub_iteration": 6, "sub_it_time": 3.673191547393799, "total_time": 26.145355939865112, "value_loss": 1.8603078295461353, "action_loss": -0.2352487322322062, "action_probs": [[0.07537080505380261, 0.6653394454651269, 0.026383970178481632, 0.23290577930258904], [0.8872214464349513, 0.004249695443608238, 0.10801149466210642, 0.0005173634593339635], [0.5551384495137746, 0.34863493069837975, 0.05910673812768904, 0.037119881660156624], [0.2320347478166607, 0.11710032977275585, 0.4325640356075988, 0.21830088680298457], [0.0036171238467628897, 0.020973802331486217, 0.14347468638209576, 0.8319343874396552], [0.1732174797201327, 0.043564916252646656, 0.6258210166616631, 0.15739658736555742], [0.4271559660580726, 0.3247167849434734, 0.14096671891630852, 0.10716053008214553], [0.18721218167528278, 0.0012788947222132582, 0.8060029097409481, 0.005506013861555896], [0.019490216082259097, 0.8326652605303759, 0.0033814506700732172, 0.14446307271729197], [0.010069215562944319, 0.05665496157569753, 0.14083883598218228, 0.792436986879176], [0.08562238767622389, 0.2661474052130971, 0.15778221785556404, 0.4904479892551152], [0.10523676517866175, 0.3726221950394248, 0.11498881169580669, 0.40715222808610696], [0.634173904840119, 0.22065538777566343, 0.10769808096834978, 0.03747262641586802], [0.0022871303576371665, 0.0015208023341835165, 0.5983354495923311, 0.39785661771584807], [0.007285287638480101, 0.9705443950886352, 0.00016517921394947435, 0.022005138058935232], [0.057306219058573186, 0.49256882291654325, 0.04691058418591097, 0.40321437383897246]], "state_values": [-0.786905479597244, -0.46926511861450576, 1.181715396395409, 4.998415445072223, -1.2349243266031542, 2.505793613300163, -2.031899086442659, -0.3532697035606531, 0.0114928162278928, 0.4730714610207992, -2.89708098142218, -0.38639755310603136, -0.8669431220457977, -0.2521476534899147, 0.8565999466390054, 0.5131122442453474], "value_grad": [0.05694589835476194, -0.11389173808270625, -0.5694585019771421, -0.037964314300223956, 0.3416751765607844, -0.9301191640899558, 0.8352095980675172, 1.1013412404281553e-13, 0.037963913159515084, -0.018981966176280007, -0.7782639397999973, 0.0569458983548059, 0.03796391315944936, -0.20880161834415367, -0.4365851337714146, -0.13287376079206714], "action_grad": [[0.0, 0.0, 0.0], [0.0, 0.0, 0.0], [0.0, 0.0, 0.0], [0.0, 0.0, 0.0], [0.0, 0.0, 0.0], [0.0, 0.0, 0.0], [0.0, 0.0, 0.0], [0.0, 0.0, 0.0], [0.0, 0.0, 0.0], [0.0, 0.0, 0.0], [0.0, 0.0, 0.0], [0.0, 0.0, 0.0], [0.0, 0.0, 0.0], [0.0, 0.0, 0.0], [0.0, 0.0, 0.0], [0.0, 0.0, 0.0]], "action_params_change": 0, "value_params_change": 0.45864598918975963}
{"iterations": 1, "type_itr": 0, "sub_iteration": 7, "sub_it_time": 4.494661092758179, "total_time": 30.641643285751343, "value_loss": 2.6385606021748846, "action_loss": -0.3237599512426483, "action_probs": [[0.07537080505380261, 0.6653394454651269, 0.026383970178481632, 0.23290577930258904], [0.8872214464349513, 0.004249695443608238, 0.10801149466210642, 0.0005173634593339635], [0.5551384495137746, 0.34863493069837975, 0.05910673812768904, 0.037119881660156624], [0.2320347478166607, 0.11710032977275585, 0.4325640356075988, 0.21830088680298457], [0.0036171238467628897, 0.020973802331486217, 0.14347468638209576, 0.8319343874396552], [0.1732174797201327, 0.043564916252646656, 0.6258210166616631, 0.15739658736555742], [0.4271559660580726, 0.3247167849434734, 0.14096671891630852, 0.10716053008214553], [0.18721218167528278, 0.0012788947222132582, 0.8060029097409481, 0.005506013861555896], [0.019490216082259097, 0.8326652605303759, 0.0033814506700732172, 0.14446307271729197], [0.010069215562944319, 0.05665496157569753, 0.14083883598218228, 0.792436986879176], [0.08562238767622389, 0.2661474052130971, 0.15778221785556404, 0.4904479892551152], [0.10523676517866175, 0.3726221950394248, 0.11498881169580669, 0.40715222808610696], [0.634173904840119, 0.22065538777566343, 0.10769808096834978, 0.03747262641586802], [0.0022871303576371665, 0.0015208023341835165, 0.5983354495923311, 0.39785661771584807], [0.007285287638480101, 0.9705443950886352, 0.00016517921394947435, 0.022005138058935232], [0.057306219058573186, 0.49256882291654325, 0.04691058418591097, 0.40321437383897246]], "state_values": [-0.41035356823510816, -1.1164894361252526, 2.172686198747203, 4.956706102875591, -1.6240584787847734, 2.644237075095702, -1.6214355205652793, -0.3281078986859448, -0.059092042743669575, 0.6046625395642773, -3.010648877904175, 0.36007916465049283, -1.3559985183447758, 0.16775144556713875, 1.1660795775556139, 0.6483911016615418], "value_grad": [0.03796204601588782, -0.56943049483053, -0.17082932039697019, -0.11388751697882649, 0.6263747966587894, -1.1578509768412837, 0.8541494757434203, -0.11388581839689094, 0.07592398594685656, -0.03796204601571196, -1.0060033514344981, 0.18981126301170592, -0.24675345447952468, -0.03796204601571196, -0.6833174355032394, -0.05694310836933347], "action_grad": [[0.0, 0.0, 0.0], [0.0, 0.0, 0.0], [0.0, 0.0, 0.0], [0.0, 0.0, 0.0], [0.0, 0.0, 0.0], [0.0, 0.0, 0.0], [0.0, 0.0, 0.0], [0.0, 0.0, 0.0], [0.0, 0.0, 0.0], [0.0, 0.0, 0.0], [0.0, 0.0, 0.0], [0.0, 0.0, 0.0], [0.0, 0.0, 0.0], [0.0, 0.0, 0.0], [0.0, 0.0, 0.0], [0.0, 0.0, 0.0]], "action_params_change": 0, "value_params_change": 0.4218476669493936}
{"iterations": 1, "type_itr": 0, "sub_iteration": 8, "sub_it_time": 3.897296667098999, "total_time": 34.54055953025818, "value_loss": 3.359831908026055, "action_loss": -0.44345955840373813, "action_probs": [[0.07537080505380261, 0.6653394454651269, 0.026383970178481632, 0.23290577930258904], [0.8872214464349513, 0.004249695443608238, 0.10801149466210642, 0.0005173634593339635], [0.5551384495137746, 0.34863493069837975, 0.05910673812768904, 0.037119881660156624], [0.2320347478166607, 0.11710032977275585, 0.4325640356075988, 0.21830088680298457], [0.0036171238467628897, 0.020973802331486217, 0.14347468638209576, 0.8319343874396552], [0.1732174797201327, 0.043564916252646656, 0.6258210166616631, 0.15739658736555742], [0.4271559660580726, 0.3247167849434734, 0.14096671891630852, 0.10716053008214553], [0.18721218167528278, 0.0012788947222132582, 0.8060029097409481, 0.005506013861555896], [0.019490216082259097, 0.8326652605303759, 0.0033814506700732172, 0.14446307271729197], [0.010069215562944319, 0.05665496157569753, 0.14083883598218228, 0.792436986879176], [0.08562238767622389, 0.2661474052130971, 0.15778221785556404, 0.4904479892551152], [0.10523676517866175, 0.3726221950394248, 0.11498881169580669, 0.40715222808610696], [0.634173904840119, 0.22065538777566343, 0.10769808096834978, 0.03747262641586802], [0.0022871303576371665, 0.0015208023341835165, 0.5983354495923311, 0.39785661771584807], [0.007285287638480101, 0.9705443950886352, 0.00016517921394947435, 0.022005138058935232], [0.057306219058573186, 0.49256882291654325, 0.04691058418591097, 0.40321437383897246]], "state_values": [-0.02093612850474881, -1.4319875396242887, 2.985089172835478, 4.8212185844201105, -1.6591518149682638, 2.585384052087796, -1.0727971280877722, -0.245016193286128, -0.2668440083135657, 1.1073634805029584, -2.9305720050151645, 0.9700135489225485, -1.589162248079349, 0.4637047153456523, 1.176764351688599, 0.7680830128199685], "value_grad": [0.01897991235549279, -0.9110373481045904, -0.0569405094837947, 0.01898026358143312, 0.8730849254603381, -1.2526880823647208, 0.8161398625950378, -0.01897991235549279, 0.0948997249151935, 0.13285821766101868, -1.1388114460799468, -0.018979912355624684, -0.36061828503504056, 0.11387937380861768, -0.7591979947863527, 0.0], "action_grad": [[0.0, 0.0, 0.0], [0.0, 0.0, 0.0], [0.0, 0.0, 0.0], [0.0, 0.0, 0.0], [0.0, 0.0, 0.0], [0.0, 0.0, 0.0], [0.0, 0.0, 0.0], [0.0, 0.0, 0.0], [0.0, 0.0, 0.0], [0.0, 0.0, 0.0], [0.0, 0.0, 0.0], [0.0, 0.0, 0.0], [0.0, 0.0, 0.0], [0.0, 0.0, 0.0], [0.0, 0.0, 0.0], [0.0, 0.0, 0.0]], "action_params_change": 0, "value_params_change": 0.38050836309812697}
{"iterations": 1, "type_itr": 0, "sub_iteration": 9, "sub_it_time": 3.455127477645874, "total_time": 37.99731254577637, "value_loss": 3.6065728622179747, "action_loss": -0.5986033567439373, "action_probs": [[0.07537080505380261, 0.6653394454651269, 0.026383970178481632, 0.23290577930258904], [0.8872214464349513, 0.004249695443608238, 0.10801149466210642, 0.0005173634593339635], [0.5551384495137746, 0.34863493069837975, 0.05910673812768904, 0.037119881660156624], [0.2320347478166607, 0.11710032977275585, 0.4325640356075988, 0.21830088680298457], [0.0036171238467628897, 0.020973802331486217, 0.14347468638209576, 0.8319343874396552], [0.1732174797201327, 0.043564916252646656, 0.6258210166616631, 0.15739658736555742], [0.4271559660580726, 0.3247167849434734, 0.14096671891630852, 0.10716053008214553], [0.18721218167528278, 0.0012788947222132582, 0.8060029097409481, 0.005506013861555896], [0.019490216082259097, 0.8326652605303759, 0.0033814506700732172, 0.14446307271729197], [0.010069215562944319, 0.05665496157569753, 0.14083883598218228, 0.792436986879176], [0.08562238767622389, 0.2661474052130971, 0.15778221785556404, 0.4904479892551152], [0.10523676517866175, 0.3726221950394248, 0.11498881169580669, 0.40715222808610696], [0.634173904840119, 0.22065538777566343, 0.10769808096834978, 0.03747262641586802], [0.0022871303576371665, 0.0015208023341835165, 0.5983354495923311, 0.39785661771584807], [0.007285287638480101, 0.9705443950886352, 0.00016517921394947435, 0.022005138058935232], [0.057306219058573186, 0.49256882291654325, 0.04691058418591097, 0.40321437383897246]], "state_values": [0.32678916841878347, -1.4626660970202114, 3.5546167999029215, 4.6399549876400075, -1.4737161605672242, 2.3768315376558773, -0.4266892925422124, -0.17080072281473058, -0.4518792625152252, 1.3620869206605581, -2.6777805826516614, 1.3625869013818095, -1.5724555144456074, 0.5663101370569589, 0.9793841293019201, 0.9138144227933233], "value_grad": [0.0, -1.0818324353965085, 0.32265390662507887, 0.056939438534652886, 0.7591804388455277, -1.1767393512513995, 0.7022413216884975, 0.0, 0.0, -0.05693840999016375, -1.2716430342360727, -0.05693840999009758, -0.4744883871072978, 0.2467330948379356, -0.7022413216884313, 0.037958904865365906], "action_grad": [[0.0, 0.0, 0.0], [0.0, 0.0, 0.0], [0.0, 0.0, 0.0], [0.0, 0.0, 0.0], [0.0, 0.0, 0.0], [0.0, 0.0, 0.0], [0.0, 0.0, 0.0], [0.0, 0.0, 0.0], [0.0, 0.0, 0.0], [0.0, 0.0, 0.0], [0.0, 0.0, 0.0], [0.0, 0.0, 0.0], [0.0, 0.0, 0.0], [0.0, 0.0, 0.0], [0.0, 0.0, 0.0], [0.0, 0.0, 0.0]], "action_params_change": 0, "value_params_change": 0.3020634060373859}
{"iterations": 1, "type_itr": 0, "sub_iteration": 10, "sub_it_time": 4.295550584793091, "total_time": 42.29451084136963, "value_loss": 3.3598319080259893, "action_loss": -0.7103042296979158, "action_probs": [[0.07537080505380261, 0.6653394454651269, 0.026383970178481632, 0.23290577930258904], [0.8872214464349513, 0.004249695443608238, 0.10801149466210642, 0.0005173634593339635], [0.5551384495137746, 0.34863493069837975, 0.05910673812768904, 0.037119881660156624], [0.2320347478166607, 0.11710032977275585, 0.4325640356075988, 0.21830088680298457], [0.0036171238467628897, 0.020973802331486217, 0.14347468638209576, 0.8319343874396552], [0.1732174797201327, 0.043564916252646656, 0.6258210166616631, 0.15739658736555742], [0.4271559660580726, 0.3247167849434734, 0.14096671891630852, 0.10716053008214553], [0.18721218167528278, 0.0012788947222132582, 0.8060029097409481, 0.005506013861555896], [0.019490216082259097, 0.8326652605303759, 0.0033814506700732172, 0.14446307271729197], [0.010069215562944319, 0.05665496157569753, 0.14083883598218228, 0.792436986879176], [0.08562238767622389, 0.2661474052130971, 0.15778221785556404, 0.4904479892551152], [0.10523676517866175, 0.3726221950394248, 0.11498881169580669, 0.40715222808610696], [0.634173904840119, 0.22065538777566343, 0.10769808096834978, 0.03747262641586802], [0.0022871303576371665, 0.0015208023341835165, 0.5983354495923311, 0.39785661771584807], [0.007285287638480101, 0.9705443950886352, 0.00016517921394947435, 0.022005138058935232], [0.057306219058573186, 0.49256882291654325, 0.04691058418591097, 0.40321437383897246]], "state_values": [0.5827600666294479, -1.271210930206599, 3.9309174185728364, 4.451836328698005, -1.1282218830903696, 2.049325229202304, 0.26470482970579245, -0.04470487729541516, -0.44423742722575504, 1.1236993737326644, -2.269966146624607, 1.533529904668779, -1.3751924954979453, 0.5421959707477843, 0.6363583562525431, 1.043742095623768], "value_grad": [-0.018979945157455713, -1.1198210159658477, 0.3796042805918458, 0.07592099186225809, 0.6832782748614319, -1.0628855809952187, 0.5124583763700916, -0.018979945157455713, -0.11387957114355629, -0.18979862105919088, -1.3096315016606646, -0.07591971467708047, -0.4365401471964656, 0.1897992805869313, -0.6073606068056558, -6.616929226765933e-14], "action_grad": [[0.0, 0.0, 0.0], [0.0, 0.0, 0.0], [0.0, 0.0, 0.0], [0.0, 0.0, 0.0], [0.0, 0.0, 0.0], [0.0, 0.0, 0.0], [0.0, 0.0, 0.0], [0.0, 0.0, 0.0], [0.0, 0.0, 0.0], [0.0, 0.0, 0.0], [0.0, 0.0, 0.0], [0.0, 0.0, 0.0], [0.0, 0.0, 0.0], [0.0, 0.0, 0.0], [0.0, 0.0, 0.0], [0.0, 0.0, 0.0]], "action_params_change": 0, "value_params_change": 0.2768150123337869}
{"iterations": 1, "type_itr": 0, "sub_iteration": 11, "sub_it_time": 3.7078821659088135, "total_time": 46.00405693054199, "value_loss": 2.6575419166551657, "action_loss": -0.7630872323199605, "action_probs": [[0.07537080505380261, 0.6653394454651269, 0.026383970178481632, 0.23290577930258904], [0.8872214464349513, 0.004249695443608238, 0.10801149466210642, 0.0005173634593339635], [0.5551384495137746, 0.34863493069837975, 0.05910673812768904, 0.037119881660156624], [0.2320347478166607, 0.11710032977275585, 0.4325640356075988, 0.21830088680298457], [0.0036171238467628897, 0.020973802331486217, 0.14347468638209576, 0.8319343874396552], [0.1732174797201327, 0.043564916252646656, 0.6258210166616631, 0.15739658736555742], [0.4271559660580726, 0.3247167849434734, 0.14096671891630852, 0.10716053008214553], [0.18721218167528278, 0.0012788947222132582, 0.8060029097409481, 0.005506013861555896], [0.019490216082259097, 0.8326652605303759, 0.0033814506700732172, 0.14446307271729197], [0.010069215562944319, 0.05665496157569753, 0.14083883598218228, 0.792436986879176], [0.08562238767622389, 0.2661474052130971, 0.15778221785556404, 0.4904479892551152], [0.10523676517866175, 0.3726221950394248, 0.11498881169580669, 0.40715222808610696], [0.634173904840119, 0.22065538777566343, 0.10769808096834978, 0.03747262641586802], [0.0022871303576371665, 0.0015208023341835165, 0.5983354495923311, 0.39785661771584807], [0.007285287638480101, 0.9705443950886352, 0.00016517921394947435, 0.022005138058935232], [0.057306219058573186, 0.49256882291654325, 0.04691058418591097, 0.40321437383897246]], "state_values": [0.7039817410592702, -0.9071465367978463, 4.172459423921689, 4.286733146552746, -0.6745733442075037, 1.6333921382780838, 0.9424190943106391, 0.068698946396358, -0.25254748013647815, 0.7567444439513592, -1.7285681494733014, 1.4522346865147806, -1.0394841098311887, 0.3872047237490392, 0.23281151523940263, 1.0052226152160297], "value_grad": [-0.03796199314784765, -1.0819177164727605, 0.36064399383862655, 0.09490607774374071, 0.5504498721694331, -0.8731311357002287, 0.28471472527377717, 0.0, -0.13286688075060038, -0.07592398594685656, -1.2337720925839077, -0.11388613665151581, -0.39860169263520584, 0.22777194667400735, -0.34165789645773215, -0.15184839064948097], "action_grad": [[0.0, 0.0, 0.0], [0.0, 0.0, 0.0], [0.0, 0.0, 0.0], [0.0, 0.0, 0.0], [0.0, 0.0, 0.0], [0.0, 0.0, 0.0], [0.0, 0.0, 0.0], [0.0, 0.0, 0.0], [0.0, 0.0, 0.0], [0.0, 0.0, 0.0], [0.0, 0.0, 0.0], [0.0, 0.0, 0.0], [0.0, 0.0, 0.0], [0.0, 0.0, 0.0], [0.0, 0.0, 0.0], [0.0, 0.0, 0.0]], "action_params_change": 0, "value_params_change": 0.2733046744653169}
{"iterations": 1, "type_itr": 0, "sub_iteration": 12, "sub_it_time": 3.840916395187378, "total_time": 49.84663987159729, "value_loss": 1.8792899953333473, "action_loss": -0.7803875414080246, "action_probs": [[0.07537080505380261, 0.6653394454651269, 0.026383970178481632, 0.23290577930258904], [0.8872214464349513, 0.004249695443608238, 0.10801149466210642, 0.0005173634593339635], [0.5551384495137746, 0.34863493069837975, 0.05910673812768904, 0.037119881660156624], [0.2320347478166607, 0.11710032977275585, 0.4325640356075988, 0.21830088680298457], [0.0036171238467628897, 0.020973802331486217, 0.14347468638209576, 0.8319343874396552], [0.1732174797201327, 0.043564916252646656, 0.6258210166616631, 0.15739658736555742], [0.4271559660580726, 0.3247167849434734, 0.14096671891630852, 0.10716053008214553], [0.18721218167528278, 0.0012788947222132582, 0.8060029097409481, 0.005506013861555896], [0.019490216082259097, 0.8326652605303759, 0.0033814506700732172, 0.14446307271729197], [0.010069215562944319, 0.05665496157569753, 0.14083883598218228, 0.792436986879176], [0.08562238767622389, 0.2661474052130971, 0.15778221785556404, 0.4904479892551152], [0.10523676517866175, 0.3726221950394248, 0.11498881169580669, 0.40715222808610696], [0.634173904840119, 0.22065538777566343, 0.10769808096834978, 0.03747262641586802], [0.0022871303576371665, 0.0015208023341835165, 0.5983354495923311, 0.39785661771584807], [0.007285287638480101, 0.9705443950886352, 0.00016517921394947435, 0.022005138058935232], [0.057306219058573186, 0.49256882291654325, 0.04691058418591097, 0.40321437383897246]], "state_values": [0.6579296889150615, -0.41434502436696596, 4.318311321907447, 4.166085741311012, -0.16912633202010624, 1.155117651628787, 1.5427601109881164, 0.17090409064001985, 0.022582301969411238, 0.13165714304371548, -1.0873549940541385, 1.235400153846336, -0.615191337180777, 0.13930710588361764, -0.1743435543879074, 0.841365933152514], "value_grad": [-0.05694578267159489, -0.9680793110050145, 0.3606607720215298, 0.11389251855297289, 0.3606569429527575, -0.7023330842484639, 0.018981946983124942, 0.0, -0.07592774884800679, -0.2088022402073768, -1.025026566157175, -0.07592782597005998, -0.3037112759637359, 0.18981936601302785, -0.15185549490407135, -0.13287376079206714], "action_grad": [[0.0, 0.0, 0.0], [0.0, 0.0, 0.0], [0.0, 0.0, 0.0], [0.0, 0.0, 0.0], [0.0, 0.0, 0.0], [0.0, 0.0, 0.0], [0.0, 0.0, 0.0], [0.0, 0.0, 0.0], [0.0, 0.0, 0.0], [0.0, 0.0, 0.0], [0.0, 0.0, 0.0], [0.0, 0.0, 0.0], [0.0, 0.0, 0.0], [0.0, 0.0, 0.0], [0.0, 0.0, 0.0], [0.0, 0.0, 0.0]], "action_params_change": 0, "value_params_change": 0.2675529911095986}
{"iterations": 1, "type_itr": 0, "sub_iteration": 13, "sub_it_time": 4.417628765106201, "total_time": 54.26601195335388, "value_loss": 1.2149051605324794, "action_loss": -0.751840522901507, "action_probs": [[0.07537080505380261, 0.6653394454651269, 0.026383970178481632, 0.23290577930258904], [0.8872214464349513, 0.004249695443608238, 0.10801149466210642, 0.0005173634593339635], [0.5551384495137746, 0.34863493069837975, 0.05910673812768904, 0.037119881660156624], [0.2320347478166607, 0.11710032977275585, 0.4325640356075988, 0.21830088680298457], [0.0036171238467628897, 0.020973802331486217, 0.14347468638209576, 0.8319343874396552], [0.1732174797201327, 0.043564916252646656, 0.6258210166616631, 0.15739658736555742], [0.4271559660580726, 0.3247167849434734, 0.14096671891630852, 0.10716053008214553], [0.18721218167528278, 0.0012788947222132582, 0.8060029097409481, 0.005506013861555896], [0.019490216082259097, 0.8326652605303759, 0.0033814506700732172, 0.14446307271729197], [0.010069215562944319, 0.05665496157569753, 0.14083883598218228, 0.792436986879176], [0.08562238767622389, 0.2661474052130971, 0.15778221785556404, 0.4904479892551152], [0.10523676517866175, 0.3726221950394248, 0.11498881169580669, 0.40715222808610696], [0.634173904840119, 0.22065538777566343, 0.10769808096834978, 0.03747262641586802], [0.0022871303576371665, 0.0015208023341835165, 0.5983354495923311, 0.39785661771584807], [0.007285287638480101, 0.9705443950886352, 0.00016517921394947435, 0.022005138058935232], [0.057306219058573186, 0.49256882291654325, 0.04691058418591097, 0.40321437383897246]], "state_values": [0.5165174120048205, 0.15796310997252003, 4.401909721238935, 4.103538443877906, 0.3384536773534786, 0.6487966349857838, 2.0367175638092627, 0.20291861565660874, 0.24467219175399957, -0.40194344354590217, -0.398684182685254, 0.9313779643738344, -0.1532549497534829, -0.14963615888036597, -0.525066101113422, 0.5511416184906798], "value_grad": [-0.03796501660504226, -0.7592998679765366, 0.3037224486252681, 0.13287821767643848, 0.18982507604605803, -0.47456275991143704, -0.1328777840775277, 0.018982501672129892, 0.018982501672085927, 0.018982514933022276, -0.6833709029686268, -0.05694754462454843, -0.18982507604605803, 0.11389504841946319, 0.056947504841761365, -0.15186006293054843], "action_grad": [[0.0, 0.0, 0.0], [0.0, 0.0, 0.0], [0.0, 0.0, 0.0], [0.0, 0.0, 0.0], [0.0, 0.0, 0.0], [0.0, 0.0, 0.0], [0.0, 0.0, 0.0], [0.0, 0.0, 0.0], [0.0, 0.0, 0.0], [0.0, 0.0, 0.0], [0.0, 0.0, 0.0], [0.0, 0.0, 0.0], [0.0, 0.0, 0.0], [0.0, 0.0, 0.0], [0.0, 0.0, 0.0], [0.0, 0.0, 0.0]], "action_params_change": 0, "value_params_change": 0.27880226730687463}
