{"iterations": 0, "type_itr": 0, "sub_iteration": 0, "sub_it_time": 0, "total_time": 0, "value_loss": 0, "action_loss": 0, "action_probs": [[0.007928559510492372, 0.07370433279653192, 0.08919600984413455, 0.8291710978488411], [0.7144922323576155, 0.2627283247781702, 0.016655129556032905, 0.006124313308181307], [4.901688763220466e-05, 0.007611571397191971, 0.0063495631965250895, 0.9859898485186507], [0.17552805540659527, 0.7121770707865757, 0.02220433368000233, 0.09009054012682689], [0.7499159689152443, 0.05371660403355318, 0.18324178769926316, 0.013125639351939455], [0.09648505759351814, 0.038530358233965625, 0.6181374690430116, 0.24684711512950477], [0.04122613387579268, 0.45663181623817306, 0.0415808874168381, 0.46056116246919604], [0.03848200033273117, 0.008692657558611351, 0.777252592197157, 0.17557274991150035], [0.06180204919560869, 0.5763899363137364, 0.035037225817041426, 0.3267707886736134], [0.3022921816597176, 0.5020871597919518, 0.0735158060419166, 0.12210485250641397], [0.0026921617344230486, 0.34742546266764573, 0.004997144792264161, 0.644885230805667], [0.05998203772038426, 0.290286188225927, 0.11126397683983524, 0.5384677972138536], [0.7989649346072046, 0.08341374953601101, 0.10650224061472927, 0.01111907524205493], [2.3899864121992205e-07, 1.871219086225722e-06, 0.11325757232172086, 0.8867403174605515], [0.027725381206274363, 0.9595879371633382, 0.00035626287815703427, 0.01233041875223042], [0.15474667172668577, 0.8106021098958807, 0.005554635606593562, 0.029096582770840054]], "state_values": [1.9487332913584117, -2.8890343511945553, 4.991054457852389, -4.451889532661176, 4.9948320728375455, 4.987587710248539, -1.4301065303825946, 4.609754121204067, -1.4974822485006076, -1.348506364994385, -4.850225372703129, 4.376202673136894, 4.863398039940566, 4.024406669635795, 0.821427254547725, 1.768973055393379], "value_grad": [0.0, 0.0, 0.0, 0.0, 0.0, 0.0, 0.0, 0.0, 0.0, 0.0, 0.0, 0.0, 0.0, 0.0, 0.0, 0.0], "action_grad": [[0.0, 0.0, 0.0], [0.0, 0.0, 0.0], [0.0, 0.0, 0.0], [0.0, 0.0, 0.0], [0.0, 0.0, 0.0], [0.0, 0.0, 0.0], [0.0, 0.0, 0.0], [0.0, 0.0, 0.0], [0.0, 0.0, 0.0], [0.0, 0.0, 0.0], [0.0, 0.0, 0.0], [0.0, 0.0, 0.0], [0.0, 0.0, 0.0], [0.0, 0.0, 0.0], [0.0, 0.0, 0.0], [0.0, 0.0, 0.0]], "action_params_change": 0, "value_params_change": 0}
{"iterations": 1, "type_itr": 0, "sub_iteration": 0, "sub_it_time": 0.10523390769958496, "total_time": 0.1064910888671875, "value_loss": -15.84000015258789, "action_loss": -1.9921846389770508, "action_probs": [[0.007928559510492372, 0.07370433279653192, 0.08919600984413455, 0.8291710978488411], [0.7144922323576155, 0.2627283247781702, 0.016655129556032905, 0.006124313308181307], [4.901688763220466e-05, 0.007611571397191971, 0.0063495631965250895, 0.9859898485186507], [0.17552805540659527, 0.7121770707865757, 0.02220433368000233, 0.09009054012682689], [0.7499159689152443, 0.05371660403355318, 0.18324178769926316, 0.013125639351939455], [0.09648505759351814, 0.038530358233965625, 0.6181374690430116, 0.24684711512950477], [0.04122613387579268, 0.45663181623817306, 0.0415808874168381, 0.46056116246919604], [0.03848200033273117, 0.008692657558611351, 0.777252592197157, 0.17557274991150035], [0.06180204919560869, 0.5763899363137364, 0.035037225817041426, 0.3267707886736134], [0.3022921816597176, 0.5020871597919518, 0.0735158060419166, 0.12210485250641397], [0.0026921617344230486, 0.34742546266764573, 0.004997144792264161, 0.644885230805667], [0.05998203772038426, 0.290286188225927, 0.11126397683983524, 0.5384677972138536], [0.7989649346072046, 0.08341374953601101, 0.10650224061472927, 0.01111907524205493], [2.3899864121992205e-07, 1.871219086225722e-06, 0.11325757232172086, 0.8867403174605515], [0.027725381206274363, 0.9595879371633382, 0.00035626287815703427, 0.01233041875223042], [0.15474667172668577, 0.8106021098958807, 0.005554635606593562, 0.029096582770840054]], "state_values": [3.027350778738025, -1.7895984639692055, 4.909857853058088, -4.876609849069326, 4.9948320728375455, 4.745426712543233, -2.570989120703036, 4.945554400021714, -0.2706917639608936, -2.497765406537857, -4.398940583616978, 3.641825596517051, 4.999382937052437, 4.633389433627337, 2.016103280461391, 2.870993204472429], "value_grad": [7.920000076293945, 39.599998474121094, -31.68000030517578, 15.84000015258789, 0.0, 15.84000015258789, 19.799999237060547, 23.760000228881836, -7.920000076293945, -11.880000114440918, -39.60000228881836, 3.9600000381469727, -31.68000030517578, 31.68000030517578, -59.400001525878906, 15.840001106262207], "action_grad": [[0.0, 0.0, 0.0], [0.0, 0.0, 0.0], [0.0, 0.0, 0.0], [0.0, 0.0, 0.0], [0.0, 0.0, 0.0], [0.0, 0.0, 0.0], [0.0, 0.0, 0.0], [0.0, 0.0, 0.0], [0.0, 0.0, 0.0], [0.0, 0.0, 0.0], [0.0, 0.0, 0.0], [0.0, 0.0, 0.0], [0.0, 0.0, 0.0], [0.0, 0.0, 0.0], [0.0, 0.0, 0.0], [0.0, 0.0, 0.0]], "action_params_change": 0, "value_params_change": 0.49999999991582467}
{"iterations": 1, "type_itr": 0, "sub_iteration": 1, "sub_it_time": 0.1029658317565918, "total_time": 0.21723508834838867, "value_loss": 19.80000114440918, "action_loss": -1.0866461992263794, "action_probs": [[0.007928559510492372, 0.07370433279653192, 0.08919600984413455, 0.8291710978488411], [0.7144922323576155, 0.2627283247781702, 0.016655129556032905, 0.006124313308181307], [4.901688763220466e-05, 0.007611571397191971, 0.0063495631965250895, 0.9859898485186507], [0.17552805540659527, 0.7121770707865757, 0.02220433368000233, 0.09009054012682689], [0.7499159689152443, 0.05371660403355318, 0.18324178769926316, 0.013125639351939455], [0.09648505759351814, 0.038530358233965625, 0.6181374690430116, 0.24684711512950477], [0.04122613387579268, 0.45663181623817306, 0.0415808874168381, 0.46056116246919604], [0.03848200033273117, 0.008692657558611351, 0.777252592197157, 0.17557274991150035], [0.06180204919560869, 0.5763899363137364, 0.035037225817041426, 0.3267707886736134], [0.3022921816597176, 0.5020871597919518, 0.0735158060419166, 0.12210485250641397], [0.0026921617344230486, 0.34742546266764573, 0.004997144792264161, 0.644885230805667], [0.05998203772038426, 0.290286188225927, 0.11126397683983524, 0.5384677972138536], [0.7989649346072046, 0.08341374953601101, 0.10650224061472927, 0.01111907524205493], [2.3899864121992205e-07, 1.871219086225722e-06, 0.11325757232172086, 0.8867403174605515], [0.027725381206274363, 0.9595879371633382, 0.00035626287815703427, 0.01233041875223042], [0.15474667172668577, 0.8106021098958807, 0.005554635606593562, 0.029096582770840054]], "state_values": [3.2854081931394226, -1.7215689377790022, 4.609534300245854, -4.90004419497035, 4.950685585326521, 4.630112180049141, -2.7732679326916805, 4.98773498181487, -0.7258793675471903, -1.9823811074719684, -4.060260028014171, 2.898832162663587, 4.859175565736242, 4.85407874323593, 2.750767894127811, 3.7387599323313365], "value_grad": [-3.9599990844726562, -31.68000030517578, -7.920000076293945, -11.880000114440918, 43.560001373291016, -7.920000076293945, -11.880001068115234, 7.920000076293945, 15.840002059936523, 31.68000030517578, 7.920000076293945, 55.44000244140625, -11.880001068115234, -3.9599990844726562, 0.0, 7.920000076293945], "action_grad": [[0.0, 0.0, 0.0], [0.0, 0.0, 0.0], [0.0, 0.0, 0.0], [0.0, 0.0, 0.0], [0.0, 0.0, 0.0], [0.0, 0.0, 0.0], [0.0, 0.0, 0.0], [0.0, 0.0, 0.0], [0.0, 0.0, 0.0], [0.0, 0.0, 0.0], [0.0, 0.0, 0.0], [0.0, 0.0, 0.0], [0.0, 0.0, 0.0], [0.0, 0.0, 0.0], [0.0, 0.0, 0.0], [0.0, 0.0, 0.0]], "action_params_change": 0, "value_params_change": 0.4660898146282393}
{"iterations": 1, "type_itr": 0, "sub_iteration": 2, "sub_it_time": 0.10127067565917969, "total_time": 0.3266434669494629, "value_loss": -19.80000114440918, "action_loss": -1.4488615989685059, "action_probs": [[0.007928559510492372, 0.07370433279653192, 0.08919600984413455, 0.8291710978488411], [0.7144922323576155, 0.2627283247781702, 0.016655129556032905, 0.006124313308181307], [4.901688763220466e-05, 0.007611571397191971, 0.0063495631965250895, 0.9859898485186507], [0.17552805540659527, 0.7121770707865757, 0.02220433368000233, 0.09009054012682689], [0.7499159689152443, 0.05371660403355318, 0.18324178769926316, 0.013125639351939455], [0.09648505759351814, 0.038530358233965625, 0.6181374690430116, 0.24684711512950477], [0.04122613387579268, 0.45663181623817306, 0.0415808874168381, 0.46056116246919604], [0.03848200033273117, 0.008692657558611351, 0.777252592197157, 0.17557274991150035], [0.06180204919560869, 0.5763899363137364, 0.035037225817041426, 0.3267707886736134], [0.3022921816597176, 0.5020871597919518, 0.0735158060419166, 0.12210485250641397], [0.0026921617344230486, 0.34742546266764573, 0.004997144792264161, 0.644885230805667], [0.05998203772038426, 0.290286188225927, 0.11126397683983524, 0.5384677972138536], [0.7989649346072046, 0.08341374953601101, 0.10650224061472927, 0.01111907524205493], [2.3899864121992205e-07, 1.871219086225722e-06, 0.11325757232172086, 0.8867403174605515], [0.027725381206274363, 0.9595879371633382, 0.00035626287815703427, 0.01233041875223042], [0.15474667172668577, 0.8106021098958807, 0.005554635606593562, 0.029096582770840054]], "state_values": [3.8401868611165897, -1.1206336472450478, 4.075479879592739, -4.735682967926731, 4.77926975433633, 4.2510992531055924, -2.9252986641177667, 4.787795276795862, -1.5343811309580746, -1.1419239521233087, -4.150758280925394, 1.94074245470513, 4.520440057052109, 4.810449484964775, 2.8697758209404323, 4.16797759154902], "value_grad": [11.880002975463867, 55.44000244140625, -19.799999237060547, -31.68000030517578, 3.9600000381469727, 43.560001373291016, 0.0, 43.560001373291016, 19.799999237060547, 35.6400032043457, 35.63999938964844, 47.52000427246094, -7.920001983642578, -31.680004119873047, 35.63999938964844, -3.9600000381469727], "action_grad": [[0.0, 0.0, 0.0], [0.0, 0.0, 0.0], [0.0, 0.0, 0.0], [0.0, 0.0, 0.0], [0.0, 0.0, 0.0], [0.0, 0.0, 0.0], [0.0, 0.0, 0.0], [0.0, 0.0, 0.0], [0.0, 0.0, 0.0], [0.0, 0.0, 0.0], [0.0, 0.0, 0.0], [0.0, 0.0, 0.0], [0.0, 0.0, 0.0], [0.0, 0.0, 0.0], [0.0, 0.0, 0.0], [0.0, 0.0, 0.0]], "action_params_change": 0, "value_params_change": 0.44465624600491954}
{"iterations": 1, "type_itr": 0, "sub_iteration": 3, "sub_it_time": 0.09894704818725586, "total_time": 0.4324531555175781, "value_loss": -3.9600000381469727, "action_loss": -2.8977231979370117, "action_probs": [[0.007928559510492372, 0.07370433279653192, 0.08919600984413455, 0.8291710978488411], [0.7144922323576155, 0.2627283247781702, 0.016655129556032905, 0.006124313308181307], [4.901688763220466e-05, 0.007611571397191971, 0.0063495631965250895, 0.9859898485186507], [0.17552805540659527, 0.7121770707865757, 0.02220433368000233, 0.09009054012682689], [0.7499159689152443, 0.05371660403355318, 0.18324178769926316, 0.013125639351939455], [0.09648505759351814, 0.038530358233965625, 0.6181374690430116, 0.24684711512950477], [0.04122613387579268, 0.45663181623817306, 0.0415808874168381, 0.46056116246919604], [0.03848200033273117, 0.008692657558611351, 0.777252592197157, 0.17557274991150035], [0.06180204919560869, 0.5763899363137364, 0.035037225817041426, 0.3267707886736134], [0.3022921816597176, 0.5020871597919518, 0.0735158060419166, 0.12210485250641397], [0.0026921617344230486, 0.34742546266764573, 0.004997144792264161, 0.644885230805667], [0.05998203772038426, 0.290286188225927, 0.11126397683983524, 0.5384677972138536], [0.7989649346072046, 0.08341374953601101, 0.10650224061472927, 0.01111907524205493], [2.3899864121992205e-07, 1.871219086225722e-06, 0.11325757232172086, 0.8867403174605515], [0.027725381206274363, 0.9595879371633382, 0.00035626287815703427, 0.01233041875223042], [0.15474667172668577, 0.8106021098958807, 0.005554635606593562, 0.029096582770840054]], "state_values": [4.336372768179318, -0.8949706653492308, 3.3043760901921333, -4.720588038541169, 4.550220805820045, 3.645304072591575, -2.481982618483195, 4.47466247736528, -1.7350528047805176, -0.42558520927332527, -4.221781560345299, 0.8889201867204217, 4.306471003213091, 4.627647051760009, 2.7984822174370283, 4.604434669293328], "value_grad": [55.44000244140625, -27.720001220703125, -35.63999938964844, 23.760000228881836, 0.0, 55.44000244140625, -35.63999938964844, -3.9600000381469727, -15.840001106262207, 0.0, 0.0, 27.720001220703125, 15.84000015258789, -35.6400032043457, 19.80000114440918, 27.720003128051758], "action_grad": [[0.0, 0.0, 0.0], [0.0, 0.0, 0.0], [0.0, 0.0, 0.0], [0.0, 0.0, 0.0], [0.0, 0.0, 0.0], [0.0, 0.0, 0.0], [0.0, 0.0, 0.0], [0.0, 0.0, 0.0], [0.0, 0.0, 0.0], [0.0, 0.0, 0.0], [0.0, 0.0, 0.0], [0.0, 0.0, 0.0], [0.0, 0.0, 0.0], [0.0, 0.0, 0.0], [0.0, 0.0, 0.0], [0.0, 0.0, 0.0]], "action_params_change": 0, "value_params_change": 0.46182098896198887}
{"iterations": 1, "type_itr": 0, "sub_iteration": 4, "sub_it_time": 0.10226058959960938, "total_time": 0.5464515686035156, "value_loss": -3.9600000381469727, "action_loss": -1.4488615989685059, "action_probs": [[0.007928559510492372, 0.07370433279653192, 0.08919600984413455, 0.8291710978488411], [0.7144922323576155, 0.2627283247781702, 0.016655129556032905, 0.006124313308181307], [4.901688763220466e-05, 0.007611571397191971, 0.0063495631965250895, 0.9859898485186507], [0.17552805540659527, 0.7121770707865757, 0.02220433368000233, 0.09009054012682689], [0.7499159689152443, 0.05371660403355318, 0.18324178769926316, 0.013125639351939455], [0.09648505759351814, 0.038530358233965625, 0.6181374690430116, 0.24684711512950477], [0.04122613387579268, 0.45663181623817306, 0.0415808874168381, 0.46056116246919604], [0.03848200033273117, 0.008692657558611351, 0.777252592197157, 0.17557274991150035], [0.06180204919560869, 0.5763899363137364, 0.035037225817041426, 0.3267707886736134], [0.3022921816597176, 0.5020871597919518, 0.0735158060419166, 0.12210485250641397], [0.0026921617344230486, 0.34742546266764573, 0.004997144792264161, 0.644885230805667], [0.05998203772038426, 0.290286188225927, 0.11126397683983524, 0.5384677972138536], [0.7989649346072046, 0.08341374953601101, 0.10650224061472927, 0.01111907524205493], [2.3899864121992205e-07, 1.871219086225722e-06, 0.11325757232172086, 0.8867403174605515], [0.027725381206274363, 0.9595879371633382, 0.00035626287815703427, 0.01233041875223042], [0.15474667172668577, 0.8106021098958807, 0.005554635606593562, 0.029096582770840054]], "state_values": [4.7251925637457, -0.7363346850333226, 2.718520913134257, -4.818699876703137, 4.131728474518469, 2.918104352557585, -2.2053954312417887, 4.00863344731276, -1.6624600344839178, 0.3669626991173444, -4.2795917921428375, -0.22367173227298556, 3.960142473082776, 4.640879213894176, 2.889317946023858, 4.639765194681402], "value_grad": [23.760000228881836, -3.9600000381469727, 15.84000015258789, 27.720001220703125, 35.6400032043457, 15.84000015258789, 7.920001029968262, 15.84000015258789, -11.880000114440918, 15.840002059936523, 0.0, 31.68000030517578, -15.840001106262207, 43.56000518798828, -19.799999237060547, -31.680004119873047], "action_grad": [[0.0, 0.0, 0.0], [0.0, 0.0, 0.0], [0.0, 0.0, 0.0], [0.0, 0.0, 0.0], [0.0, 0.0, 0.0], [0.0, 0.0, 0.0], [0.0, 0.0, 0.0], [0.0, 0.0, 0.0], [0.0, 0.0, 0.0], [0.0, 0.0, 0.0], [0.0, 0.0, 0.0], [0.0, 0.0, 0.0], [0.0, 0.0, 0.0], [0.0, 0.0, 0.0], [0.0, 0.0, 0.0], [0.0, 0.0, 0.0]], "action_params_change": 0, "value_params_change": 0.4469668713351762}
{"iterations": 1, "type_itr": 0, "sub_iteration": 5, "sub_it_time": 0.10078668594360352, "total_time": 0.6493520736694336, "value_loss": 3.9600000381469727, "action_loss": -1.8110771179199219, "action_probs": [[0.007928559510492372, 0.07370433279653192, 0.08919600984413455, 0.8291710978488411], [0.7144922323576155, 0.2627283247781702, 0.016655129556032905, 0.006124313308181307], [4.901688763220466e-05, 0.007611571397191971, 0.0063495631965250895, 0.9859898485186507], [0.17552805540659527, 0.7121770707865757, 0.02220433368000233, 0.09009054012682689], [0.7499159689152443, 0.05371660403355318, 0.18324178769926316, 0.013125639351939455], [0.09648505759351814, 0.038530358233965625, 0.6181374690430116, 0.24684711512950477], [0.04122613387579268, 0.45663181623817306, 0.0415808874168381, 0.46056116246919604], [0.03848200033273117, 0.008692657558611351, 0.777252592197157, 0.17557274991150035], [0.06180204919560869, 0.5763899363137364, 0.035037225817041426, 0.3267707886736134], [0.3022921816597176, 0.5020871597919518, 0.0735158060419166, 0.12210485250641397], [0.0026921617344230486, 0.34742546266764573, 0.004997144792264161, 0.644885230805667], [0.05998203772038426, 0.290286188225927, 0.11126397683983524, 0.5384677972138536], [0.7989649346072046, 0.08341374953601101, 0.10650224061472927, 0.01111907524205493], [2.3899864121992205e-07, 1.871219086225722e-06, 0.11325757232172086, 0.8867403174605515], [0.027725381206274363, 0.9595879371633382, 0.00035626287815703427, 0.01233041875223042], [0.15474667172668577, 0.8106021098958807, 0.005554635606593562, 0.029096582770840054]], "state_values": [4.939422932253379, -0.2692921874913687, 2.1247327297875316, -4.852109791642394, 3.877999754637102, 2.076173005280787, -1.562247513331389, 3.331204473360711, -1.091337236710777, 1.1323676954261983, -4.351451659867041, -1.2549461023616664, 3.8360562120577404, 4.611931502165505, 3.0212593331483015, 4.724222959501906], "value_grad": [7.920000076293945, 51.480003356933594, -3.9599990844726562, -11.880001068115234, -23.76000213623047, 19.799999237060547, -67.32000732421875, 51.480003356933594, -55.44000244140625, 7.920000076293945, 3.9600000381469727, 11.879999160766602, 19.799999237060547, -11.880001068115234, -7.920000076293945, 11.880000114440918], "action_grad": [[0.0, 0.0, 0.0], [0.0, 0.0, 0.0], [0.0, 0.0, 0.0], [0.0, 0.0, 0.0], [0.0, 0.0, 0.0], [0.0, 0.0, 0.0], [0.0, 0.0, 0.0], [0.0, 0.0, 0.0], [0.0, 0.0, 0.0], [0.0, 0.0, 0.0], [0.0, 0.0, 0.0], [0.0, 0.0, 0.0], [0.0, 0.0, 0.0], [0.0, 0.0, 0.0], [0.0, 0.0, 0.0], [0.0, 0.0, 0.0]], "action_params_change": 0, "value_params_change": 0.4179055452047544}
{"iterations": 1, "type_itr": 0, "sub_iteration": 6, "sub_it_time": 0.10191082954406738, "total_time": 0.7578554153442383, "value_loss": 15.84000015258789, "action_loss": -1.8110771179199219, "action_probs": [[0.007928559510492372, 0.07370433279653192, 0.08919600984413455, 0.8291710978488411], [0.7144922323576155, 0.2627283247781702, 0.016655129556032905, 0.006124313308181307], [4.901688763220466e-05, 0.007611571397191971, 0.0063495631965250895, 0.9859898485186507], [0.17552805540659527, 0.7121770707865757, 0.02220433368000233, 0.09009054012682689], [0.7499159689152443, 0.05371660403355318, 0.18324178769926316, 0.013125639351939455], [0.09648505759351814, 0.038530358233965625, 0.6181374690430116, 0.24684711512950477], [0.04122613387579268, 0.45663181623817306, 0.0415808874168381, 0.46056116246919604], [0.03848200033273117, 0.008692657558611351, 0.777252592197157, 0.17557274991150035], [0.06180204919560869, 0.5763899363137364, 0.035037225817041426, 0.3267707886736134], [0.3022921816597176, 0.5020871597919518, 0.0735158060419166, 0.12210485250641397], [0.0026921617344230486, 0.34742546266764573, 0.004997144792264161, 0.644885230805667], [0.05998203772038426, 0.290286188225927, 0.11126397683983524, 0.5384677972138536], [0.7989649346072046, 0.08341374953601101, 0.10650224061472927, 0.01111907524205493], [2.3899864121992205e-07, 1.871219086225722e-06, 0.11325757232172086, 0.8867403174605515], [0.027725381206274363, 0.9595879371633382, 0.00035626287815703427, 0.01233041875223042], [0.15474667172668577, 0.8106021098958807, 0.005554635606593562, 0.029096582770840054]], "state_values": [4.998127614104375, -0.10746737811897754, 1.7135696278410926, -4.931941984066938, 3.4439810946157197, 1.4914744021826367, -0.8905245067552814, 2.452847061003358, -0.44447420367351265, 1.9468468198877906, -4.4725447380772705, -1.9258157391836783, 3.863832886551369, 4.612739696212948, 3.002462215280379, 4.87035479109106], "value_grad": [-11.880000114440918, -35.63999938964844, 11.880000114440918, 27.720001220703125, 35.63999938964844, -23.760000228881836, -11.879999160766602, 51.480003356933594, -15.840001106262207, 19.80000114440918, 11.879999160766602, -23.760000228881836, 15.84000015258789, 7.920000076293945, 19.799999237060547, 31.680004119873047], "action_grad": [[0.0, 0.0, 0.0], [0.0, 0.0, 0.0], [0.0, 0.0, 0.0], [0.0, 0.0, 0.0], [0.0, 0.0, 0.0], [0.0, 0.0, 0.0], [0.0, 0.0, 0.0], [0.0, 0.0, 0.0], [0.0, 0.0, 0.0], [0.0, 0.0, 0.0], [0.0, 0.0, 0.0], [0.0, 0.0, 0.0], [0.0, 0.0, 0.0], [0.0, 0.0, 0.0], [0.0, 0.0, 0.0], [0.0, 0.0, 0.0]], "action_params_change": 0, "value_params_change": 0.4328269849384174}
{"iterations": 1, "type_itr": 0, "sub_iteration": 7, "sub_it_time": 0.10352897644042969, "total_time": 0.8747830390930176, "value_loss": 7.920000076293945, "action_loss": -0.18110769987106323, "action_probs": [[0.007928559510492372, 0.07370433279653192, 0.08919600984413455, 0.8291710978488411], [0.7144922323576155, 0.2627283247781702, 0.016655129556032905, 0.006124313308181307], [4.901688763220466e-05, 0.007611571397191971, 0.0063495631965250895, 0.9859898485186507], [0.17552805540659527, 0.7121770707865757, 0.02220433368000233, 0.09009054012682689], [0.7499159689152443, 0.05371660403355318, 0.18324178769926316, 0.013125639351939455], [0.09648505759351814, 0.038530358233965625, 0.6181374690430116, 0.24684711512950477], [0.04122613387579268, 0.45663181623817306, 0.0415808874168381, 0.46056116246919604], [0.03848200033273117, 0.008692657558611351, 0.777252592197157, 0.17557274991150035], [0.06180204919560869, 0.5763899363137364, 0.035037225817041426, 0.3267707886736134], [0.3022921816597176, 0.5020871597919518, 0.0735158060419166, 0.12210485250641397], [0.0026921617344230486, 0.34742546266764573, 0.004997144792264161, 0.644885230805667], [0.05998203772038426, 0.290286188225927, 0.11126397683983524, 0.5384677972138536], [0.7989649346072046, 0.08341374953601101, 0.10650224061472927, 0.01111907524205493], [2.3899864121992205e-07, 1.871219086225722e-06, 0.11325757232172086, 0.8867403174605515], [0.027725381206274363, 0.9595879371633382, 0.00035626287815703427, 0.01233041875223042], [0.15474667172668577, 0.8106021098958807, 0.005554635606593562, 0.029096582770840054]], "state_values": [4.951090629309503, 0.08304875610568827, 1.2594827869627987, -4.990820064960598, 3.0144981375153783, 1.2155351236012348, -0.2541659408021714, 1.407224332004995, 0.13246114150492722, 2.5790899261264184, -4.532003011411414, -2.5313949661981123, 3.8880768386176743, 4.662321583684242, 3.1302758408542757, 4.964609641591334], "value_grad": [59.400001525878906, 7.920000076293945, -7.920000076293945, 19.80000114440918, 0.0, -31.68000030517578, -3.9600000381469727, 55.44000244140625, 0.0, -3.960000991821289, -7.920000076293945, 7.920001983642578, 0.0, 15.840001106262207, -23.76000213623047, 7.920001029968262], "action_grad": [[0.0, 0.0, 0.0], [0.0, 0.0, 0.0], [0.0, 0.0, 0.0], [0.0, 0.0, 0.0], [0.0, 0.0, 0.0], [0.0, 0.0, 0.0], [0.0, 0.0, 0.0], [0.0, 0.0, 0.0], [0.0, 0.0, 0.0], [0.0, 0.0, 0.0], [0.0, 0.0, 0.0], [0.0, 0.0, 0.0], [0.0, 0.0, 0.0], [0.0, 0.0, 0.0], [0.0, 0.0, 0.0], [0.0, 0.0, 0.0]], "action_params_change": 0, "value_params_change": 0.4548871341424334}
{"iterations": 1, "type_itr": 0, "sub_iteration": 8, "sub_it_time": 0.10195159912109375, "total_time": 0.9837539196014404, "value_loss": 0.0, "action_loss": -0.5433230996131897, "action_probs": [[0.007928559510492372, 0.07370433279653192, 0.08919600984413455, 0.8291710978488411], [0.7144922323576155, 0.2627283247781702, 0.016655129556032905, 0.006124313308181307], [4.901688763220466e-05, 0.007611571397191971, 0.0063495631965250895, 0.9859898485186507], [0.17552805540659527, 0.7121770707865757, 0.02220433368000233, 0.09009054012682689], [0.7499159689152443, 0.05371660403355318, 0.18324178769926316, 0.013125639351939455], [0.09648505759351814, 0.038530358233965625, 0.6181374690430116, 0.24684711512950477], [0.04122613387579268, 0.45663181623817306, 0.0415808874168381, 0.46056116246919604], [0.03848200033273117, 0.008692657558611351, 0.777252592197157, 0.17557274991150035], [0.06180204919560869, 0.5763899363137364, 0.035037225817041426, 0.3267707886736134], [0.3022921816597176, 0.5020871597919518, 0.0735158060419166, 0.12210485250641397], [0.0026921617344230486, 0.34742546266764573, 0.004997144792264161, 0.644885230805667], [0.05998203772038426, 0.290286188225927, 0.11126397683983524, 0.5384677972138536], [0.7989649346072046, 0.08341374953601101, 0.10650224061472927, 0.01111907524205493], [2.3899864121992205e-07, 1.871219086225722e-06, 0.11325757232172086, 0.8867403174605515], [0.027725381206274363, 0.9595879371633382, 0.00035626287815703427, 0.01233041875223042], [0.15474667172668577, 0.8106021098958807, 0.005554635606593562, 0.029096582770840054]], "state_values": [4.7855305539373525, 0.34385326557862844, 1.1117589093081597, -4.991102985987426, 2.6010025606842255, 0.7566460088044488, 0.2840484273310062, 0.3371749677575081, 0.5285370208708273, 3.1592691835312476, -4.69723084389628, -3.175182707119592, 4.146075095629042, 4.714368106798953, 3.4558111904655666, 4.998077326999248], "value_grad": [3.9599990844726562, 15.84000015258789, 23.760000228881836, -47.52000427246094, 0.0, 35.63999938964844, 3.9599990844726562, 15.84000015258789, 11.880002975463867, 7.920000076293945, 35.63999938964844, 35.63999938964844, 43.560001373291016, 3.9600000381469727, -47.52000427246094, 35.63999938964844], "action_grad": [[0.0, 0.0, 0.0], [0.0, 0.0, 0.0], [0.0, 0.0, 0.0], [0.0, 0.0, 0.0], [0.0, 0.0, 0.0], [0.0, 0.0, 0.0], [0.0, 0.0, 0.0], [0.0, 0.0, 0.0], [0.0, 0.0, 0.0], [0.0, 0.0, 0.0], [0.0, 0.0, 0.0], [0.0, 0.0, 0.0], [0.0, 0.0, 0.0], [0.0, 0.0, 0.0], [0.0, 0.0, 0.0], [0.0, 0.0, 0.0]], "action_params_change": 0, "value_params_change": 0.4356266022984565}
{"iterations": 1, "type_itr": 0, "sub_iteration": 9, "sub_it_time": 0.10641169548034668, "total_time": 1.0930006504058838, "value_loss": -3.9600000381469727, "action_loss": -0.9055385589599609, "action_probs": [[0.007928559510492372, 0.07370433279653192, 0.08919600984413455, 0.8291710978488411], [0.7144922323576155, 0.2627283247781702, 0.016655129556032905, 0.006124313308181307], [4.901688763220466e-05, 0.007611571397191971, 0.0063495631965250895, 0.9859898485186507], [0.17552805540659527, 0.7121770707865757, 0.02220433368000233, 0.09009054012682689], [0.7499159689152443, 0.05371660403355318, 0.18324178769926316, 0.013125639351939455], [0.09648505759351814, 0.038530358233965625, 0.6181374690430116, 0.24684711512950477], [0.04122613387579268, 0.45663181623817306, 0.0415808874168381, 0.46056116246919604], [0.03848200033273117, 0.008692657558611351, 0.777252592197157, 0.17557274991150035], [0.06180204919560869, 0.5763899363137364, 0.035037225817041426, 0.3267707886736134], [0.3022921816597176, 0.5020871597919518, 0.0735158060419166, 0.12210485250641397], [0.0026921617344230486, 0.34742546266764573, 0.004997144792264161, 0.644885230805667], [0.05998203772038426, 0.290286188225927, 0.11126397683983524, 0.5384677972138536], [0.7989649346072046, 0.08341374953601101, 0.10650224061472927, 0.01111907524205493], [2.3899864121992205e-07, 1.871219086225722e-06, 0.11325757232172086, 0.8867403174605515], [0.027725381206274363, 0.9595879371633382, 0.00035626287815703427, 0.01233041875223042], [0.15474667172668577, 0.8106021098958807, 0.005554635606593562, 0.029096582770840054]], "state_values": [4.509858675738605, 0.6851255428693576, 0.6967391657368298, -4.993038929208613, 2.1249462993491113, 0.26844708812912016, 0.7904909922546682, -0.5603338726478735, 0.8437015846027636, 3.6994482918215126, -4.783445485433008, -3.7441161146664266, 4.121173854956427, 4.716288979174043, 3.6528804248470808, 4.9893815626266695], "value_grad": [11.880000114440918, 19.80000114440918, -35.63999938964844, 3.9600000381469727, 11.880000114440918, 11.880000114440918, -3.9600000381469727, -11.880001068115234, 3.9600000381469727, 11.880000114440918, -11.880000114440918, 15.84000015258789, -47.52000427246094, -15.84000015258789, 15.84000015258789, -47.52000045776367], "action_grad": [[0.0, 0.0, 0.0], [0.0, 0.0, 0.0], [0.0, 0.0, 0.0], [0.0, 0.0, 0.0], [0.0, 0.0, 0.0], [0.0, 0.0, 0.0], [0.0, 0.0, 0.0], [0.0, 0.0, 0.0], [0.0, 0.0, 0.0], [0.0, 0.0, 0.0], [0.0, 0.0, 0.0], [0.0, 0.0, 0.0], [0.0, 0.0, 0.0], [0.0, 0.0, 0.0], [0.0, 0.0, 0.0], [0.0, 0.0, 0.0]], "action_params_change": 0, "value_params_change": 0.3595777844800536}
{"iterations": 1, "type_itr": 0, "sub_iteration": 10, "sub_it_time": 0.10064148902893066, "total_time": 1.195267915725708, "value_loss": 11.880000114440918, "action_loss": -2.535507917404175, "action_probs": [[0.007928559510492372, 0.07370433279653192, 0.08919600984413455, 0.8291710978488411], [0.7144922323576155, 0.2627283247781702, 0.016655129556032905, 0.006124313308181307], [4.901688763220466e-05, 0.007611571397191971, 0.0063495631965250895, 0.9859898485186507], [0.17552805540659527, 0.7121770707865757, 0.02220433368000233, 0.09009054012682689], [0.7499159689152443, 0.05371660403355318, 0.18324178769926316, 0.013125639351939455], [0.09648505759351814, 0.038530358233965625, 0.6181374690430116, 0.24684711512950477], [0.04122613387579268, 0.45663181623817306, 0.0415808874168381, 0.46056116246919604], [0.03848200033273117, 0.008692657558611351, 0.777252592197157, 0.17557274991150035], [0.06180204919560869, 0.5763899363137364, 0.035037225817041426, 0.3267707886736134], [0.3022921816597176, 0.5020871597919518, 0.0735158060419166, 0.12210485250641397], [0.0026921617344230486, 0.34742546266764573, 0.004997144792264161, 0.644885230805667], [0.05998203772038426, 0.290286188225927, 0.11126397683983524, 0.5384677972138536], [0.7989649346072046, 0.08341374953601101, 0.10650224061472927, 0.01111907524205493], [2.3899864121992205e-07, 1.871219086225722e-06, 0.11325757232172086, 0.8867403174605515], [0.027725381206274363, 0.9595879371633382, 0.00035626287815703427, 0.01233041875223042], [0.15474667172668577, 0.8106021098958807, 0.005554635606593562, 0.029096582770840054]], "state_values": [4.350568624570145, 0.7811839860011682, 0.28747482320050494, -4.999712760232606, 1.7420750436443673, -0.19633934363206923, 1.0542832683610106, -1.3052621517302343, 1.2767929812046608, 4.063402417631097, -4.697309947729355, -4.288954768149379, 4.0646206767766575, 4.781807740400157, 3.8197540879381306, 4.992892200867715], "value_grad": [-43.56000518798828, -35.63999938964844, -3.9599990844726562, 43.560001373291016, -7.920001029968262, 3.9600000381469727, 23.76000213623047, -7.920000076293945, -19.799999237060547, -7.920000076293945, -71.27999877929688, 63.36000061035156, -7.920001983642578, 27.720001220703125, 0.0, -31.680002212524414], "action_grad": [[0.0, 0.0, 0.0], [0.0, 0.0, 0.0], [0.0, 0.0, 0.0], [0.0, 0.0, 0.0], [0.0, 0.0, 0.0], [0.0, 0.0, 0.0], [0.0, 0.0, 0.0], [0.0, 0.0, 0.0], [0.0, 0.0, 0.0], [0.0, 0.0, 0.0], [0.0, 0.0, 0.0], [0.0, 0.0, 0.0], [0.0, 0.0, 0.0], [0.0, 0.0, 0.0], [0.0, 0.0, 0.0], [0.0, 0.0, 0.0]], "action_params_change": 0, "value_params_change": 0.3693432386382032}
{"iterations": 1, "type_itr": 0, "sub_iteration": 11, "sub_it_time": 0.10089516639709473, "total_time": 1.3030006885528564, "value_loss": 27.720001220703125, "action_loss": -0.18110769987106323, "action_probs": [[0.007928559510492372, 0.07370433279653192, 0.08919600984413455, 0.8291710978488411], [0.7144922323576155, 0.2627283247781702, 0.016655129556032905, 0.006124313308181307], [4.901688763220466e-05, 0.007611571397191971, 0.0063495631965250895, 0.9859898485186507], [0.17552805540659527, 0.7121770707865757, 0.02220433368000233, 0.09009054012682689], [0.7499159689152443, 0.05371660403355318, 0.18324178769926316, 0.013125639351939455], [0.09648505759351814, 0.038530358233965625, 0.6181374690430116, 0.24684711512950477], [0.04122613387579268, 0.45663181623817306, 0.0415808874168381, 0.46056116246919604], [0.03848200033273117, 0.008692657558611351, 0.777252592197157, 0.17557274991150035], [0.06180204919560869, 0.5763899363137364, 0.035037225817041426, 0.3267707886736134], [0.3022921816597176, 0.5020871597919518, 0.0735158060419166, 0.12210485250641397], [0.0026921617344230486, 0.34742546266764573, 0.004997144792264161, 0.644885230805667], [0.05998203772038426, 0.290286188225927, 0.11126397683983524, 0.5384677972138536], [0.7989649346072046, 0.08341374953601101, 0.10650224061472927, 0.01111907524205493], [2.3899864121992205e-07, 1.871219086225722e-06, 0.11325757232172086, 0.8867403174605515], [0.027725381206274363, 0.9595879371633382, 0.00035626287815703427, 0.01233041875223042], [0.15474667172668577, 0.8106021098958807, 0.005554635606593562, 0.029096582770840054]], "state_values": [4.051369613973589, 1.0612740695437213, -0.2955451979442113, -4.980769474929148, 1.552766787954033, -0.8478066709352505, 1.0176780999123975, -1.8620419822859209, 1.9086787529868963, 4.465669984844249, -4.469284292921224, -4.662053235163428, 4.0124251749089135, 4.785482103566732, 4.044919030344581, 4.9897410928865265], "value_grad": [51.480003356933594, 39.599998474121094, -31.68000030517578, 15.840001106262207, -19.80000114440918, 51.480003356933594, 39.60000228881836, -15.84000015258789, -47.52000045776367, 43.560001373291016, -83.16000366210938, 3.9600000381469727, 0.0, -23.76000213623047, -23.76000213623047, 15.840002059936523], "action_grad": [[0.0, 0.0, 0.0], [0.0, 0.0, 0.0], [0.0, 0.0, 0.0], [0.0, 0.0, 0.0], [0.0, 0.0, 0.0], [0.0, 0.0, 0.0], [0.0, 0.0, 0.0], [0.0, 0.0, 0.0], [0.0, 0.0, 0.0], [0.0, 0.0, 0.0], [0.0, 0.0, 0.0], [0.0, 0.0, 0.0], [0.0, 0.0, 0.0], [0.0, 0.0, 0.0], [0.0, 0.0, 0.0], [0.0, 0.0, 0.0]], "action_params_change": 0, "value_params_change": 0.3401407716123197}
{"iterations": 1, "type_itr": 0, "sub_iteration": 12, "sub_it_time": 0.10011458396911621, "total_time": 1.4096744060516357, "value_loss": -23.760000228881836, "action_loss": -1.2677539587020874, "action_probs": [[0.007928559510492372, 0.07370433279653192, 0.08919600984413455, 0.8291710978488411], [0.7144922323576155, 0.2627283247781702, 0.016655129556032905, 0.006124313308181307], [4.901688763220466e-05, 0.007611571397191971, 0.0063495631965250895, 0.9859898485186507], [0.17552805540659527, 0.7121770707865757, 0.02220433368000233, 0.09009054012682689], [0.7499159689152443, 0.05371660403355318, 0.18324178769926316, 0.013125639351939455], [0.09648505759351814, 0.038530358233965625, 0.6181374690430116, 0.24684711512950477], [0.04122613387579268, 0.45663181623817306, 0.0415808874168381, 0.46056116246919604], [0.03848200033273117, 0.008692657558611351, 0.777252592197157, 0.17557274991150035], [0.06180204919560869, 0.5763899363137364, 0.035037225817041426, 0.3267707886736134], [0.3022921816597176, 0.5020871597919518, 0.0735158060419166, 0.12210485250641397], [0.0026921617344230486, 0.34742546266764573, 0.004997144792264161, 0.644885230805667], [0.05998203772038426, 0.290286188225927, 0.11126397683983524, 0.5384677972138536], [0.7989649346072046, 0.08341374953601101, 0.10650224061472927, 0.01111907524205493], [2.3899864121992205e-07, 1.871219086225722e-06, 0.11325757232172086, 0.8867403174605515], [0.027725381206274363, 0.9595879371633382, 0.00035626287815703427, 0.01233041875223042], [0.15474667172668577, 0.8106021098958807, 0.005554635606593562, 0.029096582770840054]], "state_values": [3.78320430413187, 1.3861695094073825, -0.3728214497526375, -4.930210810523769, 1.1458543191499382, -1.5010618875977864, 0.6560521426446648, -2.2384797800966263, 2.517033465770282, 4.725173875001924, -4.149532783556743, -4.895376155009979, 4.017575784620477, 4.796771942772277, 4.189034153351718, 4.990042122729896], "value_grad": [-11.880000114440918, 15.84000015258789, 55.44000244140625, 7.920000076293945, 35.63999938964844, 15.84000015258789, 63.36000061035156, -19.799999237060547, -11.880000114440918, -3.9600000381469727, -27.720001220703125, 11.880000114440918, 11.880000114440918, 3.9600000381469727, 11.880001068115234, -7.920001029968262], "action_grad": [[0.0, 0.0, 0.0], [0.0, 0.0, 0.0], [0.0, 0.0, 0.0], [0.0, 0.0, 0.0], [0.0, 0.0, 0.0], [0.0, 0.0, 0.0], [0.0, 0.0, 0.0], [0.0, 0.0, 0.0], [0.0, 0.0, 0.0], [0.0, 0.0, 0.0], [0.0, 0.0, 0.0], [0.0, 0.0, 0.0], [0.0, 0.0, 0.0], [0.0, 0.0, 0.0], [0.0, 0.0, 0.0], [0.0, 0.0, 0.0]], "action_params_change": 0, "value_params_change": 0.3296791367238274}
{"iterations": 1, "type_itr": 0, "sub_iteration": 13, "sub_it_time": 0.10109233856201172, "total_time": 1.5220513343811035, "value_loss": 15.84000015258789, "action_loss": -0.5433230996131897, "action_probs": [[0.007928559510492372, 0.07370433279653192, 0.08919600984413455, 0.8291710978488411], [0.7144922323576155, 0.2627283247781702, 0.016655129556032905, 0.006124313308181307], [4.901688763220466e-05, 0.007611571397191971, 0.0063495631965250895, 0.9859898485186507], [0.17552805540659527, 0.7121770707865757, 0.02220433368000233, 0.09009054012682689], [0.7499159689152443, 0.05371660403355318, 0.18324178769926316, 0.013125639351939455], [0.09648505759351814, 0.038530358233965625, 0.6181374690430116, 0.24684711512950477], [0.04122613387579268, 0.45663181623817306, 0.0415808874168381, 0.46056116246919604], [0.03848200033273117, 0.008692657558611351, 0.777252592197157, 0.17557274991150035], [0.06180204919560869, 0.5763899363137364, 0.035037225817041426, 0.3267707886736134], [0.3022921816597176, 0.5020871597919518, 0.0735158060419166, 0.12210485250641397], [0.0026921617344230486, 0.34742546266764573, 0.004997144792264161, 0.644885230805667], [0.05998203772038426, 0.290286188225927, 0.11126397683983524, 0.5384677972138536], [0.7989649346072046, 0.08341374953601101, 0.10650224061472927, 0.01111907524205493], [2.3899864121992205e-07, 1.871219086225722e-06, 0.11325757232172086, 0.8867403174605515], [0.027725381206274363, 0.9595879371633382, 0.00035626287815703427, 0.01233041875223042], [0.15474667172668577, 0.8106021098958807, 0.005554635606593562, 0.029096582770840054]], "state_values": [3.4196144711844845, 1.693230879470252, -0.08151297103014413, -4.857717343536753, 0.8597861632847458, -2.1726967781953808, 0.15944859863324376, -2.7080319482283373, 3.1220192493644814, 4.9215561860424115, -3.8650856160496527, -4.973492751185662, 4.0047512392195035, 4.8997924450039685, 4.18240433277498, 4.99031022824813], "value_grad": [27.720001220703125, 3.9600000381469727, 67.31999969482422, 0.0, -11.880000114440918, 23.760000228881836, 35.63999938964844, 35.63999938964844, -19.799999237060547, 27.720001220703125, 19.799999237060547, -39.60000228881836, -3.9600000381469727, 75.24000549316406, 39.60000228881836, 0.0], "action_grad": [[0.0, 0.0, 0.0], [0.0, 0.0, 0.0], [0.0, 0.0, 0.0], [0.0, 0.0, 0.0], [0.0, 0.0, 0.0], [0.0, 0.0, 0.0], [0.0, 0.0, 0.0], [0.0, 0.0, 0.0], [0.0, 0.0, 0.0], [0.0, 0.0, 0.0], [0.0, 0.0, 0.0], [0.0, 0.0, 0.0], [0.0, 0.0, 0.0], [0.0, 0.0, 0.0], [0.0, 0.0, 0.0], [0.0, 0.0, 0.0]], "action_params_change": 0, "value_params_change": 0.31145190074042417}
