{"iterations": 0, "type_itr": 0, "sub_iteration": 0, "sub_it_time": 0, "total_time": 0, "value_loss": 0, "action_loss": 0, "action_probs": [[0.22629838396391475, 0.495247434323382, 0.08733157303738807, 0.19112260867531514], [0.8591066931638326, 0.019664467521921605, 0.11851607326084575, 0.002712766053400009], [0.10713983843579386, 0.0682142154606639, 0.5038516730524851, 0.3207942730510572], [0.2684005200378023, 0.5296376907859514, 0.06792487941989155, 0.1340369097563546], [0.12811572050317566, 0.03263208486874288, 0.6688825352848722, 0.17036965934320933], [0.0005203064213239915, 0.6244579154464776, 0.00031221286193840886, 0.3747095652702601], [0.1012727524005329, 0.012081862036196274, 0.7921425964475727, 0.09450278911569814], [0.004721281707699762, 0.677111052799614, 0.0022031210651774153, 0.3159645444275089], [0.007493083713851914, 0.0056976657543464666, 0.5605628657920508, 0.42624638473975063], [0.3568929349918901, 0.5547398438304121, 0.0345946719510548, 0.053772549226642895], [0.4011147374099393, 0.38467769650698136, 0.10934415745433461, 0.10486340862874476], [0.6678709040644745, 0.22000500566698425, 0.08434108495826466, 0.027783005310276734], [0.5028971038624541, 0.08446938549360616, 0.35329253748700157, 0.059340973156938176], [0.9196758887763044, 0.07667844685726091, 0.0033650976329107495, 0.00028056673352388274], [0.018907613611787468, 0.016099577973949664, 0.5211989403652798, 0.443793868048983], [0.07296174828623625, 0.021286715915660552, 0.7011808216121903, 0.20457071418591286]], "state_values": [1.7123539402069223, 0.40651312143817503, 4.61951082571729, 3.6387457676615944, 4.8216121170434825, 4.3728026198666985, -0.6334671439138488, -3.1827866600305357, 2.0949629397501255, 1.7074149292314529, 3.786017027609506, 2.5309008984192225, 1.0558024697246007, -1.638153219307148, 3.7285382932875684, 4.743243265514631], "value_grad": [0.0, 0.0, 0.0, 0.0, 0.0, 0.0, 0.0, 0.0, 0.0, 0.0, 0.0, 0.0, 0.0, 0.0, 0.0, 0.0], "action_grad": [[0.0, 0.0, 0.0], [0.0, 0.0, 0.0], [0.0, 0.0, 0.0], [0.0, 0.0, 0.0], [0.0, 0.0, 0.0], [0.0, 0.0, 0.0], [0.0, 0.0, 0.0], [0.0, 0.0, 0.0], [0.0, 0.0, 0.0], [0.0, 0.0, 0.0], [0.0, 0.0, 0.0], [0.0, 0.0, 0.0], [0.0, 0.0, 0.0], [0.0, 0.0, 0.0], [0.0, 0.0, 0.0], [0.0, 0.0, 0.0]], "action_params_change": 0, "value_params_change": 0}
{"iterations": 1, "type_itr": 0, "sub_iteration": 0, "sub_it_time": 0.6219453811645508, "total_time": 0.6240079402923584, "value_loss": 5.542315565817257, "action_loss": -1.6446923695523927, "action_probs": [[0.22629838396391475, 0.495247434323382, 0.08733157303738807, 0.19112260867531514], [0.8591066931638326, 0.019664467521921605, 0.11851607326084575, 0.002712766053400009], [0.10713983843579386, 0.0682142154606639, 0.5038516730524851, 0.3207942730510572], [0.2684005200378023, 0.5296376907859514, 0.06792487941989155, 0.1340369097563546], [0.12811572050317566, 0.03263208486874288, 0.6688825352848722, 0.17036965934320933], [0.0005203064213239915, 0.6244579154464776, 0.00031221286193840886, 0.3747095652702601], [0.1012727524005329, 0.012081862036196274, 0.7921425964475727, 0.09450278911569814], [0.004721281707699762, 0.677111052799614, 0.0022031210651774153, 0.3159645444275089], [0.007493083713851914, 0.0056976657543464666, 0.5605628657920508, 0.42624638473975063], [0.3568929349918901, 0.5547398438304121, 0.0345946719510548, 0.053772549226642895], [0.4011147374099393, 0.38467769650698136, 0.10934415745433461, 0.10486340862874476], [0.6678709040644745, 0.22000500566698425, 0.08434108495826466, 0.027783005310276734], [0.5028971038624541, 0.08446938549360616, 0.35329253748700157, 0.059340973156938176], [0.9196758887763044, 0.07667844685726091, 0.0033650976329107495, 0.00028056673352388274], [0.018907613611787468, 0.016099577973949664, 0.5211989403652798, 0.443793868048983], [0.07296174828623625, 0.021286715915660552, 0.7011808216121903, 0.20457071418591286]], "state_values": [0.49690580875975915, 1.6268001957314544, 4.0025820507698375, 4.374027801405154, 4.3442429678485, 3.6370116354297615, 0.6132776014906829, -2.129815599966306, 0.9066346008581503, 0.49167565685212977, 2.860323402597989, 1.3853812081785115, -0.18614653483228205, -2.7559705867515505, 2.7884338450794437, 4.204478802119705], "value_grad": [-0.09487514633503569, -0.9677201370225328, 0.5123478481476731, -0.17077714708773595, -0.2466854029364134, -0.6261995286900666, 1.688772497739694, 0.13282667158510097, 0.0759002227927219, -0.09487514633503569, 0.6641438851869577, 0.1328259400585292, -0.17077478397906098, -203.1248409195564, 0.550289246229644, 0.18975674785057262], "action_grad": [[0.0, 0.0, 0.0], [0.0, 0.0, 0.0], [0.0, 0.0, 0.0], [0.0, 0.0, 0.0], [0.0, 0.0, 0.0], [0.0, 0.0, 0.0], [0.0, 0.0, 0.0], [0.0, 0.0, 0.0], [0.0, 0.0, 0.0], [0.0, 0.0, 0.0], [0.0, 0.0, 0.0], [0.0, 0.0, 0.0], [0.0, 0.0, 0.0], [0.0, 0.0, 0.0], [0.0, 0.0, 0.0], [0.0, 0.0, 0.0]], "action_params_change": 0, "value_params_change": 0.49999999997538414}
{"iterations": 1, "type_itr": 0, "sub_iteration": 1, "sub_it_time": 0.34568190574645996, "total_time": 0.9714686870574951, "value_loss": 3.6635123007526276, "action_loss": -1.2513624786873536, "action_probs": [[0.22629838396391475, 0.495247434323382, 0.08733157303738807, 0.19112260867531514], [0.8591066931638326, 0.019664467521921605, 0.11851607326084575, 0.002712766053400009], [0.10713983843579386, 0.0682142154606639, 0.5038516730524851, 0.3207942730510572], [0.2684005200378023, 0.5296376907859514, 0.06792487941989155, 0.1340369097563546], [0.12811572050317566, 0.03263208486874288, 0.6688825352848722, 0.17036965934320933], [0.0005203064213239915, 0.6244579154464776, 0.00031221286193840886, 0.3747095652702601], [0.1012727524005329, 0.012081862036196274, 0.7921425964475727, 0.09450278911569814], [0.004721281707699762, 0.677111052799614, 0.0022031210651774153, 0.3159645444275089], [0.007493083713851914, 0.0056976657543464666, 0.5605628657920508, 0.42624638473975063], [0.3568929349918901, 0.5547398438304121, 0.0345946719510548, 0.053772549226642895], [0.4011147374099393, 0.38467769650698136, 0.10934415745433461, 0.10486340862874476], [0.6678709040644745, 0.22000500566698425, 0.08434108495826466, 0.027783005310276734], [0.5028971038624541, 0.08446938549360616, 0.35329253748700157, 0.059340973156938176], [0.9196758887763044, 0.07667844685726091, 0.0033650976329107495, 0.00028056673352388274], [0.018907613611787468, 0.016099577973949664, 0.5211989403652798, 0.443793868048983], [0.07296174828623625, 0.021286715915660552, 0.7011808216121903, 0.20457071418591286]], "state_values": [-0.5052427171853692, 2.635952234045342, 3.1379154001747995, 4.8278543599703, 3.6338747170886747, 2.680809405014928, 1.7554634197482166, -0.9529281817197838, 0.5775744041050446, -0.5104714327318058, 1.7577873858111257, 0.21484982271551845, -1.2612872890756044, -3.40928432828107, 1.6734500421520904, 3.4408833724579946], "value_grad": [-0.01897936379843923, -0.3795875743327257, 0.4934736997151319, -0.11387796315506993, -0.531435999747969, -0.5504114674569429, 0.911007801415503, 0.1138767132005003, -0.037958763190278244, -0.018979363798504956, 0.6453058437756582, 0.07591766805557842, -0.056938091221062415, 1.1008169188835604, 0.6263257054701885, 0.398575300302598], "action_grad": [[0.0, 0.0, 0.0], [0.0, 0.0, 0.0], [0.0, 0.0, 0.0], [0.0, 0.0, 0.0], [0.0, 0.0, 0.0], [0.0, 0.0, 0.0], [0.0, 0.0, 0.0], [0.0, 0.0, 0.0], [0.0, 0.0, 0.0], [0.0, 0.0, 0.0], [0.0, 0.0, 0.0], [0.0, 0.0, 0.0], [0.0, 0.0, 0.0], [0.0, 0.0, 0.0], [0.0, 0.0, 0.0], [0.0, 0.0, 0.0]], "action_params_change": 0, "value_params_change": 0.5006401651869079}
{"iterations": 1, "type_itr": 0, "sub_iteration": 2, "sub_it_time": 0.3484196662902832, "total_time": 1.321542501449585, "value_loss": 2.5056907314971983, "action_loss": -0.8841269159165983, "action_probs": [[0.22629838396391475, 0.495247434323382, 0.08733157303738807, 0.19112260867531514], [0.8591066931638326, 0.019664467521921605, 0.11851607326084575, 0.002712766053400009], [0.10713983843579386, 0.0682142154606639, 0.5038516730524851, 0.3207942730510572], [0.2684005200378023, 0.5296376907859514, 0.06792487941989155, 0.1340369097563546], [0.12811572050317566, 0.03263208486874288, 0.6688825352848722, 0.17036965934320933], [0.0005203064213239915, 0.6244579154464776, 0.00031221286193840886, 0.3747095652702601], [0.1012727524005329, 0.012081862036196274, 0.7921425964475727, 0.09450278911569814], [0.004721281707699762, 0.677111052799614, 0.0022031210651774153, 0.3159645444275089], [0.007493083713851914, 0.0056976657543464666, 0.5605628657920508, 0.42624638473975063], [0.3568929349918901, 0.5547398438304121, 0.0345946719510548, 0.053772549226642895], [0.4011147374099393, 0.38467769650698136, 0.10934415745433461, 0.10486340862874476], [0.6678709040644745, 0.22000500566698425, 0.08434108495826466, 0.027783005310276734], [0.5028971038624541, 0.08446938549360616, 0.35329253748700157, 0.059340973156938176], [0.9196758887763044, 0.07667844685726091, 0.0033650976329107495, 0.00028056673352388274], [0.018907613611787468, 0.016099577973949664, 0.5211989403652798, 0.443793868048983], [0.07296174828623625, 0.021286715915660552, 0.7011808216121903, 0.20457071418591286]], "state_values": [-0.9309963636901478, 3.2814387610437863, 2.190310990782227, 4.99605028378353, 2.713391332761807, 1.9718589816552634, 2.601353423739464, 0.2008375993328749, -0.14545869317359192, -0.9361598312153355, 0.5863842115999673, -0.7921012919649382, -1.5338293703483277, -3.848232851095871, 0.45482671243328077, 2.4772340426625514], "value_grad": [0.03796240632100556, -200.6005979006297, 0.17083204336583835, -0.05694437197054292, -0.7402764069357457, -200.79041042427517, 0.07592491244582833, 0.05694364699521515, 0.0759248122930618, 0.03796240632100556, 0.4175874906061212, 0.018981190597849196, 0.1138873677964578, 0.9111085906057608, 0.5884190126263018, 0.550460725837072], "action_grad": [[0.0, 0.0, 0.0], [0.0, 0.0, 0.0], [0.0, 0.0, 0.0], [0.0, 0.0, 0.0], [0.0, 0.0, 0.0], [0.0, 0.0, 0.0], [0.0, 0.0, 0.0], [0.0, 0.0, 0.0], [0.0, 0.0, 0.0], [0.0, 0.0, 0.0], [0.0, 0.0, 0.0], [0.0, 0.0, 0.0], [0.0, 0.0, 0.0], [0.0, 0.0, 0.0], [0.0, 0.0, 0.0], [0.0, 0.0, 0.0]], "action_params_change": 0, "value_params_change": 0.5003699675275914}
{"iterations": 1, "type_itr": 0, "sub_iteration": 3, "sub_it_time": 0.35579752922058105, "total_time": 1.6790411472320557, "value_loss": 2.2399476643162806, "action_loss": -0.5804103763056474, "action_probs": [[0.22629838396391475, 0.495247434323382, 0.08733157303738807, 0.19112260867531514], [0.8591066931638326, 0.019664467521921605, 0.11851607326084575, 0.002712766053400009], [0.10713983843579386, 0.0682142154606639, 0.5038516730524851, 0.3207942730510572], [0.2684005200378023, 0.5296376907859514, 0.06792487941989155, 0.1340369097563546], [0.12811572050317566, 0.03263208486874288, 0.6688825352848722, 0.17036965934320933], [0.0005203064213239915, 0.6244579154464776, 0.00031221286193840886, 0.3747095652702601], [0.1012727524005329, 0.012081862036196274, 0.7921425964475727, 0.09450278911569814], [0.004721281707699762, 0.677111052799614, 0.0022031210651774153, 0.3159645444275089], [0.007493083713851914, 0.0056976657543464666, 0.5605628657920508, 0.42624638473975063], [0.3568929349918901, 0.5547398438304121, 0.0345946719510548, 0.053772549226642895], [0.4011147374099393, 0.38467769650698136, 0.10934415745433461, 0.10486340862874476], [0.6678709040644745, 0.22000500566698425, 0.08434108495826466, 0.027783005310276734], [0.5028971038624541, 0.08446938549360616, 0.35329253748700157, 0.059340973156938176], [0.9196758887763044, 0.07667844685726091, 0.0033650976329107495, 0.00028056673352388274], [0.018907613611787468, 0.016099577973949664, 0.5211989403652798, 0.443793868048983], [0.07296174828623625, 0.021286715915660552, 0.7011808216121903, 0.20457071418591286]], "state_values": [-1.0109960490103143, 3.952514846691213, 1.5133290731659244, 4.939712563337281, 2.0726127442599194, 1.352634219504616, 3.060739430828276, -0.5236854677080829, -0.8678091966435835, -1.0161428238247268, -0.4648150603115672, -1.3044184335406006, -2.206848794030074, -4.1597071210482115, -0.7693790781301958, 1.3553529466604717], "value_grad": [0.03796312082802089, -200.12605651511845, 200.29689296331756, -0.018981787155486263, -200.73346692855603, 0.03796316567021485, -0.5125046759383212, -200.4677277014006, 200.44874615224083, 0.03796312082802089, 0.09490774492674037, -0.05694464730487425, -200.41078298657047, 0.7402900710833054, 0.43657554239160223, 0.6263945175595835], "action_grad": [[0.0, 0.0, 0.0], [0.0, 0.0, 0.0], [0.0, 0.0, 0.0], [0.0, 0.0, 0.0], [0.0, 0.0, 0.0], [0.0, 0.0, 0.0], [0.0, 0.0, 0.0], [0.0, 0.0, 0.0], [0.0, 0.0, 0.0], [0.0, 0.0, 0.0], [0.0, 0.0, 0.0], [0.0, 0.0, 0.0], [0.0, 0.0, 0.0], [0.0, 0.0, 0.0], [0.0, 0.0, 0.0], [0.0, 0.0, 0.0]], "action_params_change": 0, "value_params_change": 0.49116176274781376}
{"iterations": 1, "type_itr": 0, "sub_iteration": 4, "sub_it_time": 0.3493211269378662, "total_time": 2.030139446258545, "value_loss": 2.6195792634415582, "action_loss": -0.2508702350763968, "action_probs": [[0.22629838396391475, 0.495247434323382, 0.08733157303738807, 0.19112260867531514], [0.8591066931638326, 0.019664467521921605, 0.11851607326084575, 0.002712766053400009], [0.10713983843579386, 0.0682142154606639, 0.5038516730524851, 0.3207942730510572], [0.2684005200378023, 0.5296376907859514, 0.06792487941989155, 0.1340369097563546], [0.12811572050317566, 0.03263208486874288, 0.6688825352848722, 0.17036965934320933], [0.0005203064213239915, 0.6244579154464776, 0.00031221286193840886, 0.3747095652702601], [0.1012727524005329, 0.012081862036196274, 0.7921425964475727, 0.09450278911569814], [0.004721281707699762, 0.677111052799614, 0.0022031210651774153, 0.3159645444275089], [0.007493083713851914, 0.0056976657543464666, 0.5605628657920508, 0.42624638473975063], [0.3568929349918901, 0.5547398438304121, 0.0345946719510548, 0.053772549226642895], [0.4011147374099393, 0.38467769650698136, 0.10934415745433461, 0.10486340862874476], [0.6678709040644745, 0.22000500566698425, 0.08434108495826466, 0.027783005310276734], [0.5028971038624541, 0.08446938549360616, 0.35329253748700157, 0.059340973156938176], [0.9196758887763044, 0.07667844685726091, 0.0033650976329107495, 0.00028056673352388274], [0.018907613611787468, 0.016099577973949664, 0.5211989403652798, 0.443793868048983], [0.07296174828623625, 0.021286715915660552, 0.7011808216121903, 0.20457071418591286]], "state_values": [-0.7638582639435517, 4.402250658231278, 0.9175932005251306, 4.788358585849304, 1.493422909375504, 0.8116265576309566, 3.1884332737861643, -1.4206382377977582, -1.4644450708142545, -0.769052042668444, -1.1445068110770933, -1.4158099937547939, -2.7396395347755313, -4.38682206899477, -1.8790114592921914, 1.9926202014724377], "value_grad": [0.05694318688603861, 0.5504586461776912, -0.6453553903560532, -200.61957926344152, -0.7782262320321993, 0.3036967589671353, -0.8541562831608323, -200.82837262680107, -0.07592419672054707, 0.05694318688603861, -0.2657346702027472, -0.07592430106067738, 0.11388676059845171, 0.6263855006198669, 0.2277725789956504, -200.5246722120852], "action_grad": [[0.0, 0.0, 0.0], [0.0, 0.0, 0.0], [0.0, 0.0, 0.0], [0.0, 0.0, 0.0], [0.0, 0.0, 0.0], [0.0, 0.0, 0.0], [0.0, 0.0, 0.0], [0.0, 0.0, 0.0], [0.0, 0.0, 0.0], [0.0, 0.0, 0.0], [0.0, 0.0, 0.0], [0.0, 0.0, 0.0], [0.0, 0.0, 0.0], [0.0, 0.0, 0.0], [0.0, 0.0, 0.0], [0.0, 0.0, 0.0]], "action_params_change": 0, "value_params_change": 0.4615455130572652}
{"iterations": 1, "type_itr": 0, "sub_iteration": 5, "sub_it_time": 0.338482141494751, "total_time": 2.3703975677490234, "value_loss": 3.5496331253256628, "action_loss": -0.056430956238255524, "action_probs": [[0.22629838396391475, 0.495247434323382, 0.08733157303738807, 0.19112260867531514], [0.8591066931638326, 0.019664467521921605, 0.11851607326084575, 0.002712766053400009], [0.10713983843579386, 0.0682142154606639, 0.5038516730524851, 0.3207942730510572], [0.2684005200378023, 0.5296376907859514, 0.06792487941989155, 0.1340369097563546], [0.12811572050317566, 0.03263208486874288, 0.6688825352848722, 0.17036965934320933], [0.0005203064213239915, 0.6244579154464776, 0.00031221286193840886, 0.3747095652702601], [0.1012727524005329, 0.012081862036196274, 0.7921425964475727, 0.09450278911569814], [0.004721281707699762, 0.677111052799614, 0.0022031210651774153, 0.3159645444275089], [0.007493083713851914, 0.0056976657543464666, 0.5605628657920508, 0.42624638473975063], [0.3568929349918901, 0.5547398438304121, 0.0345946719510548, 0.053772549226642895], [0.4011147374099393, 0.38467769650698136, 0.10934415745433461, 0.10486340862874476], [0.6678709040644745, 0.22000500566698425, 0.08434108495826466, 0.027783005310276734], [0.5028971038624541, 0.08446938549360616, 0.35329253748700157, 0.059340973156938176], [0.9196758887763044, 0.07667844685726091, 0.0033650976329107495, 0.00028056673352388274], [0.018907613611787468, 0.016099577973949664, 0.5211989403652798, 0.443793868048983], [0.07296174828623625, 0.021286715915660552, 0.7011808216121903, 0.20457071418591286]], "state_values": [-0.11407091920815239, 4.693625298999005, 0.39566448232182216, 4.58631395867211, 0.97328744883009, 0.33888816976267333, 3.058564756710149, -2.156475186563352, -1.9612950824563995, -0.11932538521061824, -1.3966195737679379, -1.2608619464164985, -3.1656967305915003, -4.554886513501608, -2.719049453028169, 2.5106544426765187], "value_grad": [201.79636980392786, 0.5694015616608659, -0.9110179517727595, 0.05693973689231191, -0.6832662149540494, 0.5504064835116602, -1.0818517788377449, 0.07591836770843807, 0.0, 201.79636980392797, -0.4934692653692214, -0.0759183677083719, 0.1328579807203396, 0.49348055880137665, -0.0759185055456375, 0.8351059563005725], "action_grad": [[0.0, 0.0, 0.0], [0.0, 0.0, 0.0], [0.0, 0.0, 0.0], [0.0, 0.0, 0.0], [0.0, 0.0, 0.0], [0.0, 0.0, 0.0], [0.0, 0.0, 0.0], [0.0, 0.0, 0.0], [0.0, 0.0, 0.0], [0.0, 0.0, 0.0], [0.0, 0.0, 0.0], [0.0, 0.0, 0.0], [0.0, 0.0, 0.0], [0.0, 0.0, 0.0], [0.0, 0.0, 0.0], [0.0, 0.0, 0.0]], "action_params_change": 0, "value_params_change": 0.37941590911639356}
{"iterations": 1, "type_itr": 0, "sub_iteration": 6, "sub_it_time": 0.3516538143157959, "total_time": 2.7236571311950684, "value_loss": 4.460630474927829, "action_loss": 0.024308847754005363, "action_probs": [[0.22629838396391475, 0.495247434323382, 0.08733157303738807, 0.19112260867531514], [0.8591066931638326, 0.019664467521921605, 0.11851607326084575, 0.002712766053400009], [0.10713983843579386, 0.0682142154606639, 0.5038516730524851, 0.3207942730510572], [0.2684005200378023, 0.5296376907859514, 0.06792487941989155, 0.1340369097563546], [0.12811572050317566, 0.03263208486874288, 0.6688825352848722, 0.17036965934320933], [0.0005203064213239915, 0.6244579154464776, 0.00031221286193840886, 0.3747095652702601], [0.1012727524005329, 0.012081862036196274, 0.7921425964475727, 0.09450278911569814], [0.004721281707699762, 0.677111052799614, 0.0022031210651774153, 0.3159645444275089], [0.007493083713851914, 0.0056976657543464666, 0.5605628657920508, 0.42624638473975063], [0.3568929349918901, 0.5547398438304121, 0.0345946719510548, 0.053772549226642895], [0.4011147374099393, 0.38467769650698136, 0.10934415745433461, 0.10486340862874476], [0.6678709040644745, 0.22000500566698425, 0.08434108495826466, 0.027783005310276734], [0.5028971038624541, 0.08446938549360616, 0.35329253748700157, 0.059340973156938176], [0.9196758887763044, 0.07667844685726091, 0.0033650976329107495, 0.00028056673352388274], [0.018907613611787468, 0.016099577973949664, 0.5211989403652798, 0.443793868048983], [0.07296174828623625, 0.021286715915660552, 0.7011808216121903, 0.20457071418591286]], "state_values": [0.4554224692249712, 4.870594175273029, 0.5236573441565984, 4.204388096878955, 0.5079377622840621, -0.07427601468053815, 2.723358332032808, -2.7556233682266256, -2.3766884658524936, 0.45018816847414644, -0.7805853468813239, -1.8615265558056338, -3.508673444903285, -4.6800670263589605, -3.229591886349516, 2.933031341655757], "value_grad": [0.01897771135469295, 0.49343924145406337, -203.2576763231581, -202.4606304749278, -0.550354696909304, 0.7401303119670866, -1.1956179383672452, 0.11386690843946479, -0.2656894367439664, 0.01897771135469295, -202.93507206804782, 202.63143254287823, 0.15182355838501227, 0.45548046798280684, -0.3036464202810496, 1.005831129970347], "action_grad": [[0.0, 0.0, 0.0], [0.0, 0.0, 0.0], [0.0, 0.0, 0.0], [0.0, 0.0, 0.0], [0.0, 0.0, 0.0], [0.0, 0.0, 0.0], [0.0, 0.0, 0.0], [0.0, 0.0, 0.0], [0.0, 0.0, 0.0], [0.0, 0.0, 0.0], [0.0, 0.0, 0.0], [0.0, 0.0, 0.0], [0.0, 0.0, 0.0], [0.0, 0.0, 0.0], [0.0, 0.0, 0.0], [0.0, 0.0, 0.0]], "action_params_change": 0, "value_params_change": 0.32449981224957125}
{"iterations": 1, "type_itr": 0, "sub_iteration": 7, "sub_it_time": 0.35054612159729004, "total_time": 3.075834274291992, "value_loss": 4.840185930311822, "action_loss": 0.11546403650496427, "action_probs": [[0.22629838396391475, 0.495247434323382, 0.08733157303738807, 0.19112260867531514], [0.8591066931638326, 0.019664467521921605, 0.11851607326084575, 0.002712766053400009], [0.10713983843579386, 0.0682142154606639, 0.5038516730524851, 0.3207942730510572], [0.2684005200378023, 0.5296376907859514, 0.06792487941989155, 0.1340369097563546], [0.12811572050317566, 0.03263208486874288, 0.6688825352848722, 0.17036965934320933], [0.0005203064213239915, 0.6244579154464776, 0.00031221286193840886, 0.3747095652702601], [0.1012727524005329, 0.012081862036196274, 0.7921425964475727, 0.09450278911569814], [0.004721281707699762, 0.677111052799614, 0.0022031210651774153, 0.3159645444275089], [0.007493083713851914, 0.0056976657543464666, 0.5605628657920508, 0.42624638473975063], [0.3568929349918901, 0.5547398438304121, 0.0345946719510548, 0.053772549226642895], [0.4011147374099393, 0.38467769650698136, 0.10934415745433461, 0.10486340862874476], [0.6678709040644745, 0.22000500566698425, 0.08434108495826466, 0.027783005310276734], [0.5028971038624541, 0.08446938549360616, 0.35329253748700157, 0.059340973156938176], [0.9196758887763044, 0.07667844685726091, 0.0033650976329107495, 0.00028056673352388274], [0.018907613611787468, 0.016099577973949664, 0.5211989403652798, 0.443793868048983], [0.07296174828623625, 0.021286715915660552, 0.7011808216121903, 0.20457071418591286]], "state_values": [0.952685777940312, 4.964672824812151, 0.6384565327887025, 3.7758962318775, 0.09254668779751972, -0.4354827298211287, 2.226345056274778, -3.2406186568529307, -2.725389597684181, 0.9475256426890568, 0.04818082911070623, -2.36634719254865, -3.785999595685638, -4.773437373779943, -3.459504616112013, 3.2781545171717177], "value_grad": [-0.03795358606238253, 0.32262032483795, -1.0437211268746056, 0.1328399602026975, -0.41748936993593677, 0.872931773338042, -1.1196496214393825, 0.1328390039349845, -0.322608199850702, -0.03795358606225019, -203.16279413016267, -0.1138613136961828, 0.18977114141878815, 0.3985282293760779, -0.43647407471201216, 1.1386307447348996], "action_grad": [[0.0, 0.0, 0.0], [0.0, 0.0, 0.0], [0.0, 0.0, 0.0], [0.0, 0.0, 0.0], [0.0, 0.0, 0.0], [0.0, 0.0, 0.0], [0.0, 0.0, 0.0], [0.0, 0.0, 0.0], [0.0, 0.0, 0.0], [0.0, 0.0, 0.0], [0.0, 0.0, 0.0], [0.0, 0.0, 0.0], [0.0, 0.0, 0.0], [0.0, 0.0, 0.0], [0.0, 0.0, 0.0], [0.0, 0.0, 0.0]], "action_params_change": 0, "value_params_change": 0.33278920753567}
{"iterations": 1, "type_itr": 0, "sub_iteration": 8, "sub_it_time": 0.3492591381072998, "total_time": 3.426713705062866, "value_loss": 5.2197235897211876, "action_loss": 0.18664423013704912, "action_probs": [[0.22629838396391475, 0.495247434323382, 0.08733157303738807, 0.19112260867531514], [0.8591066931638326, 0.019664467521921605, 0.11851607326084575, 0.002712766053400009], [0.10713983843579386, 0.0682142154606639, 0.5038516730524851, 0.3207942730510572], [0.2684005200378023, 0.5296376907859514, 0.06792487941989155, 0.1340369097563546], [0.12811572050317566, 0.03263208486874288, 0.6688825352848722, 0.17036965934320933], [0.0005203064213239915, 0.6244579154464776, 0.00031221286193840886, 0.3747095652702601], [0.1012727524005329, 0.012081862036196274, 0.7921425964475727, 0.09450278911569814], [0.004721281707699762, 0.677111052799614, 0.0022031210651774153, 0.3159645444275089], [0.007493083713851914, 0.0056976657543464666, 0.5605628657920508, 0.42624638473975063], [0.3568929349918901, 0.5547398438304121, 0.0345946719510548, 0.053772549226642895], [0.4011147374099393, 0.38467769650698136, 0.10934415745433461, 0.10486340862874476], [0.6678709040644745, 0.22000500566698425, 0.08434108495826466, 0.027783005310276734], [0.5028971038624541, 0.08446938549360616, 0.35329253748700157, 0.059340973156938176], [0.9196758887763044, 0.07667844685726091, 0.0033650976329107495, 0.00028056673352388274], [0.018907613611787468, 0.016099577973949664, 0.5211989403652798, 0.443793868048983], [0.07296174828623625, 0.021286715915660552, 0.7011808216121903, 0.20457071418591286]], "state_values": [1.386058256371786, 4.998767292545041, 1.0708720861232923, 3.330906396097745, -0.27770523671291497, -0.7514800870420314, 1.6082819032521287, -3.6312041610836125, -3.0191106570487363, 1.3810075780733193, 0.7829923771431112, -2.2920319637772746, -4.011036134006204, -4.692043481758454, -3.475761972187375, 3.560754592814535], "value_grad": [-0.05692755438101571, 0.18976792333438297, -203.90284207656703, 0.17078532933817225, -0.2846377483582634, 0.9298158697386594, -0.9298255983104227, 0.1328330355575904, -0.36054583623881786, -0.05692755438114716, 0.24668540293628194, -203.4474370627885, 0.1707862070810684, 203.29562886328517, -0.512358494086647, 1.1765330062309047], "action_grad": [[0.0, 0.0, 0.0], [0.0, 0.0, 0.0], [0.0, 0.0, 0.0], [0.0, 0.0, 0.0], [0.0, 0.0, 0.0], [0.0, 0.0, 0.0], [0.0, 0.0, 0.0], [0.0, 0.0, 0.0], [0.0, 0.0, 0.0], [0.0, 0.0, 0.0], [0.0, 0.0, 0.0], [0.0, 0.0, 0.0], [0.0, 0.0, 0.0], [0.0, 0.0, 0.0], [0.0, 0.0, 0.0], [0.0, 0.0, 0.0]], "action_params_change": 0, "value_params_change": 0.2952187494106102}
{"iterations": 1, "type_itr": 0, "sub_iteration": 9, "sub_it_time": 0.3485140800476074, "total_time": 3.776869058609009, "value_loss": 5.352557307967698, "action_loss": 0.19098415724564552, "action_probs": [[0.22629838396391475, 0.495247434323382, 0.08733157303738807, 0.19112260867531514], [0.8591066931638326, 0.019664467521921605, 0.11851607326084575, 0.002712766053400009], [0.10713983843579386, 0.0682142154606639, 0.5038516730524851, 0.3207942730510572], [0.2684005200378023, 0.5296376907859514, 0.06792487941989155, 0.1340369097563546], [0.12811572050317566, 0.03263208486874288, 0.6688825352848722, 0.17036965934320933], [0.0005203064213239915, 0.6244579154464776, 0.00031221286193840886, 0.3747095652702601], [0.1012727524005329, 0.012081862036196274, 0.7921425964475727, 0.09450278911569814], [0.004721281707699762, 0.677111052799614, 0.0022031210651774153, 0.3159645444275089], [0.007493083713851914, 0.0056976657543464666, 0.5605628657920508, 0.42624638473975063], [0.3568929349918901, 0.5547398438304121, 0.0345946719510548, 0.053772549226642895], [0.4011147374099393, 0.38467769650698136, 0.10934415745433461, 0.10486340862874476], [0.6678709040644745, 0.22000500566698425, 0.08434108495826466, 0.027783005310276734], [0.5028971038624541, 0.08446938549360616, 0.35329253748700157, 0.059340973156938176], [0.9196758887763044, 0.07667844685726091, 0.0033650976329107495, 0.00028056673352388274], [0.018907613611787468, 0.016099577973949664, 0.5211989403652798, 0.443793868048983], [0.07296174828623625, 0.021286715915660552, 0.7011808216121903, 0.20457071418591286]], "state_values": [2.052302173793786, 4.9897270689136715, 1.4510231965189706, 3.2496934164042686, -0.6074342659959572, -1.0280988683096033, 1.0158383995995903, -3.9441714448739935, -3.2672394625908545, 1.758553046332327, 1.4236990842186863, -2.22490948016303, -4.1940595551039594, -4.608889118915134, -3.016189458412641, 3.7926983334464968], "value_grad": [203.52333996640155, 0.0379529253511075, -0.6641403008102156, 203.59924205770483, -0.1707790093195456, 0.9677494013884633, -203.86489281916576, 0.15180660837273052, -0.3984907080631972, -0.05692649188754295, 0.5882402016933357, -0.1328291934695569, 0.1897592557946366, 0.43645468097395224, -203.69411851251772, 1.138562911572846], "action_grad": [[0.0, 0.0, 0.0], [0.0, 0.0, 0.0], [0.0, 0.0, 0.0], [0.0, 0.0, 0.0], [0.0, 0.0, 0.0], [0.0, 0.0, 0.0], [0.0, 0.0, 0.0], [0.0, 0.0, 0.0], [0.0, 0.0, 0.0], [0.0, 0.0, 0.0], [0.0, 0.0, 0.0], [0.0, 0.0, 0.0], [0.0, 0.0, 0.0], [0.0, 0.0, 0.0], [0.0, 0.0, 0.0], [0.0, 0.0, 0.0]], "action_params_change": 0, "value_params_change": 0.28413626074508835}
{"iterations": 1, "type_itr": 0, "sub_iteration": 10, "sub_it_time": 0.3511478900909424, "total_time": 4.129620313644409, "value_loss": 5.523339966401342, "action_loss": 0.13108972157945767, "action_probs": [[0.22629838396391475, 0.495247434323382, 0.08733157303738807, 0.19112260867531514], [0.8591066931638326, 0.019664467521921605, 0.11851607326084575, 0.002712766053400009], [0.10713983843579386, 0.0682142154606639, 0.5038516730524851, 0.3207942730510572], [0.2684005200378023, 0.5296376907859514, 0.06792487941989155, 0.1340369097563546], [0.12811572050317566, 0.03263208486874288, 0.6688825352848722, 0.17036965934320933], [0.0005203064213239915, 0.6244579154464776, 0.00031221286193840886, 0.3747095652702601], [0.1012727524005329, 0.012081862036196274, 0.7921425964475727, 0.09450278911569814], [0.004721281707699762, 0.677111052799614, 0.0022031210651774153, 0.3159645444275089], [0.007493083713851914, 0.0056976657543464666, 0.5605628657920508, 0.42624638473975063], [0.3568929349918901, 0.5547398438304121, 0.0345946719510548, 0.053772549226642895], [0.4011147374099393, 0.38467769650698136, 0.10934415745433461, 0.10486340862874476], [0.6678709040644745, 0.22000500566698425, 0.08434108495826466, 0.027783005310276734], [0.5028971038624541, 0.08446938549360616, 0.35329253748700157, 0.059340973156938176], [0.9196758887763044, 0.07667844685726091, 0.0033650976329107495, 0.00028056673352388274], [0.018907613611787468, 0.016099577973949664, 0.5211989403652798, 0.443793868048983], [0.07296174828623625, 0.021286715915660552, 0.7011808216121903, 0.20457071418591286]], "state_values": [2.614453641513164, 4.950018653857943, 1.7848680361145066, 3.175903130893238, -1.233979627990355, -1.2703871903069932, 0.470718378753788, -4.193642789924885, -3.4774626799134403, 2.0873145316267006, 1.9757474442771004, -2.1641109151029996, -4.343204689854432, -4.52586683181617, -2.565146037334818, 3.9835359175942515], "value_grad": [-0.09487567234239602, -0.09488024943281648, -0.4364255888987012, 0.20872762102086817, -203.7510437587313, 0.9867046157503481, -0.30360086326454105, 0.1518037701726973, -0.39848321932951425, -0.07590043319561346, 0.8159302121551217, -0.11385096347928503, 0.17077993101667932, 0.4933726611657123, -0.5692608678598088, 1.0626393807994106], "action_grad": [[0.0, 0.0, 0.0], [0.0, 0.0, 0.0], [0.0, 0.0, 0.0], [0.0, 0.0, 0.0], [0.0, 0.0, 0.0], [0.0, 0.0, 0.0], [0.0, 0.0, 0.0], [0.0, 0.0, 0.0], [0.0, 0.0, 0.0], [0.0, 0.0, 0.0], [0.0, 0.0, 0.0], [0.0, 0.0, 0.0], [0.0, 0.0, 0.0], [0.0, 0.0, 0.0], [0.0, 0.0, 0.0], [0.0, 0.0, 0.0]], "action_params_change": 0, "value_params_change": 0.2551696273837849}
{"iterations": 1, "type_itr": 0, "sub_iteration": 11, "sub_it_time": 0.34867072105407715, "total_time": 4.47997260093689, "value_loss": 5.7889936588526565, "action_loss": 0.09202487868371818, "action_probs": [[0.22629838396391475, 0.495247434323382, 0.08733157303738807, 0.19112260867531514], [0.8591066931638326, 0.019664467521921605, 0.11851607326084575, 0.002712766053400009], [0.10713983843579386, 0.0682142154606639, 0.5038516730524851, 0.3207942730510572], [0.2684005200378023, 0.5296376907859514, 0.06792487941989155, 0.1340369097563546], [0.12811572050317566, 0.03263208486874288, 0.6688825352848722, 0.17036965934320933], [0.0005203064213239915, 0.6244579154464776, 0.00031221286193840886, 0.3747095652702601], [0.1012727524005329, 0.012081862036196274, 0.7921425964475727, 0.09450278911569814], [0.004721281707699762, 0.677111052799614, 0.0022031210651774153, 0.3159645444275089], [0.007493083713851914, 0.0056976657543464666, 0.5605628657920508, 0.42624638473975063], [0.3568929349918901, 0.5547398438304121, 0.0345946719510548, 0.053772549226642895], [0.4011147374099393, 0.38467769650698136, 0.10934415745433461, 0.10486340862874476], [0.6678709040644745, 0.22000500566698425, 0.08434108495826466, 0.027783005310276734], [0.5028971038624541, 0.08446938549360616, 0.35329253748700157, 0.059340973156938176], [0.9196758887763044, 0.07667844685726091, 0.0033650976329107495, 0.00028056673352388274], [0.018907613611787468, 0.016099577973949664, 0.5211989403652798, 0.443793868048983], [0.07296174828623625, 0.021286715915660552, 0.7011808216121903, 0.20457071418591286]], "state_values": [3.2716218189554915, 4.88890614963896, 2.077883116012559, 2.8751452239110726, -1.7804885828345614, -1.4828901900251688, -0.024551698679069194, -4.391378348918317, -3.6560458814610786, 2.373668452873423, 2.4471845425599725, -2.1088893069013603, -4.4648924945347925, -4.444218063977392, -2.132095656911326, 4.140926062413907], "value_grad": [203.8838674749081, -0.2087281929139504, -0.2466655395884647, -203.8459181095148, 0.0, 0.9297412481043663, -0.01897421819273415, 0.1328233412565467, -0.3984677034383717, -0.09487164226098344, 1.02462000323586, -0.11384613523024445, 0.17077334727709736, 0.5692530562390585, -0.5312848799358756, 0.9866991362097624], "action_grad": [[0.0, 0.0, 0.0], [0.0, 0.0, 0.0], [0.0, 0.0, 0.0], [0.0, 0.0, 0.0], [0.0, 0.0, 0.0], [0.0, 0.0, 0.0], [0.0, 0.0, 0.0], [0.0, 0.0, 0.0], [0.0, 0.0, 0.0], [0.0, 0.0, 0.0], [0.0, 0.0, 0.0], [0.0, 0.0, 0.0], [0.0, 0.0, 0.0], [0.0, 0.0, 0.0], [0.0, 0.0, 0.0], [0.0, 0.0, 0.0]], "action_params_change": 0, "value_params_change": 0.3261002188506388}
{"iterations": 1, "type_itr": 0, "sub_iteration": 12, "sub_it_time": 0.34830617904663086, "total_time": 4.829887866973877, "value_loss": 6.225401861030929, "action_loss": 0.05816726982812451, "action_probs": [[0.22629838396391475, 0.495247434323382, 0.08733157303738807, 0.19112260867531514], [0.8591066931638326, 0.019664467521921605, 0.11851607326084575, 0.002712766053400009], [0.10713983843579386, 0.0682142154606639, 0.5038516730524851, 0.3207942730510572], [0.2684005200378023, 0.5296376907859514, 0.06792487941989155, 0.1340369097563546], [0.12811572050317566, 0.03263208486874288, 0.6688825352848722, 0.17036965934320933], [0.0005203064213239915, 0.6244579154464776, 0.00031221286193840886, 0.3747095652702601], [0.1012727524005329, 0.012081862036196274, 0.7921425964475727, 0.09450278911569814], [0.004721281707699762, 0.677111052799614, 0.0022031210651774153, 0.3159645444275089], [0.007493083713851914, 0.0056976657543464666, 0.5605628657920508, 0.42624638473975063], [0.3568929349918901, 0.5547398438304121, 0.0345946719510548, 0.053772549226642895], [0.4011147374099393, 0.38467769650698136, 0.10934415745433461, 0.10486340862874476], [0.6678709040644745, 0.22000500566698425, 0.08434108495826466, 0.027783005310276734], [0.5028971038624541, 0.08446938549360616, 0.35329253748700157, 0.059340973156938176], [0.9196758887763044, 0.07667844685726091, 0.0033650976329107495, 0.00028056673352388274], [0.018907613611787468, 0.016099577973949664, 0.5211989403652798, 0.443793868048983], [0.07296174828623625, 0.021286715915660552, 0.7011808216121903, 0.20457071418591286]], "state_values": [3.7899524130297078, 4.813289135203971, 2.026133452300172, 2.3860375674819267, -2.2525515263861324, -1.6694532487358296, -0.4701301229527585, -4.5470707702934865, -3.808906756498326, 2.6232259805081064, 2.847157920686934, -2.0586187326419614, -4.56425751576889, -4.364739906588473, -1.722554091463332, 4.446935351251807], "value_grad": [-0.15178624030048926, -0.30358434243022003, 204.37718903084436, -204.26334900030773, 0.3984345180595543, 0.8917337937433123, 0.28459344652945795, 0.13281478413759729, 0.0, -0.11383862789613985, 1.1383952605728016, -0.11383862789620558, 0.17076237979943532, 0.6451126853218572, -0.5122744826739591, -203.69411851251772], "action_grad": [[0.0, 0.0, 0.0], [0.0, 0.0, 0.0], [0.0, 0.0, 0.0], [0.0, 0.0, 0.0], [0.0, 0.0, 0.0], [0.0, 0.0, 0.0], [0.0, 0.0, 0.0], [0.0, 0.0, 0.0], [0.0, 0.0, 0.0], [0.0, 0.0, 0.0], [0.0, 0.0, 0.0], [0.0, 0.0, 0.0], [0.0, 0.0, 0.0], [0.0, 0.0, 0.0], [0.0, 0.0, 0.0], [0.0, 0.0, 0.0]], "action_params_change": 0, "value_params_change": 0.29387583898589}
{"iterations": 1, "type_itr": 0, "sub_iteration": 13, "sub_it_time": 0.35443854331970215, "total_time": 5.186021089553833, "value_loss": 6.813555935972404, "action_loss": 0.051222003275170104, "action_probs": [[0.22629838396391475, 0.495247434323382, 0.08733157303738807, 0.19112260867531514], [0.8591066931638326, 0.019664467521921605, 0.11851607326084575, 0.002712766053400009], [0.10713983843579386, 0.0682142154606639, 0.5038516730524851, 0.3207942730510572], [0.2684005200378023, 0.5296376907859514, 0.06792487941989155, 0.1340369097563546], [0.12811572050317566, 0.03263208486874288, 0.6688825352848722, 0.17036965934320933], [0.0005203064213239915, 0.6244579154464776, 0.00031221286193840886, 0.3747095652702601], [0.1012727524005329, 0.012081862036196274, 0.7921425964475727, 0.09450278911569814], [0.004721281707699762, 0.677111052799614, 0.0022031210651774153, 0.3159645444275089], [0.007493083713851914, 0.0056976657543464666, 0.5605628657920508, 0.42624638473975063], [0.3568929349918901, 0.5547398438304121, 0.0345946719510548, 0.053772549226642895], [0.4011147374099393, 0.38467769650698136, 0.10934415745433461, 0.10486340862874476], [0.6678709040644745, 0.22000500566698425, 0.08434108495826466, 0.027783005310276734], [0.5028971038624541, 0.08446938549360616, 0.35329253748700157, 0.059340973156938176], [0.9196758887763044, 0.07667844685726091, 0.0033650976329107495, 0.00028056673352388274], [0.018907613611787468, 0.016099577973949664, 0.5211989403652798, 0.443793868048983], [0.07296174828623625, 0.021286715915660552, 0.7011808216121903, 0.20457071418591286]], "state_values": [4.188125220770793, 4.728308422643958, 1.9791572705963207, 1.917175971850743, -2.6575397684722906, -2.1826918297905316, -1.1727592733076802, -4.504420931535418, -3.9393863354479888, 2.8409309560474627, 3.1868105071032367, -1.6948716260780456, -4.439473810306181, -4.287936080622008, -1.8591754473149846, 4.667795991802326], "value_grad": [-0.1517721352445145, -0.37944401005832695, 0.0, 0.3035381186244752, 0.5501673679488723, -204.54794510817945, -204.77561227238624, 204.87047096120025, -0.37943281535970996, -0.11382757445320735, 0.0, -205.04121260784822, 204.88944251020493, 0.701965457689159, 204.77561227238624, 0.7588852115319256], "action_grad": [[0.0, 0.0, 0.0], [0.0, 0.0, 0.0], [0.0, 0.0, 0.0], [0.0, 0.0, 0.0], [0.0, 0.0, 0.0], [0.0, 0.0, 0.0], [0.0, 0.0, 0.0], [0.0, 0.0, 0.0], [0.0, 0.0, 0.0], [0.0, 0.0, 0.0], [0.0, 0.0, 0.0], [0.0, 0.0, 0.0], [0.0, 0.0, 0.0], [0.0, 0.0, 0.0], [0.0, 0.0, 0.0], [0.0, 0.0, 0.0]], "action_params_change": 0, "value_params_change": 0.28518482465408557}
