{"iterations": 0, "type_itr": 0, "sub_iteration": 0, "sub_it_time": 0, "total_time": 0, "value_loss": 0, "action_loss": 0, "action_probs": [[0.0012959000285961023, 0.00124536531418177, 0.5086469252174862, 0.4888118094397358], [0.22437155469603368, 0.5496482039086281, 0.06550677489662682, 0.16047346649871133], [0.3190634510563927, 0.017041744193056523, 0.6302329465181568, 0.03366185823239408], [0.005026512774366031, 0.8069954740819708, 0.0011636062811852595, 0.18681440686247774], [0.011594387633312818, 0.026337626887155678, 0.2940679342836096, 0.6680000511959219], [0.019071365976131655, 0.4161965929140371, 0.02474386458841338, 0.5399881765214178], [0.0016669983094655576, 0.0002548446683283194, 0.8657286883970202, 0.1323494686251858], [0.5017374681507805, 0.19673327218435385, 0.2165996634949075, 0.0849295961699583], [0.053507971920704764, 0.01339280934556621, 0.7463028958737735, 0.18679632285995548], [0.6336285415437715, 0.3238103409146463, 0.0281667470670297, 0.014394370474552618], [0.007374454188193244, 0.0008620174786648574, 0.8879669597653761, 0.10379656856776588], [0.3606563673326829, 0.003101297857586838, 0.6308179075641369, 0.005424427245593187], [0.13302356963633064, 0.44835398805129895, 0.09578397182677374, 0.32283847048559683], [0.7542008647282644, 0.10494713075196567, 0.12364657098238474, 0.017205433537385115], [0.3053387869871141, 0.6430276959126068, 0.016624074936803408, 0.03500944216347574], [0.005961747171578036, 0.0004242491066496284, 0.9276039662792646, 0.06601003744250761]], "state_values": [-0.03607010057416727, -2.6201832425824665, 1.0018431273206134, -3.6296532107692077, 4.505366326506917, -3.6989860294408876, 4.999165413282533, 4.2620508390892855, 2.481740753642644, -4.044875199508975, 3.989881031143613, 4.050320354431532, 2.986739994563545, 2.9021228113254067, 4.674302687181368, 4.191229228118275], "value_grad": [0.0, 0.0, 0.0, 0.0, 0.0, 0.0, 0.0, 0.0, 0.0, 0.0, 0.0, 0.0, 0.0, 0.0, 0.0, 0.0], "action_grad": [[0.0, 0.0, 0.0], [0.0, 0.0, 0.0], [0.0, 0.0, 0.0], [0.0, 0.0, 0.0], [0.0, 0.0, 0.0], [0.0, 0.0, 0.0], [0.0, 0.0, 0.0], [0.0, 0.0, 0.0], [0.0, 0.0, 0.0], [0.0, 0.0, 0.0], [0.0, 0.0, 0.0], [0.0, 0.0, 0.0], [0.0, 0.0, 0.0], [0.0, 0.0, 0.0], [0.0, 0.0, 0.0], [0.0, 0.0, 0.0]], "action_params_change": 0, "value_params_change": 0}
{"iterations": 1, "type_itr": 0, "sub_iteration": 0, "sub_it_time": 0.10508942604064941, "total_time": 0.1063697338104248, "value_loss": 4.751999855041504, "action_loss": -1.1772000789642334, "action_probs": [[0.0012959000285961023, 0.00124536531418177, 0.5086469252174862, 0.4888118094397358], [0.22437155469603368, 0.5496482039086281, 0.06550677489662682, 0.16047346649871133], [0.3190634510563927, 0.017041744193056523, 0.6302329465181568, 0.03366185823239408], [0.005026512774366031, 0.8069954740819708, 0.0011636062811852595, 0.18681440686247774], [0.011594387633312818, 0.026337626887155678, 0.2940679342836096, 0.6680000511959219], [0.019071365976131655, 0.4161965929140371, 0.02474386458841338, 0.5399881765214178], [0.0016669983094655576, 0.0002548446683283194, 0.8657286883970202, 0.1323494686251858], [0.5017374681507805, 0.19673327218435385, 0.2165996634949075, 0.0849295961699583], [0.053507971920704764, 0.01339280934556621, 0.7463028958737735, 0.18679632285995548], [0.6336285415437715, 0.3238103409146463, 0.0281667470670297, 0.014394370474552618], [0.007374454188193244, 0.0008620174786648574, 0.8879669597653761, 0.10379656856776588], [0.3606563673326829, 0.003101297857586838, 0.6308179075641369, 0.005424427245593187], [0.13302356963633064, 0.44835398805129895, 0.09578397182677374, 0.32283847048559683], [0.7542008647282644, 0.10494713075196567, 0.12364657098238474, 0.017205433537385115], [0.3053387869871141, 0.6430276959126068, 0.016624074936803408, 0.03500944216347574], [0.005961747171578036, 0.0004242491066496284, 0.9276039662792646, 0.06601003744250761]], "state_values": [-1.2719363741110756, -3.5922925488009745, 2.1826320009249316, -2.6660335597113476, 3.828850873353568, -2.751689600787615, 4.8663542903920405, 4.776359116841934, 1.330703446304393, -4.044875199508975, 4.611383457778531, 3.199089823398439, 1.9018216879886396, 1.8045802765276617, 4.089829138771166, 4.735471668808152], "value_grad": [7.128000259399414, 4.355998992919922, 7.920001029968262, 7.127999782562256, 4.355999946594238, 0.7920007705688477, -17.027999877929688, 6.732000827789307, 0.39600086212158203, 0.0, 9.108000755310059, 9.899999618530273, -5.543999671936035, 6.732000827789307, -1.9800033569335938, -9.107999801635742], "action_grad": [[0.0, 0.0, 0.0], [0.0, 0.0, 0.0], [0.0, 0.0, 0.0], [0.0, 0.0, 0.0], [0.0, 0.0, 0.0], [0.0, 0.0, 0.0], [0.0, 0.0, 0.0], [0.0, 0.0, 0.0], [0.0, 0.0, 0.0], [0.0, 0.0, 0.0], [0.0, 0.0, 0.0], [0.0, 0.0, 0.0], [0.0, 0.0, 0.0], [0.0, 0.0, 0.0], [0.0, 0.0, 0.0], [0.0, 0.0, 0.0]], "action_params_change": 0, "value_params_change": 0.49999999970636577}
{"iterations": 1, "type_itr": 0, "sub_iteration": 1, "sub_it_time": 0.10490298271179199, "total_time": 0.2127366065979004, "value_loss": 9.107999801635742, "action_loss": -0.5614338517189026, "action_probs": [[0.0012959000285961023, 0.00124536531418177, 0.5086469252174862, 0.4888118094397358], [0.22437155469603368, 0.5496482039086281, 0.06550677489662682, 0.16047346649871133], [0.3190634510563927, 0.017041744193056523, 0.6302329465181568, 0.03366185823239408], [0.005026512774366031, 0.8069954740819708, 0.0011636062811852595, 0.18681440686247774], [0.011594387633312818, 0.026337626887155678, 0.2940679342836096, 0.6680000511959219], [0.019071365976131655, 0.4161965929140371, 0.02474386458841338, 0.5399881765214178], [0.0016669983094655576, 0.0002548446683283194, 0.8657286883970202, 0.1323494686251858], [0.5017374681507805, 0.19673327218435385, 0.2165996634949075, 0.0849295961699583], [0.053507971920704764, 0.01339280934556621, 0.7463028958737735, 0.18679632285995548], [0.6336285415437715, 0.3238103409146463, 0.0281667470670297, 0.014394370474552618], [0.007374454188193244, 0.0008620174786648574, 0.8879669597653761, 0.10379656856776588], [0.3606563673326829, 0.003101297857586838, 0.6308179075641369, 0.005424427245593187], [0.13302356963633064, 0.44835398805129895, 0.09578397182677374, 0.32283847048559683], [0.7542008647282644, 0.10494713075196567, 0.12364657098238474, 0.017205433537385115], [0.3053387869871141, 0.6430276959126068, 0.016624074936803408, 0.03500944216347574], [0.005961747171578036, 0.0004242491066496284, 0.9276039662792646, 0.06601003744250761]], "state_values": [-2.4056727454756337, -3.8443011771181115, 2.477100750830672, -2.178442709432216, 4.138777241797445, -3.306853441075256, 4.523461628506076, 4.768034477718049, 2.147198645314502, -4.518728839259613, 4.9317119451895515, 2.1546355947815083, 2.3012687485241647, 1.001849216958274, 4.49333421235287, 4.553570405681902], "value_grad": [5.148000240325928, -1.9800004959106445, -3.9599995613098145, -1.9799995422363281, -9.899999618530273, -3.1679999828338623, -4.355999946594238, -6.336000442504883, -5.939999580383301, -1.1880011558532715, 4.35599946975708, 13.860000610351562, 10.692000389099121, 0.0, 13.068000793457031, 19.799999237060547], "action_grad": [[0.0, 0.0, 0.0], [0.0, 0.0, 0.0], [0.0, 0.0, 0.0], [0.0, 0.0, 0.0], [0.0, 0.0, 0.0], [0.0, 0.0, 0.0], [0.0, 0.0, 0.0], [0.0, 0.0, 0.0], [0.0, 0.0, 0.0], [0.0, 0.0, 0.0], [0.0, 0.0, 0.0], [0.0, 0.0, 0.0], [0.0, 0.0, 0.0], [0.0, 0.0, 0.0], [0.0, 0.0, 0.0], [0.0, 0.0, 0.0]], "action_params_change": 0, "value_params_change": 0.497482893444652}
{"iterations": 1, "type_itr": 0, "sub_iteration": 2, "sub_it_time": 0.10549783706665039, "total_time": 0.3197619915008545, "value_loss": 10.692001342773438, "action_loss": -1.3220860958099365, "action_probs": [[0.0012959000285961023, 0.00124536531418177, 0.5086469252174862, 0.4888118094397358], [0.22437155469603368, 0.5496482039086281, 0.06550677489662682, 0.16047346649871133], [0.3190634510563927, 0.017041744193056523, 0.6302329465181568, 0.03366185823239408], [0.005026512774366031, 0.8069954740819708, 0.0011636062811852595, 0.18681440686247774], [0.011594387633312818, 0.026337626887155678, 0.2940679342836096, 0.6680000511959219], [0.019071365976131655, 0.4161965929140371, 0.02474386458841338, 0.5399881765214178], [0.0016669983094655576, 0.0002548446683283194, 0.8657286883970202, 0.1323494686251858], [0.5017374681507805, 0.19673327218435385, 0.2165996634949075, 0.0849295961699583], [0.053507971920704764, 0.01339280934556621, 0.7463028958737735, 0.18679632285995548], [0.6336285415437715, 0.3238103409146463, 0.0281667470670297, 0.014394370474552618], [0.007374454188193244, 0.0008620174786648574, 0.8879669597653761, 0.10379656856776588], [0.3606563673326829, 0.003101297857586838, 0.6308179075641369, 0.005424427245593187], [0.13302356963633064, 0.44835398805129895, 0.09578397182677374, 0.32283847048559683], [0.7542008647282644, 0.10494713075196567, 0.12364657098238474, 0.017205433537385115], [0.3053387869871141, 0.6430276959126068, 0.016624074936803408, 0.03500944216347574], [0.005961747171578036, 0.0004242491066496284, 0.9276039662792646, 0.06601003744250761]], "state_values": [-2.7263322213430463, -3.9841019078332365, 2.1138105211070704, -2.435283941088036, 4.348525492276694, -3.9601668506846006, 3.9502888751218, 4.498206448479998, 3.0045485069936455, -4.15076839897383, 4.999999667431442, 1.660663970256841, 2.597968853974424, 1.161837524316922, 4.825362145587432, 4.42434888652645], "value_grad": [-5.543999671936035, -0.39600038528442383, -9.503999710083008, -7.920000076293945, 0.0, -6.336000442504883, -10.296002388000488, -19.40399932861328, -3.960000514984131, 16.631999969482422, -0.7920000553131104, -7.920000076293945, 0.0, -7.5239996910095215, 8.316001892089844, -2.3759989738464355], "action_grad": [[0.0, 0.0, 0.0], [0.0, 0.0, 0.0], [0.0, 0.0, 0.0], [0.0, 0.0, 0.0], [0.0, 0.0, 0.0], [0.0, 0.0, 0.0], [0.0, 0.0, 0.0], [0.0, 0.0, 0.0], [0.0, 0.0, 0.0], [0.0, 0.0, 0.0], [0.0, 0.0, 0.0], [0.0, 0.0, 0.0], [0.0, 0.0, 0.0], [0.0, 0.0, 0.0], [0.0, 0.0, 0.0], [0.0, 0.0, 0.0]], "action_params_change": 0, "value_params_change": 0.4395076026342597}
{"iterations": 1, "type_itr": 0, "sub_iteration": 3, "sub_it_time": 0.10529351234436035, "total_time": 0.426776647567749, "value_loss": 4.751999855041504, "action_loss": -1.1590893268585205, "action_probs": [[0.0012959000285961023, 0.00124536531418177, 0.5086469252174862, 0.4888118094397358], [0.22437155469603368, 0.5496482039086281, 0.06550677489662682, 0.16047346649871133], [0.3190634510563927, 0.017041744193056523, 0.6302329465181568, 0.03366185823239408], [0.005026512774366031, 0.8069954740819708, 0.0011636062811852595, 0.18681440686247774], [0.011594387633312818, 0.026337626887155678, 0.2940679342836096, 0.6680000511959219], [0.019071365976131655, 0.4161965929140371, 0.02474386458841338, 0.5399881765214178], [0.0016669983094655576, 0.0002548446683283194, 0.8657286883970202, 0.1323494686251858], [0.5017374681507805, 0.19673327218435385, 0.2165996634949075, 0.0849295961699583], [0.053507971920704764, 0.01339280934556621, 0.7463028958737735, 0.18679632285995548], [0.6336285415437715, 0.3238103409146463, 0.0281667470670297, 0.014394370474552618], [0.007374454188193244, 0.0008620174786648574, 0.8879669597653761, 0.10379656856776588], [0.3606563673326829, 0.003101297857586838, 0.6308179075641369, 0.005424427245593187], [0.13302356963633064, 0.44835398805129895, 0.09578397182677374, 0.32283847048559683], [0.7542008647282644, 0.10494713075196567, 0.12364657098238474, 0.017205433537385115], [0.3053387869871141, 0.6430276959126068, 0.016624074936803408, 0.03500944216347574], [0.005961747171578036, 0.0004242491066496284, 0.9276039662792646, 0.06601003744250761]], "state_values": [-3.347054609812773, -3.56452204610131, 2.2566311750428656, -3.0355154843136516, 4.2038541526008055, -4.227833466739237, 3.1941700455038124, 4.420514540133118, 2.9012111478404696, -3.6050689492209003, 4.908143092179371, 1.5169759080067293, 2.925515121611179, 1.2088068909701384, 4.990618803985424, 4.248304614028201], "value_grad": [18.612001419067383, -15.839999198913574, 9.504000663757324, -13.860001564025879, 10.691999435424805, 2.772000312805176, -7.127999782562256, 11.880001068115234, 10.295999526977539, 8.316001892089844, 19.40399932861328, -7.1280012130737305, 1.9800000190734863, 1.1880006790161133, 7.9200005531311035, 3.563999652862549], "action_grad": [[0.0, 0.0, 0.0], [0.0, 0.0, 0.0], [0.0, 0.0, 0.0], [0.0, 0.0, 0.0], [0.0, 0.0, 0.0], [0.0, 0.0, 0.0], [0.0, 0.0, 0.0], [0.0, 0.0, 0.0], [0.0, 0.0, 0.0], [0.0, 0.0, 0.0], [0.0, 0.0, 0.0], [0.0, 0.0, 0.0], [0.0, 0.0, 0.0], [0.0, 0.0, 0.0], [0.0, 0.0, 0.0], [0.0, 0.0, 0.0]], "action_params_change": 0, "value_params_change": 0.43584298007721944}
{"iterations": 1, "type_itr": 0, "sub_iteration": 4, "sub_it_time": 0.10618734359741211, "total_time": 0.5345499515533447, "value_loss": 4.751999855041504, "action_loss": -0.3441046178340912, "action_probs": [[0.0012959000285961023, 0.00124536531418177, 0.5086469252174862, 0.4888118094397358], [0.22437155469603368, 0.5496482039086281, 0.06550677489662682, 0.16047346649871133], [0.3190634510563927, 0.017041744193056523, 0.6302329465181568, 0.03366185823239408], [0.005026512774366031, 0.8069954740819708, 0.0011636062811852595, 0.18681440686247774], [0.011594387633312818, 0.026337626887155678, 0.2940679342836096, 0.6680000511959219], [0.019071365976131655, 0.4161965929140371, 0.02474386458841338, 0.5399881765214178], [0.0016669983094655576, 0.0002548446683283194, 0.8657286883970202, 0.1323494686251858], [0.5017374681507805, 0.19673327218435385, 0.2165996634949075, 0.0849295961699583], [0.053507971920704764, 0.01339280934556621, 0.7463028958737735, 0.18679632285995548], [0.6336285415437715, 0.3238103409146463, 0.0281667470670297, 0.014394370474552618], [0.007374454188193244, 0.0008620174786648574, 0.8879669597653761, 0.10379656856776588], [0.3606563673326829, 0.003101297857586838, 0.6308179075641369, 0.005424427245593187], [0.13302356963633064, 0.44835398805129895, 0.09578397182677374, 0.32283847048559683], [0.7542008647282644, 0.10494713075196567, 0.12364657098238474, 0.017205433537385115], [0.3053387869871141, 0.6430276959126068, 0.016624074936803408, 0.03500944216347574], [0.005961747171578036, 0.0004242491066496284, 0.9276039662792646, 0.06601003744250761]], "state_values": [-3.6411981169774883, -3.176562254018537, 2.3607553446576315, -3.564492396843651, 4.112675235656304, -4.441434565400502, 2.4579817915900377, 4.34534606464164, 2.5751001284294692, -3.2587182450221754, 4.7395651031463375, 1.4203395624933395, 3.1536149631402988, 1.641539010008068, 4.944978381091695, 3.996572032149107], "value_grad": [-7.1280012130737305, 0.3959999084472656, -0.3959999084472656, -2.7720000743865967, -1.5839999914169312, -0.3959999084472656, 0.7919988632202148, -0.3959999084472656, 5.940000534057617, -6.335999965667725, -4.355999946594238, -0.7920002937316895, -0.7919998168945312, -7.9200005531311035, 6.732000827789307, 5.147998809814453], "action_grad": [[0.0, 0.0, 0.0], [0.0, 0.0, 0.0], [0.0, 0.0, 0.0], [0.0, 0.0, 0.0], [0.0, 0.0, 0.0], [0.0, 0.0, 0.0], [0.0, 0.0, 0.0], [0.0, 0.0, 0.0], [0.0, 0.0, 0.0], [0.0, 0.0, 0.0], [0.0, 0.0, 0.0], [0.0, 0.0, 0.0], [0.0, 0.0, 0.0], [0.0, 0.0, 0.0], [0.0, 0.0, 0.0], [0.0, 0.0, 0.0]], "action_params_change": 0, "value_params_change": 0.41951311549198506}
{"iterations": 1, "type_itr": 0, "sub_iteration": 5, "sub_it_time": 0.10515332221984863, "total_time": 0.641146183013916, "value_loss": 7.52400016784668, "action_loss": -0.8149846792221069, "action_probs": [[0.0012959000285961023, 0.00124536531418177, 0.5086469252174862, 0.4888118094397358], [0.22437155469603368, 0.5496482039086281, 0.06550677489662682, 0.16047346649871133], [0.3190634510563927, 0.017041744193056523, 0.6302329465181568, 0.03366185823239408], [0.005026512774366031, 0.8069954740819708, 0.0011636062811852595, 0.18681440686247774], [0.011594387633312818, 0.026337626887155678, 0.2940679342836096, 0.6680000511959219], [0.019071365976131655, 0.4161965929140371, 0.02474386458841338, 0.5399881765214178], [0.0016669983094655576, 0.0002548446683283194, 0.8657286883970202, 0.1323494686251858], [0.5017374681507805, 0.19673327218435385, 0.2165996634949075, 0.0849295961699583], [0.053507971920704764, 0.01339280934556621, 0.7463028958737735, 0.18679632285995548], [0.6336285415437715, 0.3238103409146463, 0.0281667470670297, 0.014394370474552618], [0.007374454188193244, 0.0008620174786648574, 0.8879669597653761, 0.10379656856776588], [0.3606563673326829, 0.003101297857586838, 0.6308179075641369, 0.005424427245593187], [0.13302356963633064, 0.44835398805129895, 0.09578397182677374, 0.32283847048559683], [0.7542008647282644, 0.10494713075196567, 0.12364657098238474, 0.017205433537385115], [0.3053387869871141, 0.6430276959126068, 0.016624074936803408, 0.03500944216347574], [0.005961747171578036, 0.0004242491066496284, 0.9276039662792646, 0.06601003744250761]], "state_values": [-3.996389347959108, -3.0016733862939446, 2.1627691834999756, -3.972564894919798, 4.229931406813192, -4.390901196347845, 1.933186390274038, 4.244551580268895, 2.400296583587881, -2.9152773153947757, 4.477958653298728, 1.1398806340912577, 3.4023693255447007, 2.267752377310941, 4.7066240875090415, 3.898380209042017], "value_grad": [7.920000076293945, 5.543999671936035, -8.711999893188477, -0.3959989547729492, -9.108000755310059, 5.939999580383301, 5.543999671936035, -2.375999927520752, -2.7719998359680176, 0.7919998168945312, 4.356000900268555, 6.732000350952148, 1.5840015411376953, -8.315999984741211, 2.3760013580322266, -7.524001598358154], "action_grad": [[0.0, 0.0, 0.0], [0.0, 0.0, 0.0], [0.0, 0.0, 0.0], [0.0, 0.0, 0.0], [0.0, 0.0, 0.0], [0.0, 0.0, 0.0], [0.0, 0.0, 0.0], [0.0, 0.0, 0.0], [0.0, 0.0, 0.0], [0.0, 0.0, 0.0], [0.0, 0.0, 0.0], [0.0, 0.0, 0.0], [0.0, 0.0, 0.0], [0.0, 0.0, 0.0], [0.0, 0.0, 0.0], [0.0, 0.0, 0.0]], "action_params_change": 0, "value_params_change": 0.3915448109650623}
{"iterations": 1, "type_itr": 0, "sub_iteration": 6, "sub_it_time": 0.10413360595703125, "total_time": 0.7467615604400635, "value_loss": 12.672000885009766, "action_loss": -0.8330954313278198, "action_probs": [[0.0012959000285961023, 0.00124536531418177, 0.5086469252174862, 0.4888118094397358], [0.22437155469603368, 0.5496482039086281, 0.06550677489662682, 0.16047346649871133], [0.3190634510563927, 0.017041744193056523, 0.6302329465181568, 0.03366185823239408], [0.005026512774366031, 0.8069954740819708, 0.0011636062811852595, 0.18681440686247774], [0.011594387633312818, 0.026337626887155678, 0.2940679342836096, 0.6680000511959219], [0.019071365976131655, 0.4161965929140371, 0.02474386458841338, 0.5399881765214178], [0.0016669983094655576, 0.0002548446683283194, 0.8657286883970202, 0.1323494686251858], [0.5017374681507805, 0.19673327218435385, 0.2165996634949075, 0.0849295961699583], [0.053507971920704764, 0.01339280934556621, 0.7463028958737735, 0.18679632285995548], [0.6336285415437715, 0.3238103409146463, 0.0281667470670297, 0.014394370474552618], [0.007374454188193244, 0.0008620174786648574, 0.8879669597653761, 0.10379656856776588], [0.3606563673326829, 0.003101297857586838, 0.6308179075641369, 0.005424427245593187], [0.13302356963633064, 0.44835398805129895, 0.09578397182677374, 0.32283847048559683], [0.7542008647282644, 0.10494713075196567, 0.12364657098238474, 0.017205433537385115], [0.3053387869871141, 0.6430276959126068, 0.016624074936803408, 0.03500944216347574], [0.005961747171578036, 0.0004242491066496284, 0.9276039662792646, 0.06601003744250761]], "state_values": [-4.303025134139912, -2.596734428437493, 2.2071757915506907, -4.010823290542622, 4.0316419928341185, -4.0826824452413755, 1.336846875532152, 4.3310452014583865, 2.123660024228997, -2.365165109426923, 4.120249557110414, 0.903479036426677, 3.6485003041666304, 3.001298532719737, 4.25239321568607, 3.626736317710495], "value_grad": [2.7719998359680176, -10.295999526977539, 7.128000736236572, 13.068000793457031, 20.196001052856445, 15.04800033569336, -4.751999855041504, 14.256000518798828, 3.1679999828338623, 11.484000205993652, 4.355999946594238, -0.3959999084472656, 1.1879987716674805, -19.40399932861328, 9.503999710083008, 12.276000022888184], "action_grad": [[0.0, 0.0, 0.0], [0.0, 0.0, 0.0], [0.0, 0.0, 0.0], [0.0, 0.0, 0.0], [0.0, 0.0, 0.0], [0.0, 0.0, 0.0], [0.0, 0.0, 0.0], [0.0, 0.0, 0.0], [0.0, 0.0, 0.0], [0.0, 0.0, 0.0], [0.0, 0.0, 0.0], [0.0, 0.0, 0.0], [0.0, 0.0, 0.0], [0.0, 0.0, 0.0], [0.0, 0.0, 0.0], [0.0, 0.0, 0.0]], "action_params_change": 0, "value_params_change": 0.4192796896739871}
{"iterations": 1, "type_itr": 0, "sub_iteration": 7, "sub_it_time": 0.10443544387817383, "total_time": 0.8527107238769531, "value_loss": 1.5840001106262207, "action_loss": -0.8149846792221069, "action_probs": [[0.0012959000285961023, 0.00124536531418177, 0.5086469252174862, 0.4888118094397358], [0.22437155469603368, 0.5496482039086281, 0.06550677489662682, 0.16047346649871133], [0.3190634510563927, 0.017041744193056523, 0.6302329465181568, 0.03366185823239408], [0.005026512774366031, 0.8069954740819708, 0.0011636062811852595, 0.18681440686247774], [0.011594387633312818, 0.026337626887155678, 0.2940679342836096, 0.6680000511959219], [0.019071365976131655, 0.4161965929140371, 0.02474386458841338, 0.5399881765214178], [0.0016669983094655576, 0.0002548446683283194, 0.8657286883970202, 0.1323494686251858], [0.5017374681507805, 0.19673327218435385, 0.2165996634949075, 0.0849295961699583], [0.053507971920704764, 0.01339280934556621, 0.7463028958737735, 0.18679632285995548], [0.6336285415437715, 0.3238103409146463, 0.0281667470670297, 0.014394370474552618], [0.007374454188193244, 0.0008620174786648574, 0.8879669597653761, 0.10379656856776588], [0.3606563673326829, 0.003101297857586838, 0.6308179075641369, 0.005424427245593187], [0.13302356963633064, 0.44835398805129895, 0.09578397182677374, 0.32283847048559683], [0.7542008647282644, 0.10494713075196567, 0.12364657098238474, 0.017205433537385115], [0.3053387869871141, 0.6430276959126068, 0.016624074936803408, 0.03500944216347574], [0.005961747171578036, 0.0004242491066496284, 0.9276039662792646, 0.06601003744250761]], "state_values": [-4.542689219431846, -2.0771970507824147, 2.5025140073778944, -4.0110493026606235, 3.9799206179916844, -3.7383774207654463, 0.5843706057243736, 4.569359267078554, 1.9207473250135836, -1.6697088001164813, 3.5837471892065946, 0.4127675567944826, 4.035914441771436, 3.672002559416872, 3.6099402282754407, 3.569261321987005], "value_grad": [1.187999963760376, -5.940000057220459, 10.692001342773438, 1.9799995422363281, -9.503999710083008, 1.1880006790161133, -10.691999435424805, 25.740001678466797, -1.1880006790161133, 9.107999801635742, 13.067999839782715, 12.2760009765625, 8.711999893188477, -7.127999782562256, 5.544000625610352, -11.880002975463867], "action_grad": [[0.0, 0.0, 0.0], [0.0, 0.0, 0.0], [0.0, 0.0, 0.0], [0.0, 0.0, 0.0], [0.0, 0.0, 0.0], [0.0, 0.0, 0.0], [0.0, 0.0, 0.0], [0.0, 0.0, 0.0], [0.0, 0.0, 0.0], [0.0, 0.0, 0.0], [0.0, 0.0, 0.0], [0.0, 0.0, 0.0], [0.0, 0.0, 0.0], [0.0, 0.0, 0.0], [0.0, 0.0, 0.0], [0.0, 0.0, 0.0]], "action_params_change": 0, "value_params_change": 0.42044651590297866}
{"iterations": 1, "type_itr": 0, "sub_iteration": 8, "sub_it_time": 0.10642051696777344, "total_time": 0.9606144428253174, "value_loss": 11.880000114440918, "action_loss": -0.7244307994842529, "action_probs": [[0.0012959000285961023, 0.00124536531418177, 0.5086469252174862, 0.4888118094397358], [0.22437155469603368, 0.5496482039086281, 0.06550677489662682, 0.16047346649871133], [0.3190634510563927, 0.017041744193056523, 0.6302329465181568, 0.03366185823239408], [0.005026512774366031, 0.8069954740819708, 0.0011636062811852595, 0.18681440686247774], [0.011594387633312818, 0.026337626887155678, 0.2940679342836096, 0.6680000511959219], [0.019071365976131655, 0.4161965929140371, 0.02474386458841338, 0.5399881765214178], [0.0016669983094655576, 0.0002548446683283194, 0.8657286883970202, 0.1323494686251858], [0.5017374681507805, 0.19673327218435385, 0.2165996634949075, 0.0849295961699583], [0.053507971920704764, 0.01339280934556621, 0.7463028958737735, 0.18679632285995548], [0.6336285415437715, 0.3238103409146463, 0.0281667470670297, 0.014394370474552618], [0.007374454188193244, 0.0008620174786648574, 0.8879669597653761, 0.10379656856776588], [0.3606563673326829, 0.003101297857586838, 0.6308179075641369, 0.005424427245593187], [0.13302356963633064, 0.44835398805129895, 0.09578397182677374, 0.32283847048559683], [0.7542008647282644, 0.10494713075196567, 0.12364657098238474, 0.017205433537385115], [0.3053387869871141, 0.6430276959126068, 0.016624074936803408, 0.03500944216347574], [0.005961747171578036, 0.0004242491066496284, 0.9276039662792646, 0.06601003744250761]], "state_values": [-4.71492385393085, -1.5916825642704464, 2.9825782909236653, -4.080548723372788, 3.7600975509816066, -3.2759659343305074, 0.20910175472727774, 4.791914368983872, 1.7374324659498286, -0.9247677096182314, 2.905512773896589, -0.2537248152837857, 4.43684983829489, 4.191986007535416, 2.9841252854566256, 3.3692449228413404], "value_grad": [0.0, 0.0, 13.860001564025879, -4.3560004234313965, 14.65200138092041, 5.54400110244751, 11.088001251220703, 13.464000701904297, 0.0, 4.355998992919922, 7.920000076293945, 12.276000022888184, 7.9200005531311035, -1.9800009727478027, -3.1680002212524414, 10.691999435424805], "action_grad": [[0.0, 0.0, 0.0], [0.0, 0.0, 0.0], [0.0, 0.0, 0.0], [0.0, 0.0, 0.0], [0.0, 0.0, 0.0], [0.0, 0.0, 0.0], [0.0, 0.0, 0.0], [0.0, 0.0, 0.0], [0.0, 0.0, 0.0], [0.0, 0.0, 0.0], [0.0, 0.0, 0.0], [0.0, 0.0, 0.0], [0.0, 0.0, 0.0], [0.0, 0.0, 0.0], [0.0, 0.0, 0.0], [0.0, 0.0, 0.0]], "action_params_change": 0, "value_params_change": 0.35809367467484976}
{"iterations": 1, "type_itr": 0, "sub_iteration": 9, "sub_it_time": 0.10583615303039551, "total_time": 1.067927360534668, "value_loss": 3.1680002212524414, "action_loss": -0.5071015954017639, "action_probs": [[0.0012959000285961023, 0.00124536531418177, 0.5086469252174862, 0.4888118094397358], [0.22437155469603368, 0.5496482039086281, 0.06550677489662682, 0.16047346649871133], [0.3190634510563927, 0.017041744193056523, 0.6302329465181568, 0.03366185823239408], [0.005026512774366031, 0.8069954740819708, 0.0011636062811852595, 0.18681440686247774], [0.011594387633312818, 0.026337626887155678, 0.2940679342836096, 0.6680000511959219], [0.019071365976131655, 0.4161965929140371, 0.02474386458841338, 0.5399881765214178], [0.0016669983094655576, 0.0002548446683283194, 0.8657286883970202, 0.1323494686251858], [0.5017374681507805, 0.19673327218435385, 0.2165996634949075, 0.0849295961699583], [0.053507971920704764, 0.01339280934556621, 0.7463028958737735, 0.18679632285995548], [0.6336285415437715, 0.3238103409146463, 0.0281667470670297, 0.014394370474552618], [0.007374454188193244, 0.0008620174786648574, 0.8879669597653761, 0.10379656856776588], [0.3606563673326829, 0.003101297857586838, 0.6308179075641369, 0.005424427245593187], [0.13302356963633064, 0.44835398805129895, 0.09578397182677374, 0.32283847048559683], [0.7542008647282644, 0.10494713075196567, 0.12364657098238474, 0.017205433537385115], [0.3053387869871141, 0.6430276959126068, 0.016624074936803408, 0.03500944216347574], [0.005961747171578036, 0.0004242491066496284, 0.9276039662792646, 0.06601003744250761]], "state_values": [-4.847326935140399, -1.200619312473425, 3.1471585191928035, -4.323321768554457, 3.512389840789629, -2.613071537492111, -0.1442105077396765, 4.935771844542666, 1.9095747835872052, -0.028908448420744342, 2.112438550634889, -1.08801446596464, 4.708224963406388, 4.534639647980832, 2.170838850479859, 3.124402834005106], "value_grad": [1.9800000190734863, 1.9800000190734863, -12.275999069213867, -17.027999877929688, 2.771998405456543, 13.067998886108398, -0.7919979095458984, 5.1479997634887695, -9.503998756408691, 14.652002334594727, 6.732001304626465, 21.779998779296875, 0.0, 1.9800004959106445, 13.464000701904297, 3.9600000381469727], "action_grad": [[0.0, 0.0, 0.0], [0.0, 0.0, 0.0], [0.0, 0.0, 0.0], [0.0, 0.0, 0.0], [0.0, 0.0, 0.0], [0.0, 0.0, 0.0], [0.0, 0.0, 0.0], [0.0, 0.0, 0.0], [0.0, 0.0, 0.0], [0.0, 0.0, 0.0], [0.0, 0.0, 0.0], [0.0, 0.0, 0.0], [0.0, 0.0, 0.0], [0.0, 0.0, 0.0], [0.0, 0.0, 0.0], [0.0, 0.0, 0.0]], "action_params_change": 0, "value_params_change": 0.3808481672856694}
{"iterations": 1, "type_itr": 0, "sub_iteration": 10, "sub_it_time": 0.10469794273376465, "total_time": 1.1740610599517822, "value_loss": 1.9800000190734863, "action_loss": -0.9779816269874573, "action_probs": [[0.0012959000285961023, 0.00124536531418177, 0.5086469252174862, 0.4888118094397358], [0.22437155469603368, 0.5496482039086281, 0.06550677489662682, 0.16047346649871133], [0.3190634510563927, 0.017041744193056523, 0.6302329465181568, 0.03366185823239408], [0.005026512774366031, 0.8069954740819708, 0.0011636062811852595, 0.18681440686247774], [0.011594387633312818, 0.026337626887155678, 0.2940679342836096, 0.6680000511959219], [0.019071365976131655, 0.4161965929140371, 0.02474386458841338, 0.5399881765214178], [0.0016669983094655576, 0.0002548446683283194, 0.8657286883970202, 0.1323494686251858], [0.5017374681507805, 0.19673327218435385, 0.2165996634949075, 0.0849295961699583], [0.053507971920704764, 0.01339280934556621, 0.7463028958737735, 0.18679632285995548], [0.6336285415437715, 0.3238103409146463, 0.0281667470670297, 0.014394370474552618], [0.007374454188193244, 0.0008620174786648574, 0.8879669597653761, 0.10379656856776588], [0.3606563673326829, 0.003101297857586838, 0.6308179075641369, 0.005424427245593187], [0.13302356963633064, 0.44835398805129895, 0.09578397182677374, 0.32283847048559683], [0.7542008647282644, 0.10494713075196567, 0.12364657098238474, 0.017205433537385115], [0.3053387869871141, 0.6430276959126068, 0.016624074936803408, 0.03500944216347574], [0.005961747171578036, 0.0004242491066496284, 0.9276039662792646, 0.06601003744250761]], "state_values": [-4.956445730673647, -1.400831652470868, 3.0287388770174783, -4.514938138401236, 3.1627595157863935, -2.5046584538582133, -0.6449149673181326, 4.964173810855221, 2.3174262569752835, 0.8217408186463743, 1.1560191031190985, -1.9495378811558635, 4.911286875715516, 4.716753539007738, 1.2595166928915804, 3.1075794214744032], "value_grad": [7.920000076293945, 23.760000228881836, -17.424001693725586, -0.3960000276565552, 8.711999893188477, -21.384002685546875, -9.900001525878906, -23.36400032043457, -10.296001434326172, 2.37600040435791, 16.236000061035156, 11.483999252319336, 5.940000057220459, 5.940001010894775, 6.336000919342041, -13.859999656677246], "action_grad": [[0.0, 0.0, 0.0], [0.0, 0.0, 0.0], [0.0, 0.0, 0.0], [0.0, 0.0, 0.0], [0.0, 0.0, 0.0], [0.0, 0.0, 0.0], [0.0, 0.0, 0.0], [0.0, 0.0, 0.0], [0.0, 0.0, 0.0], [0.0, 0.0, 0.0], [0.0, 0.0, 0.0], [0.0, 0.0, 0.0], [0.0, 0.0, 0.0], [0.0, 0.0, 0.0], [0.0, 0.0, 0.0], [0.0, 0.0, 0.0]], "action_params_change": 0, "value_params_change": 0.40574684530842164}
{"iterations": 1, "type_itr": 0, "sub_iteration": 11, "sub_it_time": 0.1051335334777832, "total_time": 1.2810940742492676, "value_loss": 12.672000885009766, "action_loss": -0.9598708152770996, "action_probs": [[0.0012959000285961023, 0.00124536531418177, 0.5086469252174862, 0.4888118094397358], [0.22437155469603368, 0.5496482039086281, 0.06550677489662682, 0.16047346649871133], [0.3190634510563927, 0.017041744193056523, 0.6302329465181568, 0.03366185823239408], [0.005026512774366031, 0.8069954740819708, 0.0011636062811852595, 0.18681440686247774], [0.011594387633312818, 0.026337626887155678, 0.2940679342836096, 0.6680000511959219], [0.019071365976131655, 0.4161965929140371, 0.02474386458841338, 0.5399881765214178], [0.0016669983094655576, 0.0002548446683283194, 0.8657286883970202, 0.1323494686251858], [0.5017374681507805, 0.19673327218435385, 0.2165996634949075, 0.0849295961699583], [0.053507971920704764, 0.01339280934556621, 0.7463028958737735, 0.18679632285995548], [0.6336285415437715, 0.3238103409146463, 0.0281667470670297, 0.014394370474552618], [0.007374454188193244, 0.0008620174786648574, 0.8879669597653761, 0.10379656856776588], [0.3606563673326829, 0.003101297857586838, 0.6308179075641369, 0.005424427245593187], [0.13302356963633064, 0.44835398805129895, 0.09578397182677374, 0.32283847048559683], [0.7542008647282644, 0.10494713075196567, 0.12364657098238474, 0.017205433537385115], [0.3053387869871141, 0.6430276959126068, 0.016624074936803408, 0.03500944216347574], [0.005961747171578036, 0.0004242491066496284, 0.9276039662792646, 0.06601003744250761]], "state_values": [-4.979261538377533, -1.745091385874851, 2.931379905441984, -4.713008492728729, 2.9226496177816417, -2.479209610468955, -0.9109678125178561, 4.983118165715504, 2.882942905644552, 1.6245973330629115, 0.1160204971761939, -2.56011329683653, 4.993170539518221, 4.783777974305815, 0.47565193678177814, 3.3245388243899545], "value_grad": [-12.276000022888184, 10.296000480651855, 0.7919988632202148, -7.9200005531311035, -6.336000442504883, -4.355999946594238, 8.315999984741211, 0.3959999084472656, -12.671998977661133, 3.1679999828338623, 10.296000480651855, -7.128000259399414, -0.3959989547729492, 9.107999801635742, -3.1680006980895996, -19.799999237060547], "action_grad": [[0.0, 0.0, 0.0], [0.0, 0.0, 0.0], [0.0, 0.0, 0.0], [0.0, 0.0, 0.0], [0.0, 0.0, 0.0], [0.0, 0.0, 0.0], [0.0, 0.0, 0.0], [0.0, 0.0, 0.0], [0.0, 0.0, 0.0], [0.0, 0.0, 0.0], [0.0, 0.0, 0.0], [0.0, 0.0, 0.0], [0.0, 0.0, 0.0], [0.0, 0.0, 0.0], [0.0, 0.0, 0.0], [0.0, 0.0, 0.0]], "action_params_change": 0, "value_params_change": 0.42021733035107856}
{"iterations": 1, "type_itr": 0, "sub_iteration": 12, "sub_it_time": 0.10352087020874023, "total_time": 1.3862783908843994, "value_loss": 9.503999710083008, "action_loss": -0.14488616585731506, "action_probs": [[0.0012959000285961023, 0.00124536531418177, 0.5086469252174862, 0.4888118094397358], [0.22437155469603368, 0.5496482039086281, 0.06550677489662682, 0.16047346649871133], [0.3190634510563927, 0.017041744193056523, 0.6302329465181568, 0.03366185823239408], [0.005026512774366031, 0.8069954740819708, 0.0011636062811852595, 0.18681440686247774], [0.011594387633312818, 0.026337626887155678, 0.2940679342836096, 0.6680000511959219], [0.019071365976131655, 0.4161965929140371, 0.02474386458841338, 0.5399881765214178], [0.0016669983094655576, 0.0002548446683283194, 0.8657286883970202, 0.1323494686251858], [0.5017374681507805, 0.19673327218435385, 0.2165996634949075, 0.0849295961699583], [0.053507971920704764, 0.01339280934556621, 0.7463028958737735, 0.18679632285995548], [0.6336285415437715, 0.3238103409146463, 0.0281667470670297, 0.014394370474552618], [0.007374454188193244, 0.0008620174786648574, 0.8879669597653761, 0.10379656856776588], [0.3606563673326829, 0.003101297857586838, 0.6308179075641369, 0.005424427245593187], [0.13302356963633064, 0.44835398805129895, 0.09578397182677374, 0.32283847048559683], [0.7542008647282644, 0.10494713075196567, 0.12364657098238474, 0.017205433537385115], [0.3053387869871141, 0.6430276959126068, 0.016624074936803408, 0.03500944216347574], [0.005961747171578036, 0.0004242491066496284, 0.9276039662792646, 0.06601003744250761]], "state_values": [-4.989616487047909, -2.1498033294854046, 3.0478208812900913, -4.882028564174528, 2.4685850178272406, -2.5953809522213995, -1.3554215093643494, 4.996326488669058, 3.1299849660870476, 2.3387867382462417, -0.8778380239957924, -2.9770035228913025, 4.978989670812789, 4.806954828265021, -0.30010833573980056, 3.3349044026879056], "value_grad": [-2.37600040435791, 6.73199987411499, 15.04800033569336, -8.315999984741211, 19.800003051757812, -8.711999893188477, -12.67199993133545, 3.9599990844726562, 10.296000480651855, 1.5839998722076416, 3.1680006980895996, -6.732001304626465, 3.5640010833740234, 5.1479997634887695, 2.772000312805176, 15.840002059936523], "action_grad": [[0.0, 0.0, 0.0], [0.0, 0.0, 0.0], [0.0, 0.0, 0.0], [0.0, 0.0, 0.0], [0.0, 0.0, 0.0], [0.0, 0.0, 0.0], [0.0, 0.0, 0.0], [0.0, 0.0, 0.0], [0.0, 0.0, 0.0], [0.0, 0.0, 0.0], [0.0, 0.0, 0.0], [0.0, 0.0, 0.0], [0.0, 0.0, 0.0], [0.0, 0.0, 0.0], [0.0, 0.0, 0.0], [0.0, 0.0, 0.0]], "action_params_change": 0, "value_params_change": 0.3993769621759249}
{"iterations": 1, "type_itr": 0, "sub_iteration": 13, "sub_it_time": 0.10492062568664551, "total_time": 1.4926626682281494, "value_loss": 16.236000061035156, "action_loss": -0.6519876718521118, "action_probs": [[0.0012959000285961023, 0.00124536531418177, 0.5086469252174862, 0.4888118094397358], [0.22437155469603368, 0.5496482039086281, 0.06550677489662682, 0.16047346649871133], [0.3190634510563927, 0.017041744193056523, 0.6302329465181568, 0.03366185823239408], [0.005026512774366031, 0.8069954740819708, 0.0011636062811852595, 0.18681440686247774], [0.011594387633312818, 0.026337626887155678, 0.2940679342836096, 0.6680000511959219], [0.019071365976131655, 0.4161965929140371, 0.02474386458841338, 0.5399881765214178], [0.0016669983094655576, 0.0002548446683283194, 0.8657286883970202, 0.1323494686251858], [0.5017374681507805, 0.19673327218435385, 0.2165996634949075, 0.0849295961699583], [0.053507971920704764, 0.01339280934556621, 0.7463028958737735, 0.18679632285995548], [0.6336285415437715, 0.3238103409146463, 0.0281667470670297, 0.014394370474552618], [0.007374454188193244, 0.0008620174786648574, 0.8879669597653761, 0.10379656856776588], [0.3606563673326829, 0.003101297857586838, 0.6308179075641369, 0.005424427245593187], [0.13302356963633064, 0.44835398805129895, 0.09578397182677374, 0.32283847048559683], [0.7542008647282644, 0.10494713075196567, 0.12364657098238474, 0.017205433537385115], [0.3053387869871141, 0.6430276959126068, 0.016624074936803408, 0.03500944216347574], [0.005961747171578036, 0.0004242491066496284, 0.9276039662792646, 0.06601003744250761]], "state_values": [-4.983273145149247, -2.553651097128756, 3.0948566221512923, -4.940223109319399, 2.097022416751586, -2.667715427729664, -1.6029176090343402, 4.996877952286964, 3.286424165036424, 3.088513396757997, -1.851759011474248, -3.269059074836858, 4.900982307457513, 4.801871367843932, -1.1066275451455536, 3.4870200339033808], "value_grad": [-9.899999618530273, 3.563999652862549, -4.355999946594238, 11.088001251220703, -4.355999946594238, 1.9800000190734863, 7.920000076293945, 14.652000427246094, 3.167999744415283, 13.859999656677246, 7.920001029968262, -4.751999855041504, -3.1680006980895996, 4.355999946594238, 5.939999580383301, -14.652000427246094], "action_grad": [[0.0, 0.0, 0.0], [0.0, 0.0, 0.0], [0.0, 0.0, 0.0], [0.0, 0.0, 0.0], [0.0, 0.0, 0.0], [0.0, 0.0, 0.0], [0.0, 0.0, 0.0], [0.0, 0.0, 0.0], [0.0, 0.0, 0.0], [0.0, 0.0, 0.0], [0.0, 0.0, 0.0], [0.0, 0.0, 0.0], [0.0, 0.0, 0.0], [0.0, 0.0, 0.0], [0.0, 0.0, 0.0], [0.0, 0.0, 0.0]], "action_params_change": 0, "value_params_change": 0.40581085340154255}
