{"iterations": 0, "type_itr": 0, "sub_iteration": 0, "sub_it_time": 0, "total_time": 0, "value_loss": 0, "action_loss": 0, "action_probs": [[0.08463566808437273, 0.0027421506871141083, 0.8839816454893906, 0.028640535739122567], [0.7937543635928948, 0.039737277218152324, 0.15856996064449644, 0.007938398544456536], [0.026677914487055192, 0.2939599783087563, 0.05652471092454646, 0.6228373962796421], [0.0013581226754746103, 0.008073276120716517, 0.14264200973575247, 0.8479265914680563], [0.2768981109205297, 0.6544775289256037, 0.020402032087584895, 0.04822232806628169], [0.8895085713120815, 0.11038198645673791, 9.736045804456632e-05, 1.2081773136199069e-05], [0.6034483743879968, 0.0072649278348969025, 0.3846558181873838, 0.0046308795897224515], [0.011256959851194162, 0.9422022689911297, 0.0005494808550982256, 0.045991290302577856], [0.18477986387519332, 0.25430312048763765, 0.2360514378509121, 0.324865577786257], [0.6014472285115577, 0.02102330587655534, 0.3647787939021439, 0.012750671709743098], [0.028472970410585927, 0.1870926793479925, 0.10361194405734565, 0.6808224061840761], [0.003081282096331313, 0.0023747029530779146, 0.5616713828078648, 0.43287263214272603], [0.12183120292615864, 0.1740729851801363, 0.2898939696908452, 0.41420184220286005], [0.26773355991075604, 0.03901493555159234, 0.6050777623003379, 0.08817374223731374], [0.0006617377591090934, 0.08892162061835907, 0.006725100277491379, 0.9036915413450404], [0.005994122080174315, 0.03417421799681445, 0.14323091606393779, 0.8166007438590734]], "state_values": [-0.8425634308207548, 4.26652659760447, -4.237723474320565, 4.96647870171134, 4.392467477687907, 4.715516423625231, -2.4717237449452845, 3.3102334120545125, 4.999972403145069, -4.961068647882931, 4.683255859154226, -4.9749624411860305, 4.4501865445423405, 4.11837883006475, -1.5273998513116054, -1.4067292220810488], "value_grad": [0.0, 0.0, 0.0, 0.0, 0.0, 0.0, 0.0, 0.0, 0.0, 0.0, 0.0, 0.0, 0.0, 0.0, 0.0, 0.0], "action_grad": [[0.0, 0.0, 0.0], [0.0, 0.0, 0.0], [0.0, 0.0, 0.0], [0.0, 0.0, 0.0], [0.0, 0.0, 0.0], [0.0, 0.0, 0.0], [0.0, 0.0, 0.0], [0.0, 0.0, 0.0], [0.0, 0.0, 0.0], [0.0, 0.0, 0.0], [0.0, 0.0, 0.0], [0.0, 0.0, 0.0], [0.0, 0.0, 0.0], [0.0, 0.0, 0.0], [0.0, 0.0, 0.0], [0.0, 0.0, 0.0]], "action_params_change": 0, "value_params_change": 0}
{"iterations": 1, "type_itr": 0, "sub_iteration": 0, "sub_it_time": 0.10460734367370605, "total_time": 0.10584282875061035, "value_loss": 27.720001220703125, "action_loss": -0.18110769987106323, "action_probs": [[0.08463566808437273, 0.0027421506871141083, 0.8839816454893906, 0.028640535739122567], [0.7937543635928948, 0.039737277218152324, 0.15856996064449644, 0.007938398544456536], [0.026677914487055192, 0.2939599783087563, 0.05652471092454646, 0.6228373962796421], [0.0013581226754746103, 0.008073276120716517, 0.14264200973575247, 0.8479265914680563], [0.2768981109205297, 0.6544775289256037, 0.020402032087584895, 0.04822232806628169], [0.8895085713120815, 0.11038198645673791, 9.736045804456632e-05, 1.2081773136199069e-05], [0.6034483743879968, 0.0072649278348969025, 0.3846558181873838, 0.0046308795897224515], [0.011256959851194162, 0.9422022689911297, 0.0005494808550982256, 0.045991290302577856], [0.18477986387519332, 0.25430312048763765, 0.2360514378509121, 0.324865577786257], [0.6014472285115577, 0.02102330587655534, 0.3647787939021439, 0.012750671709743098], [0.028472970410585927, 0.1870926793479925, 0.10361194405734565, 0.6808224061840761], [0.003081282096331313, 0.0023747029530779146, 0.5616713828078648, 0.43287263214272603], [0.12183120292615864, 0.1740729851801363, 0.2898939696908452, 0.41420184220286005], [0.26773355991075604, 0.03901493555159234, 0.6050777623003379, 0.08817374223731374], [0.0006617377591090934, 0.08892162061835907, 0.006725100277491379, 0.9036915413450404], [0.005994122080174315, 0.03417421799681445, 0.14323091606393779, 0.8166007438590734]], "state_values": [-2.03569994880052, 4.778887058674612, -3.449466791634528, 4.669082282912102, 3.6649247671544996, 4.15761345908184, -3.470183011296577, 2.280226197944542, 4.848645313279019, -4.9609079420042095, 4.1043817833462475, -4.943942700836233, 3.7478989210011533, 3.2888826657128303, -2.6578050855036377, -2.5500495771375538], "value_grad": [-7.920000076293945, -3.960000991821289, -3.9600000381469727, -7.920000076293945, 3.9599990844726562, 39.599998474121094, -19.799999237060547, 43.560001373291016, 11.880001068115234, 71.27999877929688, 3.960000991821289, -3.9600000381469727, 23.76000213623047, 3.960002899169922, 15.84000015258789, -19.80000114440918], "action_grad": [[0.0, 0.0, 0.0], [0.0, 0.0, 0.0], [0.0, 0.0, 0.0], [0.0, 0.0, 0.0], [0.0, 0.0, 0.0], [0.0, 0.0, 0.0], [0.0, 0.0, 0.0], [0.0, 0.0, 0.0], [0.0, 0.0, 0.0], [0.0, 0.0, 0.0], [0.0, 0.0, 0.0], [0.0, 0.0, 0.0], [0.0, 0.0, 0.0], [0.0, 0.0, 0.0], [0.0, 0.0, 0.0], [0.0, 0.0, 0.0]], "action_params_change": 0, "value_params_change": 0.49999999992985433}
{"iterations": 1, "type_itr": 0, "sub_iteration": 1, "sub_it_time": 0.10175728797912598, "total_time": 0.21574878692626953, "value_loss": 3.9600000381469727, "action_loss": 0.18110769987106323, "action_probs": [[0.08463566808437273, 0.0027421506871141083, 0.8839816454893906, 0.028640535739122567], [0.7937543635928948, 0.039737277218152324, 0.15856996064449644, 0.007938398544456536], [0.026677914487055192, 0.2939599783087563, 0.05652471092454646, 0.6228373962796421], [0.0013581226754746103, 0.008073276120716517, 0.14264200973575247, 0.8479265914680563], [0.2768981109205297, 0.6544775289256037, 0.020402032087584895, 0.04822232806628169], [0.8895085713120815, 0.11038198645673791, 9.736045804456632e-05, 1.2081773136199069e-05], [0.6034483743879968, 0.0072649278348969025, 0.3846558181873838, 0.0046308795897224515], [0.011256959851194162, 0.9422022689911297, 0.0005494808550982256, 0.045991290302577856], [0.18477986387519332, 0.25430312048763765, 0.2360514378509121, 0.324865577786257], [0.6014472285115577, 0.02102330587655534, 0.3647787939021439, 0.012750671709743098], [0.028472970410585927, 0.1870926793479925, 0.10361194405734565, 0.6808224061840761], [0.003081282096331313, 0.0023747029530779146, 0.5616713828078648, 0.43287263214272603], [0.12183120292615864, 0.1740729851801363, 0.2898939696908452, 0.41420184220286005], [0.26773355991075604, 0.03901493555159234, 0.6050777623003379, 0.08817374223731374], [0.0006617377591090934, 0.08892162061835907, 0.006725100277491379, 0.9036915413450404], [0.005994122080174315, 0.03417421799681445, 0.14323091606393779, 0.8166007438590734]], "state_values": [-2.955042089240842, 4.957165481402757, -2.7976854434905163, 4.3054811565393925, 4.056134107606493, 3.963602455208314, -3.638474866299967, 1.1332601247879643, 4.395852942370092, -4.802419388098696, 4.1415979992893215, -4.644567710970266, 4.090159272154987, 3.338149585144556, -3.4738204360919003, -2.911674098903674], "value_grad": [-43.560001373291016, 0.0, 0.0, 0.0, -11.879999160766602, -19.799999237060547, 11.880002975463867, 31.68000030517578, 11.880001068115234, -3.9600000381469727, -3.9599990844726562, -11.879999160766602, -59.400001525878906, -3.9599990844726562, 3.960000991821289, 7.920000076293945], "action_grad": [[0.0, 0.0, 0.0], [0.0, 0.0, 0.0], [0.0, 0.0, 0.0], [0.0, 0.0, 0.0], [0.0, 0.0, 0.0], [0.0, 0.0, 0.0], [0.0, 0.0, 0.0], [0.0, 0.0, 0.0], [0.0, 0.0, 0.0], [0.0, 0.0, 0.0], [0.0, 0.0, 0.0], [0.0, 0.0, 0.0], [0.0, 0.0, 0.0], [0.0, 0.0, 0.0], [0.0, 0.0, 0.0], [0.0, 0.0, 0.0]], "action_params_change": 0, "value_params_change": 0.49999999957912095}
{"iterations": 1, "type_itr": 0, "sub_iteration": 2, "sub_it_time": 0.10144758224487305, "total_time": 0.324160099029541, "value_loss": 19.80000114440918, "action_loss": 0.7244307994842529, "action_probs": [[0.08463566808437273, 0.0027421506871141083, 0.8839816454893906, 0.028640535739122567], [0.7937543635928948, 0.039737277218152324, 0.15856996064449644, 0.007938398544456536], [0.026677914487055192, 0.2939599783087563, 0.05652471092454646, 0.6228373962796421], [0.0013581226754746103, 0.008073276120716517, 0.14264200973575247, 0.8479265914680563], [0.2768981109205297, 0.6544775289256037, 0.020402032087584895, 0.04822232806628169], [0.8895085713120815, 0.11038198645673791, 9.736045804456632e-05, 1.2081773136199069e-05], [0.6034483743879968, 0.0072649278348969025, 0.3846558181873838, 0.0046308795897224515], [0.011256959851194162, 0.9422022689911297, 0.0005494808550982256, 0.045991290302577856], [0.18477986387519332, 0.25430312048763765, 0.2360514378509121, 0.324865577786257], [0.6014472285115577, 0.02102330587655534, 0.3647787939021439, 0.012750671709743098], [0.028472970410585927, 0.1870926793479925, 0.10361194405734565, 0.6808224061840761], [0.003081282096331313, 0.0023747029530779146, 0.5616713828078648, 0.43287263214272603], [0.12183120292615864, 0.1740729851801363, 0.2898939696908452, 0.41420184220286005], [0.26773355991075604, 0.03901493555159234, 0.6050777623003379, 0.08817374223731374], [0.0006617377591090934, 0.08892162061835907, 0.006725100277491379, 0.9036915413450404], [0.005994122080174315, 0.03417421799681445, 0.14323091606393779, 0.8166007438590734]], "state_values": [-3.347348057936521, 4.994286094094515, -1.9816076621884064, 4.57488618284482, 3.7231893043706226, 3.8015465516521183, -3.281397579162091, 0.04674920693547056, 3.8063242735105183, -4.549066991123597, 3.6523027446171366, -4.745091678846023, 4.516006464771291, 2.721361303143101, -4.172261453624307, -3.0579858547381216], "value_grad": [15.84000015258789, -23.76000213623047, -15.84000015258789, 27.720001220703125, 27.720001220703125, 0.0, 27.720001220703125, 11.880001068115234, 55.439998626708984, 11.880001068115234, 43.560001373291016, 23.760000228881836, -55.44000244140625, 31.680004119873047, 27.720001220703125, 3.9600000381469727], "action_grad": [[0.0, 0.0, 0.0], [0.0, 0.0, 0.0], [0.0, 0.0, 0.0], [0.0, 0.0, 0.0], [0.0, 0.0, 0.0], [0.0, 0.0, 0.0], [0.0, 0.0, 0.0], [0.0, 0.0, 0.0], [0.0, 0.0, 0.0], [0.0, 0.0, 0.0], [0.0, 0.0, 0.0], [0.0, 0.0, 0.0], [0.0, 0.0, 0.0], [0.0, 0.0, 0.0], [0.0, 0.0, 0.0], [0.0, 0.0, 0.0]], "action_params_change": 0, "value_params_change": 0.43857778216970056}
{"iterations": 1, "type_itr": 0, "sub_iteration": 3, "sub_it_time": 0.10269784927368164, "total_time": 0.43919968605041504, "value_loss": 43.560001373291016, "action_loss": 0.0, "action_probs": [[0.08463566808437273, 0.0027421506871141083, 0.8839816454893906, 0.028640535739122567], [0.7937543635928948, 0.039737277218152324, 0.15856996064449644, 0.007938398544456536], [0.026677914487055192, 0.2939599783087563, 0.05652471092454646, 0.6228373962796421], [0.0013581226754746103, 0.008073276120716517, 0.14264200973575247, 0.8479265914680563], [0.2768981109205297, 0.6544775289256037, 0.020402032087584895, 0.04822232806628169], [0.8895085713120815, 0.11038198645673791, 9.736045804456632e-05, 1.2081773136199069e-05], [0.6034483743879968, 0.0072649278348969025, 0.3846558181873838, 0.0046308795897224515], [0.011256959851194162, 0.9422022689911297, 0.0005494808550982256, 0.045991290302577856], [0.18477986387519332, 0.25430312048763765, 0.2360514378509121, 0.324865577786257], [0.6014472285115577, 0.02102330587655534, 0.3647787939021439, 0.012750671709743098], [0.028472970410585927, 0.1870926793479925, 0.10361194405734565, 0.6808224061840761], [0.003081282096331313, 0.0023747029530779146, 0.5616713828078648, 0.43287263214272603], [0.12183120292615864, 0.1740729851801363, 0.2898939696908452, 0.41420184220286005], [0.26773355991075604, 0.03901493555159234, 0.6050777623003379, 0.08817374223731374], [0.0006617377591090934, 0.08892162061835907, 0.006725100277491379, 0.9036915413450404], [0.005994122080174315, 0.03417421799681445, 0.14323091606393779, 0.8166007438590734]], "state_values": [-3.46490802753916, 4.8776042282023395, -1.4462851246011246, 4.8002532545887835, 3.4189876140584166, 3.4369076309194013, -2.61355041503739, -0.9399998865953039, 3.2797754331498226, -4.128344523073821, 2.9562693307234142, -4.927442080945115, 4.779049947834269, 2.3380654069130924, -4.467505684552845, -3.3567748683815397], "value_grad": [15.84000015258789, -106.92001342773438, 3.9599990844726562, 7.920000076293945, 0.0, 23.760000228881836, 79.20000457763672, 7.920000076293945, -7.920000076293945, 35.63999938964844, 27.719999313354492, 47.52000427246094, -3.9600000381469727, -7.920001983642578, -11.880001068115234, -7.920000076293945], "action_grad": [[0.0, 0.0, 0.0], [0.0, 0.0, 0.0], [0.0, 0.0, 0.0], [0.0, 0.0, 0.0], [0.0, 0.0, 0.0], [0.0, 0.0, 0.0], [0.0, 0.0, 0.0], [0.0, 0.0, 0.0], [0.0, 0.0, 0.0], [0.0, 0.0, 0.0], [0.0, 0.0, 0.0], [0.0, 0.0, 0.0], [0.0, 0.0, 0.0], [0.0, 0.0, 0.0], [0.0, 0.0, 0.0], [0.0, 0.0, 0.0]], "action_params_change": 0, "value_params_change": 0.39695078653296534}
{"iterations": 1, "type_itr": 0, "sub_iteration": 4, "sub_it_time": 0.10234451293945312, "total_time": 0.5486247539520264, "value_loss": 55.44000244140625, "action_loss": -0.9055385589599609, "action_probs": [[0.08463566808437273, 0.0027421506871141083, 0.8839816454893906, 0.028640535739122567], [0.7937543635928948, 0.039737277218152324, 0.15856996064449644, 0.007938398544456536], [0.026677914487055192, 0.2939599783087563, 0.05652471092454646, 0.6228373962796421], [0.0013581226754746103, 0.008073276120716517, 0.14264200973575247, 0.8479265914680563], [0.2768981109205297, 0.6544775289256037, 0.020402032087584895, 0.04822232806628169], [0.8895085713120815, 0.11038198645673791, 9.736045804456632e-05, 1.2081773136199069e-05], [0.6034483743879968, 0.0072649278348969025, 0.3846558181873838, 0.0046308795897224515], [0.011256959851194162, 0.9422022689911297, 0.0005494808550982256, 0.045991290302577856], [0.18477986387519332, 0.25430312048763765, 0.2360514378509121, 0.324865577786257], [0.6014472285115577, 0.02102330587655534, 0.3647787939021439, 0.012750671709743098], [0.028472970410585927, 0.1870926793479925, 0.10361194405734565, 0.6808224061840761], [0.003081282096331313, 0.0023747029530779146, 0.5616713828078648, 0.43287263214272603], [0.12183120292615864, 0.1740729851801363, 0.2898939696908452, 0.41420184220286005], [0.26773355991075604, 0.03901493555159234, 0.6050777623003379, 0.08817374223731374], [0.0006617377591090934, 0.08892162061835907, 0.006725100277491379, 0.9036915413450404], [0.005994122080174315, 0.03417421799681445, 0.14323091606393779, 0.8166007438590734]], "state_values": [-3.2516889222536154, 4.691440048260934, -1.1444625293734871, 4.939817309556037, 2.924182243562769, 2.861764717816415, -2.0824962370188365, -1.9143479416978377, 2.5996411569581475, -3.539823554686053, 2.0599888628302288, -4.999999879578947, 4.945486030596748, 1.9995559155302964, -4.6066538577204295, -3.6695693216135816], "value_grad": [35.63999938964844, 11.880000114440918, 3.9600000381469727, 3.960002899169922, 15.84000015258789, 31.680002212524414, -11.879999160766602, 19.80000114440918, 23.76000213623047, 31.68000030517578, 39.599998474121094, 23.760000228881836, -19.80000114440918, 0.0, -7.920000076293945, -3.9600000381469727], "action_grad": [[0.0, 0.0, 0.0], [0.0, 0.0, 0.0], [0.0, 0.0, 0.0], [0.0, 0.0, 0.0], [0.0, 0.0, 0.0], [0.0, 0.0, 0.0], [0.0, 0.0, 0.0], [0.0, 0.0, 0.0], [0.0, 0.0, 0.0], [0.0, 0.0, 0.0], [0.0, 0.0, 0.0], [0.0, 0.0, 0.0], [0.0, 0.0, 0.0], [0.0, 0.0, 0.0], [0.0, 0.0, 0.0], [0.0, 0.0, 0.0]], "action_params_change": 0, "value_params_change": 0.41593441409647847}
{"iterations": 1, "type_itr": 0, "sub_iteration": 5, "sub_it_time": 0.10170388221740723, "total_time": 0.6522989273071289, "value_loss": 47.52000045776367, "action_loss": 0.0, "action_probs": [[0.08463566808437273, 0.0027421506871141083, 0.8839816454893906, 0.028640535739122567], [0.7937543635928948, 0.039737277218152324, 0.15856996064449644, 0.007938398544456536], [0.026677914487055192, 0.2939599783087563, 0.05652471092454646, 0.6228373962796421], [0.0013581226754746103, 0.008073276120716517, 0.14264200973575247, 0.8479265914680563], [0.2768981109205297, 0.6544775289256037, 0.020402032087584895, 0.04822232806628169], [0.8895085713120815, 0.11038198645673791, 9.736045804456632e-05, 1.2081773136199069e-05], [0.6034483743879968, 0.0072649278348969025, 0.3846558181873838, 0.0046308795897224515], [0.011256959851194162, 0.9422022689911297, 0.0005494808550982256, 0.045991290302577856], [0.18477986387519332, 0.25430312048763765, 0.2360514378509121, 0.324865577786257], [0.6014472285115577, 0.02102330587655534, 0.3647787939021439, 0.012750671709743098], [0.028472970410585927, 0.1870926793479925, 0.10361194405734565, 0.6808224061840761], [0.003081282096331313, 0.0023747029530779146, 0.5616713828078648, 0.43287263214272603], [0.12183120292615864, 0.1740729851801363, 0.2898939696908452, 0.41420184220286005], [0.26773355991075604, 0.03901493555159234, 0.6050777623003379, 0.08817374223731374], [0.0006617377591090934, 0.08892162061835907, 0.006725100277491379, 0.9036915413450404], [0.005994122080174315, 0.03417421799681445, 0.14323091606393779, 0.8166007438590734]], "state_values": [-3.1934418082731093, 4.378503721329283, -1.1714372949976553, 4.873147291943372, 2.7364721842118245, 2.074662624471624, -1.8664242606487094, -2.6533676233544488, 1.8533169403730327, -2.911510294260816, 1.5287261095009805, -4.908596685041912, 4.993685982308975, 1.423992910838539, -4.4977265680922, -3.578399534718242], "value_grad": [-15.840001106262207, -39.60000228881836, 7.920000076293945, -63.36000442504883, -15.84000015258789, 47.52000045776367, -35.6400032043457, -3.9600000381469727, 11.879999160766602, 3.9599990844726562, -27.720001220703125, 31.68000030517578, 19.80000114440918, 19.799999237060547, -35.63999938964844, 19.80000114440918], "action_grad": [[0.0, 0.0, 0.0], [0.0, 0.0, 0.0], [0.0, 0.0, 0.0], [0.0, 0.0, 0.0], [0.0, 0.0, 0.0], [0.0, 0.0, 0.0], [0.0, 0.0, 0.0], [0.0, 0.0, 0.0], [0.0, 0.0, 0.0], [0.0, 0.0, 0.0], [0.0, 0.0, 0.0], [0.0, 0.0, 0.0], [0.0, 0.0, 0.0], [0.0, 0.0, 0.0], [0.0, 0.0, 0.0], [0.0, 0.0, 0.0]], "action_params_change": 0, "value_params_change": 0.38256636162211777}
{"iterations": 1, "type_itr": 0, "sub_iteration": 6, "sub_it_time": 0.10770058631896973, "total_time": 0.7676095962524414, "value_loss": -35.6400032043457, "action_loss": 1.4488615989685059, "action_probs": [[0.08463566808437273, 0.0027421506871141083, 0.8839816454893906, 0.028640535739122567], [0.7937543635928948, 0.039737277218152324, 0.15856996064449644, 0.007938398544456536], [0.026677914487055192, 0.2939599783087563, 0.05652471092454646, 0.6228373962796421], [0.0013581226754746103, 0.008073276120716517, 0.14264200973575247, 0.8479265914680563], [0.2768981109205297, 0.6544775289256037, 0.020402032087584895, 0.04822232806628169], [0.8895085713120815, 0.11038198645673791, 9.736045804456632e-05, 1.2081773136199069e-05], [0.6034483743879968, 0.0072649278348969025, 0.3846558181873838, 0.0046308795897224515], [0.011256959851194162, 0.9422022689911297, 0.0005494808550982256, 0.045991290302577856], [0.18477986387519332, 0.25430312048763765, 0.2360514378509121, 0.324865577786257], [0.6014472285115577, 0.02102330587655534, 0.3647787939021439, 0.012750671709743098], [0.028472970410585927, 0.1870926793479925, 0.10361194405734565, 0.6808224061840761], [0.003081282096331313, 0.0023747029530779146, 0.5616713828078648, 0.43287263214272603], [0.12183120292615864, 0.1740729851801363, 0.2898939696908452, 0.41420184220286005], [0.26773355991075604, 0.03901493555159234, 0.6050777623003379, 0.08817374223731374], [0.0006617377591090934, 0.08892162061835907, 0.006725100277491379, 0.9036915413450404], [0.005994122080174315, 0.03417421799681445, 0.14323091606393779, 0.8166007438590734]], "state_values": [-3.2620405701795714, 4.104710369129989, -1.3197246344864597, 4.731061420231788, 2.1714157687342506, 1.2452639922008095, -1.3967409163278566, -3.132301936810988, 1.0312151721304992, -2.612231722471758, 1.2320500344036962, -4.61199930989346, 4.999171089928053, 1.5712807149036112, -4.5980970554650655, -3.227683913442601], "value_grad": [-15.84000015258789, 23.76000213623047, 3.9600000381469727, -27.720001220703125, 67.31999969482422, 11.880000114440918, 55.44000244140625, -11.880000114440918, 15.84000015258789, -43.560001373291016, -19.80000114440918, 31.68000030517578, 35.6400032043457, -47.52000045776367, 43.560001373291016, 23.760000228881836], "action_grad": [[0.0, 0.0, 0.0], [0.0, 0.0, 0.0], [0.0, 0.0, 0.0], [0.0, 0.0, 0.0], [0.0, 0.0, 0.0], [0.0, 0.0, 0.0], [0.0, 0.0, 0.0], [0.0, 0.0, 0.0], [0.0, 0.0, 0.0], [0.0, 0.0, 0.0], [0.0, 0.0, 0.0], [0.0, 0.0, 0.0], [0.0, 0.0, 0.0], [0.0, 0.0, 0.0], [0.0, 0.0, 0.0], [0.0, 0.0, 0.0]], "action_params_change": 0, "value_params_change": 0.41009024516573955}
{"iterations": 1, "type_itr": 0, "sub_iteration": 7, "sub_it_time": 0.1030418872833252, "total_time": 0.8775925636291504, "value_loss": 7.920000076293945, "action_loss": 1.0866461992263794, "action_probs": [[0.08463566808437273, 0.0027421506871141083, 0.8839816454893906, 0.028640535739122567], [0.7937543635928948, 0.039737277218152324, 0.15856996064449644, 0.007938398544456536], [0.026677914487055192, 0.2939599783087563, 0.05652471092454646, 0.6228373962796421], [0.0013581226754746103, 0.008073276120716517, 0.14264200973575247, 0.8479265914680563], [0.2768981109205297, 0.6544775289256037, 0.020402032087584895, 0.04822232806628169], [0.8895085713120815, 0.11038198645673791, 9.736045804456632e-05, 1.2081773136199069e-05], [0.6034483743879968, 0.0072649278348969025, 0.3846558181873838, 0.0046308795897224515], [0.011256959851194162, 0.9422022689911297, 0.0005494808550982256, 0.045991290302577856], [0.18477986387519332, 0.25430312048763765, 0.2360514378509121, 0.324865577786257], [0.6014472285115577, 0.02102330587655534, 0.3647787939021439, 0.012750671709743098], [0.028472970410585927, 0.1870926793479925, 0.10361194405734565, 0.6808224061840761], [0.003081282096331313, 0.0023747029530779146, 0.5616713828078648, 0.43287263214272603], [0.12183120292615864, 0.1740729851801363, 0.2898939696908452, 0.41420184220286005], [0.26773355991075604, 0.03901493555159234, 0.6050777623003379, 0.08817374223731374], [0.0006617377591090934, 0.08892162061835907, 0.006725100277491379, 0.9036915413450404], [0.005994122080174315, 0.03417421799681445, 0.14323091606393779, 0.8166007438590734]], "state_values": [-2.9346898294982755, 3.7426912415380142, -1.7376964949704832, 4.631302142019651, 1.4456201682356342, 0.6974424942062853, -0.7763059676605119, -3.5726333888691757, 0.06977371843950819, -2.3371711435772347, 0.7919941785597063, -4.083475452389378, 4.994257739287233, 2.0102313979631075, -4.714036566069987, -3.309850753860722], "value_grad": [75.24000549316406, -27.720003128051758, 11.880000114440918, 19.799999237060547, 35.6400032043457, -23.760000228881836, 43.560001373291016, 7.920000076293945, 39.60000228881836, 0.0, 23.760000228881836, 59.400001525878906, 47.52000427246094, -43.560001373291016, 11.880000114440918, -35.63999938964844], "action_grad": [[0.0, 0.0, 0.0], [0.0, 0.0, 0.0], [0.0, 0.0, 0.0], [0.0, 0.0, 0.0], [0.0, 0.0, 0.0], [0.0, 0.0, 0.0], [0.0, 0.0, 0.0], [0.0, 0.0, 0.0], [0.0, 0.0, 0.0], [0.0, 0.0, 0.0], [0.0, 0.0, 0.0], [0.0, 0.0, 0.0], [0.0, 0.0, 0.0], [0.0, 0.0, 0.0], [0.0, 0.0, 0.0], [0.0, 0.0, 0.0]], "action_params_change": 0, "value_params_change": 0.43717603991078313}
{"iterations": 1, "type_itr": 0, "sub_iteration": 8, "sub_it_time": 0.10639786720275879, "total_time": 0.9916293621063232, "value_loss": 7.920000076293945, "action_loss": 0.9055385589599609, "action_probs": [[0.08463566808437273, 0.0027421506871141083, 0.8839816454893906, 0.028640535739122567], [0.7937543635928948, 0.039737277218152324, 0.15856996064449644, 0.007938398544456536], [0.026677914487055192, 0.2939599783087563, 0.05652471092454646, 0.6228373962796421], [0.0013581226754746103, 0.008073276120716517, 0.14264200973575247, 0.8479265914680563], [0.2768981109205297, 0.6544775289256037, 0.020402032087584895, 0.04822232806628169], [0.8895085713120815, 0.11038198645673791, 9.736045804456632e-05, 1.2081773136199069e-05], [0.6034483743879968, 0.0072649278348969025, 0.3846558181873838, 0.0046308795897224515], [0.011256959851194162, 0.9422022689911297, 0.0005494808550982256, 0.045991290302577856], [0.18477986387519332, 0.25430312048763765, 0.2360514378509121, 0.324865577786257], [0.6014472285115577, 0.02102330587655534, 0.3647787939021439, 0.012750671709743098], [0.028472970410585927, 0.1870926793479925, 0.10361194405734565, 0.6808224061840761], [0.003081282096331313, 0.0023747029530779146, 0.5616713828078648, 0.43287263214272603], [0.12183120292615864, 0.1740729851801363, 0.2898939696908452, 0.41420184220286005], [0.26773355991075604, 0.03901493555159234, 0.6050777623003379, 0.08817374223731374], [0.0006617377591090934, 0.08892162061835907, 0.006725100277491379, 0.9036915413450404], [0.005994122080174315, 0.03417421799681445, 0.14323091606393779, 0.8166007438590734]], "state_values": [-2.46809861106552, 3.247274995772282, -2.383598837515445, 4.4365771489336785, 0.8302914805773185, 0.2342430901670821, -0.23549238243674872, -4.079827079553399, -0.8443266237089309, -2.154404048044817, 0.5593280455519767, -3.363270739649096, 4.987833050614514, 2.4128633820881937, -4.810645144743807, -3.215162193577157], "value_grad": [35.63999938964844, -43.560001373291016, 59.400001525878906, -31.68000030517578, -7.920000076293945, -3.9600000381469727, -3.9600000381469727, 47.52000427246094, 7.920001983642578, -11.880000114440918, -19.800003051757812, 23.760000228881836, -3.9600000381469727, -3.960000991821289, 3.9599990844726562, 19.799999237060547], "action_grad": [[0.0, 0.0, 0.0], [0.0, 0.0, 0.0], [0.0, 0.0, 0.0], [0.0, 0.0, 0.0], [0.0, 0.0, 0.0], [0.0, 0.0, 0.0], [0.0, 0.0, 0.0], [0.0, 0.0, 0.0], [0.0, 0.0, 0.0], [0.0, 0.0, 0.0], [0.0, 0.0, 0.0], [0.0, 0.0, 0.0], [0.0, 0.0, 0.0], [0.0, 0.0, 0.0], [0.0, 0.0, 0.0], [0.0, 0.0, 0.0]], "action_params_change": 0, "value_params_change": 0.43574133882040034}
{"iterations": 1, "type_itr": 0, "sub_iteration": 9, "sub_it_time": 0.13693547248840332, "total_time": 1.1307873725891113, "value_loss": 23.760000228881836, "action_loss": 0.0, "action_probs": [[0.08463566808437273, 0.0027421506871141083, 0.8839816454893906, 0.028640535739122567], [0.7937543635928948, 0.039737277218152324, 0.15856996064449644, 0.007938398544456536], [0.026677914487055192, 0.2939599783087563, 0.05652471092454646, 0.6228373962796421], [0.0013581226754746103, 0.008073276120716517, 0.14264200973575247, 0.8479265914680563], [0.2768981109205297, 0.6544775289256037, 0.020402032087584895, 0.04822232806628169], [0.8895085713120815, 0.11038198645673791, 9.736045804456632e-05, 1.2081773136199069e-05], [0.6034483743879968, 0.0072649278348969025, 0.3846558181873838, 0.0046308795897224515], [0.011256959851194162, 0.9422022689911297, 0.0005494808550982256, 0.045991290302577856], [0.18477986387519332, 0.25430312048763765, 0.2360514378509121, 0.324865577786257], [0.6014472285115577, 0.02102330587655534, 0.3647787939021439, 0.012750671709743098], [0.028472970410585927, 0.1870926793479925, 0.10361194405734565, 0.6808224061840761], [0.003081282096331313, 0.0023747029530779146, 0.5616713828078648, 0.43287263214272603], [0.12183120292615864, 0.1740729851801363, 0.2898939696908452, 0.41420184220286005], [0.26773355991075604, 0.03901493555159234, 0.6050777623003379, 0.08817374223731374], [0.0006617377591090934, 0.08892162061835907, 0.006725100277491379, 0.9036915413450404], [0.005994122080174315, 0.03417421799681445, 0.14323091606393779, 0.8166007438590734]], "state_values": [-1.9665460769035876, 2.736735672209246, -2.640223647748794, 4.308436997609113, 0.06717172901883649, -0.29002149236865477, 0.22914389244631406, -4.503745113356855, -1.0894420978718955, -1.9657939844621783, 0.441906150119004, -2.606580415487867, 4.988812954478523, 2.891168895674201, -4.921525350572715, -2.9249395863653924], "value_grad": [11.880000114440918, -3.9600000381469727, -31.68000030517578, 19.799999237060547, 39.60000228881836, 15.84000015258789, -3.9600000381469727, 19.799999237060547, -63.36000442504883, 3.960002899169922, -11.880000114440918, -3.9600000381469727, -19.799999237060547, -23.760000228881836, 27.720001220703125, 27.720003128051758], "action_grad": [[0.0, 0.0, 0.0], [0.0, 0.0, 0.0], [0.0, 0.0, 0.0], [0.0, 0.0, 0.0], [0.0, 0.0, 0.0], [0.0, 0.0, 0.0], [0.0, 0.0, 0.0], [0.0, 0.0, 0.0], [0.0, 0.0, 0.0], [0.0, 0.0, 0.0], [0.0, 0.0, 0.0], [0.0, 0.0, 0.0], [0.0, 0.0, 0.0], [0.0, 0.0, 0.0], [0.0, 0.0, 0.0], [0.0, 0.0, 0.0]], "action_params_change": 0, "value_params_change": 0.37879481085222455}
{"iterations": 1, "type_itr": 0, "sub_iteration": 10, "sub_it_time": 0.11810159683227539, "total_time": 1.2562038898468018, "value_loss": 19.80000114440918, "action_loss": 1.0866461992263794, "action_probs": [[0.08463566808437273, 0.0027421506871141083, 0.8839816454893906, 0.028640535739122567], [0.7937543635928948, 0.039737277218152324, 0.15856996064449644, 0.007938398544456536], [0.026677914487055192, 0.2939599783087563, 0.05652471092454646, 0.6228373962796421], [0.0013581226754746103, 0.008073276120716517, 0.14264200973575247, 0.8479265914680563], [0.2768981109205297, 0.6544775289256037, 0.020402032087584895, 0.04822232806628169], [0.8895085713120815, 0.11038198645673791, 9.736045804456632e-05, 1.2081773136199069e-05], [0.6034483743879968, 0.0072649278348969025, 0.3846558181873838, 0.0046308795897224515], [0.011256959851194162, 0.9422022689911297, 0.0005494808550982256, 0.045991290302577856], [0.18477986387519332, 0.25430312048763765, 0.2360514378509121, 0.324865577786257], [0.6014472285115577, 0.02102330587655534, 0.3647787939021439, 0.012750671709743098], [0.028472970410585927, 0.1870926793479925, 0.10361194405734565, 0.6808224061840761], [0.003081282096331313, 0.0023747029530779146, 0.5616713828078648, 0.43287263214272603], [0.12183120292615864, 0.1740729851801363, 0.2898939696908452, 0.41420184220286005], [0.26773355991075604, 0.03901493555159234, 0.6050777623003379, 0.08817374223731374], [0.0006617377591090934, 0.08892162061835907, 0.006725100277491379, 0.9036915413450404], [0.005994122080174315, 0.03417421799681445, 0.14323091606393779, 0.8166007438590734]], "state_values": [-1.3241450226724762, 2.3821670547388827, -2.862326815932466, 4.124964970944382, -0.796889773133234, -0.7855192639781112, 0.7846091687795695, -4.713251091269253, -1.1892188937109927, -1.8399160230411156, 0.4543895894292499, -1.8263881463047305, 4.988197535566264, 3.3516609671174376, -4.994940214354953, -2.3710568457660908], "value_grad": [39.599998474121094, 31.68000030517578, 0.0, -15.84000015258789, 39.60000228881836, 3.960000991821289, 31.68000030517578, -23.760000228881836, -19.800003051757812, -7.920000076293945, -15.84000015258789, 3.9599990844726562, 3.9600000381469727, -11.880001068115234, 35.63999938964844, 59.400001525878906], "action_grad": [[0.0, 0.0, 0.0], [0.0, 0.0, 0.0], [0.0, 0.0, 0.0], [0.0, 0.0, 0.0], [0.0, 0.0, 0.0], [0.0, 0.0, 0.0], [0.0, 0.0, 0.0], [0.0, 0.0, 0.0], [0.0, 0.0, 0.0], [0.0, 0.0, 0.0], [0.0, 0.0, 0.0], [0.0, 0.0, 0.0], [0.0, 0.0, 0.0], [0.0, 0.0, 0.0], [0.0, 0.0, 0.0], [0.0, 0.0, 0.0]], "action_params_change": 0, "value_params_change": 0.3489228640283848}
{"iterations": 1, "type_itr": 0, "sub_iteration": 11, "sub_it_time": 0.11281061172485352, "total_time": 1.3762283325195312, "value_loss": -7.920000076293945, "action_loss": 0.18110769987106323, "action_probs": [[0.08463566808437273, 0.0027421506871141083, 0.8839816454893906, 0.028640535739122567], [0.7937543635928948, 0.039737277218152324, 0.15856996064449644, 0.007938398544456536], [0.026677914487055192, 0.2939599783087563, 0.05652471092454646, 0.6228373962796421], [0.0013581226754746103, 0.008073276120716517, 0.14264200973575247, 0.8479265914680563], [0.2768981109205297, 0.6544775289256037, 0.020402032087584895, 0.04822232806628169], [0.8895085713120815, 0.11038198645673791, 9.736045804456632e-05, 1.2081773136199069e-05], [0.6034483743879968, 0.0072649278348969025, 0.3846558181873838, 0.0046308795897224515], [0.011256959851194162, 0.9422022689911297, 0.0005494808550982256, 0.045991290302577856], [0.18477986387519332, 0.25430312048763765, 0.2360514378509121, 0.324865577786257], [0.6014472285115577, 0.02102330587655534, 0.3647787939021439, 0.012750671709743098], [0.028472970410585927, 0.1870926793479925, 0.10361194405734565, 0.6808224061840761], [0.003081282096331313, 0.0023747029530779146, 0.5616713828078648, 0.43287263214272603], [0.12183120292615864, 0.1740729851801363, 0.2898939696908452, 0.41420184220286005], [0.26773355991075604, 0.03901493555159234, 0.6050777623003379, 0.08817374223731374], [0.0006617377591090934, 0.08892162061835907, 0.006725100277491379, 0.9036915413450404], [0.005994122080174315, 0.03417421799681445, 0.14323091606393779, 0.8166007438590734]], "state_values": [-0.562241918761399, 1.9581477698782954, -3.130633364319651, 4.044590852819611, -1.4308902870111815, -1.3269987538481773, 1.3778343796571781, -4.846827178590091, -1.4276093023024803, -2.0155382813673, 0.46561145556218086, -0.9119421360820218, 4.982614481853829, 3.6842500204351865, -4.984089785781949, -1.9193447329619837], "value_grad": [39.599998474121094, -23.76000213623047, 11.880000114440918, 23.76000213623047, -19.799999237060547, 15.84000015258789, 23.76000213623047, -3.9600000381469727, 27.720001220703125, -55.44000244140625, 0.0, 39.599998474121094, 11.880001068115234, 7.920000076293945, 3.9599990844726562, -11.880000114440918], "action_grad": [[0.0, 0.0, 0.0], [0.0, 0.0, 0.0], [0.0, 0.0, 0.0], [0.0, 0.0, 0.0], [0.0, 0.0, 0.0], [0.0, 0.0, 0.0], [0.0, 0.0, 0.0], [0.0, 0.0, 0.0], [0.0, 0.0, 0.0], [0.0, 0.0, 0.0], [0.0, 0.0, 0.0], [0.0, 0.0, 0.0], [0.0, 0.0, 0.0], [0.0, 0.0, 0.0], [0.0, 0.0, 0.0], [0.0, 0.0, 0.0]], "action_params_change": 0, "value_params_change": 0.38103188831729184}
{"iterations": 1, "type_itr": 0, "sub_iteration": 12, "sub_it_time": 0.10310626029968262, "total_time": 1.4866468906402588, "value_loss": 15.84000015258789, "action_loss": -0.5433230996131897, "action_probs": [[0.08463566808437273, 0.0027421506871141083, 0.8839816454893906, 0.028640535739122567], [0.7937543635928948, 0.039737277218152324, 0.15856996064449644, 0.007938398544456536], [0.026677914487055192, 0.2939599783087563, 0.05652471092454646, 0.6228373962796421], [0.0013581226754746103, 0.008073276120716517, 0.14264200973575247, 0.8479265914680563], [0.2768981109205297, 0.6544775289256037, 0.020402032087584895, 0.04822232806628169], [0.8895085713120815, 0.11038198645673791, 9.736045804456632e-05, 1.2081773136199069e-05], [0.6034483743879968, 0.0072649278348969025, 0.3846558181873838, 0.0046308795897224515], [0.011256959851194162, 0.9422022689911297, 0.0005494808550982256, 0.045991290302577856], [0.18477986387519332, 0.25430312048763765, 0.2360514378509121, 0.324865577786257], [0.6014472285115577, 0.02102330587655534, 0.3647787939021439, 0.012750671709743098], [0.028472970410585927, 0.1870926793479925, 0.10361194405734565, 0.6808224061840761], [0.003081282096331313, 0.0023747029530779146, 0.5616713828078648, 0.43287263214272603], [0.12183120292615864, 0.1740729851801363, 0.2898939696908452, 0.41420184220286005], [0.26773355991075604, 0.03901493555159234, 0.6050777623003379, 0.08817374223731374], [0.0006617377591090934, 0.08892162061835907, 0.006725100277491379, 0.9036915413450404], [0.005994122080174315, 0.03417421799681445, 0.14323091606393779, 0.8166007438590734]], "state_values": [0.0955064105129593, 1.647546225652577, -3.2840589145958434, 3.891901028959221, -2.075697108210153, -1.8975724978333093, 1.9460619786978604, -4.9320193051900345, -1.5523858804412594, -2.0743288861094897, 0.4179839597429826, -0.26727496112119586, 4.974512003326099, 3.8176681179396006, -4.882027857483754, -1.9494984742558719], "value_grad": [-7.920000076293945, 19.799999237060547, -11.880001068115234, -19.80000114440918, 19.80000114440918, 15.84000015258789, 11.880000114440918, 0.0, -15.840001106262207, 19.799999237060547, 7.920000076293945, -31.68000030517578, 3.960000991821289, 27.720001220703125, 19.80000114440918, -71.2800064086914], "action_grad": [[0.0, 0.0, 0.0], [0.0, 0.0, 0.0], [0.0, 0.0, 0.0], [0.0, 0.0, 0.0], [0.0, 0.0, 0.0], [0.0, 0.0, 0.0], [0.0, 0.0, 0.0], [0.0, 0.0, 0.0], [0.0, 0.0, 0.0], [0.0, 0.0, 0.0], [0.0, 0.0, 0.0], [0.0, 0.0, 0.0], [0.0, 0.0, 0.0], [0.0, 0.0, 0.0], [0.0, 0.0, 0.0], [0.0, 0.0, 0.0]], "action_params_change": 0, "value_params_change": 0.2757259521408786}
{"iterations": 1, "type_itr": 0, "sub_iteration": 13, "sub_it_time": 0.1044473648071289, "total_time": 1.6036689281463623, "value_loss": 27.720001220703125, "action_loss": 0.9055385589599609, "action_probs": [[0.08463566808437273, 0.0027421506871141083, 0.8839816454893906, 0.028640535739122567], [0.7937543635928948, 0.039737277218152324, 0.15856996064449644, 0.007938398544456536], [0.026677914487055192, 0.2939599783087563, 0.05652471092454646, 0.6228373962796421], [0.0013581226754746103, 0.008073276120716517, 0.14264200973575247, 0.8479265914680563], [0.2768981109205297, 0.6544775289256037, 0.020402032087584895, 0.04822232806628169], [0.8895085713120815, 0.11038198645673791, 9.736045804456632e-05, 1.2081773136199069e-05], [0.6034483743879968, 0.0072649278348969025, 0.3846558181873838, 0.0046308795897224515], [0.011256959851194162, 0.9422022689911297, 0.0005494808550982256, 0.045991290302577856], [0.18477986387519332, 0.25430312048763765, 0.2360514378509121, 0.324865577786257], [0.6014472285115577, 0.02102330587655534, 0.3647787939021439, 0.012750671709743098], [0.028472970410585927, 0.1870926793479925, 0.10361194405734565, 0.6808224061840761], [0.003081282096331313, 0.0023747029530779146, 0.5616713828078648, 0.43287263214272603], [0.12183120292615864, 0.1740729851801363, 0.2898939696908452, 0.41420184220286005], [0.26773355991075604, 0.03901493555159234, 0.6050777623003379, 0.08817374223731374], [0.0006617377591090934, 0.08892162061835907, 0.006725100277491379, 0.9036915413450404], [0.005994122080174315, 0.03417421799681445, 0.14323091606393779, 0.8166007438590734]], "state_values": [0.778070852677019, 1.295610920393501, -3.147051130402727, 3.814127833262223, -2.5845989268513954, -2.2272126951707607, 2.4008540992519514, -4.920297032946131, -1.438464444976361, -2.183387529018304, -0.009836130450245211, 0.29728495129200316, 4.977397050079821, 3.742609830874248, -4.667484700219314, -1.8421640895645486], "value_grad": [19.799999237060547, -15.840002059936523, -47.52000045776367, 15.84000015258789, -7.920000076293945, -23.76000213623047, -7.920001029968262, -63.36000442504883, -43.560001373291016, -11.880001068115234, 71.27999877929688, -3.9600000381469727, -19.799999237060547, 43.56000518798828, 19.799999237060547, 27.720001220703125], "action_grad": [[0.0, 0.0, 0.0], [0.0, 0.0, 0.0], [0.0, 0.0, 0.0], [0.0, 0.0, 0.0], [0.0, 0.0, 0.0], [0.0, 0.0, 0.0], [0.0, 0.0, 0.0], [0.0, 0.0, 0.0], [0.0, 0.0, 0.0], [0.0, 0.0, 0.0], [0.0, 0.0, 0.0], [0.0, 0.0, 0.0], [0.0, 0.0, 0.0], [0.0, 0.0, 0.0], [0.0, 0.0, 0.0], [0.0, 0.0, 0.0]], "action_params_change": 0, "value_params_change": 0.2981853404356265}
