{"iterations": 0, "type_itr": 0, "sub_iteration": 0, "sub_it_time": 0, "total_time": 0, "value_loss": 0, "action_loss": 0, "action_probs": [[0.06511153970071926, 0.896397880458295, 0.0026065068785343505, 0.035884072962451365], [0.2554156465358828, 0.7304703116710571, 0.003656555892494243, 0.010457485900565871], [0.010849416886669716, 0.04190916986256294, 0.1947932577027423, 0.7524481555480251], [0.11563777359731185, 0.05356537291900433, 0.567787895358324, 0.26300895812535985], [0.07697001535365461, 0.04902419461149456, 0.5339311949078726, 0.34007459512697813], [0.045739768477161755, 0.6101310957665913, 0.023999216696240715, 0.3201299190600063], [0.22332044894171868, 0.558835176333466, 0.06219875174567417, 0.15564562297914122], [0.0047600766878387385, 0.20923315037517057, 0.017483976328087583, 0.7685227966089031], [0.5675725299909391, 0.07169451660492028, 0.3202763478971072, 0.040456605507033526], [0.07076519700916648, 0.12968377356330765, 0.28226827982568053, 0.5172827496018454], [0.07349167767818966, 0.10542196168917, 0.3372745329810811, 0.48381182765155917], [0.8107084778077503, 0.044284423527293205, 0.13749644476161307, 0.007510653903343379], [0.0007743222369530194, 0.008450768664684085, 0.08316222052552606, 0.907612688572837], [0.2665911249710126, 0.09074010737666034, 0.4794705143083301, 0.16319825334399682], [0.03727168416451742, 0.0033944264968911657, 0.8792576705811672, 0.08007621875742414], [0.13924523947746703, 0.7471869596692935, 0.01783980279818381, 0.09572799805505561]], "state_values": [3.112576456942595, 3.91122657316778, 4.801605230914737, -1.7118532128325867, 4.72003088147525, 2.3714845030848846, -2.367099817652977, -1.857035240027258, -3.6378326171239106, 4.352012543036555, -0.05465997910791507, 3.475785090601784, 4.053751061218636, -4.261313292020193, 3.8278357315530194, -2.788996320689496], "value_grad": [0.0, 0.0, 0.0, 0.0, 0.0, 0.0, 0.0, 0.0, 0.0, 0.0, 0.0, 0.0, 0.0, 0.0, 0.0, 0.0], "action_grad": [[0.0, 0.0, 0.0], [0.0, 0.0, 0.0], [0.0, 0.0, 0.0], [0.0, 0.0, 0.0], [0.0, 0.0, 0.0], [0.0, 0.0, 0.0], [0.0, 0.0, 0.0], [0.0, 0.0, 0.0], [0.0, 0.0, 0.0], [0.0, 0.0, 0.0], [0.0, 0.0, 0.0], [0.0, 0.0, 0.0], [0.0, 0.0, 0.0], [0.0, 0.0, 0.0], [0.0, 0.0, 0.0], [0.0, 0.0, 0.0]], "action_params_change": 0, "value_params_change": 0}
{"iterations": 1, "type_itr": 0, "sub_iteration": 0, "sub_it_time": 4.004266977310181, "total_time": 4.006213903427124, "value_loss": 14.111387587696672, "action_loss": -1.3947900190760112, "action_probs": [[0.06511153970071926, 0.896397880458295, 0.0026065068785343505, 0.035884072962451365], [0.2554156465358828, 0.7304703116710571, 0.003656555892494243, 0.010457485900565871], [0.010849416886669716, 0.04190916986256294, 0.1947932577027423, 0.7524481555480251], [0.11563777359731185, 0.05356537291900433, 0.567787895358324, 0.26300895812535985], [0.07697001535365461, 0.04902419461149456, 0.5339311949078726, 0.34007459512697813], [0.045739768477161755, 0.6101310957665913, 0.023999216696240715, 0.3201299190600063], [0.22332044894171868, 0.558835176333466, 0.06219875174567417, 0.15564562297914122], [0.0047600766878387385, 0.20923315037517057, 0.017483976328087583, 0.7685227966089031], [0.5675725299909391, 0.07169451660492028, 0.3202763478971072, 0.040456605507033526], [0.07076519700916648, 0.12968377356330765, 0.28226827982568053, 0.5172827496018454], [0.07349167767818966, 0.10542196168917, 0.3372745329810811, 0.48381182765155917], [0.8107084778077503, 0.044284423527293205, 0.13749644476161307, 0.007510653903343379], [0.0007743222369530194, 0.008450768664684085, 0.08316222052552606, 0.907612688572837], [0.2665911249710126, 0.09074010737666034, 0.4794705143083301, 0.16319825334399682], [0.03727168416451742, 0.0033944264968911657, 0.8792576705811672, 0.08007621875742414], [0.13924523947746703, 0.7471869596692935, 0.01783980279818381, 0.09572799805505561]], "state_values": [2.0477129746172618, 3.0190091988056906, 4.307333961906451, -0.49637539018529203, 4.165169371930075, 1.208731982474681, -1.2038998175649616, -1.8570224581302672, -2.676099696165551, 3.607683749431479, 1.1839851332536808, 2.4784899441690778, 3.203587961192276, -3.4817368915212143, 2.912993487628523, -1.6755965794276417], "value_grad": [-0.0946701193894981, -0.18934219137370256, -0.511267438109364, 0.5490713232234121, 0.5112605043233316, 0.18933564936863867, 1.3821809353436656, -1.1013412404281553e-13, -1.9692720341287977, -0.13254181483101313, -1.1170517135938773, -0.1325381659272189, -0.7573943243625347, -1.3065614703813981, -1.1550372468706236, 1.3443316426249954], "action_grad": [[0.0, 0.0, 0.0], [0.0, 0.0, 0.0], [0.0, 0.0, 0.0], [0.0, 0.0, 0.0], [0.0, 0.0, 0.0], [0.0, 0.0, 0.0], [0.0, 0.0, 0.0], [0.0, 0.0, 0.0], [0.0, 0.0, 0.0], [0.0, 0.0, 0.0], [0.0, 0.0, 0.0], [0.0, 0.0, 0.0], [0.0, 0.0, 0.0], [0.0, 0.0, 0.0], [0.0, 0.0, 0.0], [0.0, 0.0, 0.0]], "action_params_change": 0, "value_params_change": 0.499999997460991}
{"iterations": 1, "type_itr": 0, "sub_iteration": 1, "sub_it_time": 2.9540112018585205, "total_time": 6.9619598388671875, "value_loss": 8.331082186663885, "action_loss": -1.1928668600576031, "action_probs": [[0.06511153970071926, 0.896397880458295, 0.0026065068785343505, 0.035884072962451365], [0.2554156465358828, 0.7304703116710571, 0.003656555892494243, 0.010457485900565871], [0.010849416886669716, 0.04190916986256294, 0.1947932577027423, 0.7524481555480251], [0.11563777359731185, 0.05356537291900433, 0.567787895358324, 0.26300895812535985], [0.07697001535365461, 0.04902419461149456, 0.5339311949078726, 0.34007459512697813], [0.045739768477161755, 0.6101310957665913, 0.023999216696240715, 0.3201299190600063], [0.22332044894171868, 0.558835176333466, 0.06219875174567417, 0.15564562297914122], [0.0047600766878387385, 0.20923315037517057, 0.017483976328087583, 0.7685227966089031], [0.5675725299909391, 0.07169451660492028, 0.3202763478971072, 0.040456605507033526], [0.07076519700916648, 0.12968377356330765, 0.28226827982568053, 0.5172827496018454], [0.07349167767818966, 0.10542196168917, 0.3372745329810811, 0.48381182765155917], [0.8107084778077503, 0.044284423527293205, 0.13749644476161307, 0.007510653903343379], [0.0007743222369530194, 0.008450768664684085, 0.08316222052552606, 0.907612688572837], [0.2665911249710126, 0.09074010737666034, 0.4794705143083301, 0.16319825334399682], [0.03727168416451742, 0.0033944264968911657, 0.8792576705811672, 0.08007621875742414], [0.13924523947746703, 0.7471869596692935, 0.01783980279818381, 0.09572799805505561]], "state_values": [0.8548166893778884, 1.9668215357033336, 3.5513295702154846, 0.7385960283625767, 3.3607334885273406, 1.4701130624050815, -0.0017039212594621984, -0.9663165452937498, -1.5497926136526077, 2.6377292739998826, 2.1912773914386134, 1.3353343591873557, 2.153117542829461, -2.4842150657535473, 1.8240264630162086, -0.48989805109520906], "value_grad": [-0.11379255749740835, -0.1327593498869497, -0.7396918194043511, 0.4551682540626647, 0.7776215673348865, -0.2655137533598584, 0.9293031245621837, -0.09482693573636247, -1.8776278443456835, -0.15172652376931772, -0.34137480901314454, -0.11379302689945447, -0.7965669803608382, -1.4414339007977661, -1.0051892144536483, 0.9292992783039526], "action_grad": [[0.0, 0.0, 0.0], [0.0, 0.0, 0.0], [0.0, 0.0, 0.0], [0.0, 0.0, 0.0], [0.0, 0.0, 0.0], [0.0, 0.0, 0.0], [0.0, 0.0, 0.0], [0.0, 0.0, 0.0], [0.0, 0.0, 0.0], [0.0, 0.0, 0.0], [0.0, 0.0, 0.0], [0.0, 0.0, 0.0], [0.0, 0.0, 0.0], [0.0, 0.0, 0.0], [0.0, 0.0, 0.0], [0.0, 0.0, 0.0]], "action_params_change": 0, "value_params_change": 0.5006766340938258}
{"iterations": 1, "type_itr": 0, "sub_iteration": 2, "sub_it_time": 2.9386637210845947, "total_time": 9.902580976486206, "value_loss": 3.7963698039278877, "action_loss": -1.005870124585883, "action_probs": [[0.06511153970071926, 0.896397880458295, 0.0026065068785343505, 0.035884072962451365], [0.2554156465358828, 0.7304703116710571, 0.003656555892494243, 0.010457485900565871], [0.010849416886669716, 0.04190916986256294, 0.1947932577027423, 0.7524481555480251], [0.11563777359731185, 0.05356537291900433, 0.567787895358324, 0.26300895812535985], [0.07697001535365461, 0.04902419461149456, 0.5339311949078726, 0.34007459512697813], [0.045739768477161755, 0.6101310957665913, 0.023999216696240715, 0.3201299190600063], [0.22332044894171868, 0.558835176333466, 0.06219875174567417, 0.15564562297914122], [0.0047600766878387385, 0.20923315037517057, 0.017483976328087583, 0.7685227966089031], [0.5675725299909391, 0.07169451660492028, 0.3202763478971072, 0.040456605507033526], [0.07076519700916648, 0.12968377356330765, 0.28226827982568053, 0.5172827496018454], [0.07349167767818966, 0.10542196168917, 0.3372745329810811, 0.48381182765155917], [0.8107084778077503, 0.044284423527293205, 0.13749644476161307, 0.007510653903343379], [0.0007743222369530194, 0.008450768664684085, 0.08316222052552606, 0.907612688572837], [0.2665911249710126, 0.09074010737666034, 0.4794705143083301, 0.16319825334399682], [0.03727168416451742, 0.0033944264968911657, 0.8792576705811672, 0.08007621875742414], [0.13924523947746703, 0.7471869596692935, 0.01783980279818381, 0.09572799805505561]], "state_values": [-0.2757757086644332, 0.9555879855608082, 2.5720465673800934, 1.920355315015719, 2.344239956603202, 1.7952128718510862, 1.1255327852850667, 0.05512552444489748, -0.3503645457564822, 1.5074280719763198, 2.714845978500165, 0.12722136801458345, 0.9836979337778333, -1.3384608133849623, 0.6819252632347887, 0.6397924023187358], "value_grad": [-0.03795818253353378, -0.03795832979101199, -0.7022387200645874, 0.4175399311093506, 0.816115119232999, -0.05693732910901561, 0.5314143967172553, -0.056937329109081336, -1.4234384100691484, -0.13285453532487335, 0.30366719386438934, -0.09489554793351651, -0.6263139884924516, -1.2336543262518802, -0.5883544633601816, 0.49345624593413406], "action_grad": [[0.0, 0.0, 0.0], [0.0, 0.0, 0.0], [0.0, 0.0, 0.0], [0.0, 0.0, 0.0], [0.0, 0.0, 0.0], [0.0, 0.0, 0.0], [0.0, 0.0, 0.0], [0.0, 0.0, 0.0], [0.0, 0.0, 0.0], [0.0, 0.0, 0.0], [0.0, 0.0, 0.0], [0.0, 0.0, 0.0], [0.0, 0.0, 0.0], [0.0, 0.0, 0.0], [0.0, 0.0, 0.0], [0.0, 0.0, 0.0]], "action_params_change": 0, "value_params_change": 0.4991143927088839}
{"iterations": 1, "type_itr": 0, "sub_iteration": 3, "sub_it_time": 2.9914588928222656, "total_time": 12.89568042755127, "value_loss": 1.3667660274965316, "action_loss": -0.776927707095978, "action_probs": [[0.06511153970071926, 0.896397880458295, 0.0026065068785343505, 0.035884072962451365], [0.2554156465358828, 0.7304703116710571, 0.003656555892494243, 0.010457485900565871], [0.010849416886669716, 0.04190916986256294, 0.1947932577027423, 0.7524481555480251], [0.11563777359731185, 0.05356537291900433, 0.567787895358324, 0.26300895812535985], [0.07697001535365461, 0.04902419461149456, 0.5339311949078726, 0.34007459512697813], [0.045739768477161755, 0.6101310957665913, 0.023999216696240715, 0.3201299190600063], [0.22332044894171868, 0.558835176333466, 0.06219875174567417, 0.15564562297914122], [0.0047600766878387385, 0.20923315037517057, 0.017483976328087583, 0.7685227966089031], [0.5675725299909391, 0.07169451660492028, 0.3202763478971072, 0.040456605507033526], [0.07076519700916648, 0.12968377356330765, 0.28226827982568053, 0.5172827496018454], [0.07349167767818966, 0.10542196168917, 0.3372745329810811, 0.48381182765155917], [0.8107084778077503, 0.044284423527293205, 0.13749644476161307, 0.007510653903343379], [0.0007743222369530194, 0.008450768664684085, 0.08316222052552606, 0.907612688572837], [0.2665911249710126, 0.09074010737666034, 0.4794705143083301, 0.16319825334399682], [0.03727168416451742, 0.0033944264968911657, 0.8792576705811672, 0.08007621875742414], [0.13924523947746703, 0.7471869596692935, 0.01783980279818381, 0.09572799805505561]], "state_values": [-0.9960663943272517, 0.2894654473358994, 1.4699322076439059, 2.9868172683600944, 1.1899557537095167, 1.6548333659967154, 2.0561648988313292, 0.8920416095023354, 0.7806928094008169, 0.33826093720568856, 2.748066882396125, -0.9348433065145938, -0.1765739273235893, -0.1646997645114041, -0.30948505890495914, 1.5035659538263777], "value_grad": [0.03796479326294944, 0.05694721170523431, -0.4176142133866916, 0.4365945245625833, 0.62642094676998, 0.20880675065394882, 0.13287682527638522, 0.0, -0.6643838271448392, -0.07592964445519224, 0.7403160794690804, -0.018982403959851624, -0.3416833597430122, -0.7213317748332062, -0.05694721170523431, -0.09491201892701784], "action_grad": [[0.0, 0.0, 0.0], [0.0, 0.0, 0.0], [0.0, 0.0, 0.0], [0.0, 0.0, 0.0], [0.0, 0.0, 0.0], [0.0, 0.0, 0.0], [0.0, 0.0, 0.0], [0.0, 0.0, 0.0], [0.0, 0.0, 0.0], [0.0, 0.0, 0.0], [0.0, 0.0, 0.0], [0.0, 0.0, 0.0], [0.0, 0.0, 0.0], [0.0, 0.0, 0.0], [0.0, 0.0, 0.0], [0.0, 0.0, 0.0]], "action_params_change": 0, "value_params_change": 0.495378071715725}
{"iterations": 1, "type_itr": 0, "sub_iteration": 4, "sub_it_time": 3.456702709197998, "total_time": 16.354013681411743, "value_loss": 1.1010090364039562, "action_loss": -0.5422842088812274, "action_probs": [[0.06511153970071926, 0.896397880458295, 0.0026065068785343505, 0.035884072962451365], [0.2554156465358828, 0.7304703116710571, 0.003656555892494243, 0.010457485900565871], [0.010849416886669716, 0.04190916986256294, 0.1947932577027423, 0.7524481555480251], [0.11563777359731185, 0.05356537291900433, 0.567787895358324, 0.26300895812535985], [0.07697001535365461, 0.04902419461149456, 0.5339311949078726, 0.34007459512697813], [0.045739768477161755, 0.6101310957665913, 0.023999216696240715, 0.3201299190600063], [0.22332044894171868, 0.558835176333466, 0.06219875174567417, 0.15564562297914122], [0.0047600766878387385, 0.20923315037517057, 0.017483976328087583, 0.7685227966089031], [0.5675725299909391, 0.07169451660492028, 0.3202763478971072, 0.040456605507033526], [0.07076519700916648, 0.12968377356330765, 0.28226827982568053, 0.5172827496018454], [0.07349167767818966, 0.10542196168917, 0.3372745329810811, 0.48381182765155917], [0.8107084778077503, 0.044284423527293205, 0.13749644476161307, 0.007510653903343379], [0.0007743222369530194, 0.008450768664684085, 0.08316222052552606, 0.907612688572837], [0.2665911249710126, 0.09074010737666034, 0.4794705143083301, 0.16319825334399682], [0.03727168416451742, 0.0033944264968911657, 0.8792576705811672, 0.08007621875742414], [0.13924523947746703, 0.7471869596692935, 0.01783980279818381, 0.09572799805505561]], "state_values": [-1.3318965640790015, -0.10603891684461998, 0.5367343918217695, 3.841214909746381, 0.045016563225307414, 1.171968357766266, 2.6743029772737414, 1.2047537716931145, 1.6756947014152448, -0.7915316851090374, 2.4617573890416113, -1.5925537231685603, -1.132685748076266, 0.7988139656602414, -0.949399502238351, 1.966858334946741], "value_grad": [0.05694777232927151, 0.05694777232927151, 0.11389557973038844, 0.24677412770977214, 0.26575633641890417, 0.2847390186845602, -0.30372190003939536, 0.056947772329337454, 0.15186067433080086, -0.05694777232927151, 0.8921837620462044, 0.056947772329337454, 0.037965169455176806, 0.13287846317891705, 0.4176167872335774, -0.5694784221140461], "action_grad": [[0.0, 0.0, 0.0], [0.0, 0.0, 0.0], [0.0, 0.0, 0.0], [0.0, 0.0, 0.0], [0.0, 0.0, 0.0], [0.0, 0.0, 0.0], [0.0, 0.0, 0.0], [0.0, 0.0, 0.0], [0.0, 0.0, 0.0], [0.0, 0.0, 0.0], [0.0, 0.0, 0.0], [0.0, 0.0, 0.0], [0.0, 0.0, 0.0], [0.0, 0.0, 0.0], [0.0, 0.0, 0.0], [0.0, 0.0, 0.0]], "action_params_change": 0, "value_params_change": 0.47176493691868715}
{"iterations": 1, "type_itr": 0, "sub_iteration": 5, "sub_it_time": 4.180951356887817, "total_time": 20.53666591644287, "value_loss": 2.2399476643162806, "action_loss": -0.3185541833249951, "action_probs": [[0.06511153970071926, 0.896397880458295, 0.0026065068785343505, 0.035884072962451365], [0.2554156465358828, 0.7304703116710571, 0.003656555892494243, 0.010457485900565871], [0.010849416886669716, 0.04190916986256294, 0.1947932577027423, 0.7524481555480251], [0.11563777359731185, 0.05356537291900433, 0.567787895358324, 0.26300895812535985], [0.07697001535365461, 0.04902419461149456, 0.5339311949078726, 0.34007459512697813], [0.045739768477161755, 0.6101310957665913, 0.023999216696240715, 0.3201299190600063], [0.22332044894171868, 0.558835176333466, 0.06219875174567417, 0.15564562297914122], [0.0047600766878387385, 0.20923315037517057, 0.017483976328087583, 0.7685227966089031], [0.5675725299909391, 0.07169451660492028, 0.3202763478971072, 0.040456605507033526], [0.07076519700916648, 0.12968377356330765, 0.28226827982568053, 0.5172827496018454], [0.07349167767818966, 0.10542196168917, 0.3372745329810811, 0.48381182765155917], [0.8107084778077503, 0.044284423527293205, 0.13749644476161307, 0.007510653903343379], [0.0007743222369530194, 0.008450768664684085, 0.08316222052552606, 0.907612688572837], [0.2665911249710126, 0.09074010737666034, 0.4794705143083301, 0.16319825334399682], [0.03727168416451742, 0.0033944264968911657, 0.8792576705811672, 0.08007621875742414], [0.13924523947746703, 0.7471869596692935, 0.01783980279818381, 0.09572799805505561]], "state_values": [-1.3329309891629237, -0.3956977873915782, 0.09304063528234884, 4.449695163263307, -0.8716280047688381, 0.5111875011021716, 2.9727055069733215, 1.1024366079965113, 2.2424731491388403, -1.6359756397531842, 1.9225252393807994, -1.8980980873919346, -1.7456844473599897, 1.4602837973748681, -1.2064877568034942, 2.087299239095142], "value_grad": [0.07592624130702719, 0.01898152647696305, 0.6074089729038947, 0.15185336270887095, -0.15185229905778197, 0.2277787127545854, -0.6074125323642927, 0.07592624130709291, 0.7782448533409618, 0.03796307563674617, 1.1009354881979587, 0.07592624130709291, 0.3416676388574009, 0.5125016844204113, 0.7023169509466372, -0.7782457618757497], "action_grad": [[0.0, 0.0, 0.0], [0.0, 0.0, 0.0], [0.0, 0.0, 0.0], [0.0, 0.0, 0.0], [0.0, 0.0, 0.0], [0.0, 0.0, 0.0], [0.0, 0.0, 0.0], [0.0, 0.0, 0.0], [0.0, 0.0, 0.0], [0.0, 0.0, 0.0], [0.0, 0.0, 0.0], [0.0, 0.0, 0.0], [0.0, 0.0, 0.0], [0.0, 0.0, 0.0], [0.0, 0.0, 0.0], [0.0, 0.0, 0.0]], "action_params_change": 0, "value_params_change": 0.4422390472468768}
{"iterations": 1, "type_itr": 0, "sub_iteration": 6, "sub_it_time": 3.5399117469787598, "total_time": 24.078155040740967, "value_loss": 3.4737130201655644, "action_loss": -0.1545275026430922, "action_probs": [[0.06511153970071926, 0.896397880458295, 0.0026065068785343505, 0.035884072962451365], [0.2554156465358828, 0.7304703116710571, 0.003656555892494243, 0.010457485900565871], [0.010849416886669716, 0.04190916986256294, 0.1947932577027423, 0.7524481555480251], [0.11563777359731185, 0.05356537291900433, 0.567787895358324, 0.26300895812535985], [0.07697001535365461, 0.04902419461149456, 0.5339311949078726, 0.34007459512697813], [0.045739768477161755, 0.6101310957665913, 0.023999216696240715, 0.3201299190600063], [0.22332044894171868, 0.558835176333466, 0.06219875174567417, 0.15564562297914122], [0.0047600766878387385, 0.20923315037517057, 0.017483976328087583, 0.7685227966089031], [0.5675725299909391, 0.07169451660492028, 0.3202763478971072, 0.040456605507033526], [0.07076519700916648, 0.12968377356330765, 0.28226827982568053, 0.5172827496018454], [0.07349167767818966, 0.10542196168917, 0.3372745329810811, 0.48381182765155917], [0.8107084778077503, 0.044284423527293205, 0.13749644476161307, 0.007510653903343379], [0.0007743222369530194, 0.008450768664684085, 0.08316222052552606, 0.907612688572837], [0.2665911249710126, 0.09074010737666034, 0.4794705143083301, 0.16319825334399682], [0.03727168416451742, 0.0033944264968911657, 0.8792576705811672, 0.08007621875742414], [0.13924523947746703, 0.7471869596692935, 0.01783980279818381, 0.09572799805505561]], "state_values": [-1.0513680074000689, -0.5495761787061874, 0.10065999115962801, 4.820000616925884, -1.4182766171977972, -0.15703644604561762, 3.0024809152849214, 0.792038529261333, 2.4973219940486215, -2.099244049239125, 1.201288659993775, -1.6125116361314284, -2.0312245490246257, 1.794571314018728, -1.1656323336713765, 1.9476649256620149], "value_grad": [0.09489872777306863, 0.03795938973769042, 0.8540848415118121, 0.09489988805270277, -0.4744926836123593, 0.0759187791263658, -0.8161370641370365, 0.056939135466778534, 1.1767497632029, 0.09489872777300246, 1.0628691807365165, 0.2657185226039527, 0.493473699715, 0.8540894110795634, 0.7971480724693376, -0.8730714538140036], "action_grad": [[0.0, 0.0, 0.0], [0.0, 0.0, 0.0], [0.0, 0.0, 0.0], [0.0, 0.0, 0.0], [0.0, 0.0, 0.0], [0.0, 0.0, 0.0], [0.0, 0.0, 0.0], [0.0, 0.0, 0.0], [0.0, 0.0, 0.0], [0.0, 0.0, 0.0], [0.0, 0.0, 0.0], [0.0, 0.0, 0.0], [0.0, 0.0, 0.0], [0.0, 0.0, 0.0], [0.0, 0.0, 0.0], [0.0, 0.0, 0.0]], "action_params_change": 0, "value_params_change": 0.4088911657534927}
{"iterations": 1, "type_itr": 0, "sub_iteration": 7, "sub_it_time": 3.690062999725342, "total_time": 27.769875526428223, "value_loss": 3.929225597227637, "action_loss": -0.09289300760459965, "action_probs": [[0.06511153970071926, 0.896397880458295, 0.0026065068785343505, 0.035884072962451365], [0.2554156465358828, 0.7304703116710571, 0.003656555892494243, 0.010457485900565871], [0.010849416886669716, 0.04190916986256294, 0.1947932577027423, 0.7524481555480251], [0.11563777359731185, 0.05356537291900433, 0.567787895358324, 0.26300895812535985], [0.07697001535365461, 0.04902419461149456, 0.5339311949078726, 0.34007459512697813], [0.045739768477161755, 0.6101310957665913, 0.023999216696240715, 0.3201299190600063], [0.22332044894171868, 0.558835176333466, 0.06219875174567417, 0.15564562297914122], [0.0047600766878387385, 0.20923315037517057, 0.017483976328087583, 0.7685227966089031], [0.5675725299909391, 0.07169451660492028, 0.3202763478971072, 0.040456605507033526], [0.07076519700916648, 0.12968377356330765, 0.28226827982568053, 0.5172827496018454], [0.07349167767818966, 0.10542196168917, 0.3372745329810811, 0.48381182765155917], [0.8107084778077503, 0.044284423527293205, 0.13749644476161307, 0.007510653903343379], [0.0007743222369530194, 0.008450768664684085, 0.08316222052552606, 0.907612688572837], [0.2665911249710126, 0.09074010737666034, 0.4794705143083301, 0.16319825334399682], [0.03727168416451742, 0.0033944264968911657, 0.8792576705811672, 0.08007621875742414], [0.13924523947746703, 0.7471869596692935, 0.01783980279818381, 0.09572799805505561]], "state_values": [-0.6040064093899674, -0.638032411152766, 0.40216588789614455, 4.982265938333225, -1.6174641599617123, -0.6046810653455846, 2.821793647512294, 0.321036192587765, 2.5100520249599363, -2.2167899019810458, 0.37486315274649873, -1.2332386301647114, -2.060841222383079, 1.8577497108959282, -0.9208018504035824, 1.632203028813098], "value_grad": [0.07591546442486852, 0.018978847175811886, 0.8730253850792984, 0.03795847565311217, -0.6452824561182058, -0.11387296702838601, -0.9109991125052654, 0.05693654135261106, 1.328536480611283, 0.13285245906403897, 0.797111842819715, 0.07591561621828635, 0.5503896849439576, 1.0058838384598952, 0.740176092346748, -0.7781368904462762], "action_grad": [[0.0, 0.0, 0.0], [0.0, 0.0, 0.0], [0.0, 0.0, 0.0], [0.0, 0.0, 0.0], [0.0, 0.0, 0.0], [0.0, 0.0, 0.0], [0.0, 0.0, 0.0], [0.0, 0.0, 0.0], [0.0, 0.0, 0.0], [0.0, 0.0, 0.0], [0.0, 0.0, 0.0], [0.0, 0.0, 0.0], [0.0, 0.0, 0.0], [0.0, 0.0, 0.0], [0.0, 0.0, 0.0], [0.0, 0.0, 0.0]], "action_params_change": 0, "value_params_change": 0.3697813931548014}
{"iterations": 1, "type_itr": 0, "sub_iteration": 8, "sub_it_time": 4.382631301879883, "total_time": 32.15422749519348, "value_loss": 3.6635123007526276, "action_loss": -0.08942048687775109, "action_probs": [[0.06511153970071926, 0.896397880458295, 0.0026065068785343505, 0.035884072962451365], [0.2554156465358828, 0.7304703116710571, 0.003656555892494243, 0.010457485900565871], [0.010849416886669716, 0.04190916986256294, 0.1947932577027423, 0.7524481555480251], [0.11563777359731185, 0.05356537291900433, 0.567787895358324, 0.26300895812535985], [0.07697001535365461, 0.04902419461149456, 0.5339311949078726, 0.34007459512697813], [0.045739768477161755, 0.6101310957665913, 0.023999216696240715, 0.3201299190600063], [0.22332044894171868, 0.558835176333466, 0.06219875174567417, 0.15564562297914122], [0.0047600766878387385, 0.20923315037517057, 0.017483976328087583, 0.7685227966089031], [0.5675725299909391, 0.07169451660492028, 0.3202763478971072, 0.040456605507033526], [0.07076519700916648, 0.12968377356330765, 0.28226827982568053, 0.5172827496018454], [0.07349167767818966, 0.10542196168917, 0.3372745329810811, 0.48381182765155917], [0.8107084778077503, 0.044284423527293205, 0.13749644476161307, 0.007510653903343379], [0.0007743222369530194, 0.008450768664684085, 0.08316222052552606, 0.907612688572837], [0.2665911249710126, 0.09074010737666034, 0.4794705143083301, 0.16319825334399682], [0.03727168416451742, 0.0033944264968911657, 0.8792576705811672, 0.08007621875742414], [0.13924523947746703, 0.7471869596692935, 0.01783980279818381, 0.09572799805505561]], "state_values": [-0.10456460166296151, -0.3613468908176503, 0.902915003463191, 4.9831095900964835, -1.555382172657536, -0.717755285303783, 2.4592867574096036, -0.16623629079413296, 2.3326137131239464, -2.123668098316715, -0.47236164974038086, -0.7455068384525245, -1.885134146199061, 1.7107279993919684, -0.5478428823468611, 1.1921015095417684], "value_grad": [0.03795876319014635, 0.17081426895314689, 0.8730557229356042, 0.018979745729088116, -0.683259949483205, -0.24673171350539125, -0.9869395560580685, 0.01897936379843923, 1.3855086507555905, 0.11387671320045634, 0.4744848713982379, 0.09489699608649449, 0.5883644425418599, 1.0438696440430246, 0.5883611648207436, -0.6642811405177782], "action_grad": [[0.0, 0.0, 0.0], [0.0, 0.0, 0.0], [0.0, 0.0, 0.0], [0.0, 0.0, 0.0], [0.0, 0.0, 0.0], [0.0, 0.0, 0.0], [0.0, 0.0, 0.0], [0.0, 0.0, 0.0], [0.0, 0.0, 0.0], [0.0, 0.0, 0.0], [0.0, 0.0, 0.0], [0.0, 0.0, 0.0], [0.0, 0.0, 0.0], [0.0, 0.0, 0.0], [0.0, 0.0, 0.0], [0.0, 0.0, 0.0]], "action_params_change": 0, "value_params_change": 0.3393129392726011}
{"iterations": 1, "type_itr": 0, "sub_iteration": 9, "sub_it_time": 4.176758050918579, "total_time": 36.332640409469604, "value_loss": 2.9232776751012364, "action_loss": -0.14671501625069946, "action_probs": [[0.06511153970071926, 0.896397880458295, 0.0026065068785343505, 0.035884072962451365], [0.2554156465358828, 0.7304703116710571, 0.003656555892494243, 0.010457485900565871], [0.010849416886669716, 0.04190916986256294, 0.1947932577027423, 0.7524481555480251], [0.11563777359731185, 0.05356537291900433, 0.567787895358324, 0.26300895812535985], [0.07697001535365461, 0.04902419461149456, 0.5339311949078726, 0.34007459512697813], [0.045739768477161755, 0.6101310957665913, 0.023999216696240715, 0.3201299190600063], [0.22332044894171868, 0.558835176333466, 0.06219875174567417, 0.15564562297914122], [0.0047600766878387385, 0.20923315037517057, 0.017483976328087583, 0.7685227966089031], [0.5675725299909391, 0.07169451660492028, 0.3202763478971072, 0.040456605507033526], [0.07076519700916648, 0.12968377356330765, 0.28226827982568053, 0.5172827496018454], [0.07349167767818966, 0.10542196168917, 0.3372745329810811, 0.48381182765155917], [0.8107084778077503, 0.044284423527293205, 0.13749644476161307, 0.007510653903343379], [0.0007743222369530194, 0.008450768664684085, 0.08316222052552606, 0.907612688572837], [0.2665911249710126, 0.09074010737666034, 0.4794705143083301, 0.16319825334399682], [0.03727168416451742, 0.0033944264968911657, 0.8792576705811672, 0.08007621875742414], [0.13924523947746703, 0.7471869596692935, 0.01783980279818381, 0.09572799805505561]], "state_values": [0.23443814652730094, 0.18590973775790315, 1.4755826197312094, 4.872863059618115, -1.2886080187923685, -0.5378445546046247, 1.9310951890440304, -0.5292730020864317, 2.003605611647893, -1.861727793774859, -1.2177671693138923, -0.21605969901985847, -1.552972507750702, 1.4120743554656505, -0.12359620143586485, 0.6811418713956173], "value_grad": [-0.03796115825654933, 0.20878683967604017, 0.5314568702537144, -0.037961832450342126, -0.7022847944617423, -0.3036901635809177, -1.043945435902259, -0.018980622661031177, 1.3286539741757344, 0.11388416431640014, 0.0, 0.05694186780855315, 0.5504403695763127, 0.9300538618841707, 0.34165142513108115, -0.4745161728557217], "action_grad": [[0.0, 0.0, 0.0], [0.0, 0.0, 0.0], [0.0, 0.0, 0.0], [0.0, 0.0, 0.0], [0.0, 0.0, 0.0], [0.0, 0.0, 0.0], [0.0, 0.0, 0.0], [0.0, 0.0, 0.0], [0.0, 0.0, 0.0], [0.0, 0.0, 0.0], [0.0, 0.0, 0.0], [0.0, 0.0, 0.0], [0.0, 0.0, 0.0], [0.0, 0.0, 0.0], [0.0, 0.0, 0.0], [0.0, 0.0, 0.0]], "action_params_change": 0, "value_params_change": 0.3028290179606894}
{"iterations": 1, "type_itr": 0, "sub_iteration": 10, "sub_it_time": 3.4989190101623535, "total_time": 39.83344650268555, "value_loss": 2.0501286891482993, "action_loss": -0.2387202394926582, "action_probs": [[0.06511153970071926, 0.896397880458295, 0.0026065068785343505, 0.035884072962451365], [0.2554156465358828, 0.7304703116710571, 0.003656555892494243, 0.010457485900565871], [0.010849416886669716, 0.04190916986256294, 0.1947932577027423, 0.7524481555480251], [0.11563777359731185, 0.05356537291900433, 0.567787895358324, 0.26300895812535985], [0.07697001535365461, 0.04902419461149456, 0.5339311949078726, 0.34007459512697813], [0.045739768477161755, 0.6101310957665913, 0.023999216696240715, 0.3201299190600063], [0.22332044894171868, 0.558835176333466, 0.06219875174567417, 0.15564562297914122], [0.0047600766878387385, 0.20923315037517057, 0.017483976328087583, 0.7685227966089031], [0.5675725299909391, 0.07169451660492028, 0.3202763478971072, 0.040456605507033526], [0.07076519700916648, 0.12968377356330765, 0.28226827982568053, 0.5172827496018454], [0.07349167767818966, 0.10542196168917, 0.3372745329810811, 0.48381182765155917], [0.8107084778077503, 0.044284423527293205, 0.13749644476161307, 0.007510653903343379], [0.0007743222369530194, 0.008450768664684085, 0.08316222052552606, 0.907612688572837], [0.2665911249710126, 0.09074010737666034, 0.4794705143083301, 0.16319825334399682], [0.03727168416451742, 0.0033944264968911657, 0.8792576705811672, 0.08007621875742414], [0.13924523947746703, 0.7471869596692935, 0.01783980279818381, 0.09572799805505561]], "state_values": [0.48616443901000994, 0.8479932526972154, 2.037331931441303, 4.700908714451477, -0.8730313154087375, -0.17927762804701, 1.2868645269329542, -0.7835649703548212, 1.5578923463587369, -1.47934427107832, -1.7688755833814314, 0.2908979551726207, -1.1100486372525564, 1.005412013271363, 0.2777138236158089, 0.15807279994180382], "value_grad": [-0.018981745453875654, 0.13287221573426944, 0.26574456337892727, -0.0569458983548059, -0.6263987151151966, -0.2467626750225973, -0.8162180331558444, -0.01898174545380993, 1.157891102685865, 0.09490893490530006, -0.3796354778972808, 0.01898174545374376, 0.45556254276872643, 0.7782527726286834, 0.07592693924138905, -0.24676267502279536], "action_grad": [[0.0, 0.0, 0.0], [0.0, 0.0, 0.0], [0.0, 0.0, 0.0], [0.0, 0.0, 0.0], [0.0, 0.0, 0.0], [0.0, 0.0, 0.0], [0.0, 0.0, 0.0], [0.0, 0.0, 0.0], [0.0, 0.0, 0.0], [0.0, 0.0, 0.0], [0.0, 0.0, 0.0], [0.0, 0.0, 0.0], [0.0, 0.0, 0.0], [0.0, 0.0, 0.0], [0.0, 0.0, 0.0], [0.0, 0.0, 0.0]], "action_params_change": 0, "value_params_change": 0.27245301471828}
{"iterations": 1, "type_itr": 0, "sub_iteration": 11, "sub_it_time": 3.498774290084839, "total_time": 43.33381962776184, "value_loss": 1.3857485811654284, "action_loss": -0.351522195415272, "action_probs": [[0.06511153970071926, 0.896397880458295, 0.0026065068785343505, 0.035884072962451365], [0.2554156465358828, 0.7304703116710571, 0.003656555892494243, 0.010457485900565871], [0.010849416886669716, 0.04190916986256294, 0.1947932577027423, 0.7524481555480251], [0.11563777359731185, 0.05356537291900433, 0.567787895358324, 0.26300895812535985], [0.07697001535365461, 0.04902419461149456, 0.5339311949078726, 0.34007459512697813], [0.045739768477161755, 0.6101310957665913, 0.023999216696240715, 0.3201299190600063], [0.22332044894171868, 0.558835176333466, 0.06219875174567417, 0.15564562297914122], [0.0047600766878387385, 0.20923315037517057, 0.017483976328087583, 0.7685227966089031], [0.5675725299909391, 0.07169451660492028, 0.3202763478971072, 0.040456605507033526], [0.07076519700916648, 0.12968377356330765, 0.28226827982568053, 0.5172827496018454], [0.07349167767818966, 0.10542196168917, 0.3372745329810811, 0.48381182765155917], [0.8107084778077503, 0.044284423527293205, 0.13749644476161307, 0.007510653903343379], [0.0007743222369530194, 0.008450768664684085, 0.08316222052552606, 0.907612688572837], [0.2665911249710126, 0.09074010737666034, 0.4794705143083301, 0.16319825334399682], [0.03727168416451742, 0.0033944264968911657, 0.8792576705811672, 0.08007621875742414], [0.13924523947746703, 0.7471869596692935, 0.01783980279818381, 0.09572799805505561]], "state_values": [0.6609562280544605, 1.4837015918492558, 2.5175846831533337, 4.502554849112741, -0.36117311483063447, 0.2479515704110869, 0.585540316673793, -0.7479312152057843, 1.0303503608714584, -0.988915623822563, -2.078238689792706, 0.7443173230727635, -0.5992631401624668, 0.5321667525292376, 0.5904345383346928, -0.3091843106814987], "value_grad": [-0.018982374471781638, 0.037964763774813504, 0.0, -0.05694754462454843, -0.493542185395085, -0.13287661885960955, -0.5315069469023024, -0.07592946752653051, 0.9301376487049344, 0.09491194564278715, -0.7023491143783711, 0.0, 0.34168309749057046, 0.5884543063980006, -0.170841365011406, 0.01898237447171569], "action_grad": [[0.0, 0.0, 0.0], [0.0, 0.0, 0.0], [0.0, 0.0, 0.0], [0.0, 0.0, 0.0], [0.0, 0.0, 0.0], [0.0, 0.0, 0.0], [0.0, 0.0, 0.0], [0.0, 0.0, 0.0], [0.0, 0.0, 0.0], [0.0, 0.0, 0.0], [0.0, 0.0, 0.0], [0.0, 0.0, 0.0], [0.0, 0.0, 0.0], [0.0, 0.0, 0.0], [0.0, 0.0, 0.0], [0.0, 0.0, 0.0]], "action_params_change": 0, "value_params_change": 0.2858502574095225}
{"iterations": 1, "type_itr": 0, "sub_iteration": 12, "sub_it_time": 3.8523130416870117, "total_time": 47.18774485588074, "value_loss": 1.0630435788712636, "action_loss": -0.483343211649386, "action_probs": [[0.06511153970071926, 0.896397880458295, 0.0026065068785343505, 0.035884072962451365], [0.2554156465358828, 0.7304703116710571, 0.003656555892494243, 0.010457485900565871], [0.010849416886669716, 0.04190916986256294, 0.1947932577027423, 0.7524481555480251], [0.11563777359731185, 0.05356537291900433, 0.567787895358324, 0.26300895812535985], [0.07697001535365461, 0.04902419461149456, 0.5339311949078726, 0.34007459512697813], [0.045739768477161755, 0.6101310957665913, 0.023999216696240715, 0.3201299190600063], [0.22332044894171868, 0.558835176333466, 0.06219875174567417, 0.15564562297914122], [0.0047600766878387385, 0.20923315037517057, 0.017483976328087583, 0.7685227966089031], [0.5675725299909391, 0.07169451660492028, 0.3202763478971072, 0.040456605507033526], [0.07076519700916648, 0.12968377356330765, 0.28226827982568053, 0.5172827496018454], [0.07349167767818966, 0.10542196168917, 0.3372745329810811, 0.48381182765155917], [0.8107084778077503, 0.044284423527293205, 0.13749644476161307, 0.007510653903343379], [0.0007743222369530194, 0.008450768664684085, 0.08316222052552606, 0.907612688572837], [0.2665911249710126, 0.09074010737666034, 0.4794705143083301, 0.16319825334399682], [0.03727168416451742, 0.0033944264968911657, 0.8792576705811672, 0.08007621875742414], [0.13924523947746703, 0.7471869596692935, 0.01783980279818381, 0.09572799805505561]], "state_values": [0.7176850378705328, 1.9205450110893985, 2.879903419368045, 4.3140419970430415, 0.19147046132349246, 0.6316355525225428, -0.09252229238590647, -0.5416060107101195, 0.4689809348819285, -0.7653155928195043, -2.1656816080279286, 1.0537946210368916, -0.0732952296217591, 0.05380403438259153, 0.7669564693264416, -0.6706844161224506], "value_grad": [-0.03796521761335225, -0.07593048198912844, -0.1898264291883085, -0.09491356749364876, -0.3227044149723517, -6.59472476627343e-14, -0.17084352741871145, -0.056947844043232276, 0.5884612029646383, -0.13287869768902238, -0.8542185557732948, -0.05694784404318831, 0.18982608108760823, 0.2657565037515379, -0.3796523541110095, 0.2277912934664197], "action_grad": [[0.0, 0.0, 0.0], [0.0, 0.0, 0.0], [0.0, 0.0, 0.0], [0.0, 0.0, 0.0], [0.0, 0.0, 0.0], [0.0, 0.0, 0.0], [0.0, 0.0, 0.0], [0.0, 0.0, 0.0], [0.0, 0.0, 0.0], [0.0, 0.0, 0.0], [0.0, 0.0, 0.0], [0.0, 0.0, 0.0], [0.0, 0.0, 0.0], [0.0, 0.0, 0.0], [0.0, 0.0, 0.0], [0.0, 0.0, 0.0]], "action_params_change": 0, "value_params_change": 0.2717658387753872}
{"iterations": 1, "type_itr": 0, "sub_iteration": 13, "sub_it_time": 3.662546396255493, "total_time": 50.85189485549927, "value_loss": 1.1199917500771208, "action_loss": -0.5700133264221222, "action_probs": [[0.06511153970071926, 0.896397880458295, 0.0026065068785343505, 0.035884072962451365], [0.2554156465358828, 0.7304703116710571, 0.003656555892494243, 0.010457485900565871], [0.010849416886669716, 0.04190916986256294, 0.1947932577027423, 0.7524481555480251], [0.11563777359731185, 0.05356537291900433, 0.567787895358324, 0.26300895812535985], [0.07697001535365461, 0.04902419461149456, 0.5339311949078726, 0.34007459512697813], [0.045739768477161755, 0.6101310957665913, 0.023999216696240715, 0.3201299190600063], [0.22332044894171868, 0.558835176333466, 0.06219875174567417, 0.15564562297914122], [0.0047600766878387385, 0.20923315037517057, 0.017483976328087583, 0.7685227966089031], [0.5675725299909391, 0.07169451660492028, 0.3202763478971072, 0.040456605507033526], [0.07076519700916648, 0.12968377356330765, 0.28226827982568053, 0.5172827496018454], [0.07349167767818966, 0.10542196168917, 0.3372745329810811, 0.48381182765155917], [0.8107084778077503, 0.044284423527293205, 0.13749644476161307, 0.007510653903343379], [0.0007743222369530194, 0.008450768664684085, 0.08316222052552606, 0.907612688572837], [0.2665911249710126, 0.09074010737666034, 0.4794705143083301, 0.16319825334399682], [0.03727168416451742, 0.0033944264968911657, 0.8792576705811672, 0.08007621875742414], [0.13924523947746703, 0.7471869596692935, 0.01783980279818381, 0.09572799805505561]], "state_values": [0.6237863210814614, 2.11085895559469, 3.1191470519007214, 4.160075774652629, 0.7156783327459353, 0.8305807751704908, -0.653969234463363, -0.4140538158731447, -0.07631921843662827, -0.5053375730508781, -2.062293690300772, 1.2387878164368205, 0.40273657798184503, -0.38931418392595457, 0.8703839235284444, -0.899118331389729], "value_grad": [-0.056947808447985526, -0.132878300731897, -0.3037224486252681, -0.11389612412865513, -0.09491295330055238, 0.1708434206328171, 0.22779115003860806, 0.01898257862060948, 0.24677366497165232, 0.03796519370872797, -0.9301489601184639, -0.05694777232927151, 0.0, 0.056947772329337454, -0.20880961240530493, 0.3796518795077708], "action_grad": [[0.0, 0.0, 0.0], [0.0, 0.0, 0.0], [0.0, 0.0, 0.0], [0.0, 0.0, 0.0], [0.0, 0.0, 0.0], [0.0, 0.0, 0.0], [0.0, 0.0, 0.0], [0.0, 0.0, 0.0], [0.0, 0.0, 0.0], [0.0, 0.0, 0.0], [0.0, 0.0, 0.0], [0.0, 0.0, 0.0], [0.0, 0.0, 0.0], [0.0, 0.0, 0.0], [0.0, 0.0, 0.0], [0.0, 0.0, 0.0]], "action_params_change": 0, "value_params_change": 0.22532829656163678}
