{"iterations": 0, "type_itr": 0, "sub_iteration": 0, "sub_it_time": 0, "total_time": 0, "value_loss": 0, "action_loss": 0, "action_probs": [[0.13106401884072746, 0.003878898553876943, 0.8401912450236655, 0.024865837581730263], [0.3399483579933342, 0.6310956398856037, 0.010137074526600133, 0.01881892759446188], [0.11969996909601834, 0.017011916114949545, 0.7558637678190461, 0.10742434696998629], [0.4456817345461011, 0.13052677460730883, 0.3277912834086591, 0.09600020743793085], [0.0005193105636435192, 0.8888868468030864, 6.457404221646842e-05, 0.11052926859105368], [0.48834594340663134, 0.020506377818534555, 0.47135478514824436, 0.01979289362658976], [0.2869412897862895, 0.013396101654016826, 0.6684552008412208, 0.03120740771847292], [0.550114246858068, 0.1296683488400929, 0.2591360198291529, 0.06108138447268616], [0.178000429112877, 0.041856640014679786, 0.631618428353128, 0.14852450251931523], [0.19036195911009557, 0.40976134347556037, 0.1268427857980145, 0.27303391161632945], [0.32841802765034206, 0.3368683284318203, 0.16523109749387288, 0.16948254642396487], [0.5241292517282792, 0.07234925957689974, 0.35457675660957466, 0.048944732085246447], [0.05974861256592882, 0.05105875245058919, 0.47946295118727583, 0.4097296837962062], [0.9460374974182274, 0.051352087575561034, 0.00247601390354894, 0.00013440110266278556], [0.33377360589432487, 0.04363962420920488, 0.5505981629564017, 0.07198860694006862], [0.026893037819179934, 0.9226951583138567, 0.0014276994527187533, 0.04898410441424452]], "state_values": [0.6902200004082233, 3.86924462284403, 1.7390636472488454, 4.949008248018571, -3.702741943258347, -0.7259207148506868, 3.8281941988503587, 4.851498424542124, 2.035907063317364, -4.520176395244489, -3.6664372271102263, 3.316641520063066, 2.482797200101353, -4.9964746023679325, -4.9541774668453975, 4.1794780500993784], "value_grad": [0.0, 0.0, 0.0, 0.0, 0.0, 0.0, 0.0, 0.0, 0.0, 0.0, 0.0, 0.0, 0.0, 0.0, 0.0, 0.0], "action_grad": [[0.0, 0.0, 0.0], [0.0, 0.0, 0.0], [0.0, 0.0, 0.0], [0.0, 0.0, 0.0], [0.0, 0.0, 0.0], [0.0, 0.0, 0.0], [0.0, 0.0, 0.0], [0.0, 0.0, 0.0], [0.0, 0.0, 0.0], [0.0, 0.0, 0.0], [0.0, 0.0, 0.0], [0.0, 0.0, 0.0], [0.0, 0.0, 0.0], [0.0, 0.0, 0.0], [0.0, 0.0, 0.0], [0.0, 0.0, 0.0]], "action_params_change": 0, "value_params_change": 0}
{"iterations": 1, "type_itr": 0, "sub_iteration": 0, "sub_it_time": 30.34795904159546, "total_time": 30.349337816238403, "value_loss": 8.292513350224228, "action_loss": -0.39904288381553604, "action_probs": [[0.13106401884072746, 0.003878898553876943, 0.8401912450236655, 0.024865837581730263], [0.3399483579933342, 0.6310956398856037, 0.010137074526600133, 0.01881892759446188], [0.11969996909601834, 0.017011916114949545, 0.7558637678190461, 0.10742434696998629], [0.4456817345461011, 0.13052677460730883, 0.3277912834086591, 0.09600020743793085], [0.0005193105636435192, 0.8888868468030864, 6.457404221646842e-05, 0.11052926859105368], [0.48834594340663134, 0.020506377818534555, 0.47135478514824436, 0.01979289362658976], [0.2869412897862895, 0.013396101654016826, 0.6684552008412208, 0.03120740771847292], [0.550114246858068, 0.1296683488400929, 0.2591360198291529, 0.06108138447268616], [0.178000429112877, 0.041856640014679786, 0.631618428353128, 0.14852450251931523], [0.19036195911009557, 0.40976134347556037, 0.1268427857980145, 0.27303391161632945], [0.32841802765034206, 0.3368683284318203, 0.16523109749387288, 0.16948254642396487], [0.5241292517282792, 0.07234925957689974, 0.35457675660957466, 0.048944732085246447], [0.05974861256592882, 0.05105875245058919, 0.47946295118727583, 0.4097296837962062], [0.9460374974182274, 0.051352087575561034, 0.00247601390354894, 0.00013440110266278556], [0.33377360589432487, 0.04363962420920488, 0.5505981629564017, 0.07198860694006862], [0.026893037819179934, 0.9226951583138567, 0.0014276994527187533, 0.04898410441424452]], "state_values": [-0.5564136502378645, 2.9654676871680126, 2.8447856115547707, 4.971372091640189, -2.7563516143092337, 0.520559493750124, 2.913446355927067, 4.401434639819312, 0.8427869610690868, -3.850881303761966, -2.711383614624574, 2.2878380599041828, 1.3318765199719609, -4.794702052203064, -4.63307472969589, 3.3705623333024204], "value_grad": [-0.04050968314359338, 0.6220718406236205, 0.5034716489142284, 0.02636572883445787, -0.7922191760754682, -0.2536053058194909, 1.1573741886922218, 0.06954594269971537, -0.910979145994169, -0.11449800305982194, 1.0693628383868266, 0.14707540631845184, -0.5879859978559097, 0.015532461737093328, -0.13048430020576518, 0.8157076675542569], "action_grad": [[0.0, 0.0, 0.0], [0.0, 0.0, 0.0], [0.0, 0.0, 0.0], [0.0, 0.0, 0.0], [0.0, 0.0, 0.0], [0.0, 0.0, 0.0], [0.0, 0.0, 0.0], [0.0, 0.0, 0.0], [0.0, 0.0, 0.0], [0.0, 0.0, 0.0], [0.0, 0.0, 0.0], [0.0, 0.0, 0.0], [0.0, 0.0, 0.0], [0.0, 0.0, 0.0], [0.0, 0.0, 0.0], [0.0, 0.0, 0.0]], "action_params_change": 0, "value_params_change": 0.4999999956798762}
{"iterations": 1, "type_itr": 0, "sub_iteration": 1, "sub_it_time": 41.59095549583435, "total_time": 71.94193005561829, "value_loss": 5.049196843957412, "action_loss": -0.2707299465781172, "action_probs": [[0.13106401884072746, 0.003878898553876943, 0.8401912450236655, 0.024865837581730263], [0.3399483579933342, 0.6310956398856037, 0.010137074526600133, 0.01881892759446188], [0.11969996909601834, 0.017011916114949545, 0.7558637678190461, 0.10742434696998629], [0.4456817345461011, 0.13052677460730883, 0.3277912834086591, 0.09600020743793085], [0.0005193105636435192, 0.8888868468030864, 6.457404221646842e-05, 0.11052926859105368], [0.48834594340663134, 0.020506377818534555, 0.47135478514824436, 0.01979289362658976], [0.2869412897862895, 0.013396101654016826, 0.6684552008412208, 0.03120740771847292], [0.550114246858068, 0.1296683488400929, 0.2591360198291529, 0.06108138447268616], [0.178000429112877, 0.041856640014679786, 0.631618428353128, 0.14852450251931523], [0.19036195911009557, 0.40976134347556037, 0.1268427857980145, 0.27303391161632945], [0.32841802765034206, 0.3368683284318203, 0.16523109749387288, 0.16948254642396487], [0.5241292517282792, 0.07234925957689974, 0.35457675660957466, 0.048944732085246447], [0.05974861256592882, 0.05105875245058919, 0.47946295118727583, 0.4097296837962062], [0.9460374974182274, 0.051352087575561034, 0.00247601390354894, 0.00013440110266278556], [0.33377360589432487, 0.04363962420920488, 0.5505981629564017, 0.07198860694006862], [0.026893037819179934, 0.9226951583138567, 0.0014276994527187533, 0.04898410441424452]], "state_values": [-0.621874283489266, 1.8934761763754875, 3.4440865519371684, 4.957658913252669, -1.6416584820167048, 0.30833790750048135, 1.8403723557216045, 3.6971724309372025, -0.36234082103870535, -2.9430389404783592, -1.6008650877782262, 1.1289921567948729, 0.10687366737063456, -4.407382496811043, -4.075826228016231, 2.3513948638856235], "value_grad": [0.032767333369030816, 0.48513377261225177, -0.03393204634814495, -0.019635924943711913, -0.7358249167259681, 0.3220876774348298, 0.8482522080646016, 0.1237446237926596, -0.5930383334395852, -0.1455509563023094, 0.8643473934959376, 0.12054846177544132, -0.5036773525421232, 0.1325137742835487, -0.35612694585367155, 0.9783717651454111], "action_grad": [[0.0, 0.0, 0.0], [0.0, 0.0, 0.0], [0.0, 0.0, 0.0], [0.0, 0.0, 0.0], [0.0, 0.0, 0.0], [0.0, 0.0, 0.0], [0.0, 0.0, 0.0], [0.0, 0.0, 0.0], [0.0, 0.0, 0.0], [0.0, 0.0, 0.0], [0.0, 0.0, 0.0], [0.0, 0.0, 0.0], [0.0, 0.0, 0.0], [0.0, 0.0, 0.0], [0.0, 0.0, 0.0], [0.0, 0.0, 0.0]], "action_params_change": 0, "value_params_change": 0.5003111696243006}
{"iterations": 1, "type_itr": 0, "sub_iteration": 2, "sub_it_time": 31.27790355682373, "total_time": 103.22138833999634, "value_loss": 2.7850477638697426, "action_loss": -0.16373618817154953, "action_probs": [[0.13106401884072746, 0.003878898553876943, 0.8401912450236655, 0.024865837581730263], [0.3399483579933342, 0.6310956398856037, 0.010137074526600133, 0.01881892759446188], [0.11969996909601834, 0.017011916114949545, 0.7558637678190461, 0.10742434696998629], [0.4456817345461011, 0.13052677460730883, 0.3277912834086591, 0.09600020743793085], [0.0005193105636435192, 0.8888868468030864, 6.457404221646842e-05, 0.11052926859105368], [0.48834594340663134, 0.020506377818534555, 0.47135478514824436, 0.01979289362658976], [0.2869412897862895, 0.013396101654016826, 0.6684552008412208, 0.03120740771847292], [0.550114246858068, 0.1296683488400929, 0.2591360198291529, 0.06108138447268616], [0.178000429112877, 0.041856640014679786, 0.631618428353128, 0.14852450251931523], [0.19036195911009557, 0.40976134347556037, 0.1268427857980145, 0.27303391161632945], [0.32841802765034206, 0.3368683284318203, 0.16523109749387288, 0.16948254642396487], [0.5241292517282792, 0.07234925957689974, 0.35457675660957466, 0.048944732085246447], [0.05974861256592882, 0.05105875245058919, 0.47946295118727583, 0.4097296837962062], [0.9460374974182274, 0.051352087575561034, 0.00247601390354894, 0.00013440110266278556], [0.33377360589432487, 0.04363962420920488, 0.5505981629564017, 0.07198860694006862], [0.026893037819179934, 0.9226951583138567, 0.0014276994527187533, 0.04898410441424452]], "state_values": [-0.20618174026489075, 0.826308639896444, 3.4624994168635195, 4.993610224775935, -0.47435657066103665, -0.2476408469815886, 0.7626941569101172, 2.766210733393637, -1.3972460388600476, -1.8497965455525087, -0.48698346100952555, -0.025087220642469266, -1.084621666786003, -3.8001010629985905, -3.2877847892260808, 1.1839922012932718], "value_grad": [0.036565077954068936, 0.18768619742397652, -0.3575665399042469, -0.023969281655765062, -0.45324732563813797, 0.2497983481676891, 0.3763639423067868, 0.14749640774421602, -0.18092643395385588, -0.14098782681510835, 0.40337037163307876, 0.06517435026690777, -0.34133288835715136, 0.2461276312832532, -0.5066969349479185, 0.9579269027105122], "action_grad": [[0.0, 0.0, 0.0], [0.0, 0.0, 0.0], [0.0, 0.0, 0.0], [0.0, 0.0, 0.0], [0.0, 0.0, 0.0], [0.0, 0.0, 0.0], [0.0, 0.0, 0.0], [0.0, 0.0, 0.0], [0.0, 0.0, 0.0], [0.0, 0.0, 0.0], [0.0, 0.0, 0.0], [0.0, 0.0, 0.0], [0.0, 0.0, 0.0], [0.0, 0.0, 0.0], [0.0, 0.0, 0.0], [0.0, 0.0, 0.0]], "action_params_change": 0, "value_params_change": 0.5010752446145124}
{"iterations": 1, "type_itr": 0, "sub_iteration": 3, "sub_it_time": 35.360888719558716, "total_time": 138.5838794708252, "value_loss": 1.653673328379303, "action_loss": -0.08881122401141911, "action_probs": [[0.13106401884072746, 0.003878898553876943, 0.8401912450236655, 0.024865837581730263], [0.3399483579933342, 0.6310956398856037, 0.010137074526600133, 0.01881892759446188], [0.11969996909601834, 0.017011916114949545, 0.7558637678190461, 0.10742434696998629], [0.4456817345461011, 0.13052677460730883, 0.3277912834086591, 0.09600020743793085], [0.0005193105636435192, 0.8888868468030864, 6.457404221646842e-05, 0.11052926859105368], [0.48834594340663134, 0.020506377818534555, 0.47135478514824436, 0.01979289362658976], [0.2869412897862895, 0.013396101654016826, 0.6684552008412208, 0.03120740771847292], [0.550114246858068, 0.1296683488400929, 0.2591360198291529, 0.06108138447268616], [0.178000429112877, 0.041856640014679786, 0.631618428353128, 0.14852450251931523], [0.19036195911009557, 0.40976134347556037, 0.1268427857980145, 0.27303391161632945], [0.32841802765034206, 0.3368683284318203, 0.16523109749387288, 0.16948254642396487], [0.5241292517282792, 0.07234925957689974, 0.35457675660957466, 0.048944732085246447], [0.05974861256592882, 0.05105875245058919, 0.47946295118727583, 0.4097296837962062], [0.9460374974182274, 0.051352087575561034, 0.00247601390354894, 0.00013440110266278556], [0.33377360589432487, 0.04363962420920488, 0.5505981629564017, 0.07198860694006862], [0.026893037819179934, 0.9226951583138567, 0.0014276994527187533, 0.04898410441424452]], "state_values": [0.2662452785298666, 0.061051803034752467, 3.1132788062710244, 4.99488741902167, 0.5487145595583103, -0.6979265095512448, -0.08792802658569097, 1.6580379062817976, -2.076459391566093, -0.6621539092795378, 0.3705961772981453, -0.9669480322863198, -2.1111544767425263, -2.9876270650331844, -2.2947652369900986, -0.04248871526854593], "value_grad": [0.012207588261860858, -0.14441725176584663, -0.5433190204120677, -0.009220562281473832, -0.0740392018899394, -0.002107462705191576, -0.1225552882346157, 0.13654951893862655, 0.19201471650185997, -0.10183834406614767, -0.14255203949253348, -0.0014866074818233876, -0.13625153240040389, 0.36252630615799086, -0.5569118873491068, 0.7499681550356581], "action_grad": [[0.0, 0.0, 0.0], [0.0, 0.0, 0.0], [0.0, 0.0, 0.0], [0.0, 0.0, 0.0], [0.0, 0.0, 0.0], [0.0, 0.0, 0.0], [0.0, 0.0, 0.0], [0.0, 0.0, 0.0], [0.0, 0.0, 0.0], [0.0, 0.0, 0.0], [0.0, 0.0, 0.0], [0.0, 0.0, 0.0], [0.0, 0.0, 0.0], [0.0, 0.0, 0.0], [0.0, 0.0, 0.0], [0.0, 0.0, 0.0]], "action_params_change": 0, "value_params_change": 0.4964884074625098}
{"iterations": 1, "type_itr": 0, "sub_iteration": 4, "sub_it_time": 36.62651181221008, "total_time": 175.21204018592834, "value_loss": 1.435877404257608, "action_loss": -0.06344632744986049, "action_probs": [[0.13106401884072746, 0.003878898553876943, 0.8401912450236655, 0.024865837581730263], [0.3399483579933342, 0.6310956398856037, 0.010137074526600133, 0.01881892759446188], [0.11969996909601834, 0.017011916114949545, 0.7558637678190461, 0.10742434696998629], [0.4456817345461011, 0.13052677460730883, 0.3277912834086591, 0.09600020743793085], [0.0005193105636435192, 0.8888868468030864, 6.457404221646842e-05, 0.11052926859105368], [0.48834594340663134, 0.020506377818534555, 0.47135478514824436, 0.01979289362658976], [0.2869412897862895, 0.013396101654016826, 0.6684552008412208, 0.03120740771847292], [0.550114246858068, 0.1296683488400929, 0.2591360198291529, 0.06108138447268616], [0.178000429112877, 0.041856640014679786, 0.631618428353128, 0.14852450251931523], [0.19036195911009557, 0.40976134347556037, 0.1268427857980145, 0.27303391161632945], [0.32841802765034206, 0.3368683284318203, 0.16523109749387288, 0.16948254642396487], [0.5241292517282792, 0.07234925957689974, 0.35457675660957466, 0.048944732085246447], [0.05974861256592882, 0.05105875245058919, 0.47946295118727583, 0.4097296837962062], [0.9460374974182274, 0.051352087575561034, 0.00247601390354894, 0.00013440110266278556], [0.33377360589432487, 0.04363962420920488, 0.5505981629564017, 0.07198860694006862], [0.026893037819179934, 0.9226951583138567, 0.0014276994527187533, 0.04898410441424452]], "state_values": [0.49241462449747864, -0.25782418789649864, 2.510404561253608, 4.975926856848495, 1.2355866380851526, -0.7080737007768608, -0.5653816013807669, 0.46712597604841394, -2.3704769747395624, 0.4667573776673499, 0.8148775075146503, -1.5354955982104244, -2.860284818201831, -1.9960116289932504, -1.1534511160869925, -1.1995164369399458], "value_grad": [-0.015754860388039305, -0.36331459674843414, -0.6503369077897065, 0.008244840605570403, 0.25921142368819505, -0.26065019102101816, -0.47680533203900266, 0.09269313563099457, 0.4279178911521475, -0.038892519578015206, -0.5254514934568715, -0.05621800085736117, 0.06301705490761322, 0.45532128105766345, -0.46354225696594553, 0.3891932915035796], "action_grad": [[0.0, 0.0, 0.0], [0.0, 0.0, 0.0], [0.0, 0.0, 0.0], [0.0, 0.0, 0.0], [0.0, 0.0, 0.0], [0.0, 0.0, 0.0], [0.0, 0.0, 0.0], [0.0, 0.0, 0.0], [0.0, 0.0, 0.0], [0.0, 0.0, 0.0], [0.0, 0.0, 0.0], [0.0, 0.0, 0.0], [0.0, 0.0, 0.0], [0.0, 0.0, 0.0], [0.0, 0.0, 0.0], [0.0, 0.0, 0.0]], "action_params_change": 0, "value_params_change": 0.4888908507334375}
{"iterations": 1, "type_itr": 0, "sub_iteration": 5, "sub_it_time": 38.0978045463562, "total_time": 213.31150436401367, "value_loss": 1.4688606597601377, "action_loss": -0.09031296804930848, "action_probs": [[0.13106401884072746, 0.003878898553876943, 0.8401912450236655, 0.024865837581730263], [0.3399483579933342, 0.6310956398856037, 0.010137074526600133, 0.01881892759446188], [0.11969996909601834, 0.017011916114949545, 0.7558637678190461, 0.10742434696998629], [0.4456817345461011, 0.13052677460730883, 0.3277912834086591, 0.09600020743793085], [0.0005193105636435192, 0.8888868468030864, 6.457404221646842e-05, 0.11052926859105368], [0.48834594340663134, 0.020506377818534555, 0.47135478514824436, 0.01979289362658976], [0.2869412897862895, 0.013396101654016826, 0.6684552008412208, 0.03120740771847292], [0.550114246858068, 0.1296683488400929, 0.2591360198291529, 0.06108138447268616], [0.178000429112877, 0.041856640014679786, 0.631618428353128, 0.14852450251931523], [0.19036195911009557, 0.40976134347556037, 0.1268427857980145, 0.27303391161632945], [0.32841802765034206, 0.3368683284318203, 0.16523109749387288, 0.16948254642396487], [0.5241292517282792, 0.07234925957689974, 0.35457675660957466, 0.048944732085246447], [0.05974861256592882, 0.05105875245058919, 0.47946295118727583, 0.4097296837962062], [0.9460374974182274, 0.051352087575561034, 0.00247601390354894, 0.00013440110266278556], [0.33377360589432487, 0.04363962420920488, 0.5505981629564017, 0.07198860694006862], [0.026893037819179934, 0.9226951583138567, 0.0014276994527187533, 0.04898410441424452]], "state_values": [0.41102298462565884, -0.23946637457515857, 1.7181330759572409, 4.980097084600729, 1.5613235252642308, -0.34586764249360635, -0.7089887028175059, -0.646154128812278, -2.363903846278975, 1.3504754472277012, 0.9203627974677387, -1.7406341195006205, -3.303471447170045, -0.8655472183442335, 0.007193566891823249, -2.1349919450617283], "value_grad": [-0.029037806564968793, -0.40625591492105073, -0.6309547665020461, 0.017983894842336534, 0.44241104637271533, -0.37768098100057323, -0.6140431931798986, 0.02756002522186729, 0.5332178036938213, 0.02753846949612493, -0.63254426525333, -0.08659396480859116, 0.21634288689612458, 0.4892878099772311, -0.22098745732127556, -0.034988388694634276], "action_grad": [[0.0, 0.0, 0.0], [0.0, 0.0, 0.0], [0.0, 0.0, 0.0], [0.0, 0.0, 0.0], [0.0, 0.0, 0.0], [0.0, 0.0, 0.0], [0.0, 0.0, 0.0], [0.0, 0.0, 0.0], [0.0, 0.0, 0.0], [0.0, 0.0, 0.0], [0.0, 0.0, 0.0], [0.0, 0.0, 0.0], [0.0, 0.0, 0.0], [0.0, 0.0, 0.0], [0.0, 0.0, 0.0], [0.0, 0.0, 0.0]], "action_params_change": 0, "value_params_change": 0.4733215411388869}
{"iterations": 1, "type_itr": 0, "sub_iteration": 6, "sub_it_time": 29.815753936767578, "total_time": 243.12885117530823, "value_loss": 1.4716695336403907, "action_loss": -0.1458567306030395, "action_probs": [[0.13106401884072746, 0.003878898553876943, 0.8401912450236655, 0.024865837581730263], [0.3399483579933342, 0.6310956398856037, 0.010137074526600133, 0.01881892759446188], [0.11969996909601834, 0.017011916114949545, 0.7558637678190461, 0.10742434696998629], [0.4456817345461011, 0.13052677460730883, 0.3277912834086591, 0.09600020743793085], [0.0005193105636435192, 0.8888868468030864, 6.457404221646842e-05, 0.11052926859105368], [0.48834594340663134, 0.020506377818534555, 0.47135478514824436, 0.01979289362658976], [0.2869412897862895, 0.013396101654016826, 0.6684552008412208, 0.03120740771847292], [0.550114246858068, 0.1296683488400929, 0.2591360198291529, 0.06108138447268616], [0.178000429112877, 0.041856640014679786, 0.631618428353128, 0.14852450251931523], [0.19036195911009557, 0.40976134347556037, 0.1268427857980145, 0.27303391161632945], [0.32841802765034206, 0.3368683284318203, 0.16523109749387288, 0.16948254642396487], [0.5241292517282792, 0.07234925957689974, 0.35457675660957466, 0.048944732085246447], [0.05974861256592882, 0.05105875245058919, 0.47946295118727583, 0.4097296837962062], [0.9460374974182274, 0.051352087575561034, 0.00247601390354894, 0.00013440110266278556], [0.33377360589432487, 0.04363962420920488, 0.5505981629564017, 0.07198860694006862], [0.026893037819179934, 0.9226951583138567, 0.0014276994527187533, 0.04898410441424452]], "state_values": [0.14304965776273285, -0.03389304714415573, 0.8121900367951206, 4.9960767311781025, 1.606363990835244, 0.22814367568589522, -0.6232725540066889, -1.498888701455358, -2.1389370972585806, 1.8911018701817512, 0.8140262186579011, -1.6699501086990223, -3.4841996862332993, 0.33873893326571436, 0.962604569642796, -2.754500277014884], "value_grad": [-0.024274090465269627, -0.310777790658628, -0.45590146107855545, 0.016333571692436877, 0.49584001525412313, -0.34491159157158213, -0.576814124800779, -0.03796891969656624, 0.5517311657265749, 0.07705258004565452, -0.5414938015852011, -0.09669491899130622, 0.321567344888426, 0.4217371852384695, 0.08929977022647151, -0.39811290243025854], "action_grad": [[0.0, 0.0, 0.0], [0.0, 0.0, 0.0], [0.0, 0.0, 0.0], [0.0, 0.0, 0.0], [0.0, 0.0, 0.0], [0.0, 0.0, 0.0], [0.0, 0.0, 0.0], [0.0, 0.0, 0.0], [0.0, 0.0, 0.0], [0.0, 0.0, 0.0], [0.0, 0.0, 0.0], [0.0, 0.0, 0.0], [0.0, 0.0, 0.0], [0.0, 0.0, 0.0], [0.0, 0.0, 0.0], [0.0, 0.0, 0.0]], "action_params_change": 0, "value_params_change": 0.48357125015051317}
{"iterations": 1, "type_itr": 0, "sub_iteration": 7, "sub_it_time": 35.1848509311676, "total_time": 278.3152918815613, "value_loss": 1.5063102563480695, "action_loss": -0.2085086451008818, "action_probs": [[0.13106401884072746, 0.003878898553876943, 0.8401912450236655, 0.024865837581730263], [0.3399483579933342, 0.6310956398856037, 0.010137074526600133, 0.01881892759446188], [0.11969996909601834, 0.017011916114949545, 0.7558637678190461, 0.10742434696998629], [0.4456817345461011, 0.13052677460730883, 0.3277912834086591, 0.09600020743793085], [0.0005193105636435192, 0.8888868468030864, 6.457404221646842e-05, 0.11052926859105368], [0.48834594340663134, 0.020506377818534555, 0.47135478514824436, 0.01979289362658976], [0.2869412897862895, 0.013396101654016826, 0.6684552008412208, 0.03120740771847292], [0.550114246858068, 0.1296683488400929, 0.2591360198291529, 0.06108138447268616], [0.178000429112877, 0.041856640014679786, 0.631618428353128, 0.14852450251931523], [0.19036195911009557, 0.40976134347556037, 0.1268427857980145, 0.27303391161632945], [0.32841802765034206, 0.3368683284318203, 0.16523109749387288, 0.16948254642396487], [0.5241292517282792, 0.07234925957689974, 0.35457675660957466, 0.048944732085246447], [0.05974861256592882, 0.05105875245058919, 0.47946295118727583, 0.4097296837962062], [0.9460374974182274, 0.051352087575561034, 0.00247601390354894, 0.00013440110266278556], [0.33377360589432487, 0.04363962420920488, 0.5505981629564017, 0.07198860694006862], [0.026893037819179934, 0.9226951583138567, 0.0014276994527187533, 0.04898410441424452]], "state_values": [-0.16030841392196973, 0.22671815826574943, -0.07728958759348775, 4.998812966465884, 1.4549358687777625, 0.8695299137441745, -0.40346299621182824, -2.0104909222607916, -1.7550048113620855, 2.1177711101118284, 0.5989640170744096, -1.4013612432648395, -3.452109016665095, 1.5005722008541809, 1.5473133787654112, -3.073253182041727], "value_grad": [-0.008473410382457969, -0.1360674999689142, -0.15186384206164671, 0.007220115848677988, 0.4641197856741601, -0.1938308893297509, -0.4322303922571249, -0.08473661695803325, 0.5048185633785063, 0.10373892230662385, -0.3553674696849147, -0.09327588669889408, 0.4027976153681132, 0.2304594797130457, 0.33436305142145994, -0.6311055115522866], "action_grad": [[0.0, 0.0, 0.0], [0.0, 0.0, 0.0], [0.0, 0.0, 0.0], [0.0, 0.0, 0.0], [0.0, 0.0, 0.0], [0.0, 0.0, 0.0], [0.0, 0.0, 0.0], [0.0, 0.0, 0.0], [0.0, 0.0, 0.0], [0.0, 0.0, 0.0], [0.0, 0.0, 0.0], [0.0, 0.0, 0.0], [0.0, 0.0, 0.0], [0.0, 0.0, 0.0], [0.0, 0.0, 0.0], [0.0, 0.0, 0.0]], "action_params_change": 0, "value_params_change": 0.47402580762836877}
{"iterations": 1, "type_itr": 0, "sub_iteration": 8, "sub_it_time": 35.28783988952637, "total_time": 313.60477781295776, "value_loss": 1.6501294859729307, "action_loss": -0.2690277674046389, "action_probs": [[0.13106401884072746, 0.003878898553876943, 0.8401912450236655, 0.024865837581730263], [0.3399483579933342, 0.6310956398856037, 0.010137074526600133, 0.01881892759446188], [0.11969996909601834, 0.017011916114949545, 0.7558637678190461, 0.10742434696998629], [0.4456817345461011, 0.13052677460730883, 0.3277912834086591, 0.09600020743793085], [0.0005193105636435192, 0.8888868468030864, 6.457404221646842e-05, 0.11052926859105368], [0.48834594340663134, 0.020506377818534555, 0.47135478514824436, 0.01979289362658976], [0.2869412897862895, 0.013396101654016826, 0.6684552008412208, 0.03120740771847292], [0.550114246858068, 0.1296683488400929, 0.2591360198291529, 0.06108138447268616], [0.178000429112877, 0.041856640014679786, 0.631618428353128, 0.14852450251931523], [0.19036195911009557, 0.40976134347556037, 0.1268427857980145, 0.27303391161632945], [0.32841802765034206, 0.3368683284318203, 0.16523109749387288, 0.16948254642396487], [0.5241292517282792, 0.07234925957689974, 0.35457675660957466, 0.048944732085246447], [0.05974861256592882, 0.05105875245058919, 0.47946295118727583, 0.4097296837962062], [0.9460374974182274, 0.051352087575561034, 0.00247601390354894, 0.00013440110266278556], [0.33377360589432487, 0.04363962420920488, 0.5505981629564017, 0.07198860694006862], [0.026893037819179934, 0.9226951583138567, 0.0014276994527187533, 0.04898410441424452]], "state_values": [-0.3525294527652065, 0.4256909745070401, -0.7687612345126595, 4.989002388691117, 1.1759609801081266, 1.409232237062297, -0.13040715370757366, -2.218881856902293, -1.2646198675740372, 2.0997960973529075, 0.35868577773380517, -0.9962268795894591, -3.2330205315857454, 2.4422370410632697, 1.7840322240687532, -3.1543455010250687], "value_grad": [0.009494721204237777, 0.054102800651201655, 0.19480456142421954, -0.0039684836753062225, 0.37279129970209857, 0.023216511983170873, -0.23742297766330855, -0.10908260416768467, 0.4000287836745766, 0.11368272862642814, -0.14332217342264952, -0.07971400394530592, 0.47832400996102753, -0.03657801627738366, 0.44959757644674214, -0.7560574511799085], "action_grad": [[0.0, 0.0, 0.0], [0.0, 0.0, 0.0], [0.0, 0.0, 0.0], [0.0, 0.0, 0.0], [0.0, 0.0, 0.0], [0.0, 0.0, 0.0], [0.0, 0.0, 0.0], [0.0, 0.0, 0.0], [0.0, 0.0, 0.0], [0.0, 0.0, 0.0], [0.0, 0.0, 0.0], [0.0, 0.0, 0.0], [0.0, 0.0, 0.0], [0.0, 0.0, 0.0], [0.0, 0.0, 0.0], [0.0, 0.0, 0.0]], "action_params_change": 0, "value_params_change": 0.41099391675739305}
{"iterations": 1, "type_itr": 0, "sub_iteration": 9, "sub_it_time": 39.032222032547, "total_time": 352.6386225223541, "value_loss": 1.8706562361337231, "action_loss": -0.32882176073013064, "action_probs": [[0.13106401884072746, 0.003878898553876943, 0.8401912450236655, 0.024865837581730263], [0.3399483579933342, 0.6310956398856037, 0.010137074526600133, 0.01881892759446188], [0.11969996909601834, 0.017011916114949545, 0.7558637678190461, 0.10742434696998629], [0.4456817345461011, 0.13052677460730883, 0.3277912834086591, 0.09600020743793085], [0.0005193105636435192, 0.8888868468030864, 6.457404221646842e-05, 0.11052926859105368], [0.48834594340663134, 0.020506377818534555, 0.47135478514824436, 0.01979289362658976], [0.2869412897862895, 0.013396101654016826, 0.6684552008412208, 0.03120740771847292], [0.550114246858068, 0.1296683488400929, 0.2591360198291529, 0.06108138447268616], [0.178000429112877, 0.041856640014679786, 0.631618428353128, 0.14852450251931523], [0.19036195911009557, 0.40976134347556037, 0.1268427857980145, 0.27303391161632945], [0.32841802765034206, 0.3368683284318203, 0.16523109749387288, 0.16948254642396487], [0.5241292517282792, 0.07234925957689974, 0.35457675660957466, 0.048944732085246447], [0.05974861256592882, 0.05105875245058919, 0.47946295118727583, 0.4097296837962062], [0.9460374974182274, 0.051352087575561034, 0.00247601390354894, 0.00013440110266278556], [0.33377360589432487, 0.04363962420920488, 0.5505981629564017, 0.07198860694006862], [0.026893037819179934, 0.9226951583138567, 0.0014276994527187533, 0.04898410441424452]], "state_values": [-0.36113340253194703, 0.4892337514445839, -1.142389763512355, 4.985502491212864, 0.8318902811052941, 1.6959521511898674, 0.1274504595064269, -2.191593238478312, -0.7266465122347284, 1.894390193883621, 0.16136995916962063, -0.5123933343846597, -2.835446613998311, 3.037556571783822, 1.761779362055735, -3.047489782128085], "value_grad": [0.020838309774940722, 0.19457824696927517, 0.47228150423360216, -0.012111924587974388, 0.24099334088293634, 0.22955480960645636, -0.04209603930041972, -0.11783060088337183, 0.24916603839000362, 0.11292589873582637, 0.05224479833910278, -0.05785104931709251, 0.5466668384934918, -0.2715670390814484, 0.4685930860524521, -0.8237867045023306], "action_grad": [[0.0, 0.0, 0.0], [0.0, 0.0, 0.0], [0.0, 0.0, 0.0], [0.0, 0.0, 0.0], [0.0, 0.0, 0.0], [0.0, 0.0, 0.0], [0.0, 0.0, 0.0], [0.0, 0.0, 0.0], [0.0, 0.0, 0.0], [0.0, 0.0, 0.0], [0.0, 0.0, 0.0], [0.0, 0.0, 0.0], [0.0, 0.0, 0.0], [0.0, 0.0, 0.0], [0.0, 0.0, 0.0], [0.0, 0.0, 0.0]], "action_params_change": 0, "value_params_change": 0.2852282094497163}
{"iterations": 1, "type_itr": 0, "sub_iteration": 10, "sub_it_time": 27.763474702835083, "total_time": 380.40366411209106, "value_loss": 1.9875630206999884, "action_loss": -0.388360798498565, "action_probs": [[0.13106401884072746, 0.003878898553876943, 0.8401912450236655, 0.024865837581730263], [0.3399483579933342, 0.6310956398856037, 0.010137074526600133, 0.01881892759446188], [0.11969996909601834, 0.017011916114949545, 0.7558637678190461, 0.10742434696998629], [0.4456817345461011, 0.13052677460730883, 0.3277912834086591, 0.09600020743793085], [0.0005193105636435192, 0.8888868468030864, 6.457404221646842e-05, 0.11052926859105368], [0.48834594340663134, 0.020506377818534555, 0.47135478514824436, 0.01979289362658976], [0.2869412897862895, 0.013396101654016826, 0.6684552008412208, 0.03120740771847292], [0.550114246858068, 0.1296683488400929, 0.2591360198291529, 0.06108138447268616], [0.178000429112877, 0.041856640014679786, 0.631618428353128, 0.14852450251931523], [0.19036195911009557, 0.40976134347556037, 0.1268427857980145, 0.27303391161632945], [0.32841802765034206, 0.3368683284318203, 0.16523109749387288, 0.16948254642396487], [0.5241292517282792, 0.07234925957689974, 0.35457675660957466, 0.048944732085246447], [0.05974861256592882, 0.05105875245058919, 0.47946295118727583, 0.4097296837962062], [0.9460374974182274, 0.051352087575561034, 0.00247601390354894, 0.00013440110266278556], [0.33377360589432487, 0.04363962420920488, 0.5505981629564017, 0.07198860694006862], [0.026893037819179934, 0.9226951583138567, 0.0014276994527187533, 0.04898410441424452]], "state_values": [-0.21384503638907712, 0.4075733268657138, -1.2084707059119257, 4.993007429007266, 0.4829346108449418, 1.6928360222781231, 0.3200419688391863, -1.9816995132706858, -0.2081083078197589, 1.5444628217521432, 0.05231957913468286, -0.012342392684516663, -2.266188704885942, 3.3076444978873822, 1.5543053597630534, -2.7795936027869033], "value_grad": [0.02134426162049241, 0.24862701405206744, 0.6229795461466081, -0.013919615992353584, 0.09519029737557805, 0.365708855807539, 0.1155821518913629, -0.11672980004900557, 0.07693912374466594, 0.1038891129737225, 0.19883763630565543, -0.030203702934578747, 0.5903772515384906, -0.4198474292105534, 0.4315553729680539, -0.8602586713621152], "action_grad": [[0.0, 0.0, 0.0], [0.0, 0.0, 0.0], [0.0, 0.0, 0.0], [0.0, 0.0, 0.0], [0.0, 0.0, 0.0], [0.0, 0.0, 0.0], [0.0, 0.0, 0.0], [0.0, 0.0, 0.0], [0.0, 0.0, 0.0], [0.0, 0.0, 0.0], [0.0, 0.0, 0.0], [0.0, 0.0, 0.0], [0.0, 0.0, 0.0], [0.0, 0.0, 0.0], [0.0, 0.0, 0.0], [0.0, 0.0, 0.0]], "action_params_change": 0, "value_params_change": 0.26514690048527445}
{"iterations": 1, "type_itr": 0, "sub_iteration": 11, "sub_it_time": 25.61938762664795, "total_time": 406.02467823028564, "value_loss": 1.8717433084925068, "action_loss": -0.4442514082536794, "action_probs": [[0.13106401884072746, 0.003878898553876943, 0.8401912450236655, 0.024865837581730263], [0.3399483579933342, 0.6310956398856037, 0.010137074526600133, 0.01881892759446188], [0.11969996909601834, 0.017011916114949545, 0.7558637678190461, 0.10742434696998629], [0.4456817345461011, 0.13052677460730883, 0.3277912834086591, 0.09600020743793085], [0.0005193105636435192, 0.8888868468030864, 6.457404221646842e-05, 0.11052926859105368], [0.48834594340663134, 0.020506377818534555, 0.47135478514824436, 0.01979289362658976], [0.2869412897862895, 0.013396101654016826, 0.6684552008412208, 0.03120740771847292], [0.550114246858068, 0.1296683488400929, 0.2591360198291529, 0.06108138447268616], [0.178000429112877, 0.041856640014679786, 0.631618428353128, 0.14852450251931523], [0.19036195911009557, 0.40976134347556037, 0.1268427857980145, 0.27303391161632945], [0.32841802765034206, 0.3368683284318203, 0.16523109749387288, 0.16948254642396487], [0.5241292517282792, 0.07234925957689974, 0.35457675660957466, 0.048944732085246447], [0.05974861256592882, 0.05105875245058919, 0.47946295118727583, 0.4097296837962062], [0.9460374974182274, 0.051352087575561034, 0.00247601390354894, 0.00013440110266278556], [0.33377360589432487, 0.04363962420920488, 0.5505981629564017, 0.07198860694006862], [0.026893037819179934, 0.9226951583138567, 0.0014276994527187533, 0.04898410441424452]], "state_values": [0.008031524835488132, 0.21676392616598952, -1.0329428307962394, 4.999715796465403, 0.181744422961526, 1.4427874128391376, 0.42251649052469226, -1.6284996994409147, 0.22848078068549996, 1.0892139436453792, 0.04617673811721985, 0.43907801122762713, -1.5426007993494593, 3.3245469670209933, 1.2203341729919672, -2.3661061699917134], "value_grad": [0.012660499449842266, 0.219314356747063, 0.6567334732053312, -0.009647282192376316, -0.03668364217795572, 0.42445745862998674, 0.2135921552809681, -0.10781491459715431, -0.08172625998763028, 0.08704653193938405, 0.27324348510620533, -0.0007313870537823952, 0.5877458200363563, -0.5117154901116168, 0.3510478875237859, -0.8631447522049189], "action_grad": [[0.0, 0.0, 0.0], [0.0, 0.0, 0.0], [0.0, 0.0, 0.0], [0.0, 0.0, 0.0], [0.0, 0.0, 0.0], [0.0, 0.0, 0.0], [0.0, 0.0, 0.0], [0.0, 0.0, 0.0], [0.0, 0.0, 0.0], [0.0, 0.0, 0.0], [0.0, 0.0, 0.0], [0.0, 0.0, 0.0], [0.0, 0.0, 0.0], [0.0, 0.0, 0.0], [0.0, 0.0, 0.0], [0.0, 0.0, 0.0]], "action_params_change": 0, "value_params_change": 0.3135146636774264}
{"iterations": 1, "type_itr": 0, "sub_iteration": 12, "sub_it_time": 37.40415167808533, "total_time": 443.4304141998291, "value_loss": 1.5453679184983198, "action_loss": -0.49116061461769833, "action_probs": [[0.13106401884072746, 0.003878898553876943, 0.8401912450236655, 0.024865837581730263], [0.3399483579933342, 0.6310956398856037, 0.010137074526600133, 0.01881892759446188], [0.11969996909601834, 0.017011916114949545, 0.7558637678190461, 0.10742434696998629], [0.4456817345461011, 0.13052677460730883, 0.3277912834086591, 0.09600020743793085], [0.0005193105636435192, 0.8888868468030864, 6.457404221646842e-05, 0.11052926859105368], [0.48834594340663134, 0.020506377818534555, 0.47135478514824436, 0.01979289362658976], [0.2869412897862895, 0.013396101654016826, 0.6684552008412208, 0.03120740771847292], [0.550114246858068, 0.1296683488400929, 0.2591360198291529, 0.06108138447268616], [0.178000429112877, 0.041856640014679786, 0.631618428353128, 0.14852450251931523], [0.19036195911009557, 0.40976134347556037, 0.1268427857980145, 0.27303391161632945], [0.32841802765034206, 0.3368683284318203, 0.16523109749387288, 0.16948254642396487], [0.5241292517282792, 0.07234925957689974, 0.35457675660957466, 0.048944732085246447], [0.05974861256592882, 0.05105875245058919, 0.47946295118727583, 0.4097296837962062], [0.9460374974182274, 0.051352087575561034, 0.00247601390354894, 0.00013440110266278556], [0.33377360589432487, 0.04363962420920488, 0.5505981629564017, 0.07198860694006862], [0.026893037819179934, 0.9226951583138567, 0.0014276994527187533, 0.04898410441424452]], "state_values": [0.20463300363604875, -0.0246964835419358, -0.6825364673168126, 4.997481030893815, -0.03743950178722253, 1.0028265417332993, 0.4351162470646488, -1.1683370189366131, 0.544568447800127, 0.5726397097223541, 0.12882046675229852, 0.7868057819422226, -0.7008998111523086, 3.1342487396138914, 0.8183365728520374, -1.823736762528171], "value_grad": [-0.00047593394170508674, 0.1304009656450491, 0.5976657912998526, -0.0019413322000789712, -0.1309458731040638, 0.415613674097995, 0.2453259556532812, -0.09124017962471354, -0.19443037320829726, 0.06299485273555838, 0.26763650332596467, 0.025918501056272802, 0.5212165264615067, -0.5851138606618307, 0.23088098482850072, -0.8154921247727809], "action_grad": [[0.0, 0.0, 0.0], [0.0, 0.0, 0.0], [0.0, 0.0, 0.0], [0.0, 0.0, 0.0], [0.0, 0.0, 0.0], [0.0, 0.0, 0.0], [0.0, 0.0, 0.0], [0.0, 0.0, 0.0], [0.0, 0.0, 0.0], [0.0, 0.0, 0.0], [0.0, 0.0, 0.0], [0.0, 0.0, 0.0], [0.0, 0.0, 0.0], [0.0, 0.0, 0.0], [0.0, 0.0, 0.0], [0.0, 0.0, 0.0]], "action_params_change": 0, "value_params_change": 0.34598747537434393}
{"iterations": 1, "type_itr": 0, "sub_iteration": 13, "sub_it_time": 36.78348255157471, "total_time": 480.21561908721924, "value_loss": 1.122332861971081, "action_loss": -0.5235451438980753, "action_probs": [[0.13106401884072746, 0.003878898553876943, 0.8401912450236655, 0.024865837581730263], [0.3399483579933342, 0.6310956398856037, 0.010137074526600133, 0.01881892759446188], [0.11969996909601834, 0.017011916114949545, 0.7558637678190461, 0.10742434696998629], [0.4456817345461011, 0.13052677460730883, 0.3277912834086591, 0.09600020743793085], [0.0005193105636435192, 0.8888868468030864, 6.457404221646842e-05, 0.11052926859105368], [0.48834594340663134, 0.020506377818534555, 0.47135478514824436, 0.01979289362658976], [0.2869412897862895, 0.013396101654016826, 0.6684552008412208, 0.03120740771847292], [0.550114246858068, 0.1296683488400929, 0.2591360198291529, 0.06108138447268616], [0.178000429112877, 0.041856640014679786, 0.631618428353128, 0.14852450251931523], [0.19036195911009557, 0.40976134347556037, 0.1268427857980145, 0.27303391161632945], [0.32841802765034206, 0.3368683284318203, 0.16523109749387288, 0.16948254642396487], [0.5241292517282792, 0.07234925957689974, 0.35457675660957466, 0.048944732085246447], [0.05974861256592882, 0.05105875245058919, 0.47946295118727583, 0.4097296837962062], [0.9460374974182274, 0.051352087575561034, 0.00247601390354894, 0.00013440110266278556], [0.33377360589432487, 0.04363962420920488, 0.5505981629564017, 0.07198860694006862], [0.026893037819179934, 0.9226951583138567, 0.0014276994527187533, 0.04898410441424452]], "state_values": [0.2938835328711627, -0.25032333611751556, -0.22021628528984621, 4.991916169628032, -0.16672627477844232, 0.43413707887394987, 0.3765645901218811, -0.643037683808761, 0.7340470627493755, 0.04628282458720372, 0.2658279835821979, 0.9984706635117199, 0.19872305301811316, 2.7552485385938486, 0.41423328510634133, -1.1798899388578146], "value_grad": [-0.012116045249558338, 0.013938649722233798, 0.465874296621795, 0.00578314071017183, -0.1706180016504668, 0.34076406478006493, 0.2177982188083638, -0.0673170480494294, -0.24492373740239137, 0.03371037652219844, 0.19116436687848015, 0.046043885249410055, 0.3861168598948199, -0.6494416778895915, 0.08361715703849604, -0.7008678134250343], "action_grad": [[0.0, 0.0, 0.0], [0.0, 0.0, 0.0], [0.0, 0.0, 0.0], [0.0, 0.0, 0.0], [0.0, 0.0, 0.0], [0.0, 0.0, 0.0], [0.0, 0.0, 0.0], [0.0, 0.0, 0.0], [0.0, 0.0, 0.0], [0.0, 0.0, 0.0], [0.0, 0.0, 0.0], [0.0, 0.0, 0.0], [0.0, 0.0, 0.0], [0.0, 0.0, 0.0], [0.0, 0.0, 0.0], [0.0, 0.0, 0.0]], "action_params_change": 0, "value_params_change": 0.36079650193643076}
