{"iterations": 0, "type_itr": 0, "sub_iteration": 0, "sub_it_time": 0, "total_time": 0, "value_loss": 0, "action_loss": 0, "action_probs": [[0.03430487380965187, 0.9651148292620095, 1.991857158468964e-05, 0.0005603783567538486], [0.9574486808534751, 0.02028209981439872, 0.021807265450532815, 0.00046195388159345424], [0.007004636256872926, 0.12150290470002406, 0.04750295298430917, 0.8239895060587938], [0.6149072712780942, 0.008493907459555007, 0.37146762221063057, 0.005131199051720238], [0.11179021340958462, 0.000702929377511144, 0.8819611445834844, 0.005545712629419949], [0.04977938190837003, 0.7545187494074724, 0.012112322137902334, 0.18358954654625514], [6.808825723424068e-05, 0.35632153466272265, 0.00012296179825385903, 0.6434874152817894], [0.7892668687774961, 0.043567363520432056, 0.15842096412987314, 0.008744803572198675], [0.3161064143671097, 0.6823295010345038, 0.0004951916958674616, 0.0010688929025188141], [0.5576863708654327, 0.4098226625050834, 0.018728268822858204, 0.013762697806625621], [0.8631190959188387, 0.04122875120228184, 0.09129142063900081, 0.004360732239878684], [0.6457781040458526, 0.046352910558098384, 0.28725060066459535, 0.020618384731453544], [0.03193260718513363, 0.5949641335914984, 0.019004979674185293, 0.35409827954918277], [0.28408420050876326, 0.050894500503688656, 0.5639822575977873, 0.10103904138976086], [0.029226857663985733, 0.00026295078911203073, 0.9618564757686391, 0.00865371577826301], [0.2459993438781064, 0.6158811589326681, 0.03942229296812753, 0.0986972042210979]], "state_values": [-2.8571193863717297, -4.9995319779249, -1.5043262283353513, 1.445554101663129, -2.28059342496378, -0.5773981126461473, 3.578439239195153, -4.85224688963157, 1.7843478145373126, -0.0296921855247726, 4.996722012582856, 2.631416835157276, 4.343286609788517, 4.1541069038375715, -4.2786334732452325, 4.610532597529642], "value_grad": [0.0, 0.0, 0.0, 0.0, 0.0, 0.0, 0.0, 0.0, 0.0, 0.0, 0.0, 0.0, 0.0, 0.0, 0.0, 0.0], "action_grad": [[0.0, 0.0, 0.0], [0.0, 0.0, 0.0], [0.0, 0.0, 0.0], [0.0, 0.0, 0.0], [0.0, 0.0, 0.0], [0.0, 0.0, 0.0], [0.0, 0.0, 0.0], [0.0, 0.0, 0.0], [0.0, 0.0, 0.0], [0.0, 0.0, 0.0], [0.0, 0.0, 0.0], [0.0, 0.0, 0.0], [0.0, 0.0, 0.0], [0.0, 0.0, 0.0], [0.0, 0.0, 0.0], [0.0, 0.0, 0.0]], "action_params_change": 0, "value_params_change": 0}
{"iterations": 1, "type_itr": 0, "sub_iteration": 0, "sub_it_time": 0.4334375858306885, "total_time": 0.4352715015411377, "value_loss": 10.989610874165104, "action_loss": -0.10314678788850865, "action_probs": [[0.03430487380965187, 0.9651148292620095, 1.991857158468964e-05, 0.0005603783567538486], [0.9574486808534751, 0.02028209981439872, 0.021807265450532815, 0.00046195388159345424], [0.007004636256872926, 0.12150290470002406, 0.04750295298430917, 0.8239895060587938], [0.6149072712780942, 0.008493907459555007, 0.37146762221063057, 0.005131199051720238], [0.11179021340958462, 0.000702929377511144, 0.8819611445834844, 0.005545712629419949], [0.04977938190837003, 0.7545187494074724, 0.012112322137902334, 0.18358954654625514], [6.808825723424068e-05, 0.35632153466272265, 0.00012296179825385903, 0.6434874152817894], [0.7892668687774961, 0.043567363520432056, 0.15842096412987314, 0.008744803572198675], [0.3161064143671097, 0.6823295010345038, 0.0004951916958674616, 0.0010688929025188141], [0.5576863708654327, 0.4098226625050834, 0.018728268822858204, 0.013762697806625621], [0.8631190959188387, 0.04122875120228184, 0.09129142063900081, 0.004360732239878684], [0.6457781040458526, 0.046352910558098384, 0.28725060066459535, 0.020618384731453544], [0.03193260718513363, 0.5949641335914984, 0.019004979674185293, 0.35409827954918277], [0.28408420050876326, 0.050894500503688656, 0.5639822575977873, 0.10103904138976086], [0.029226857663985733, 0.00026295078911203073, 0.9618564757686391, 0.00865371577826301], [0.2459993438781064, 0.6158811589326681, 0.03942229296812753, 0.0986972042210979]], "state_values": [-1.7531319740630833, -4.827183781838891, -0.2778558458908643, 2.584808948774747, -1.1088479573951142, -1.7881920232069628, 2.6032345096212635, -4.402903559565059, 0.5733095114258774, 1.2082219631224211, 4.796600403327607, 1.4977631752422713, 3.595428174674752, 3.33651583985296, -3.505552341636231, 3.988554669335309], "value_grad": [0.13894351421980033, -0.01774122885064422, -0.6926404613264534, 0.3759234896098427, -0.5391298164832339, -0.09129372408954772, -1.3494402518654418, -0.06938379920618587, -0.7018336088131232, 0.0017594775871287993, 0.07141558042776808, -0.13259153024493386, 0.24368650332361774, 0.6554225046354887, 1.3008054365872628, 0.5245786852521519], "action_grad": [[0.0, 0.0, 0.0], [0.0, 0.0, 0.0], [0.0, 0.0, 0.0], [0.0, 0.0, 0.0], [0.0, 0.0, 0.0], [0.0, 0.0, 0.0], [0.0, 0.0, 0.0], [0.0, 0.0, 0.0], [0.0, 0.0, 0.0], [0.0, 0.0, 0.0], [0.0, 0.0, 0.0], [0.0, 0.0, 0.0], [0.0, 0.0, 0.0], [0.0, 0.0, 0.0], [0.0, 0.0, 0.0], [0.0, 0.0, 0.0]], "action_params_change": 0, "value_params_change": 0.4999999962947601}
{"iterations": 1, "type_itr": 0, "sub_iteration": 1, "sub_it_time": 0.1032404899597168, "total_time": 0.5402858257293701, "value_loss": 8.178569835429643, "action_loss": -0.21025686722399956, "action_probs": [[0.03430487380965187, 0.9651148292620095, 1.991857158468964e-05, 0.0005603783567538486], [0.9574486808534751, 0.02028209981439872, 0.021807265450532815, 0.00046195388159345424], [0.007004636256872926, 0.12150290470002406, 0.04750295298430917, 0.8239895060587938], [0.6149072712780942, 0.008493907459555007, 0.37146762221063057, 0.005131199051720238], [0.11179021340958462, 0.000702929377511144, 0.8819611445834844, 0.005545712629419949], [0.04977938190837003, 0.7545187494074724, 0.012112322137902334, 0.18358954654625514], [6.808825723424068e-05, 0.35632153466272265, 0.00012296179825385903, 0.6434874152817894], [0.7892668687774961, 0.043567363520432056, 0.15842096412987314, 0.008744803572198675], [0.3161064143671097, 0.6823295010345038, 0.0004951916958674616, 0.0010688929025188141], [0.5576863708654327, 0.4098226625050834, 0.018728268822858204, 0.013762697806625621], [0.8631190959188387, 0.04122875120228184, 0.09129142063900081, 0.004360732239878684], [0.6457781040458526, 0.046352910558098384, 0.28725060066459535, 0.020618384731453544], [0.03193260718513363, 0.5949641335914984, 0.019004979674185293, 0.35409827954918277], [0.28408420050876326, 0.050894500503688656, 0.5639822575977873, 0.10103904138976086], [0.029226857663985733, 0.00026295078911203073, 0.9618564757686391, 0.00865371577826301], [0.2459993438781064, 0.6158811589326681, 0.03942229296812753, 0.0986972042210979]], "state_values": [-0.5702618816189223, -4.483489056508448, 0.8309775190604785, 3.546981183279138, -0.02544568805566627, -1.0613901102863046, 1.4666308574519185, -3.699377170220274, -0.3201284886680866, 0.3114201319109522, 4.407934357751624, 0.3142793150967125, 2.6297894470596934, 2.3155708029839737, -2.5134606406636273, 3.124634666537111], "value_grad": [0.09729236811952191, -0.3258472105976473, -0.26236308001310427, 0.2783593104845128, -0.18349095065083176, 0.48471226293791325, -1.3309724142484676, -0.12364359726691632, -0.04461213972859568, -0.06947539496604804, 0.5711967295276708, -0.08467926308930451, 0.3436086069145379, 0.5948434781143233, 1.526886469986822, 0.7498901683317323], "action_grad": [[0.0, 0.0, 0.0], [0.0, 0.0, 0.0], [0.0, 0.0, 0.0], [0.0, 0.0, 0.0], [0.0, 0.0, 0.0], [0.0, 0.0, 0.0], [0.0, 0.0, 0.0], [0.0, 0.0, 0.0], [0.0, 0.0, 0.0], [0.0, 0.0, 0.0], [0.0, 0.0, 0.0], [0.0, 0.0, 0.0], [0.0, 0.0, 0.0], [0.0, 0.0, 0.0], [0.0, 0.0, 0.0], [0.0, 0.0, 0.0]], "action_params_change": 0, "value_params_change": 0.5004869474362428}
{"iterations": 1, "type_itr": 0, "sub_iteration": 2, "sub_it_time": 0.10388731956481934, "total_time": 0.6459035873413086, "value_loss": 5.8921314292736575, "action_loss": -0.1915395519971955, "action_probs": [[0.03430487380965187, 0.9651148292620095, 1.991857158468964e-05, 0.0005603783567538486], [0.9574486808534751, 0.02028209981439872, 0.021807265450532815, 0.00046195388159345424], [0.007004636256872926, 0.12150290470002406, 0.04750295298430917, 0.8239895060587938], [0.6149072712780942, 0.008493907459555007, 0.37146762221063057, 0.005131199051720238], [0.11179021340958462, 0.000702929377511144, 0.8819611445834844, 0.005545712629419949], [0.04977938190837003, 0.7545187494074724, 0.012112322137902334, 0.18358954654625514], [6.808825723424068e-05, 0.35632153466272265, 0.00012296179825385903, 0.6434874152817894], [0.7892668687774961, 0.043567363520432056, 0.15842096412987314, 0.008744803572198675], [0.3161064143671097, 0.6823295010345038, 0.0004951916958674616, 0.0010688929025188141], [0.5576863708654327, 0.4098226625050834, 0.018728268822858204, 0.013762697806625621], [0.8631190959188387, 0.04122875120228184, 0.09129142063900081, 0.004360732239878684], [0.6457781040458526, 0.046352910558098384, 0.28725060066459535, 0.020618384731453544], [0.03193260718513363, 0.5949641335914984, 0.019004979674185293, 0.35409827954918277], [0.28408420050876326, 0.050894500503688656, 0.5639822575977873, 0.10103904138976086], [0.029226857663985733, 0.00026295078911203073, 0.9618564757686391, 0.00865371577826301], [0.2459993438781064, 0.6158811589326681, 0.03942229296812753, 0.0986972042210979]], "state_values": [0.5076382155166654, -3.9178333660210125, 1.4759326031035211, 4.2718391223931995, 0.6333048128401568, -0.235432087998323, 0.28503522674350196, -2.7690744877002538, -0.6946127657775197, -0.5707387276443793, 3.7909825185864823, -0.703217909467682, 1.4970270764533593, 1.159432322111938, -1.3650002237767915, 2.063573169001878], "value_grad": [0.033572246450574106, -0.6098444582176761, 0.16695014007055153, 0.18900618578032535, 0.1207645770557697, 0.18922533236349093, -0.8180295344994368, -0.14747812444756825, 0.25605269343902126, -0.018418399905154814, 0.9569366411029403, -0.01858683364319269, 0.37269946978141544, 0.5379193438292402, 1.4260483576819114, 0.8201461765281435], "action_grad": [[0.0, 0.0, 0.0], [0.0, 0.0, 0.0], [0.0, 0.0, 0.0], [0.0, 0.0, 0.0], [0.0, 0.0, 0.0], [0.0, 0.0, 0.0], [0.0, 0.0, 0.0], [0.0, 0.0, 0.0], [0.0, 0.0, 0.0], [0.0, 0.0, 0.0], [0.0, 0.0, 0.0], [0.0, 0.0, 0.0], [0.0, 0.0, 0.0], [0.0, 0.0, 0.0], [0.0, 0.0, 0.0], [0.0, 0.0, 0.0]], "action_params_change": 0, "value_params_change": 0.5004000299939069}
{"iterations": 1, "type_itr": 0, "sub_iteration": 3, "sub_it_time": 0.10341739654541016, "total_time": 0.7509002685546875, "value_loss": 4.111635080470864, "action_loss": -0.1641362584180779, "action_probs": [[0.03430487380965187, 0.9651148292620095, 1.991857158468964e-05, 0.0005603783567538486], [0.9574486808534751, 0.02028209981439872, 0.021807265450532815, 0.00046195388159345424], [0.007004636256872926, 0.12150290470002406, 0.04750295298430917, 0.8239895060587938], [0.6149072712780942, 0.008493907459555007, 0.37146762221063057, 0.005131199051720238], [0.11179021340958462, 0.000702929377511144, 0.8819611445834844, 0.005545712629419949], [0.04977938190837003, 0.7545187494074724, 0.012112322137902334, 0.18358954654625514], [6.808825723424068e-05, 0.35632153466272265, 0.00012296179825385903, 0.6434874152817894], [0.7892668687774961, 0.043567363520432056, 0.15842096412987314, 0.008744803572198675], [0.3161064143671097, 0.6823295010345038, 0.0004951916958674616, 0.0010688929025188141], [0.5576863708654327, 0.4098226625050834, 0.018728268822858204, 0.013762697806625621], [0.8631190959188387, 0.04122875120228184, 0.09129142063900081, 0.004360732239878684], [0.6457781040458526, 0.046352910558098384, 0.28725060066459535, 0.020618384731453544], [0.03193260718513363, 0.5949641335914984, 0.019004979674185293, 0.35409827954918277], [0.28408420050876326, 0.050894500503688656, 0.5639822575977873, 0.10103904138976086], [0.029226857663985733, 0.00026295078911203073, 0.9618564757686391, 0.00865371577826301], [0.2459993438781064, 0.6158811589326681, 0.03942229296812753, 0.0986972042210979]], "state_values": [1.2429973143667934, -3.1381489598231282, 1.6158073409849618, 4.7373971854102415, 0.8614229657792952, 0.13231484417010247, -0.7416954519323344, -1.6613625224733322, -0.6994125333393685, -0.9146233937388718, 2.9565802191057466, -1.3151144733718525, 0.27628460462745097, -0.027906107314979424, -0.15747168623153948, 0.8746342405318862], "value_grad": [-0.02992633961935276, -0.8632574449684127, 0.39416383159018586, 0.11703581811046426, 0.23392288692387098, -0.20892209235418413, -0.13057651305899842, -0.1366284190499476, 0.31192118505070976, 0.03359994870622973, 1.2372941340667065, 0.04125729943816303, 0.29723919204984917, 0.3664176951264526, 1.0218408486836665, 0.7014986119054498], "action_grad": [[0.0, 0.0, 0.0], [0.0, 0.0, 0.0], [0.0, 0.0, 0.0], [0.0, 0.0, 0.0], [0.0, 0.0, 0.0], [0.0, 0.0, 0.0], [0.0, 0.0, 0.0], [0.0, 0.0, 0.0], [0.0, 0.0, 0.0], [0.0, 0.0, 0.0], [0.0, 0.0, 0.0], [0.0, 0.0, 0.0], [0.0, 0.0, 0.0], [0.0, 0.0, 0.0], [0.0, 0.0, 0.0], [0.0, 0.0, 0.0]], "action_params_change": 0, "value_params_change": 0.4992017661701307}
{"iterations": 1, "type_itr": 0, "sub_iteration": 4, "sub_it_time": 0.10409760475158691, "total_time": 0.8568069934844971, "value_loss": 2.74425974209282, "action_loss": -0.16016802846031505, "action_probs": [[0.03430487380965187, 0.9651148292620095, 1.991857158468964e-05, 0.0005603783567538486], [0.9574486808534751, 0.02028209981439872, 0.021807265450532815, 0.00046195388159345424], [0.007004636256872926, 0.12150290470002406, 0.04750295298430917, 0.8239895060587938], [0.6149072712780942, 0.008493907459555007, 0.37146762221063057, 0.005131199051720238], [0.11179021340958462, 0.000702929377511144, 0.8819611445834844, 0.005545712629419949], [0.04977938190837003, 0.7545187494074724, 0.012112322137902334, 0.18358954654625514], [6.808825723424068e-05, 0.35632153466272265, 0.00012296179825385903, 0.6434874152817894], [0.7892668687774961, 0.043567363520432056, 0.15842096412987314, 0.008744803572198675], [0.3161064143671097, 0.6823295010345038, 0.0004951916958674616, 0.0010688929025188141], [0.5576863708654327, 0.4098226625050834, 0.018728268822858204, 0.013762697806625621], [0.8631190959188387, 0.04122875120228184, 0.09129142063900081, 0.004360732239878684], [0.6457781040458526, 0.046352910558098384, 0.28725060066459535, 0.020618384731453544], [0.03193260718513363, 0.5949641335914984, 0.019004979674185293, 0.35409827954918277], [0.28408420050876326, 0.050894500503688656, 0.5639822575977873, 0.10103904138976086], [0.029226857663985733, 0.00026295078911203073, 0.9618564757686391, 0.00865371577826301], [0.2459993438781064, 0.6158811589326681, 0.03942229296812753, 0.0986972042210979]], "state_values": [1.5578546600973306, -2.1627738858166103, 1.4429034137893029, 4.961834592656615, 0.8306245111836378, -0.008918580820655308, -1.4316156337164292, -0.4705253791961536, -0.5035936233540078, -0.7801471706759078, 1.9327705683619183, -1.5022644154454343, -0.8887189341180067, -1.0785448733562926, 0.9662169775161237, -0.3204734227260756], "value_grad": [-0.07134552599473398, -0.9432919888561626, 0.40783051351399546, 0.06320350473170278, 0.2094039485695789, -0.40284004017794395, 0.44403873550255657, -0.09285596400617546, 0.24995189606040524, 0.05328452879211465, 1.2810353516162065, 0.07518745737539101, 0.13462123300846818, 0.07945384932187904, 0.4239819000822145, 0.3966451164710034], "action_grad": [[0.0, 0.0, 0.0], [0.0, 0.0, 0.0], [0.0, 0.0, 0.0], [0.0, 0.0, 0.0], [0.0, 0.0, 0.0], [0.0, 0.0, 0.0], [0.0, 0.0, 0.0], [0.0, 0.0, 0.0], [0.0, 0.0, 0.0], [0.0, 0.0, 0.0], [0.0, 0.0, 0.0], [0.0, 0.0, 0.0], [0.0, 0.0, 0.0], [0.0, 0.0, 0.0], [0.0, 0.0, 0.0], [0.0, 0.0, 0.0]], "action_params_change": 0, "value_params_change": 0.4889348526740682}
{"iterations": 1, "type_itr": 0, "sub_iteration": 5, "sub_it_time": 0.10760879516601562, "total_time": 0.9660370349884033, "value_loss": 1.893742294089502, "action_loss": -0.18796045435845413, "action_probs": [[0.03430487380965187, 0.9651148292620095, 1.991857158468964e-05, 0.0005603783567538486], [0.9574486808534751, 0.02028209981439872, 0.021807265450532815, 0.00046195388159345424], [0.007004636256872926, 0.12150290470002406, 0.04750295298430917, 0.8239895060587938], [0.6149072712780942, 0.008493907459555007, 0.37146762221063057, 0.005131199051720238], [0.11179021340958462, 0.000702929377511144, 0.8819611445834844, 0.005545712629419949], [0.04977938190837003, 0.7545187494074724, 0.012112322137902334, 0.18358954654625514], [6.808825723424068e-05, 0.35632153466272265, 0.00012296179825385903, 0.6434874152817894], [0.7892668687774961, 0.043567363520432056, 0.15842096412987314, 0.008744803572198675], [0.3161064143671097, 0.6823295010345038, 0.0004951916958674616, 0.0010688929025188141], [0.5576863708654327, 0.4098226625050834, 0.018728268822858204, 0.013762697806625621], [0.8631190959188387, 0.04122875120228184, 0.09129142063900081, 0.004360732239878684], [0.6457781040458526, 0.046352910558098384, 0.28725060066459535, 0.020618384731453544], [0.03193260718513363, 0.5949641335914984, 0.019004979674185293, 0.35409827954918277], [0.28408420050876326, 0.050894500503688656, 0.5639822575977873, 0.10103904138976086], [0.029226857663985733, 0.00026295078911203073, 0.9618564757686391, 0.00865371577826301], [0.2459993438781064, 0.6158811589326681, 0.03942229296812753, 0.0986972042210979]], "state_values": [1.5405274350686082, -1.042340062018446, 1.1228234759776021, 4.992188523804606, 0.672759833434294, -0.39538857008607675, -1.7648717973873873, 0.6432620534803611, -0.22436282349691833, -0.39520053309192177, 0.7820928231439292, -1.3809687810500328, -1.7966855131139239, -1.8094147714923727, 1.8523211689465158, -1.3353403962835235], "value_grad": [-0.08772061349872029, -0.7820972769027599, 0.27279669811099816, 0.02273093960098871, 0.13774447964610426, -0.32544913331659253, 0.7625355129864393, -0.02775880169039535, 0.1482307380599015, 0.04566399095543838, 1.0196416587740038, 0.08490854677453008, -0.05967539037230596, -0.22379793412943805, -0.19083195117484308, -0.006860039470537593], "action_grad": [[0.0, 0.0, 0.0], [0.0, 0.0, 0.0], [0.0, 0.0, 0.0], [0.0, 0.0, 0.0], [0.0, 0.0, 0.0], [0.0, 0.0, 0.0], [0.0, 0.0, 0.0], [0.0, 0.0, 0.0], [0.0, 0.0, 0.0], [0.0, 0.0, 0.0], [0.0, 0.0, 0.0], [0.0, 0.0, 0.0], [0.0, 0.0, 0.0], [0.0, 0.0, 0.0], [0.0, 0.0, 0.0], [0.0, 0.0, 0.0]], "action_params_change": 0, "value_params_change": 0.4796575935589642}
{"iterations": 1, "type_itr": 0, "sub_iteration": 6, "sub_it_time": 0.1023108959197998, "total_time": 1.0699946880340576, "value_loss": 1.7241803493887042, "action_loss": -0.24500594579079457, "action_probs": [[0.03430487380965187, 0.9651148292620095, 1.991857158468964e-05, 0.0005603783567538486], [0.9574486808534751, 0.02028209981439872, 0.021807265450532815, 0.00046195388159345424], [0.007004636256872926, 0.12150290470002406, 0.04750295298430917, 0.8239895060587938], [0.6149072712780942, 0.008493907459555007, 0.37146762221063057, 0.005131199051720238], [0.11179021340958462, 0.000702929377511144, 0.8819611445834844, 0.005545712629419949], [0.04977938190837003, 0.7545187494074724, 0.012112322137902334, 0.18358954654625514], [6.808825723424068e-05, 0.35632153466272265, 0.00012296179825385903, 0.6434874152817894], [0.7892668687774961, 0.043567363520432056, 0.15842096412987314, 0.008744803572198675], [0.3161064143671097, 0.6823295010345038, 0.0004951916958674616, 0.0010688929025188141], [0.5576863708654327, 0.4098226625050834, 0.018728268822858204, 0.013762697806625621], [0.8631190959188387, 0.04122875120228184, 0.09129142063900081, 0.004360732239878684], [0.6457781040458526, 0.046352910558098384, 0.28725060066459535, 0.020618384731453544], [0.03193260718513363, 0.5949641335914984, 0.019004979674185293, 0.35409827954918277], [0.28408420050876326, 0.050894500503688656, 0.5639822575977873, 0.10103904138976086], [0.029226857663985733, 0.00026295078911203073, 0.9618564757686391, 0.00865371577826301], [0.2459993438781064, 0.6158811589326681, 0.03942229296812753, 0.0986972042210979]], "state_values": [1.2928765123987518, 0.10985229421309464, 0.813291643621869, 4.889956099728107, 0.4793255184621713, -0.7991989999573883, -1.819363579763691, 1.4969771236225202, 0.05076111554287699, 0.07146932872728978, -0.37158014493526903, -1.0553672031160635, -2.324955882242692, -2.1660707966426775, 2.4244001791581566, -2.0129783696846406], "value_grad": [-0.08684803472895841, -0.41742939703730797, 0.0413003173865345, -0.010198840031289791, 0.05968021812250979, -0.08677178689072318, 0.8672027205570552, 0.03780184420769639, 0.042072838852509786, 0.023345646520213093, 0.5039406319872353, 0.07865069460956686, -0.21876481123918934, -0.44207774204396055, -0.6632495595886794, -0.3666573118849743], "action_grad": [[0.0, 0.0, 0.0], [0.0, 0.0, 0.0], [0.0, 0.0, 0.0], [0.0, 0.0, 0.0], [0.0, 0.0, 0.0], [0.0, 0.0, 0.0], [0.0, 0.0, 0.0], [0.0, 0.0, 0.0], [0.0, 0.0, 0.0], [0.0, 0.0, 0.0], [0.0, 0.0, 0.0], [0.0, 0.0, 0.0], [0.0, 0.0, 0.0], [0.0, 0.0, 0.0], [0.0, 0.0, 0.0], [0.0, 0.0, 0.0]], "action_params_change": 0, "value_params_change": 0.4639610430955172}
{"iterations": 1, "type_itr": 0, "sub_iteration": 7, "sub_it_time": 0.10711860656738281, "total_time": 1.178879737854004, "value_loss": 2.1293161726684438, "action_loss": -0.32119051835481666, "action_probs": [[0.03430487380965187, 0.9651148292620095, 1.991857158468964e-05, 0.0005603783567538486], [0.9574486808534751, 0.02028209981439872, 0.021807265450532815, 0.00046195388159345424], [0.007004636256872926, 0.12150290470002406, 0.04750295298430917, 0.8239895060587938], [0.6149072712780942, 0.008493907459555007, 0.37146762221063057, 0.005131199051720238], [0.11179021340958462, 0.000702929377511144, 0.8819611445834844, 0.005545712629419949], [0.04977938190837003, 0.7545187494074724, 0.012112322137902334, 0.18358954654625514], [6.808825723424068e-05, 0.35632153466272265, 0.00012296179825385903, 0.6434874152817894], [0.7892668687774961, 0.043567363520432056, 0.15842096412987314, 0.008744803572198675], [0.3161064143671097, 0.6823295010345038, 0.0004951916958674616, 0.0010688929025188141], [0.5576863708654327, 0.4098226625050834, 0.018728268822858204, 0.013762697806625621], [0.8631190959188387, 0.04122875120228184, 0.09129142063900081, 0.004360732239878684], [0.6457781040458526, 0.046352910558098384, 0.28725060066459535, 0.020618384731453544], [0.03193260718513363, 0.5949641335914984, 0.019004979674185293, 0.35409827954918277], [0.28408420050876326, 0.050894500503688656, 0.5639822575977873, 0.10103904138976086], [0.029226857663985733, 0.00026295078911203073, 0.9618564757686391, 0.00865371577826301], [0.2459993438781064, 0.6158811589326681, 0.03942229296812753, 0.0986972042210979]], "state_values": [0.8933937912634897, 1.11340693978141, 0.6733919197232232, 4.7196192460439494, 0.3090241498001615, -0.9934666661563041, -1.6738156383793599, 2.0096050461703876, 0.26270334337440915, 0.4580548893967209, -1.3461426672670334, -0.6067807722970611, -2.5076937219281503, -2.208985573063183, 2.7056203319700174, -2.337813349474901], "value_grad": [-0.07400812543238366, 0.02591506231095675, -0.21201851219262124, -0.039347259780203814, -0.0009130320749259901, 0.19319197935305343, 0.8378584800766362, 0.08463919929413555, -0.04202564906014894, -0.004234718668786108, -0.10827143110268311, 0.06113027557664763, -0.31286628099801783, -0.5639820937569948, -0.9509140797565505, -0.600648780474297], "action_grad": [[0.0, 0.0, 0.0], [0.0, 0.0, 0.0], [0.0, 0.0, 0.0], [0.0, 0.0, 0.0], [0.0, 0.0, 0.0], [0.0, 0.0, 0.0], [0.0, 0.0, 0.0], [0.0, 0.0, 0.0], [0.0, 0.0, 0.0], [0.0, 0.0, 0.0], [0.0, 0.0, 0.0], [0.0, 0.0, 0.0], [0.0, 0.0, 0.0], [0.0, 0.0, 0.0], [0.0, 0.0, 0.0], [0.0, 0.0, 0.0]], "action_params_change": 0, "value_params_change": 0.4051836639360702}
{"iterations": 1, "type_itr": 0, "sub_iteration": 8, "sub_it_time": 0.10517477989196777, "total_time": 1.2859442234039307, "value_loss": 2.731030383137608, "action_loss": -0.4023446575662682, "action_probs": [[0.03430487380965187, 0.9651148292620095, 1.991857158468964e-05, 0.0005603783567538486], [0.9574486808534751, 0.02028209981439872, 0.021807265450532815, 0.00046195388159345424], [0.007004636256872926, 0.12150290470002406, 0.04750295298430917, 0.8239895060587938], [0.6149072712780942, 0.008493907459555007, 0.37146762221063057, 0.005131199051720238], [0.11179021340958462, 0.000702929377511144, 0.8819611445834844, 0.005545712629419949], [0.04977938190837003, 0.7545187494074724, 0.012112322137902334, 0.18358954654625514], [6.808825723424068e-05, 0.35632153466272265, 0.00012296179825385903, 0.6434874152817894], [0.7892668687774961, 0.043567363520432056, 0.15842096412987314, 0.008744803572198675], [0.3161064143671097, 0.6823295010345038, 0.0004951916958674616, 0.0010688929025188141], [0.5576863708654327, 0.4098226625050834, 0.018728268822858204, 0.013762697806625621], [0.8631190959188387, 0.04122875120228184, 0.09129142063900081, 0.004360732239878684], [0.6457781040458526, 0.046352910558098384, 0.28725060066459535, 0.020618384731453544], [0.03193260718513363, 0.5949641335914984, 0.019004979674185293, 0.35409827954918277], [0.28408420050876326, 0.050894500503688656, 0.5639822575977873, 0.10103904138976086], [0.029226857663985733, 0.00026295078911203073, 0.9618564757686391, 0.00865371577826301], [0.2459993438781064, 0.6158811589326681, 0.03942229296812753, 0.0986972042210979]], "state_values": [0.41166561310943084, 1.8257451818537964, 0.7773326462348258, 4.53965880192743, 0.18497667042632085, -0.8851466548968754, -1.384651173488576, 2.2188354859388455, 0.3811616904704738, 0.6424769512149746, -2.0010411334964906, -0.11245459363979961, -2.4253051471188956, -2.0121428847473517, 2.754523450890292, -2.375659847877511], "value_grad": [-0.05208904765921085, 0.37570546024975426, -0.3926882276083852, -0.06559605704811311, -0.030242882567709906, 0.38798689849722345, 0.7438725305352691, 0.10904380298622662, -0.09688717394218083, -0.027029414635836524, -0.6268653561489135, 0.035691044921966064, -0.3583731910773098, -0.6125528586967284, -1.0981324216191375, -0.7271783298013705], "action_grad": [[0.0, 0.0, 0.0], [0.0, 0.0, 0.0], [0.0, 0.0, 0.0], [0.0, 0.0, 0.0], [0.0, 0.0, 0.0], [0.0, 0.0, 0.0], [0.0, 0.0, 0.0], [0.0, 0.0, 0.0], [0.0, 0.0, 0.0], [0.0, 0.0, 0.0], [0.0, 0.0, 0.0], [0.0, 0.0, 0.0], [0.0, 0.0, 0.0], [0.0, 0.0, 0.0], [0.0, 0.0, 0.0], [0.0, 0.0, 0.0]], "action_params_change": 0, "value_params_change": 0.2984576602312834}
{"iterations": 1, "type_itr": 0, "sub_iteration": 9, "sub_it_time": 0.10560441017150879, "total_time": 1.3931801319122314, "value_loss": 3.059073946176985, "action_loss": -0.4768335561202932, "action_probs": [[0.03430487380965187, 0.9651148292620095, 1.991857158468964e-05, 0.0005603783567538486], [0.9574486808534751, 0.02028209981439872, 0.021807265450532815, 0.00046195388159345424], [0.007004636256872926, 0.12150290470002406, 0.04750295298430917, 0.8239895060587938], [0.6149072712780942, 0.008493907459555007, 0.37146762221063057, 0.005131199051720238], [0.11179021340958462, 0.000702929377511144, 0.8819611445834844, 0.005545712629419949], [0.04977938190837003, 0.7545187494074724, 0.012112322137902334, 0.18358954654625514], [6.808825723424068e-05, 0.35632153466272265, 0.00012296179825385903, 0.6434874152817894], [0.7892668687774961, 0.043567363520432056, 0.15842096412987314, 0.008744803572198675], [0.3161064143671097, 0.6823295010345038, 0.0004951916958674616, 0.0010688929025188141], [0.5576863708654327, 0.4098226625050834, 0.018728268822858204, 0.013762697806625621], [0.8631190959188387, 0.04122875120228184, 0.09129142063900081, 0.004360732239878684], [0.6457781040458526, 0.046352910558098384, 0.28725060066459535, 0.020618384731453544], [0.03193260718513363, 0.5949641335914984, 0.019004979674185293, 0.35409827954918277], [0.28408420050876326, 0.050894500503688656, 0.5639822575977873, 0.10103904138976086], [0.029226857663985733, 0.00026295078911203073, 0.9618564757686391, 0.00865371577826301], [0.2459993438781064, 0.6158811589326681, 0.03942229296812753, 0.0986972042210979]], "state_values": [-0.07985373315248234, 2.2406440995831995, 1.0902910868496625, 4.394973513409892, 0.09811463704993852, -0.5299939169231731, -0.9929833485227556, 2.192203511646712, 0.3975780551308871, 0.6054994220839177, -2.325567741020109, 0.3475015513375787, -2.13686825540231, -1.6324309644322446, 2.6195349281540348, -2.1889321513645585], "value_grad": [-0.024311783836775902, 0.5450493986935578, -0.4479521700806033, -0.08773892191702704, -0.026671626195465592, 0.44227426825032845, 0.6275414913885005, 0.11782874227459628, -0.12762102064359127, -0.03775648206264037, -0.9563368512092061, 0.006662183063508298, -0.373098426312628, -0.5959896584306432, -1.1515671516333992, -0.7870027460641671], "action_grad": [[0.0, 0.0, 0.0], [0.0, 0.0, 0.0], [0.0, 0.0, 0.0], [0.0, 0.0, 0.0], [0.0, 0.0, 0.0], [0.0, 0.0, 0.0], [0.0, 0.0, 0.0], [0.0, 0.0, 0.0], [0.0, 0.0, 0.0], [0.0, 0.0, 0.0], [0.0, 0.0, 0.0], [0.0, 0.0, 0.0], [0.0, 0.0, 0.0], [0.0, 0.0, 0.0], [0.0, 0.0, 0.0], [0.0, 0.0, 0.0]], "action_params_change": 0, "value_params_change": 0.19679570467882535}
{"iterations": 1, "type_itr": 0, "sub_iteration": 10, "sub_it_time": 0.10138797760009766, "total_time": 1.4961984157562256, "value_loss": 2.9117603523096447, "action_loss": -0.5393116552436614, "action_probs": [[0.03430487380965187, 0.9651148292620095, 1.991857158468964e-05, 0.0005603783567538486], [0.9574486808534751, 0.02028209981439872, 0.021807265450532815, 0.00046195388159345424], [0.007004636256872926, 0.12150290470002406, 0.04750295298430917, 0.8239895060587938], [0.6149072712780942, 0.008493907459555007, 0.37146762221063057, 0.005131199051720238], [0.11179021340958462, 0.000702929377511144, 0.8819611445834844, 0.005545712629419949], [0.04977938190837003, 0.7545187494074724, 0.012112322137902334, 0.18358954654625514], [6.808825723424068e-05, 0.35632153466272265, 0.00012296179825385903, 0.6434874152817894], [0.7892668687774961, 0.043567363520432056, 0.15842096412987314, 0.008744803572198675], [0.3161064143671097, 0.6823295010345038, 0.0004951916958674616, 0.0010688929025188141], [0.5576863708654327, 0.4098226625050834, 0.018728268822858204, 0.013762697806625621], [0.8631190959188387, 0.04122875120228184, 0.09129142063900081, 0.004360732239878684], [0.6457781040458526, 0.046352910558098384, 0.28725060066459535, 0.020618384731453544], [0.03193260718513363, 0.5949641335914984, 0.019004979674185293, 0.35409827954918277], [0.28408420050876326, 0.050894500503688656, 0.5639822575977873, 0.10103904138976086], [0.029226857663985733, 0.00026295078911203073, 0.9618564757686391, 0.00865371577826301], [0.2459993438781064, 0.6158811589326681, 0.03942229296812753, 0.0986972042210979]], "state_values": [-0.5081216917595932, 2.425871962663395, 1.5360495016197218, 4.312080665364724, 0.020533877783460525, -0.01805385898311842, -0.5343073878576994, 1.9828311571551502, 0.3187483147314461, 0.40005007472864745, -2.379075356244849, 0.7013754908550595, -1.683040809193602, -1.119198477661572, 2.333182198828594, -1.820746419077369], "value_grad": [0.004731393423240249, 0.567822349348249, -0.39139791168376536, -0.10390903273073349, -0.0003253853908287141, 0.37119036999998256, 0.499330980956711, 0.116754571232081, -0.13747451222199514, -0.03561679847769694, -1.1268177615824344, -0.0205425594682076, -0.3603362038980795, -0.5139886889994587, -1.1332898351828105, -0.7946180159230942], "action_grad": [[0.0, 0.0, 0.0], [0.0, 0.0, 0.0], [0.0, 0.0, 0.0], [0.0, 0.0, 0.0], [0.0, 0.0, 0.0], [0.0, 0.0, 0.0], [0.0, 0.0, 0.0], [0.0, 0.0, 0.0], [0.0, 0.0, 0.0], [0.0, 0.0, 0.0], [0.0, 0.0, 0.0], [0.0, 0.0, 0.0], [0.0, 0.0, 0.0], [0.0, 0.0, 0.0], [0.0, 0.0, 0.0], [0.0, 0.0, 0.0]], "action_params_change": 0, "value_params_change": 0.21366259256717735}
{"iterations": 1, "type_itr": 0, "sub_iteration": 11, "sub_it_time": 0.10840678215026855, "total_time": 1.6061973571777344, "value_loss": 2.3935911943683443, "action_loss": -0.5893267114413078, "action_probs": [[0.03430487380965187, 0.9651148292620095, 1.991857158468964e-05, 0.0005603783567538486], [0.9574486808534751, 0.02028209981439872, 0.021807265450532815, 0.00046195388159345424], [0.007004636256872926, 0.12150290470002406, 0.04750295298430917, 0.8239895060587938], [0.6149072712780942, 0.008493907459555007, 0.37146762221063057, 0.005131199051720238], [0.11179021340958462, 0.000702929377511144, 0.8819611445834844, 0.005545712629419949], [0.04977938190837003, 0.7545187494074724, 0.012112322137902334, 0.18358954654625514], [6.808825723424068e-05, 0.35632153466272265, 0.00012296179825385903, 0.6434874152817894], [0.7892668687774961, 0.043567363520432056, 0.15842096412987314, 0.008744803572198675], [0.3161064143671097, 0.6823295010345038, 0.0004951916958674616, 0.0010688929025188141], [0.5576863708654327, 0.4098226625050834, 0.018728268822858204, 0.013762697806625621], [0.8631190959188387, 0.04122875120228184, 0.09129142063900081, 0.004360732239878684], [0.6457781040458526, 0.046352910558098384, 0.28725060066459535, 0.020618384731453544], [0.03193260718513363, 0.5949641335914984, 0.019004979674185293, 0.35409827954918277], [0.28408420050876326, 0.050894500503688656, 0.5639822575977873, 0.10103904138976086], [0.029226857663985733, 0.00026295078911203073, 0.9618564757686391, 0.00865371577826301], [0.2459993438781064, 0.6158811589326681, 0.03942229296812753, 0.0986972042210979]], "state_values": [-0.8149485167620029, 2.4506778129593307, 2.0335804171093517, 4.298883251556402, -0.0765782323443269, 0.5498353457158255, -0.0438396113872012, 1.6300364749272203, 0.1628294119645769, 0.10451784569108855, -2.2187615074800657, 0.9055210041148288, -1.1026494439915706, -0.5276834034905337, 1.9211947875700661, -1.3067518766171535], "value_grad": [0.02995454428020583, 0.503784224771604, -0.2653641279098129, -0.1127953735724363, 0.03084565905035408, 0.20829789245944808, 0.3591756969434732, 0.1078649978747892, -0.1273802833022346, -0.023630288745350114, -1.193711490518833, -0.04115137871523311, -0.3156609346226742, -0.3713945943125343, -1.0453212912990686, -0.7426468469320722], "action_grad": [[0.0, 0.0, 0.0], [0.0, 0.0, 0.0], [0.0, 0.0, 0.0], [0.0, 0.0, 0.0], [0.0, 0.0, 0.0], [0.0, 0.0, 0.0], [0.0, 0.0, 0.0], [0.0, 0.0, 0.0], [0.0, 0.0, 0.0], [0.0, 0.0, 0.0], [0.0, 0.0, 0.0], [0.0, 0.0, 0.0], [0.0, 0.0, 0.0], [0.0, 0.0, 0.0], [0.0, 0.0, 0.0], [0.0, 0.0, 0.0]], "action_params_change": 0, "value_params_change": 0.24190966213935416}
{"iterations": 1, "type_itr": 0, "sub_iteration": 12, "sub_it_time": 0.10415244102478027, "total_time": 1.712007999420166, "value_loss": 1.7338117078148432, "action_loss": -0.6274166400489732, "action_probs": [[0.03430487380965187, 0.9651148292620095, 1.991857158468964e-05, 0.0005603783567538486], [0.9574486808534751, 0.02028209981439872, 0.021807265450532815, 0.00046195388159345424], [0.007004636256872926, 0.12150290470002406, 0.04750295298430917, 0.8239895060587938], [0.6149072712780942, 0.008493907459555007, 0.37146762221063057, 0.005131199051720238], [0.11179021340958462, 0.000702929377511144, 0.8819611445834844, 0.005545712629419949], [0.04977938190837003, 0.7545187494074724, 0.012112322137902334, 0.18358954654625514], [6.808825723424068e-05, 0.35632153466272265, 0.00012296179825385903, 0.6434874152817894], [0.7892668687774961, 0.043567363520432056, 0.15842096412987314, 0.008744803572198675], [0.3161064143671097, 0.6823295010345038, 0.0004951916958674616, 0.0010688929025188141], [0.5576863708654327, 0.4098226625050834, 0.018728268822858204, 0.013762697806625621], [0.8631190959188387, 0.04122875120228184, 0.09129142063900081, 0.004360732239878684], [0.6457781040458526, 0.046352910558098384, 0.28725060066459535, 0.020618384731453544], [0.03193260718513363, 0.5949641335914984, 0.019004979674185293, 0.35409827954918277], [0.28408420050876326, 0.050894500503688656, 0.5639822575977873, 0.10103904138976086], [0.029226857663985733, 0.00026295078911203073, 0.9618564757686391, 0.00865371577826301], [0.2459993438781064, 0.6158811589326681, 0.03942229296812753, 0.0986972042210979]], "state_values": [-0.9716018505688442, 2.369135437672443, 2.508550146955424, 4.348463893221845, -0.20751953076142007, 1.0562730121496864, 0.442201439499905, 1.17014950737148, -0.043263033521199645, -0.19168752884954388, -1.8851906682718238, 0.9512733495300915, -0.4454646181443485, 0.07476452015674667, 1.4122807516284235, -0.6880242147886912], "value_grad": [0.04764669048571779, 0.3944629852007626, -0.11569358934842633, -0.11419084946633773, 0.04917169501280272, 0.0006859516170769631, 0.2077057465962131, 0.0913160481916171, -0.09881788605518493, -0.006192197157226742, -1.180005365630374, -0.052772320160825004, -0.2356088090972306, -0.18641513591891523, -0.8829179752458105, -0.6199292577817859], "action_grad": [[0.0, 0.0, 0.0], [0.0, 0.0, 0.0], [0.0, 0.0, 0.0], [0.0, 0.0, 0.0], [0.0, 0.0, 0.0], [0.0, 0.0, 0.0], [0.0, 0.0, 0.0], [0.0, 0.0, 0.0], [0.0, 0.0, 0.0], [0.0, 0.0, 0.0], [0.0, 0.0, 0.0], [0.0, 0.0, 0.0], [0.0, 0.0, 0.0], [0.0, 0.0, 0.0], [0.0, 0.0, 0.0], [0.0, 0.0, 0.0]], "action_params_change": 0, "value_params_change": 0.26629298226626563}
{"iterations": 1, "type_itr": 0, "sub_iteration": 13, "sub_it_time": 0.10464167594909668, "total_time": 1.818221092224121, "value_loss": 1.1495953754667771, "action_loss": -0.6540537893181754, "action_probs": [[0.03430487380965187, 0.9651148292620095, 1.991857158468964e-05, 0.0005603783567538486], [0.9574486808534751, 0.02028209981439872, 0.021807265450532815, 0.00046195388159345424], [0.007004636256872926, 0.12150290470002406, 0.04750295298430917, 0.8239895060587938], [0.6149072712780942, 0.008493907459555007, 0.37146762221063057, 0.005131199051720238], [0.11179021340958462, 0.000702929377511144, 0.8819611445834844, 0.005545712629419949], [0.04977938190837003, 0.7545187494074724, 0.012112322137902334, 0.18358954654625514], [6.808825723424068e-05, 0.35632153466272265, 0.00012296179825385903, 0.6434874152817894], [0.7892668687774961, 0.043567363520432056, 0.15842096412987314, 0.008744803572198675], [0.3161064143671097, 0.6823295010345038, 0.0004951916958674616, 0.0010688929025188141], [0.5576863708654327, 0.4098226625050834, 0.018728268822858204, 0.013762697806625621], [0.8631190959188387, 0.04122875120228184, 0.09129142063900081, 0.004360732239878684], [0.6457781040458526, 0.046352910558098384, 0.28725060066459535, 0.020618384731453544], [0.03193260718513363, 0.5949641335914984, 0.019004979674185293, 0.35409827954918277], [0.28408420050876326, 0.050894500503688656, 0.5639822575977873, 0.10103904138976086], [0.029226857663985733, 0.00026295078911203073, 0.9618564757686391, 0.00865371577826301], [0.2459993438781064, 0.6158811589326681, 0.03942229296812753, 0.0986972042210979]], "state_values": [-0.9785689689151243, 2.2239533669477853, 2.9056540119458325, 4.444579762068865, -0.3650479550682271, 1.3962382829414943, 0.8879115195730076, 0.6449655365195089, -0.26501849488345636, -0.4032693743820634, -1.4119841694815427, 0.8553332584634981, 0.22170919179771476, 0.6154853760014117, 0.8443273767541625, -0.01894561294647758], "value_grad": [0.05647798272280835, 0.26876601675831946, 0.019412807715013747, -0.10892209412752796, 0.04462379089334867, -0.1911031341243783, 0.04765453557141064, 0.06741543406824513, -0.053586651654509376, 0.011350727563676832, -1.082680325658047, -0.055341220686744075, -0.12413985497819313, 0.008101926956973982, -0.6489784392412437, -0.4271505862490974], "action_grad": [[0.0, 0.0, 0.0], [0.0, 0.0, 0.0], [0.0, 0.0, 0.0], [0.0, 0.0, 0.0], [0.0, 0.0, 0.0], [0.0, 0.0, 0.0], [0.0, 0.0, 0.0], [0.0, 0.0, 0.0], [0.0, 0.0, 0.0], [0.0, 0.0, 0.0], [0.0, 0.0, 0.0], [0.0, 0.0, 0.0], [0.0, 0.0, 0.0], [0.0, 0.0, 0.0], [0.0, 0.0, 0.0], [0.0, 0.0, 0.0]], "action_params_change": 0, "value_params_change": 0.26850742773945946}
