{"iterations": 0, "type_itr": 0, "sub_iteration": 0, "sub_it_time": 0, "total_time": 0, "value_loss": 0, "action_loss": 0, "action_probs": [[0.37797330957662334, 0.144970784083112, 0.34480626506479073, 0.13224964127547387], [0.04369032435159887, 0.37146557391957147, 0.06154803197078041, 0.5232960697580492], [0.054643677062371734, 0.0009790908822511146, 0.9277539827731495, 0.01662324928222761], [0.0009214124728418498, 0.04439002064740348, 0.019413686405991868, 0.9352748804737628], [0.04766963826130851, 0.9519738985401677, 1.6998531077857874e-05, 0.00033946466744596535], [1.8151994864012026e-05, 0.999751011014387, 4.1911193358762865e-09, 0.00023083279962972383], [0.013569937790950573, 0.6719306571250436, 0.006225723790661215, 0.3082736812933445], [0.37676446194598573, 0.2398302144791652, 0.23427626926882808, 0.14912905430602102], [0.17428494177182016, 0.721501924388442, 0.020275782833221588, 0.08393735100651623], [0.007268421773711283, 0.540612676802674, 0.0059980000696367676, 0.4461209013539781], [0.5655900822830059, 0.08675696510308692, 0.3014178769762323, 0.04623507563767487], [0.0030919588655861636, 0.009775364800087956, 0.23720345500004272, 0.7499292213342831], [0.0003618175451454282, 0.09906687011895617, 0.0032771477640191745, 0.8972941645718792], [0.00493451435455382, 0.01533094087439259, 0.23855936716978252, 0.741175177601271], [0.003925180159419439, 0.8274796644608199, 0.0007959616342783628, 0.16779919374548227], [0.024986737119492036, 0.03477201772364176, 0.3931400659754185, 0.5471011791814477]], "state_values": [1.5461961035094915, -0.4724827135548629, 4.4186308146549935, 4.048143484412037, 4.995326653028873, -1.4425764534088572, 3.9976432382272042, 2.599410932347632, 4.833870253347477, 2.676883436975139, 2.4838129110353027, 4.055569177187493, 4.999993213179022, -4.114248522199236, 2.568477631584265, 4.647068883405662], "value_grad": [0.0, 0.0, 0.0, 0.0, 0.0, 0.0, 0.0, 0.0, 0.0, 0.0, 0.0, 0.0, 0.0, 0.0, 0.0, 0.0], "action_grad": [[0.0, 0.0, 0.0], [0.0, 0.0, 0.0], [0.0, 0.0, 0.0], [0.0, 0.0, 0.0], [0.0, 0.0, 0.0], [0.0, 0.0, 0.0], [0.0, 0.0, 0.0], [0.0, 0.0, 0.0], [0.0, 0.0, 0.0], [0.0, 0.0, 0.0], [0.0, 0.0, 0.0], [0.0, 0.0, 0.0], [0.0, 0.0, 0.0], [0.0, 0.0, 0.0], [0.0, 0.0, 0.0], [0.0, 0.0, 0.0]], "action_params_change": 0, "value_params_change": 0}
{"iterations": 1, "type_itr": 0, "sub_iteration": 0, "sub_it_time": 0.1298811435699463, "total_time": 0.13124561309814453, "value_loss": 8.197200775146484, "action_loss": -2.145582914352417, "action_probs": [[0.37797330957662334, 0.144970784083112, 0.34480626506479073, 0.13224964127547387], [0.04369032435159887, 0.37146557391957147, 0.06154803197078041, 0.5232960697580492], [0.054643677062371734, 0.0009790908822511146, 0.9277539827731495, 0.01662324928222761], [0.0009214124728418498, 0.04439002064740348, 0.019413686405991868, 0.9352748804737628], [0.04766963826130851, 0.9519738985401677, 1.6998531077857874e-05, 0.00033946466744596535], [1.8151994864012026e-05, 0.999751011014387, 4.1911193358762865e-09, 0.00023083279962972383], [0.013569937790950573, 0.6719306571250436, 0.006225723790661215, 0.3082736812933445], [0.37676446194598573, 0.2398302144791652, 0.23427626926882808, 0.14912905430602102], [0.17428494177182016, 0.721501924388442, 0.020275782833221588, 0.08393735100651623], [0.007268421773711283, 0.540612676802674, 0.0059980000696367676, 0.4461209013539781], [0.5655900822830059, 0.08675696510308692, 0.3014178769762323, 0.04623507563767487], [0.0030919588655861636, 0.009775364800087956, 0.23720345500004272, 0.7499292213342831], [0.0003618175451454282, 0.09906687011895617, 0.0032771477640191745, 0.8972941645718792], [0.00493451435455382, 0.01533094087439259, 0.23855936716978252, 0.741175177601271], [0.003925180159419439, 0.8274796644608199, 0.0007959616342783628, 0.16779919374548227], [0.024986737119492036, 0.03477201772364176, 0.3931400659754185, 0.5471011791814477]], "state_values": [2.674514982172994, 0.7736899769447886, 4.860196918511517, 4.6483558480808345, 4.893505156020805, -0.2133143756744331, 3.1303775485536645, 3.5753108034264596, 4.3673745747927395, 1.5488621711838666, 1.333004438961244, 3.2059731436051258, 4.846593704235411, -3.2833987995757385, 1.427300854202246, 4.046093805155411], "value_grad": [-0.914759635925293, 0.6098413467407227, -0.4237203598022461, 0.24552059173583984, 0.36827945709228516, 0.7642803192138672, 0.3326406478881836, 0.44351959228515625, 0.8197197914123535, -0.20196056365966797, -1.3107600212097168, 0.043560028076171875, -0.6336002349853516, 0.7801189422607422, 1.4850006103515625, 1.813680648803711], "action_grad": [[0.0, 0.0, 0.0], [0.0, 0.0, 0.0], [0.0, 0.0, 0.0], [0.0, 0.0, 0.0], [0.0, 0.0, 0.0], [0.0, 0.0, 0.0], [0.0, 0.0, 0.0], [0.0, 0.0, 0.0], [0.0, 0.0, 0.0], [0.0, 0.0, 0.0], [0.0, 0.0, 0.0], [0.0, 0.0, 0.0], [0.0, 0.0, 0.0], [0.0, 0.0, 0.0], [0.0, 0.0, 0.0], [0.0, 0.0, 0.0]], "action_params_change": 0, "value_params_change": 0.499999997243175}
{"iterations": 1, "type_itr": 0, "sub_iteration": 1, "sub_it_time": 0.12930512428283691, "total_time": 0.2621440887451172, "value_loss": 7.005239963531494, "action_loss": -2.1926708221435547, "action_probs": [[0.37797330957662334, 0.144970784083112, 0.34480626506479073, 0.13224964127547387], [0.04369032435159887, 0.37146557391957147, 0.06154803197078041, 0.5232960697580492], [0.054643677062371734, 0.0009790908822511146, 0.9277539827731495, 0.01662324928222761], [0.0009214124728418498, 0.04439002064740348, 0.019413686405991868, 0.9352748804737628], [0.04766963826130851, 0.9519738985401677, 1.6998531077857874e-05, 0.00033946466744596535], [1.8151994864012026e-05, 0.999751011014387, 4.1911193358762865e-09, 0.00023083279962972383], [0.013569937790950573, 0.6719306571250436, 0.006225723790661215, 0.3082736812933445], [0.37676446194598573, 0.2398302144791652, 0.23427626926882808, 0.14912905430602102], [0.17428494177182016, 0.721501924388442, 0.020275782833221588, 0.08393735100651623], [0.007268421773711283, 0.540612676802674, 0.0059980000696367676, 0.4461209013539781], [0.5655900822830059, 0.08675696510308692, 0.3014178769762323, 0.04623507563767487], [0.0030919588655861636, 0.009775364800087956, 0.23720345500004272, 0.7499292213342831], [0.0003618175451454282, 0.09906687011895617, 0.0032771477640191745, 0.8972941645718792], [0.00493451435455382, 0.01533094087439259, 0.23855936716978252, 0.741175177601271], [0.003925180159419439, 0.8274796644608199, 0.0007959616342783628, 0.16779919374548227], [0.024986737119492036, 0.03477201772364176, 0.3931400659754185, 0.5471011791814477]], "state_values": [3.5023406113863698, 0.25883310645980834, 4.999638152505443, 4.364599898066384, 4.488432618046905, 0.4174008164951447, 2.165824209289244, 4.300094818026759, 3.8309506759808762, 1.611279624984312, 0.09921935953162174, 3.8295798475762055, 4.530877403425098, -2.2541422958255355, 1.2331395077147702, 3.526142461740733], "value_grad": [-0.2574005126953125, -1.3978800773620605, -0.38411998748779297, -0.8514003753662109, 0.3484797477722168, -0.1584000587463379, 1.029599666595459, 0.9781198501586914, 0.10296010971069336, 0.20196056365966797, -1.3147201538085938, -0.780120849609375, -0.0752401351928711, 0.6890401840209961, -0.9543595314025879, -0.07128047943115234], "action_grad": [[0.0, 0.0, 0.0], [0.0, 0.0, 0.0], [0.0, 0.0, 0.0], [0.0, 0.0, 0.0], [0.0, 0.0, 0.0], [0.0, 0.0, 0.0], [0.0, 0.0, 0.0], [0.0, 0.0, 0.0], [0.0, 0.0, 0.0], [0.0, 0.0, 0.0], [0.0, 0.0, 0.0], [0.0, 0.0, 0.0], [0.0, 0.0, 0.0], [0.0, 0.0, 0.0], [0.0, 0.0, 0.0], [0.0, 0.0, 0.0]], "action_params_change": 0, "value_params_change": 0.5000387433829605}
{"iterations": 1, "type_itr": 0, "sub_iteration": 2, "sub_it_time": 0.1276407241821289, "total_time": 0.3914015293121338, "value_loss": 5.357880115509033, "action_loss": -2.185607671737671, "action_probs": [[0.37797330957662334, 0.144970784083112, 0.34480626506479073, 0.13224964127547387], [0.04369032435159887, 0.37146557391957147, 0.06154803197078041, 0.5232960697580492], [0.054643677062371734, 0.0009790908822511146, 0.9277539827731495, 0.01662324928222761], [0.0009214124728418498, 0.04439002064740348, 0.019413686405991868, 0.9352748804737628], [0.04766963826130851, 0.9519738985401677, 1.6998531077857874e-05, 0.00033946466744596535], [1.8151994864012026e-05, 0.999751011014387, 4.1911193358762865e-09, 0.00023083279962972383], [0.013569937790950573, 0.6719306571250436, 0.006225723790661215, 0.3082736812933445], [0.37676446194598573, 0.2398302144791652, 0.23427626926882808, 0.14912905430602102], [0.17428494177182016, 0.721501924388442, 0.020275782833221588, 0.08393735100651623], [0.007268421773711283, 0.540612676802674, 0.0059980000696367676, 0.4461209013539781], [0.5655900822830059, 0.08675696510308692, 0.3014178769762323, 0.04623507563767487], [0.0030919588655861636, 0.009775364800087956, 0.23720345500004272, 0.7499292213342831], [0.0003618175451454282, 0.09906687011895617, 0.0032771477640191745, 0.8972941645718792], [0.00493451435455382, 0.01533094087439259, 0.23855936716978252, 0.741175177601271], [0.003925180159419439, 0.8274796644608199, 0.0007959616342783628, 0.16779919374548227], [0.024986737119492036, 0.03477201772364176, 0.3931400659754185, 0.5471011791814477]], "state_values": [3.4114233692724185, 0.7036483412104726, 4.871627487954895, 4.066330953848581, 3.811472070990424, 0.8105823399223936, 1.460269800277979, 4.764412883480289, 3.0539269789535104, 1.901217079653745, -1.0776798458736947, 4.391313307302204, 3.9860350814098706, -1.1145623502097912, 0.7676295861007312, 3.025216451417859], "value_grad": [1.2157201766967773, 2.3166003227233887, -1.6038005352020264, -0.05147981643676758, 0.5662798881530762, -0.08712053298950195, -0.1583995819091797, 2.035439968109131, 0.7563600540161133, 0.0989999771118164, -0.6969594955444336, -0.4791598320007324, -1.0810801982879639, 1.3978796005249023, 0.8118000030517578, 0.10692024230957031], "action_grad": [[0.0, 0.0, 0.0], [0.0, 0.0, 0.0], [0.0, 0.0, 0.0], [0.0, 0.0, 0.0], [0.0, 0.0, 0.0], [0.0, 0.0, 0.0], [0.0, 0.0, 0.0], [0.0, 0.0, 0.0], [0.0, 0.0, 0.0], [0.0, 0.0, 0.0], [0.0, 0.0, 0.0], [0.0, 0.0, 0.0], [0.0, 0.0, 0.0], [0.0, 0.0, 0.0], [0.0, 0.0, 0.0], [0.0, 0.0, 0.0]], "action_params_change": 0, "value_params_change": 0.49528010662129673}
{"iterations": 1, "type_itr": 0, "sub_iteration": 3, "sub_it_time": 0.1261434555053711, "total_time": 0.5190818309783936, "value_loss": 3.072960138320923, "action_loss": -2.208970546722412, "action_probs": [[0.37797330957662334, 0.144970784083112, 0.34480626506479073, 0.13224964127547387], [0.04369032435159887, 0.37146557391957147, 0.06154803197078041, 0.5232960697580492], [0.054643677062371734, 0.0009790908822511146, 0.9277539827731495, 0.01662324928222761], [0.0009214124728418498, 0.04439002064740348, 0.019413686405991868, 0.9352748804737628], [0.04766963826130851, 0.9519738985401677, 1.6998531077857874e-05, 0.00033946466744596535], [1.8151994864012026e-05, 0.999751011014387, 4.1911193358762865e-09, 0.00023083279962972383], [0.013569937790950573, 0.6719306571250436, 0.006225723790661215, 0.3082736812933445], [0.37676446194598573, 0.2398302144791652, 0.23427626926882808, 0.14912905430602102], [0.17428494177182016, 0.721501924388442, 0.020275782833221588, 0.08393735100651623], [0.007268421773711283, 0.540612676802674, 0.0059980000696367676, 0.4461209013539781], [0.5655900822830059, 0.08675696510308692, 0.3014178769762323, 0.04623507563767487], [0.0030919588655861636, 0.009775364800087956, 0.23720345500004272, 0.7499292213342831], [0.0003618175451454282, 0.09906687011895617, 0.0032771477640191745, 0.8972941645718792], [0.00493451435455382, 0.01533094087439259, 0.23855936716978252, 0.741175177601271], [0.003925180159419439, 0.8274796644608199, 0.0007959616342783628, 0.16779919374548227], [0.024986737119492036, 0.03477201772364176, 0.3931400659754185, 0.5471011791814477]], "state_values": [3.44696453675571, 1.1421310851985922, 4.5217076007932295, 4.2162953934672185, 3.9537667113782238, 1.3648691133018998, 0.6531754565074803, 4.985034028984985, 2.9704849064109657, 1.28667961610401, -1.3539471800242273, 4.395787203326282, 3.230269267543937, -0.3369653819282247, 0.3388342086647823, 2.3609087763896706], "value_grad": [-0.3247199058532715, 0.3167998790740967, -0.5860799551010132, 1.069199800491333, -1.6156799793243408, 0.308880090713501, 0.38411998748779297, 1.108799934387207, -1.1325597763061523, -1.2830402851104736, 1.6394400596618652, 1.0137603282928467, -1.6671607494354248, -0.4395599365234375, 0.11483955383300781, 0.7959599494934082], "action_grad": [[0.0, 0.0, 0.0], [0.0, 0.0, 0.0], [0.0, 0.0, 0.0], [0.0, 0.0, 0.0], [0.0, 0.0, 0.0], [0.0, 0.0, 0.0], [0.0, 0.0, 0.0], [0.0, 0.0, 0.0], [0.0, 0.0, 0.0], [0.0, 0.0, 0.0], [0.0, 0.0, 0.0], [0.0, 0.0, 0.0], [0.0, 0.0, 0.0], [0.0, 0.0, 0.0], [0.0, 0.0, 0.0], [0.0, 0.0, 0.0]], "action_params_change": 0, "value_params_change": 0.4616083438506206}
{"iterations": 1, "type_itr": 0, "sub_iteration": 4, "sub_it_time": 0.1289653778076172, "total_time": 0.649832010269165, "value_loss": 2.2769999504089355, "action_loss": -2.13218092918396, "action_probs": [[0.37797330957662334, 0.144970784083112, 0.34480626506479073, 0.13224964127547387], [0.04369032435159887, 0.37146557391957147, 0.06154803197078041, 0.5232960697580492], [0.054643677062371734, 0.0009790908822511146, 0.9277539827731495, 0.01662324928222761], [0.0009214124728418498, 0.04439002064740348, 0.019413686405991868, 0.9352748804737628], [0.04766963826130851, 0.9519738985401677, 1.6998531077857874e-05, 0.00033946466744596535], [1.8151994864012026e-05, 0.999751011014387, 4.1911193358762865e-09, 0.00023083279962972383], [0.013569937790950573, 0.6719306571250436, 0.006225723790661215, 0.3082736812933445], [0.37676446194598573, 0.2398302144791652, 0.23427626926882808, 0.14912905430602102], [0.17428494177182016, 0.721501924388442, 0.020275782833221588, 0.08393735100651623], [0.007268421773711283, 0.540612676802674, 0.0059980000696367676, 0.4461209013539781], [0.5655900822830059, 0.08675696510308692, 0.3014178769762323, 0.04623507563767487], [0.0030919588655861636, 0.009775364800087956, 0.23720345500004272, 0.7499292213342831], [0.0003618175451454282, 0.09906687011895617, 0.0032771477640191745, 0.8972941645718792], [0.00493451435455382, 0.01533094087439259, 0.23855936716978252, 0.741175177601271], [0.003925180159419439, 0.8274796644608199, 0.0007959616342783628, 0.16779919374548227], [0.024986737119492036, 0.03477201772364176, 0.3931400659754185, 0.5471011791814477]], "state_values": [3.6293787398760347, 1.6143009253221758, 3.931611402067688, 4.382340231058333, 4.120886378143341, 2.131309517927246, -0.2604829400517924, 4.992467741107386, 2.92520179864413, 0.45972471973746365, -1.3782035459980704, 4.620423300811162, 2.4294130843024675, 0.5835782198636228, 0.22172509476633845, 1.7228948980862597], "value_grad": [-0.5345999002456665, 0.4989604949951172, -1.7067601680755615, 0.20987987518310547, -0.2494800090789795, 0.8157594203948975, 0.5147998332977295, -0.993959903717041, -0.0752401351928711, -0.9266397953033447, 0.8078398704528809, -1.5919201374053955, -0.14256048202514648, 3.136319875717163, -0.68507981300354, 0.09504008293151855], "action_grad": [[0.0, 0.0, 0.0], [0.0, 0.0, 0.0], [0.0, 0.0, 0.0], [0.0, 0.0, 0.0], [0.0, 0.0, 0.0], [0.0, 0.0, 0.0], [0.0, 0.0, 0.0], [0.0, 0.0, 0.0], [0.0, 0.0, 0.0], [0.0, 0.0, 0.0], [0.0, 0.0, 0.0], [0.0, 0.0, 0.0], [0.0, 0.0, 0.0], [0.0, 0.0, 0.0], [0.0, 0.0, 0.0], [0.0, 0.0, 0.0]], "action_params_change": 0, "value_params_change": 0.45000185231156775}
{"iterations": 1, "type_itr": 0, "sub_iteration": 5, "sub_it_time": 0.1261765956878662, "total_time": 0.7776854038238525, "value_loss": 3.3660004138946533, "action_loss": -2.0758564472198486, "action_probs": [[0.37797330957662334, 0.144970784083112, 0.34480626506479073, 0.13224964127547387], [0.04369032435159887, 0.37146557391957147, 0.06154803197078041, 0.5232960697580492], [0.054643677062371734, 0.0009790908822511146, 0.9277539827731495, 0.01662324928222761], [0.0009214124728418498, 0.04439002064740348, 0.019413686405991868, 0.9352748804737628], [0.04766963826130851, 0.9519738985401677, 1.6998531077857874e-05, 0.00033946466744596535], [1.8151994864012026e-05, 0.999751011014387, 4.1911193358762865e-09, 0.00023083279962972383], [0.013569937790950573, 0.6719306571250436, 0.006225723790661215, 0.3082736812933445], [0.37676446194598573, 0.2398302144791652, 0.23427626926882808, 0.14912905430602102], [0.17428494177182016, 0.721501924388442, 0.020275782833221588, 0.08393735100651623], [0.007268421773711283, 0.540612676802674, 0.0059980000696367676, 0.4461209013539781], [0.5655900822830059, 0.08675696510308692, 0.3014178769762323, 0.04623507563767487], [0.0030919588655861636, 0.009775364800087956, 0.23720345500004272, 0.7499292213342831], [0.0003618175451454282, 0.09906687011895617, 0.0032771477640191745, 0.8972941645718792], [0.00493451435455382, 0.01533094087439259, 0.23855936716978252, 0.741175177601271], [0.003925180159419439, 0.8274796644608199, 0.0007959616342783628, 0.16779919374548227], [0.024986737119492036, 0.03477201772364176, 0.3931400659754185, 0.5471011791814477]], "state_values": [3.5929744355568256, 2.2032090574079097, 3.272229487611843, 4.222642283910645, 4.405010512172585, 2.885043859719729, -0.058532260822446065, 4.959139221417548, 2.6606864255714164, -0.38341740083436215, -1.5843355307522833, 4.66460350969538, 1.453593195946031, 1.2680683575463694, 0.4256229176375282, 0.9204615278978711], "value_grad": [0.7128000259399414, 1.1484003067016602, 0.047519683837890625, -1.6434004306793213, -1.0850402116775513, 2.8234801292419434, -2.3601598739624023, -0.7959599494934082, 0.7405202388763428, -0.34056007862091064, -0.8434798717498779, 1.0216801166534424, -1.8453601598739624, -0.5029201507568359, -1.0414800643920898, 1.0058403015136719], "action_grad": [[0.0, 0.0, 0.0], [0.0, 0.0, 0.0], [0.0, 0.0, 0.0], [0.0, 0.0, 0.0], [0.0, 0.0, 0.0], [0.0, 0.0, 0.0], [0.0, 0.0, 0.0], [0.0, 0.0, 0.0], [0.0, 0.0, 0.0], [0.0, 0.0, 0.0], [0.0, 0.0, 0.0], [0.0, 0.0, 0.0], [0.0, 0.0, 0.0], [0.0, 0.0, 0.0], [0.0, 0.0, 0.0], [0.0, 0.0, 0.0]], "action_params_change": 0, "value_params_change": 0.4247897686938895}
{"iterations": 1, "type_itr": 0, "sub_iteration": 6, "sub_it_time": 0.12495160102844238, "total_time": 0.9042260646820068, "value_loss": 3.1165201663970947, "action_loss": -1.9829483032226562, "action_probs": [[0.37797330957662334, 0.144970784083112, 0.34480626506479073, 0.13224964127547387], [0.04369032435159887, 0.37146557391957147, 0.06154803197078041, 0.5232960697580492], [0.054643677062371734, 0.0009790908822511146, 0.9277539827731495, 0.01662324928222761], [0.0009214124728418498, 0.04439002064740348, 0.019413686405991868, 0.9352748804737628], [0.04766963826130851, 0.9519738985401677, 1.6998531077857874e-05, 0.00033946466744596535], [1.8151994864012026e-05, 0.999751011014387, 4.1911193358762865e-09, 0.00023083279962972383], [0.013569937790950573, 0.6719306571250436, 0.006225723790661215, 0.3082736812933445], [0.37676446194598573, 0.2398302144791652, 0.23427626926882808, 0.14912905430602102], [0.17428494177182016, 0.721501924388442, 0.020275782833221588, 0.08393735100651623], [0.007268421773711283, 0.540612676802674, 0.0059980000696367676, 0.4461209013539781], [0.5655900822830059, 0.08675696510308692, 0.3014178769762323, 0.04623507563767487], [0.0030919588655861636, 0.009775364800087956, 0.23720345500004272, 0.7499292213342831], [0.0003618175451454282, 0.09906687011895617, 0.0032771477640191745, 0.8972941645718792], [0.00493451435455382, 0.01533094087439259, 0.23855936716978252, 0.741175177601271], [0.003925180159419439, 0.8274796644608199, 0.0007959616342783628, 0.16779919374548227], [0.024986737119492036, 0.03477201772364176, 0.3931400659754185, 0.5471011791814477]], "state_values": [3.5306942167850877, 2.714182936717127, 2.4627141616085684, 4.043557410042658, 4.619337427820423, 3.3795540765006082, 0.41519512869279074, 4.918834043223568, 2.409586530418167, -1.3219046965653316, -1.4193474745442372, 4.7535637803157815, 0.7822604341655232, 1.8093275232427495, 0.680824170344372, 0.4878004498342205], "value_grad": [0.12275981903076172, 0.15048003196716309, -0.8197199106216431, -0.15443992614746094, -0.07920002937316895, -0.5623199939727783, -1.5840002298355103, -0.2494797706604004, 0.03563976287841797, -0.9385199546813965, 1.746359944343567, -0.6296401023864746, 0.8949601650238037, -0.22175979614257812, -0.29304027557373047, -0.8989202976226807], "action_grad": [[0.0, 0.0, 0.0], [0.0, 0.0, 0.0], [0.0, 0.0, 0.0], [0.0, 0.0, 0.0], [0.0, 0.0, 0.0], [0.0, 0.0, 0.0], [0.0, 0.0, 0.0], [0.0, 0.0, 0.0], [0.0, 0.0, 0.0], [0.0, 0.0, 0.0], [0.0, 0.0, 0.0], [0.0, 0.0, 0.0], [0.0, 0.0, 0.0], [0.0, 0.0, 0.0], [0.0, 0.0, 0.0], [0.0, 0.0, 0.0]], "action_params_change": 0, "value_params_change": 0.3968807608588969}
{"iterations": 1, "type_itr": 0, "sub_iteration": 7, "sub_it_time": 0.12623381614685059, "total_time": 1.0322120189666748, "value_loss": 1.7859599590301514, "action_loss": -1.920647144317627, "action_probs": [[0.37797330957662334, 0.144970784083112, 0.34480626506479073, 0.13224964127547387], [0.04369032435159887, 0.37146557391957147, 0.06154803197078041, 0.5232960697580492], [0.054643677062371734, 0.0009790908822511146, 0.9277539827731495, 0.01662324928222761], [0.0009214124728418498, 0.04439002064740348, 0.019413686405991868, 0.9352748804737628], [0.04766963826130851, 0.9519738985401677, 1.6998531077857874e-05, 0.00033946466744596535], [1.8151994864012026e-05, 0.999751011014387, 4.1911193358762865e-09, 0.00023083279962972383], [0.013569937790950573, 0.6719306571250436, 0.006225723790661215, 0.3082736812933445], [0.37676446194598573, 0.2398302144791652, 0.23427626926882808, 0.14912905430602102], [0.17428494177182016, 0.721501924388442, 0.020275782833221588, 0.08393735100651623], [0.007268421773711283, 0.540612676802674, 0.0059980000696367676, 0.4461209013539781], [0.5655900822830059, 0.08675696510308692, 0.3014178769762323, 0.04623507563767487], [0.0030919588655861636, 0.009775364800087956, 0.23720345500004272, 0.7499292213342831], [0.0003618175451454282, 0.09906687011895617, 0.0032771477640191745, 0.8972941645718792], [0.00493451435455382, 0.01533094087439259, 0.23855936716978252, 0.741175177601271], [0.003925180159419439, 0.8274796644608199, 0.0007959616342783628, 0.16779919374548227], [0.024986737119492036, 0.03477201772364176, 0.3931400659754185, 0.5471011791814477]], "state_values": [3.3232786134829224, 3.144952592144881, 1.7500847123787253, 3.8093276410964, 4.765380389342427, 3.4884831022915166, 1.068300996007705, 4.881055178354968, 1.9123199680201213, -2.119817213388464, -0.9487446285572115, 4.8224992686769035, 0.12573823949158486, 2.276196058300338, 0.827284933276089, 0.1887878312824175], "value_grad": [0.6573599576950073, 0.07128000259399414, 0.3405594825744629, -0.36036014556884766, 0.05148005485534668, -1.9245600700378418, -1.6631999015808105, -0.1861196756362915, 1.1325600147247314, -0.03168010711669922, 2.372040271759033, -0.023759961128234863, -0.2574000358581543, 0.059400081634521484, 0.2890799045562744, -0.32075953483581543], "action_grad": [[0.0, 0.0, 0.0], [0.0, 0.0, 0.0], [0.0, 0.0, 0.0], [0.0, 0.0, 0.0], [0.0, 0.0, 0.0], [0.0, 0.0, 0.0], [0.0, 0.0, 0.0], [0.0, 0.0, 0.0], [0.0, 0.0, 0.0], [0.0, 0.0, 0.0], [0.0, 0.0, 0.0], [0.0, 0.0, 0.0], [0.0, 0.0, 0.0], [0.0, 0.0, 0.0], [0.0, 0.0, 0.0], [0.0, 0.0, 0.0]], "action_params_change": 0, "value_params_change": 0.3405102105340787}
{"iterations": 1, "type_itr": 0, "sub_iteration": 8, "sub_it_time": 0.1253221035003662, "total_time": 1.1590969562530518, "value_loss": 2.4393599033355713, "action_loss": -1.8020215034484863, "action_probs": [[0.37797330957662334, 0.144970784083112, 0.34480626506479073, 0.13224964127547387], [0.04369032435159887, 0.37146557391957147, 0.06154803197078041, 0.5232960697580492], [0.054643677062371734, 0.0009790908822511146, 0.9277539827731495, 0.01662324928222761], [0.0009214124728418498, 0.04439002064740348, 0.019413686405991868, 0.9352748804737628], [0.04766963826130851, 0.9519738985401677, 1.6998531077857874e-05, 0.00033946466744596535], [1.8151994864012026e-05, 0.999751011014387, 4.1911193358762865e-09, 0.00023083279962972383], [0.013569937790950573, 0.6719306571250436, 0.006225723790661215, 0.3082736812933445], [0.37676446194598573, 0.2398302144791652, 0.23427626926882808, 0.14912905430602102], [0.17428494177182016, 0.721501924388442, 0.020275782833221588, 0.08393735100651623], [0.007268421773711283, 0.540612676802674, 0.0059980000696367676, 0.4461209013539781], [0.5655900822830059, 0.08675696510308692, 0.3014178769762323, 0.04623507563767487], [0.0030919588655861636, 0.009775364800087956, 0.23720345500004272, 0.7499292213342831], [0.0003618175451454282, 0.09906687011895617, 0.0032771477640191745, 0.8972941645718792], [0.00493451435455382, 0.01533094087439259, 0.23855936716978252, 0.741175177601271], [0.003925180159419439, 0.8274796644608199, 0.0007959616342783628, 0.16779919374548227], [0.024986737119492036, 0.03477201772364176, 0.3931400659754185, 0.5471011791814477]], "state_values": [3.247513463525498, 3.4389031356563233, 0.9694158564217389, 3.401682019716511, 4.825925102776083, 3.5418773842289464, 1.6709561554423216, 4.857546181024262, 1.277189689958874, -2.7256862335528864, -0.5545731980296894, 4.834436402302266, -0.03447282458727722, 2.3328241109139425, 0.8780325652223584, -0.365387529442067], "value_grad": [-0.4712402820587158, -0.3920400142669678, -0.5702400207519531, -1.211760401725769, 0.538560152053833, -0.34452056884765625, -0.2415599822998047, -0.304919958114624, 0.7682397365570068, 0.1821601390838623, -0.20592021942138672, 0.6533999443054199, 1.8968403339385986, -2.265119791030884, 0.304919958114624, 1.5562801361083984], "action_grad": [[0.0, 0.0, 0.0], [0.0, 0.0, 0.0], [0.0, 0.0, 0.0], [0.0, 0.0, 0.0], [0.0, 0.0, 0.0], [0.0, 0.0, 0.0], [0.0, 0.0, 0.0], [0.0, 0.0, 0.0], [0.0, 0.0, 0.0], [0.0, 0.0, 0.0], [0.0, 0.0, 0.0], [0.0, 0.0, 0.0], [0.0, 0.0, 0.0], [0.0, 0.0, 0.0], [0.0, 0.0, 0.0], [0.0, 0.0, 0.0]], "action_params_change": 0, "value_params_change": 0.3249405984068727}
{"iterations": 1, "type_itr": 0, "sub_iteration": 9, "sub_it_time": 0.12508368492126465, "total_time": 1.2857463359832764, "value_loss": 2.4274799823760986, "action_loss": -1.7105621099472046, "action_probs": [[0.37797330957662334, 0.144970784083112, 0.34480626506479073, 0.13224964127547387], [0.04369032435159887, 0.37146557391957147, 0.06154803197078041, 0.5232960697580492], [0.054643677062371734, 0.0009790908822511146, 0.9277539827731495, 0.01662324928222761], [0.0009214124728418498, 0.04439002064740348, 0.019413686405991868, 0.9352748804737628], [0.04766963826130851, 0.9519738985401677, 1.6998531077857874e-05, 0.00033946466744596535], [1.8151994864012026e-05, 0.999751011014387, 4.1911193358762865e-09, 0.00023083279962972383], [0.013569937790950573, 0.6719306571250436, 0.006225723790661215, 0.3082736812933445], [0.37676446194598573, 0.2398302144791652, 0.23427626926882808, 0.14912905430602102], [0.17428494177182016, 0.721501924388442, 0.020275782833221588, 0.08393735100651623], [0.007268421773711283, 0.540612676802674, 0.0059980000696367676, 0.4461209013539781], [0.5655900822830059, 0.08675696510308692, 0.3014178769762323, 0.04623507563767487], [0.0030919588655861636, 0.009775364800087956, 0.23720345500004272, 0.7499292213342831], [0.0003618175451454282, 0.09906687011895617, 0.0032771477640191745, 0.8972941645718792], [0.00493451435455382, 0.01533094087439259, 0.23855936716978252, 0.741175177601271], [0.003925180159419439, 0.8274796644608199, 0.0007959616342783628, 0.16779919374548227], [0.024986737119492036, 0.03477201772364176, 0.3931400659754185, 0.5471011791814477]], "state_values": [3.0562684257409374, 3.4826673293807042, 0.6544107411591293, 3.186079225050104, 4.851038638523159, 3.5489699589783745, 2.3547156262199453, 4.712519502955825, 0.9145877126946921, -3.4034823491895008, -0.20149395634218764, 4.863161086416012, -0.2589776926411345, 2.2412005427702484, 0.8366373140271206, -0.5379490336950763], "value_grad": [0.5425200462341309, -1.4335203170776367, 1.5760802030563354, 0.9147599935531616, 0.3247199058532715, -0.34452009201049805, -1.453320026397705, 3.112560272216797, -0.7563596963882446, -1.4889600276947021, -0.011879682540893555, -0.32076025009155273, -0.4831197261810303, -1.1602801084518433, 0.34451985359191895, -1.4295601844787598], "action_grad": [[0.0, 0.0, 0.0], [0.0, 0.0, 0.0], [0.0, 0.0, 0.0], [0.0, 0.0, 0.0], [0.0, 0.0, 0.0], [0.0, 0.0, 0.0], [0.0, 0.0, 0.0], [0.0, 0.0, 0.0], [0.0, 0.0, 0.0], [0.0, 0.0, 0.0], [0.0, 0.0, 0.0], [0.0, 0.0, 0.0], [0.0, 0.0, 0.0], [0.0, 0.0, 0.0], [0.0, 0.0, 0.0], [0.0, 0.0, 0.0]], "action_params_change": 0, "value_params_change": 0.34432025006006484}
{"iterations": 1, "type_itr": 0, "sub_iteration": 10, "sub_it_time": 0.1250324249267578, "total_time": 1.4123225212097168, "value_loss": 1.853279948234558, "action_loss": -1.6067875623703003, "action_probs": [[0.37797330957662334, 0.144970784083112, 0.34480626506479073, 0.13224964127547387], [0.04369032435159887, 0.37146557391957147, 0.06154803197078041, 0.5232960697580492], [0.054643677062371734, 0.0009790908822511146, 0.9277539827731495, 0.01662324928222761], [0.0009214124728418498, 0.04439002064740348, 0.019413686405991868, 0.9352748804737628], [0.04766963826130851, 0.9519738985401677, 1.6998531077857874e-05, 0.00033946466744596535], [1.8151994864012026e-05, 0.999751011014387, 4.1911193358762865e-09, 0.00023083279962972383], [0.013569937790950573, 0.6719306571250436, 0.006225723790661215, 0.3082736812933445], [0.37676446194598573, 0.2398302144791652, 0.23427626926882808, 0.14912905430602102], [0.17428494177182016, 0.721501924388442, 0.020275782833221588, 0.08393735100651623], [0.007268421773711283, 0.540612676802674, 0.0059980000696367676, 0.4461209013539781], [0.5655900822830059, 0.08675696510308692, 0.3014178769762323, 0.04623507563767487], [0.0030919588655861636, 0.009775364800087956, 0.23720345500004272, 0.7499292213342831], [0.0003618175451454282, 0.09906687011895617, 0.0032771477640191745, 0.8972941645718792], [0.00493451435455382, 0.01533094087439259, 0.23855936716978252, 0.741175177601271], [0.003925180159419439, 0.8274796644608199, 0.0007959616342783628, 0.16779919374548227], [0.024986737119492036, 0.03477201772364176, 0.3931400659754185, 0.5471011791814477]], "state_values": [2.6926554677425325, 3.3883266079370413, 0.5527024936458308, 3.112143939052936, 4.765015782211173, 3.53337963109454, 2.982958681830453, 4.546034186685836, 0.6461429834915917, -3.776204528883186, 0.1520576112176368, 4.805032171786239, -0.1512322664096688, 2.0862610141894256, 0.7194050062168837, -0.8978419591293111], "value_grad": [0.9028797149658203, -1.0731600522994995, 0.9266400337219238, 0.7009198665618896, 1.8136805295944214, -0.1900804042816162, -0.5108401775360107, -0.07920026779174805, -0.23363971710205078, 0.8197197914123535, 0.2494802474975586, 1.5642000436782837, 1.8928797245025635, -0.5979595184326172, 0.3247201442718506, 1.2513604164123535], "action_grad": [[0.0, 0.0, 0.0], [0.0, 0.0, 0.0], [0.0, 0.0, 0.0], [0.0, 0.0, 0.0], [0.0, 0.0, 0.0], [0.0, 0.0, 0.0], [0.0, 0.0, 0.0], [0.0, 0.0, 0.0], [0.0, 0.0, 0.0], [0.0, 0.0, 0.0], [0.0, 0.0, 0.0], [0.0, 0.0, 0.0], [0.0, 0.0, 0.0], [0.0, 0.0, 0.0], [0.0, 0.0, 0.0], [0.0, 0.0, 0.0]], "action_params_change": 0, "value_params_change": 0.29777594634702576}
{"iterations": 1, "type_itr": 0, "sub_iteration": 11, "sub_it_time": 0.12557744979858398, "total_time": 1.539397954940796, "value_loss": 2.6650800704956055, "action_loss": -1.5917555093765259, "action_probs": [[0.37797330957662334, 0.144970784083112, 0.34480626506479073, 0.13224964127547387], [0.04369032435159887, 0.37146557391957147, 0.06154803197078041, 0.5232960697580492], [0.054643677062371734, 0.0009790908822511146, 0.9277539827731495, 0.01662324928222761], [0.0009214124728418498, 0.04439002064740348, 0.019413686405991868, 0.9352748804737628], [0.04766963826130851, 0.9519738985401677, 1.6998531077857874e-05, 0.00033946466744596535], [1.8151994864012026e-05, 0.999751011014387, 4.1911193358762865e-09, 0.00023083279962972383], [0.013569937790950573, 0.6719306571250436, 0.006225723790661215, 0.3082736812933445], [0.37676446194598573, 0.2398302144791652, 0.23427626926882808, 0.14912905430602102], [0.17428494177182016, 0.721501924388442, 0.020275782833221588, 0.08393735100651623], [0.007268421773711283, 0.540612676802674, 0.0059980000696367676, 0.4461209013539781], [0.5655900822830059, 0.08675696510308692, 0.3014178769762323, 0.04623507563767487], [0.0030919588655861636, 0.009775364800087956, 0.23720345500004272, 0.7499292213342831], [0.0003618175451454282, 0.09906687011895617, 0.0032771477640191745, 0.8972941645718792], [0.00493451435455382, 0.01533094087439259, 0.23855936716978252, 0.741175177601271], [0.003925180159419439, 0.8274796644608199, 0.0007959616342783628, 0.16779919374548227], [0.024986737119492036, 0.03477201772364176, 0.3931400659754185, 0.5471011791814477]], "state_values": [2.3334933796204003, 3.172928001963106, 0.7943394289539835, 3.089221404646745, 4.669978063351073, 3.3665779101558724, 3.378075210414417, 4.240782161489404, 0.5211836990659887, -4.139815832098666, 0.6539807316512587, 4.7816437516207015, 0.16673538616897554, 2.0284389751210545, 0.7129787447263466, -1.249120424106131], "value_grad": [0.059400081634521484, -1.0731598138809204, 2.0552399158477783, 0.2574002742767334, 0.01979994773864746, -1.386000156402588, 0.9108003377914429, 2.415599822998047, -0.455399751663208, -0.54252028465271, 1.4770801067352295, -0.5979601144790649, 1.6394400596618652, 0.6732003688812256, -0.3999602794647217, 0.1900801658630371], "action_grad": [[0.0, 0.0, 0.0], [0.0, 0.0, 0.0], [0.0, 0.0, 0.0], [0.0, 0.0, 0.0], [0.0, 0.0, 0.0], [0.0, 0.0, 0.0], [0.0, 0.0, 0.0], [0.0, 0.0, 0.0], [0.0, 0.0, 0.0], [0.0, 0.0, 0.0], [0.0, 0.0, 0.0], [0.0, 0.0, 0.0], [0.0, 0.0, 0.0], [0.0, 0.0, 0.0], [0.0, 0.0, 0.0], [0.0, 0.0, 0.0]], "action_params_change": 0, "value_params_change": 0.25775916081989225}
{"iterations": 1, "type_itr": 0, "sub_iteration": 12, "sub_it_time": 0.12643790245056152, "total_time": 1.6673622131347656, "value_loss": 2.530440092086792, "action_loss": -1.485626459121704, "action_probs": [[0.37797330957662334, 0.144970784083112, 0.34480626506479073, 0.13224964127547387], [0.04369032435159887, 0.37146557391957147, 0.06154803197078041, 0.5232960697580492], [0.054643677062371734, 0.0009790908822511146, 0.9277539827731495, 0.01662324928222761], [0.0009214124728418498, 0.04439002064740348, 0.019413686405991868, 0.9352748804737628], [0.04766963826130851, 0.9519738985401677, 1.6998531077857874e-05, 0.00033946466744596535], [1.8151994864012026e-05, 0.999751011014387, 4.1911193358762865e-09, 0.00023083279962972383], [0.013569937790950573, 0.6719306571250436, 0.006225723790661215, 0.3082736812933445], [0.37676446194598573, 0.2398302144791652, 0.23427626926882808, 0.14912905430602102], [0.17428494177182016, 0.721501924388442, 0.020275782833221588, 0.08393735100651623], [0.007268421773711283, 0.540612676802674, 0.0059980000696367676, 0.4461209013539781], [0.5655900822830059, 0.08675696510308692, 0.3014178769762323, 0.04623507563767487], [0.0030919588655861636, 0.009775364800087956, 0.23720345500004272, 0.7499292213342831], [0.0003618175451454282, 0.09906687011895617, 0.0032771477640191745, 0.8972941645718792], [0.00493451435455382, 0.01533094087439259, 0.23855936716978252, 0.741175177601271], [0.003925180159419439, 0.8274796644608199, 0.0007959616342783628, 0.16779919374548227], [0.024986737119492036, 0.03477201772364176, 0.3931400659754185, 0.5471011791814477]], "state_values": [2.3071556589730444, 2.8640899359429715, 0.9046636341905057, 3.06778489621, 4.473247733452911, 3.191109008878174, 3.792254269746946, 3.9942547941033957, 0.7352109390946114, -4.294369628357049, 1.2202313325572511, 4.704571188044864, 0.6210210886252208, 1.9279278828685327, 0.7812360202010142, -1.6095023148324619], "value_grad": [-1.2671996355056763, -0.8672401905059814, -0.6771600246429443, -0.0039598941802978516, 1.3186802864074707, -0.16235995292663574, -0.997920036315918, -1.0889999866485596, -1.4572796821594238, 0.9939601421356201, 0.9900000095367432, 0.9068398475646973, 1.374119758605957, -0.3960001468658447, -0.3049197196960449, 0.304919958114624], "action_grad": [[0.0, 0.0, 0.0], [0.0, 0.0, 0.0], [0.0, 0.0, 0.0], [0.0, 0.0, 0.0], [0.0, 0.0, 0.0], [0.0, 0.0, 0.0], [0.0, 0.0, 0.0], [0.0, 0.0, 0.0], [0.0, 0.0, 0.0], [0.0, 0.0, 0.0], [0.0, 0.0, 0.0], [0.0, 0.0, 0.0], [0.0, 0.0, 0.0], [0.0, 0.0, 0.0], [0.0, 0.0, 0.0], [0.0, 0.0, 0.0]], "action_params_change": 0, "value_params_change": 0.23826845011878683}
{"iterations": 1, "type_itr": 0, "sub_iteration": 13, "sub_it_time": 0.12757658958435059, "total_time": 1.7965662479400635, "value_loss": 2.5819201469421387, "action_loss": -1.4702322483062744, "action_probs": [[0.37797330957662334, 0.144970784083112, 0.34480626506479073, 0.13224964127547387], [0.04369032435159887, 0.37146557391957147, 0.06154803197078041, 0.5232960697580492], [0.054643677062371734, 0.0009790908822511146, 0.9277539827731495, 0.01662324928222761], [0.0009214124728418498, 0.04439002064740348, 0.019413686405991868, 0.9352748804737628], [0.04766963826130851, 0.9519738985401677, 1.6998531077857874e-05, 0.00033946466744596535], [1.8151994864012026e-05, 0.999751011014387, 4.1911193358762865e-09, 0.00023083279962972383], [0.013569937790950573, 0.6719306571250436, 0.006225723790661215, 0.3082736812933445], [0.37676446194598573, 0.2398302144791652, 0.23427626926882808, 0.14912905430602102], [0.17428494177182016, 0.721501924388442, 0.020275782833221588, 0.08393735100651623], [0.007268421773711283, 0.540612676802674, 0.0059980000696367676, 0.4461209013539781], [0.5655900822830059, 0.08675696510308692, 0.3014178769762323, 0.04623507563767487], [0.0030919588655861636, 0.009775364800087956, 0.23720345500004272, 0.7499292213342831], [0.0003618175451454282, 0.09906687011895617, 0.0032771477640191745, 0.8972941645718792], [0.00493451435455382, 0.01533094087439259, 0.23855936716978252, 0.741175177601271], [0.003925180159419439, 0.8274796644608199, 0.0007959616342783628, 0.16779919374548227], [0.024986737119492036, 0.03477201772364176, 0.3931400659754185, 0.5471011791814477]], "state_values": [2.280809218716475, 2.475367233777671, 1.009951492866134, 2.8313066412523074, 4.1974548734996, 3.0583127727000092, 4.012479751594819, 3.759208508266298, 1.1738717287797822, -4.515735270809413, 1.7718505094666233, 4.702980264204142, 0.9869638429865188, 1.7537343782100037, 0.8292940864746507, -1.972011021593132], "value_grad": [0.011879682540893555, -0.7484400272369385, 0.039600372314453125, -1.3860000371932983, 0.657360315322876, 0.2573997974395752, 1.1563199758529663, -0.17028045654296875, -1.4216396808624268, -1.1404800415039062, 0.44351983070373535, -1.1246403455734253, -0.30096006393432617, -0.6811201572418213, 0.05543994903564453, 0.28512001037597656], "action_grad": [[0.0, 0.0, 0.0], [0.0, 0.0, 0.0], [0.0, 0.0, 0.0], [0.0, 0.0, 0.0], [0.0, 0.0, 0.0], [0.0, 0.0, 0.0], [0.0, 0.0, 0.0], [0.0, 0.0, 0.0], [0.0, 0.0, 0.0], [0.0, 0.0, 0.0], [0.0, 0.0, 0.0], [0.0, 0.0, 0.0], [0.0, 0.0, 0.0], [0.0, 0.0, 0.0], [0.0, 0.0, 0.0], [0.0, 0.0, 0.0]], "action_params_change": 0, "value_params_change": 0.23140853736779743}
