{"iterations": 0, "type_itr": 0, "sub_iteration": 0, "sub_it_time": 0, "total_time": 0, "value_loss": 0, "action_loss": 0, "action_probs": [[0.41441198735942025, 0.30805448835418126, 0.1591952335847671, 0.11833829070163122], [0.5126586671809118, 0.05207328044662481, 0.3951324881355408, 0.04013556423692271], [0.31336094107171264, 0.5906960786659613, 0.033255405276263354, 0.06268757498606245], [0.4070114240696489, 0.22226261218157614, 0.23978377265313114, 0.13094219109564384], [0.11546534558318676, 0.7758264639058531, 0.014082962113459526, 0.09462522839750076], [0.26929469201577166, 0.43418991461347095, 0.11350642328666727, 0.1830089700840899], [0.5613419063757852, 0.4383177595010736, 0.00019110884635050048, 0.00014922527679077225], [0.5940840856752689, 0.40299160807617795, 0.0017423790538607967, 0.0011819271946924706], [0.0028385661465276427, 0.2676765499103774, 0.0076546225074125935, 0.7218302614356824], [0.30862592798559507, 0.49132239882211887, 0.07718140186682486, 0.12287027132546133], [0.9313766829076098, 0.0016432204465642545, 0.0668621323195285, 0.00011796432629743282], [0.09621358142631894, 0.116419942402857, 0.35627189543392607, 0.43109458073689805], [0.28621007719777586, 0.31737782753368504, 0.18797118944823493, 0.20844090582030403], [0.11911212286923906, 0.0013645517769664678, 0.8695616035514676, 0.009961721802327128], [0.2718580116069001, 0.008497113981306675, 0.6978335930552972, 0.02181128135649595], [0.6470110926368305, 0.348805443850655, 0.0027181184475865393, 0.001465345064928036]], "state_values": [4.991414414045182, -2.5044385519426213, 2.7822845797140054, -4.783594583890792, 2.8405038193872616, 4.042706461001007, 4.828681149958444, 3.401176581891218, 3.461775951332118, -0.9182833432632631, 2.5391038742469414, 4.998951351385344, 0.3215351150161306, 2.3279522244582798, 4.047002913902928, 2.5448735141540686], "value_grad": [0.0, 0.0, 0.0, 0.0, 0.0, 0.0, 0.0, 0.0, 0.0, 0.0, 0.0, 0.0, 0.0, 0.0, 0.0, 0.0], "action_grad": [[0.0, 0.0, 0.0], [0.0, 0.0, 0.0], [0.0, 0.0, 0.0], [0.0, 0.0, 0.0], [0.0, 0.0, 0.0], [0.0, 0.0, 0.0], [0.0, 0.0, 0.0], [0.0, 0.0, 0.0], [0.0, 0.0, 0.0], [0.0, 0.0, 0.0], [0.0, 0.0, 0.0], [0.0, 0.0, 0.0], [0.0, 0.0, 0.0], [0.0, 0.0, 0.0], [0.0, 0.0, 0.0], [0.0, 0.0, 0.0]], "action_params_change": 0, "value_params_change": 0}
{"iterations": 1, "type_itr": 0, "sub_iteration": 0, "sub_it_time": 0.31177282333374023, "total_time": 0.3135263919830322, "value_loss": 5.574095726013184, "action_loss": -1.6711349487304688, "action_probs": [[0.41441198735942025, 0.30805448835418126, 0.1591952335847671, 0.11833829070163122], [0.5126586671809118, 0.05207328044662481, 0.3951324881355408, 0.04013556423692271], [0.31336094107171264, 0.5906960786659613, 0.033255405276263354, 0.06268757498606245], [0.4070114240696489, 0.22226261218157614, 0.23978377265313114, 0.13094219109564384], [0.11546534558318676, 0.7758264639058531, 0.014082962113459526, 0.09462522839750076], [0.26929469201577166, 0.43418991461347095, 0.11350642328666727, 0.1830089700840899], [0.5613419063757852, 0.4383177595010736, 0.00019110884635050048, 0.00014922527679077225], [0.5940840856752689, 0.40299160807617795, 0.0017423790538607967, 0.0011819271946924706], [0.0028385661465276427, 0.2676765499103774, 0.0076546225074125935, 0.7218302614356824], [0.30862592798559507, 0.49132239882211887, 0.07718140186682486, 0.12287027132546133], [0.9313766829076098, 0.0016432204465642545, 0.0668621323195285, 0.00011796432629743282], [0.09621358142631894, 0.116419942402857, 0.35627189543392607, 0.43109458073689805], [0.28621007719777586, 0.31737782753368504, 0.18797118944823493, 0.20844090582030403], [0.11911212286923906, 0.0013645517769664678, 0.8695616035514676, 0.009961721802327128], [0.2718580116069001, 0.008497113981306675, 0.6978335930552972, 0.02181128135649595], [0.6470110926368305, 0.348805443850655, 0.0027181184475865393, 0.001465345064928036]], "state_values": [4.763782333916898, -1.3559258081202883, 1.6679794895293982, -4.9948737798612735, 3.7702159975269662, 3.1891172773311953, 4.357530859208046, 2.3887144866433636, 2.4615776180495357, -2.1057147529004827, 3.5258157369332994, 4.868879793551019, 1.5459987131917174, 1.1608189606299455, 3.19474296619004, 3.530563272045173], "value_grad": [0.10494041442871094, -1.9225802421569824, -0.3326401710510254, 0.03841209411621094, -0.5029201507568359, -0.9080281257629395, 0.595980167388916, -0.11919641494750977, -1.4410438537597656, 0.3405594825744629, 0.5583596229553223, -0.14612388610839844, 0.6403317451477051, 0.4245119094848633, 0.6585483551025391, -0.5769715309143066], "action_grad": [[0.0, 0.0, 0.0], [0.0, 0.0, 0.0], [0.0, 0.0, 0.0], [0.0, 0.0, 0.0], [0.0, 0.0, 0.0], [0.0, 0.0, 0.0], [0.0, 0.0, 0.0], [0.0, 0.0, 0.0], [0.0, 0.0, 0.0], [0.0, 0.0, 0.0], [0.0, 0.0, 0.0], [0.0, 0.0, 0.0], [0.0, 0.0, 0.0], [0.0, 0.0, 0.0], [0.0, 0.0, 0.0], [0.0, 0.0, 0.0]], "action_params_change": 0, "value_params_change": 0.4999999973993283}
{"iterations": 1, "type_itr": 0, "sub_iteration": 1, "sub_it_time": 0.3100452423095703, "total_time": 0.6254277229309082, "value_loss": 3.049992084503174, "action_loss": -1.4289216995239258, "action_probs": [[0.41441198735942025, 0.30805448835418126, 0.1591952335847671, 0.11833829070163122], [0.5126586671809118, 0.05207328044662481, 0.3951324881355408, 0.04013556423692271], [0.31336094107171264, 0.5906960786659613, 0.033255405276263354, 0.06268757498606245], [0.4070114240696489, 0.22226261218157614, 0.23978377265313114, 0.13094219109564384], [0.11546534558318676, 0.7758264639058531, 0.014082962113459526, 0.09462522839750076], [0.26929469201577166, 0.43418991461347095, 0.11350642328666727, 0.1830089700840899], [0.5613419063757852, 0.4383177595010736, 0.00019110884635050048, 0.00014922527679077225], [0.5940840856752689, 0.40299160807617795, 0.0017423790538607967, 0.0011819271946924706], [0.0028385661465276427, 0.2676765499103774, 0.0076546225074125935, 0.7218302614356824], [0.30862592798559507, 0.49132239882211887, 0.07718140186682486, 0.12287027132546133], [0.9313766829076098, 0.0016432204465642545, 0.0668621323195285, 0.00011796432629743282], [0.09621358142631894, 0.116419942402857, 0.35627189543392607, 0.43109458073689805], [0.28621007719777586, 0.31737782753368504, 0.18797118944823493, 0.20844090582030403], [0.11911212286923906, 0.0013645517769664678, 0.8695616035514676, 0.009961721802327128], [0.2718580116069001, 0.008497113981306675, 0.6978335930552972, 0.02181128135649595], [0.6470110926368305, 0.348805443850655, 0.0027181184475865393, 0.001465345064928036]], "state_values": [4.334298130424252, -0.14255097994470173, 0.6078874151529449, -4.967049440552183, 3.843211670107793, 2.18620405524135, 3.6512212674636895, 1.2722296589599285, 1.400884040786815, -2.827892972014436, 3.752527256199799, 4.436552102767811, 2.607143939541052, -0.058121847307350184, 2.534695669221423, 3.6462993322092077], "value_grad": [0.56905198097229, -1.4719321727752686, -1.4794561862945557, -0.06177544593811035, 0.37659621238708496, -0.5409359931945801, 0.35996389389038086, -0.0748443603515625, -0.677556037902832, -0.0019800662994384766, -0.2803685665130615, -0.1421642303466797, 0.3302638530731201, 0.3223440647125244, -0.020987987518310547, 0.39441585540771484], "action_grad": [[0.0, 0.0, 0.0], [0.0, 0.0, 0.0], [0.0, 0.0, 0.0], [0.0, 0.0, 0.0], [0.0, 0.0, 0.0], [0.0, 0.0, 0.0], [0.0, 0.0, 0.0], [0.0, 0.0, 0.0], [0.0, 0.0, 0.0], [0.0, 0.0, 0.0], [0.0, 0.0, 0.0], [0.0, 0.0, 0.0], [0.0, 0.0, 0.0], [0.0, 0.0, 0.0], [0.0, 0.0, 0.0], [0.0, 0.0, 0.0]], "action_params_change": 0, "value_params_change": 0.4995948261171661}
{"iterations": 1, "type_itr": 0, "sub_iteration": 2, "sub_it_time": 0.334003210067749, "total_time": 0.9614148139953613, "value_loss": 2.6856720447540283, "action_loss": -1.1114217042922974, "action_probs": [[0.41441198735942025, 0.30805448835418126, 0.1591952335847671, 0.11833829070163122], [0.5126586671809118, 0.05207328044662481, 0.3951324881355408, 0.04013556423692271], [0.31336094107171264, 0.5906960786659613, 0.033255405276263354, 0.06268757498606245], [0.4070114240696489, 0.22226261218157614, 0.23978377265313114, 0.13094219109564384], [0.11546534558318676, 0.7758264639058531, 0.014082962113459526, 0.09462522839750076], [0.26929469201577166, 0.43418991461347095, 0.11350642328666727, 0.1830089700840899], [0.5613419063757852, 0.4383177595010736, 0.00019110884635050048, 0.00014922527679077225], [0.5940840856752689, 0.40299160807617795, 0.0017423790538607967, 0.0011819271946924706], [0.0028385661465276427, 0.2676765499103774, 0.0076546225074125935, 0.7218302614356824], [0.30862592798559507, 0.49132239882211887, 0.07718140186682486, 0.12287027132546133], [0.9313766829076098, 0.0016432204465642545, 0.0668621323195285, 0.00011796432629743282], [0.09621358142631894, 0.116419942402857, 0.35627189543392607, 0.43109458073689805], [0.28621007719777586, 0.31737782753368504, 0.18797118944823493, 0.20844090582030403], [0.11911212286923906, 0.0013645517769664678, 0.8695616035514676, 0.009961721802327128], [0.2718580116069001, 0.008497113981306675, 0.6978335930552972, 0.02181128135649595], [0.6470110926368305, 0.348805443850655, 0.0027181184475865393, 0.001465345064928036]], "state_values": [3.9783208876453924, 0.8194119374738241, -0.2918474528827798, -4.821015842829948, 3.536949787724454, 1.033726858101773, 2.7574035054942585, 0.29224043089810137, 0.3964552628449182, -2.708891753839425, 4.106162734532988, 3.7598017515003637, 2.729270445673132, -0.7619126925318298, 1.778853990232171, 3.438478555628517], "value_grad": [-0.12077975273132324, -0.044352054595947266, -0.11484026908874512, -0.07801222801208496, 0.539747953414917, -0.8977320194244385, 1.0802879333496094, -0.5848922729492188, -0.29620790481567383, -0.3631322383880615, 0.2966041564941406, -0.30135607719421387, -0.6415197849273682, -0.14533209800720215, 0.21265220642089844, 0.41144442558288574], "action_grad": [[0.0, 0.0, 0.0], [0.0, 0.0, 0.0], [0.0, 0.0, 0.0], [0.0, 0.0, 0.0], [0.0, 0.0, 0.0], [0.0, 0.0, 0.0], [0.0, 0.0, 0.0], [0.0, 0.0, 0.0], [0.0, 0.0, 0.0], [0.0, 0.0, 0.0], [0.0, 0.0, 0.0], [0.0, 0.0, 0.0], [0.0, 0.0, 0.0], [0.0, 0.0, 0.0], [0.0, 0.0, 0.0], [0.0, 0.0, 0.0]], "action_params_change": 0, "value_params_change": 0.4885621827016484}
{"iterations": 1, "type_itr": 0, "sub_iteration": 3, "sub_it_time": 0.31212472915649414, "total_time": 1.2757799625396729, "value_loss": 2.7553679943084717, "action_loss": -0.8307048082351685, "action_probs": [[0.41441198735942025, 0.30805448835418126, 0.1591952335847671, 0.11833829070163122], [0.5126586671809118, 0.05207328044662481, 0.3951324881355408, 0.04013556423692271], [0.31336094107171264, 0.5906960786659613, 0.033255405276263354, 0.06268757498606245], [0.4070114240696489, 0.22226261218157614, 0.23978377265313114, 0.13094219109564384], [0.11546534558318676, 0.7758264639058531, 0.014082962113459526, 0.09462522839750076], [0.26929469201577166, 0.43418991461347095, 0.11350642328666727, 0.1830089700840899], [0.5613419063757852, 0.4383177595010736, 0.00019110884635050048, 0.00014922527679077225], [0.5940840856752689, 0.40299160807617795, 0.0017423790538607967, 0.0011819271946924706], [0.0028385661465276427, 0.2676765499103774, 0.0076546225074125935, 0.7218302614356824], [0.30862592798559507, 0.49132239882211887, 0.07718140186682486, 0.12287027132546133], [0.9313766829076098, 0.0016432204465642545, 0.0668621323195285, 0.00011796432629743282], [0.09621358142631894, 0.116419942402857, 0.35627189543392607, 0.43109458073689805], [0.28621007719777586, 0.31737782753368504, 0.18797118944823493, 0.20844090582030403], [0.11911212286923906, 0.0013645517769664678, 0.8695616035514676, 0.009961721802327128], [0.2718580116069001, 0.008497113981306675, 0.6978335930552972, 0.02181128135649595], [0.6470110926368305, 0.348805443850655, 0.0027181184475865393, 0.001465345064928036]], "state_values": [3.6353444165444766, 1.6676370949072759, -0.9495954438384498, -4.487942198561252, 2.9392344290446832, 0.046580549125118414, 1.7264601611391828, -0.2122455733366568, -0.4082475492128729, -2.5539387830617026, 3.9370145249109596, 3.4392876880817873, 2.6784273193867603, -0.7292387795912887, 1.2893549709195187, 3.1266654802172322], "value_grad": [0.002376079559326172, -0.31046390533447266, 0.1500842571258545, -0.08157634735107422, 0.902087926864624, 0.011087894439697266, 0.4965841770172119, 0.22730445861816406, 0.07048797607421875, -0.045144081115722656, -0.8882279396057129, 0.22176003456115723, -0.23958039283752441, -0.4728236198425293, -0.15285611152648926, 0.2071077823638916], "action_grad": [[0.0, 0.0, 0.0], [0.0, 0.0, 0.0], [0.0, 0.0, 0.0], [0.0, 0.0, 0.0], [0.0, 0.0, 0.0], [0.0, 0.0, 0.0], [0.0, 0.0, 0.0], [0.0, 0.0, 0.0], [0.0, 0.0, 0.0], [0.0, 0.0, 0.0], [0.0, 0.0, 0.0], [0.0, 0.0, 0.0], [0.0, 0.0, 0.0], [0.0, 0.0, 0.0], [0.0, 0.0, 0.0], [0.0, 0.0, 0.0]], "action_params_change": 0, "value_params_change": 0.46317656434876486}
{"iterations": 1, "type_itr": 0, "sub_iteration": 4, "sub_it_time": 0.3174455165863037, "total_time": 1.5950024127960205, "value_loss": 2.0857319831848145, "action_loss": -0.6107676029205322, "action_probs": [[0.41441198735942025, 0.30805448835418126, 0.1591952335847671, 0.11833829070163122], [0.5126586671809118, 0.05207328044662481, 0.3951324881355408, 0.04013556423692271], [0.31336094107171264, 0.5906960786659613, 0.033255405276263354, 0.06268757498606245], [0.4070114240696489, 0.22226261218157614, 0.23978377265313114, 0.13094219109564384], [0.11546534558318676, 0.7758264639058531, 0.014082962113459526, 0.09462522839750076], [0.26929469201577166, 0.43418991461347095, 0.11350642328666727, 0.1830089700840899], [0.5613419063757852, 0.4383177595010736, 0.00019110884635050048, 0.00014922527679077225], [0.5940840856752689, 0.40299160807617795, 0.0017423790538607967, 0.0011819271946924706], [0.0028385661465276427, 0.2676765499103774, 0.0076546225074125935, 0.7218302614356824], [0.30862592798559507, 0.49132239882211887, 0.07718140186682486, 0.12287027132546133], [0.9313766829076098, 0.0016432204465642545, 0.0668621323195285, 0.00011796432629743282], [0.09621358142631894, 0.116419942402857, 0.35627189543392607, 0.43109458073689805], [0.28621007719777586, 0.31737782753368504, 0.18797118944823493, 0.20844090582030403], [0.11911212286923906, 0.0013645517769664678, 0.8695616035514676, 0.009961721802327128], [0.2718580116069001, 0.008497113981306675, 0.6978335930552972, 0.02181128135649595], [0.6470110926368305, 0.348805443850655, 0.0027181184475865393, 0.001465345064928036]], "state_values": [3.0303571229936748, 2.0908099750557687, -1.0708604104674917, -4.062704184485155, 2.223083620858156, -0.8432139487055834, 0.6159674408929555, -0.9365364511769717, -0.8630640014269029, -2.0461122351447876, 3.7058731011730957, 2.855570392815117, 2.265352978904291, -0.6285007057309238, 1.3691784199456967, 2.5876827253199197], "value_grad": [0.7947723865509033, 0.9072360992431641, 0.930203914642334, -0.6482517719268799, 0.3821401596069336, -0.11404824256896973, 0.4637165069580078, -0.41896796226501465, 0.4803478717803955, -0.45342016220092773, -0.20433592796325684, -0.4055039882659912, -0.8264524936676025, -0.07920026779174805, -0.5611321926116943, 0.5223240852355957], "action_grad": [[0.0, 0.0, 0.0], [0.0, 0.0, 0.0], [0.0, 0.0, 0.0], [0.0, 0.0, 0.0], [0.0, 0.0, 0.0], [0.0, 0.0, 0.0], [0.0, 0.0, 0.0], [0.0, 0.0, 0.0], [0.0, 0.0, 0.0], [0.0, 0.0, 0.0], [0.0, 0.0, 0.0], [0.0, 0.0, 0.0], [0.0, 0.0, 0.0], [0.0, 0.0, 0.0], [0.0, 0.0, 0.0], [0.0, 0.0, 0.0]], "action_params_change": 0, "value_params_change": 0.4580853835872456}
{"iterations": 1, "type_itr": 0, "sub_iteration": 5, "sub_it_time": 0.3321101665496826, "total_time": 1.92905855178833, "value_loss": 2.3910481929779053, "action_loss": -0.4116034209728241, "action_probs": [[0.41441198735942025, 0.30805448835418126, 0.1591952335847671, 0.11833829070163122], [0.5126586671809118, 0.05207328044662481, 0.3951324881355408, 0.04013556423692271], [0.31336094107171264, 0.5906960786659613, 0.033255405276263354, 0.06268757498606245], [0.4070114240696489, 0.22226261218157614, 0.23978377265313114, 0.13094219109564384], [0.11546534558318676, 0.7758264639058531, 0.014082962113459526, 0.09462522839750076], [0.26929469201577166, 0.43418991461347095, 0.11350642328666727, 0.1830089700840899], [0.5613419063757852, 0.4383177595010736, 0.00019110884635050048, 0.00014922527679077225], [0.5940840856752689, 0.40299160807617795, 0.0017423790538607967, 0.0011819271946924706], [0.0028385661465276427, 0.2676765499103774, 0.0076546225074125935, 0.7218302614356824], [0.30862592798559507, 0.49132239882211887, 0.07718140186682486, 0.12287027132546133], [0.9313766829076098, 0.0016432204465642545, 0.0668621323195285, 0.00011796432629743282], [0.09621358142631894, 0.116419942402857, 0.35627189543392607, 0.43109458073689805], [0.28621007719777586, 0.31737782753368504, 0.18797118944823493, 0.20844090582030403], [0.11911212286923906, 0.0013645517769664678, 0.8695616035514676, 0.009961721802327128], [0.2718580116069001, 0.008497113981306675, 0.6978335930552972, 0.02181128135649595], [0.6470110926368305, 0.348805443850655, 0.0027181184475865393, 0.001465345064928036]], "state_values": [2.3344106743196016, 2.283249945087956, -1.159771165281511, -3.5492633799378637, 1.571960185050432, -1.1696010507517365, -0.2643368213467289, -1.5753381984166879, -1.1927144935963558, -1.346914083343928, 3.239078529142933, 2.1683558514679957, 1.5941898076506746, -0.14116464514055696, 1.5023472318430091, 2.0069329397637907], "value_grad": [0.21938371658325195, 0.6866641044616699, 0.04237174987792969, -0.09028792381286621, -0.03445243835449219, 0.816551923751831, -0.21265220642089844, -0.038016319274902344, 0.14770793914794922, -0.3639237880706787, -0.9218878746032715, -0.1580040454864502, -1.0391037464141846, -0.6193439960479736, -0.09464383125305176, 0.14255976676940918], "action_grad": [[0.0, 0.0, 0.0], [0.0, 0.0, 0.0], [0.0, 0.0, 0.0], [0.0, 0.0, 0.0], [0.0, 0.0, 0.0], [0.0, 0.0, 0.0], [0.0, 0.0, 0.0], [0.0, 0.0, 0.0], [0.0, 0.0, 0.0], [0.0, 0.0, 0.0], [0.0, 0.0, 0.0], [0.0, 0.0, 0.0], [0.0, 0.0, 0.0], [0.0, 0.0, 0.0], [0.0, 0.0, 0.0], [0.0, 0.0, 0.0]], "action_params_change": 0, "value_params_change": 0.35279853699181674}
{"iterations": 1, "type_itr": 0, "sub_iteration": 6, "sub_it_time": 0.321993350982666, "total_time": 2.2531557083129883, "value_loss": 2.1102840900421143, "action_loss": -0.24500249326229095, "action_probs": [[0.41441198735942025, 0.30805448835418126, 0.1591952335847671, 0.11833829070163122], [0.5126586671809118, 0.05207328044662481, 0.3951324881355408, 0.04013556423692271], [0.31336094107171264, 0.5906960786659613, 0.033255405276263354, 0.06268757498606245], [0.4070114240696489, 0.22226261218157614, 0.23978377265313114, 0.13094219109564384], [0.11546534558318676, 0.7758264639058531, 0.014082962113459526, 0.09462522839750076], [0.26929469201577166, 0.43418991461347095, 0.11350642328666727, 0.1830089700840899], [0.5613419063757852, 0.4383177595010736, 0.00019110884635050048, 0.00014922527679077225], [0.5940840856752689, 0.40299160807617795, 0.0017423790538607967, 0.0011819271946924706], [0.0028385661465276427, 0.2676765499103774, 0.0076546225074125935, 0.7218302614356824], [0.30862592798559507, 0.49132239882211887, 0.07718140186682486, 0.12287027132546133], [0.9313766829076098, 0.0016432204465642545, 0.0668621323195285, 0.00011796432629743282], [0.09621358142631894, 0.116419942402857, 0.35627189543392607, 0.43109458073689805], [0.28621007719777586, 0.31737782753368504, 0.18797118944823493, 0.20844090582030403], [0.11911212286923906, 0.0013645517769664678, 0.8695616035514676, 0.009961721802327128], [0.2718580116069001, 0.008497113981306675, 0.6978335930552972, 0.02181128135649595], [0.6470110926368305, 0.348805443850655, 0.0027181184475865393, 0.001465345064928036]], "state_values": [1.5003403010337055, 2.2524978139301055, -1.327723205213188, -2.8510425763089873, 0.746564279576042, -1.1877741444165213, -1.0947923485890458, -2.2467720699379217, -1.3510782027954418, -0.533251399378608, 2.5888971611520226, 1.4877486515698826, 0.7902608194173714, 0.45075177965294366, 1.4578521114347514, 1.5657743903131103], "value_grad": [0.40352439880371094, 0.9488160610198975, -0.27007198333740234, -0.36115169525146484, 0.7417079210281372, 0.6886441707611084, 0.1734483242034912, -0.21740424633026123, 0.3401641845703125, -0.2839317321777344, -0.8034842014312744, -0.03643202781677246, -0.6799318790435791, -0.2906639575958252, 0.24314379692077637, -0.14770770072937012], "action_grad": [[0.0, 0.0, 0.0], [0.0, 0.0, 0.0], [0.0, 0.0, 0.0], [0.0, 0.0, 0.0], [0.0, 0.0, 0.0], [0.0, 0.0, 0.0], [0.0, 0.0, 0.0], [0.0, 0.0, 0.0], [0.0, 0.0, 0.0], [0.0, 0.0, 0.0], [0.0, 0.0, 0.0], [0.0, 0.0, 0.0], [0.0, 0.0, 0.0], [0.0, 0.0, 0.0], [0.0, 0.0, 0.0], [0.0, 0.0, 0.0]], "action_params_change": 0, "value_params_change": 0.36505873763397556}
{"iterations": 1, "type_itr": 0, "sub_iteration": 7, "sub_it_time": 0.30474400520324707, "total_time": 2.5599215030670166, "value_loss": 1.6386479139328003, "action_loss": -0.09283580631017685, "action_probs": [[0.41441198735942025, 0.30805448835418126, 0.1591952335847671, 0.11833829070163122], [0.5126586671809118, 0.05207328044662481, 0.3951324881355408, 0.04013556423692271], [0.31336094107171264, 0.5906960786659613, 0.033255405276263354, 0.06268757498606245], [0.4070114240696489, 0.22226261218157614, 0.23978377265313114, 0.13094219109564384], [0.11546534558318676, 0.7758264639058531, 0.014082962113459526, 0.09462522839750076], [0.26929469201577166, 0.43418991461347095, 0.11350642328666727, 0.1830089700840899], [0.5613419063757852, 0.4383177595010736, 0.00019110884635050048, 0.00014922527679077225], [0.5940840856752689, 0.40299160807617795, 0.0017423790538607967, 0.0011819271946924706], [0.0028385661465276427, 0.2676765499103774, 0.0076546225074125935, 0.7218302614356824], [0.30862592798559507, 0.49132239882211887, 0.07718140186682486, 0.12287027132546133], [0.9313766829076098, 0.0016432204465642545, 0.0668621323195285, 0.00011796432629743282], [0.09621358142631894, 0.116419942402857, 0.35627189543392607, 0.43109458073689805], [0.28621007719777586, 0.31737782753368504, 0.18797118944823493, 0.20844090582030403], [0.11911212286923906, 0.0013645517769664678, 0.8695616035514676, 0.009961721802327128], [0.2718580116069001, 0.008497113981306675, 0.6978335930552972, 0.02181128135649595], [0.6470110926368305, 0.348805443850655, 0.0027181184475865393, 0.001465345064928036]], "state_values": [0.7409219963319353, 2.0360608641070534, -1.309596971212567, -1.9738800474981006, -0.14920648806856457, -0.991009082771648, -1.489946974721417, -2.6346558140674703, -1.470274918979689, -0.32209812542678773, 1.7577035821099525, 0.6400068975437495, -0.055664388735602, 1.032256710883023, 1.3617160926005627, 1.1867380364713453], "value_grad": [-0.03049182891845703, 1.031579852104187, 0.502128005027771, -0.7852680683135986, 0.4569840431213379, 0.654587984085083, -0.6870601177215576, 0.22968006134033203, 0.05583620071411133, 0.613800048828125, -1.0014840364456177, -0.351648211479187, -0.40391993522644043, -0.11246383190155029, 0.09028804302215576, -0.03563976287841797], "action_grad": [[0.0, 0.0, 0.0], [0.0, 0.0, 0.0], [0.0, 0.0, 0.0], [0.0, 0.0, 0.0], [0.0, 0.0, 0.0], [0.0, 0.0, 0.0], [0.0, 0.0, 0.0], [0.0, 0.0, 0.0], [0.0, 0.0, 0.0], [0.0, 0.0, 0.0], [0.0, 0.0, 0.0], [0.0, 0.0, 0.0], [0.0, 0.0, 0.0], [0.0, 0.0, 0.0], [0.0, 0.0, 0.0], [0.0, 0.0, 0.0]], "action_params_change": 0, "value_params_change": 0.40187121817095495}
{"iterations": 1, "type_itr": 0, "sub_iteration": 8, "sub_it_time": 0.30051112174987793, "total_time": 2.862410068511963, "value_loss": 1.364220142364502, "action_loss": 0.08260321617126465, "action_probs": [[0.41441198735942025, 0.30805448835418126, 0.1591952335847671, 0.11833829070163122], [0.5126586671809118, 0.05207328044662481, 0.3951324881355408, 0.04013556423692271], [0.31336094107171264, 0.5906960786659613, 0.033255405276263354, 0.06268757498606245], [0.4070114240696489, 0.22226261218157614, 0.23978377265313114, 0.13094219109564384], [0.11546534558318676, 0.7758264639058531, 0.014082962113459526, 0.09462522839750076], [0.26929469201577166, 0.43418991461347095, 0.11350642328666727, 0.1830089700840899], [0.5613419063757852, 0.4383177595010736, 0.00019110884635050048, 0.00014922527679077225], [0.5940840856752689, 0.40299160807617795, 0.0017423790538607967, 0.0011819271946924706], [0.0028385661465276427, 0.2676765499103774, 0.0076546225074125935, 0.7218302614356824], [0.30862592798559507, 0.49132239882211887, 0.07718140186682486, 0.12287027132546133], [0.9313766829076098, 0.0016432204465642545, 0.0668621323195285, 0.00011796432629743282], [0.09621358142631894, 0.116419942402857, 0.35627189543392607, 0.43109458073689805], [0.28621007719777586, 0.31737782753368504, 0.18797118944823493, 0.20844090582030403], [0.11911212286923906, 0.0013645517769664678, 0.8695616035514676, 0.009961721802327128], [0.2718580116069001, 0.008497113981306675, 0.6978335930552972, 0.02181128135649595], [0.6470110926368305, 0.348805443850655, 0.0027181184475865393, 0.001465345064928036]], "state_values": [-0.023415164420042118, 1.7071747997169948, -1.0676447226073382, -0.9590310033658603, -0.9239372644355823, -0.6231641940382137, -1.6700010819564426, -3.0113242072008743, -1.465375077169728, -0.2172966592704199, 0.7842136782102386, -0.2613601574545226, -0.7265598976912424, 1.40999854070645, 1.3932649439611382, 0.6589301445854712], "value_grad": [0.144936203956604, 0.7583401203155518, 0.7753680944442749, -1.0751402378082275, -0.04395580291748047, 0.6621122360229492, -0.4435199499130249, -0.0875159502029419, 0.3263040781021118, 0.1374119520187378, -0.9848523139953613, -0.18849611282348633, 0.22611606121063232, 0.20512807369232178, -0.18889200687408447, 0.36431992053985596], "action_grad": [[0.0, 0.0, 0.0], [0.0, 0.0, 0.0], [0.0, 0.0, 0.0], [0.0, 0.0, 0.0], [0.0, 0.0, 0.0], [0.0, 0.0, 0.0], [0.0, 0.0, 0.0], [0.0, 0.0, 0.0], [0.0, 0.0, 0.0], [0.0, 0.0, 0.0], [0.0, 0.0, 0.0], [0.0, 0.0, 0.0], [0.0, 0.0, 0.0], [0.0, 0.0, 0.0], [0.0, 0.0, 0.0], [0.0, 0.0, 0.0]], "action_params_change": 0, "value_params_change": 0.425643716945741}
{"iterations": 1, "type_itr": 0, "sub_iteration": 9, "sub_it_time": 0.30158090591430664, "total_time": 3.165850877761841, "value_loss": 0.7512120604515076, "action_loss": 0.24393397569656372, "action_probs": [[0.41441198735942025, 0.30805448835418126, 0.1591952335847671, 0.11833829070163122], [0.5126586671809118, 0.05207328044662481, 0.3951324881355408, 0.04013556423692271], [0.31336094107171264, 0.5906960786659613, 0.033255405276263354, 0.06268757498606245], [0.4070114240696489, 0.22226261218157614, 0.23978377265313114, 0.13094219109564384], [0.11546534558318676, 0.7758264639058531, 0.014082962113459526, 0.09462522839750076], [0.26929469201577166, 0.43418991461347095, 0.11350642328666727, 0.1830089700840899], [0.5613419063757852, 0.4383177595010736, 0.00019110884635050048, 0.00014922527679077225], [0.5940840856752689, 0.40299160807617795, 0.0017423790538607967, 0.0011819271946924706], [0.0028385661465276427, 0.2676765499103774, 0.0076546225074125935, 0.7218302614356824], [0.30862592798559507, 0.49132239882211887, 0.07718140186682486, 0.12287027132546133], [0.9313766829076098, 0.0016432204465642545, 0.0668621323195285, 0.00011796432629743282], [0.09621358142631894, 0.116419942402857, 0.35627189543392607, 0.43109458073689805], [0.28621007719777586, 0.31737782753368504, 0.18797118944823493, 0.20844090582030403], [0.11911212286923906, 0.0013645517769664678, 0.8695616035514676, 0.009961721802327128], [0.2718580116069001, 0.008497113981306675, 0.6978335930552972, 0.02181128135649595], [0.6470110926368305, 0.348805443850655, 0.0027181184475865393, 0.001465345064928036]], "state_values": [-0.7357940653467786, 1.3414805287325657, -0.726452067984294, 0.10216717935023391, -1.3685962446593163, -0.20085655305051617, -1.6116044399243565, -3.1904457155928583, -1.2319544820900952, -0.12158618418799469, -0.27860725867839464, -0.8117242712456336, -1.1098404457663498, 1.5708468611094228, 1.5359797352744518, 0.3182826613215444], "value_grad": [0.05702400207519531, 0.3607560396194458, 0.44431209564208984, -0.3781799077987671, -0.5417279005050659, 0.3156120777130127, -0.656171977519989, 0.23443210124969482, 0.7512121796607971, -0.003564000129699707, -0.9389159679412842, 0.2613598108291626, 0.5852879285812378, 0.2922481298446655, -0.1952279806137085, -0.2284919023513794], "action_grad": [[0.0, 0.0, 0.0], [0.0, 0.0, 0.0], [0.0, 0.0, 0.0], [0.0, 0.0, 0.0], [0.0, 0.0, 0.0], [0.0, 0.0, 0.0], [0.0, 0.0, 0.0], [0.0, 0.0, 0.0], [0.0, 0.0, 0.0], [0.0, 0.0, 0.0], [0.0, 0.0, 0.0], [0.0, 0.0, 0.0], [0.0, 0.0, 0.0], [0.0, 0.0, 0.0], [0.0, 0.0, 0.0], [0.0, 0.0, 0.0]], "action_params_change": 0, "value_params_change": 0.42687409189473335}
{"iterations": 1, "type_itr": 0, "sub_iteration": 10, "sub_it_time": 0.30031681060791016, "total_time": 3.4679229259490967, "value_loss": 0.9040679931640625, "action_loss": 0.30598148703575134, "action_probs": [[0.41441198735942025, 0.30805448835418126, 0.1591952335847671, 0.11833829070163122], [0.5126586671809118, 0.05207328044662481, 0.3951324881355408, 0.04013556423692271], [0.31336094107171264, 0.5906960786659613, 0.033255405276263354, 0.06268757498606245], [0.4070114240696489, 0.22226261218157614, 0.23978377265313114, 0.13094219109564384], [0.11546534558318676, 0.7758264639058531, 0.014082962113459526, 0.09462522839750076], [0.26929469201577166, 0.43418991461347095, 0.11350642328666727, 0.1830089700840899], [0.5613419063757852, 0.4383177595010736, 0.00019110884635050048, 0.00014922527679077225], [0.5940840856752689, 0.40299160807617795, 0.0017423790538607967, 0.0011819271946924706], [0.0028385661465276427, 0.2676765499103774, 0.0076546225074125935, 0.7218302614356824], [0.30862592798559507, 0.49132239882211887, 0.07718140186682486, 0.12287027132546133], [0.9313766829076098, 0.0016432204465642545, 0.0668621323195285, 0.00011796432629743282], [0.09621358142631894, 0.116419942402857, 0.35627189543392607, 0.43109458073689805], [0.28621007719777586, 0.31737782753368504, 0.18797118944823493, 0.20844090582030403], [0.11911212286923906, 0.0013645517769664678, 0.8695616035514676, 0.009961721802327128], [0.2718580116069001, 0.008497113981306675, 0.6978335930552972, 0.02181128135649595], [0.6470110926368305, 0.348805443850655, 0.0027181184475865393, 0.001465345064928036]], "state_values": [-1.1435435355778532, 0.8781417144470289, -0.3108794140084729, 1.1975936450977693, -1.7685906075850997, 0.3416647130630365, -1.5899138932038976, -3.047216008408318, -0.900860998273344, 0.1050529415720963, -1.329240172477373, -1.1335038596992528, -1.312212998600443, 1.517682300910476, 1.482323081710562, 0.21891602738188468], "value_grad": [-0.3698641061782837, 0.7535880208015442, 0.3940200209617615, -0.5916240811347961, 0.03247213363647461, 0.6288480758666992, 0.09741604328155518, 0.6169680953025818, 0.4098600745201111, -0.25185608863830566, -0.5484601259231567, 0.20156407356262207, 0.43599599599838257, 0.3718441128730774, 0.3136320114135742, -0.36590391397476196], "action_grad": [[0.0, 0.0, 0.0], [0.0, 0.0, 0.0], [0.0, 0.0, 0.0], [0.0, 0.0, 0.0], [0.0, 0.0, 0.0], [0.0, 0.0, 0.0], [0.0, 0.0, 0.0], [0.0, 0.0, 0.0], [0.0, 0.0, 0.0], [0.0, 0.0, 0.0], [0.0, 0.0, 0.0], [0.0, 0.0, 0.0], [0.0, 0.0, 0.0], [0.0, 0.0, 0.0], [0.0, 0.0, 0.0], [0.0, 0.0, 0.0]], "action_params_change": 0, "value_params_change": 0.4428705254286651}
{"iterations": 1, "type_itr": 0, "sub_iteration": 11, "sub_it_time": 0.30211567878723145, "total_time": 3.7718327045440674, "value_loss": 1.1749320030212402, "action_loss": 0.290225088596344, "action_probs": [[0.41441198735942025, 0.30805448835418126, 0.1591952335847671, 0.11833829070163122], [0.5126586671809118, 0.05207328044662481, 0.3951324881355408, 0.04013556423692271], [0.31336094107171264, 0.5906960786659613, 0.033255405276263354, 0.06268757498606245], [0.4070114240696489, 0.22226261218157614, 0.23978377265313114, 0.13094219109564384], [0.11546534558318676, 0.7758264639058531, 0.014082962113459526, 0.09462522839750076], [0.26929469201577166, 0.43418991461347095, 0.11350642328666727, 0.1830089700840899], [0.5613419063757852, 0.4383177595010736, 0.00019110884635050048, 0.00014922527679077225], [0.5940840856752689, 0.40299160807617795, 0.0017423790538607967, 0.0011819271946924706], [0.0028385661465276427, 0.2676765499103774, 0.0076546225074125935, 0.7218302614356824], [0.30862592798559507, 0.49132239882211887, 0.07718140186682486, 0.12287027132546133], [0.9313766829076098, 0.0016432204465642545, 0.0668621323195285, 0.00011796432629743282], [0.09621358142631894, 0.116419942402857, 0.35627189543392607, 0.43109458073689805], [0.28621007719777586, 0.31737782753368504, 0.18797118944823493, 0.20844090582030403], [0.11911212286923906, 0.0013645517769664678, 0.8695616035514676, 0.009961721802327128], [0.2718580116069001, 0.008497113981306675, 0.6978335930552972, 0.02181128135649595], [0.6470110926368305, 0.348805443850655, 0.0027181184475865393, 0.001465345064928036]], "state_values": [-1.3833079343385526, 0.40086697330552123, 0.19303067040901373, 2.2062037174099474, -1.9271769279666773, 0.632568021340848, -1.5483920116942753, -2.716809280465196, -0.5887226658999761, 0.2651035591959801, -1.9717150417601386, -1.2760872282209004, -1.3470753558031394, 1.2718052785913552, 1.225774703306584, -0.1894964012537774], "value_grad": [-0.23245203495025635, 0.3005640506744385, 0.4985642433166504, -0.2593799829483032, -0.5421239137649536, -0.6371639966964722, -0.06969606876373291, 0.49777209758758545, 0.03563988208770752, 0.07603192329406738, 0.9298081994056702, 0.19087183475494385, 0.4953960180282593, 0.4177800416946411, 0.40273189544677734, 0.7686361074447632], "action_grad": [[0.0, 0.0, 0.0], [0.0, 0.0, 0.0], [0.0, 0.0, 0.0], [0.0, 0.0, 0.0], [0.0, 0.0, 0.0], [0.0, 0.0, 0.0], [0.0, 0.0, 0.0], [0.0, 0.0, 0.0], [0.0, 0.0, 0.0], [0.0, 0.0, 0.0], [0.0, 0.0, 0.0], [0.0, 0.0, 0.0], [0.0, 0.0, 0.0], [0.0, 0.0, 0.0], [0.0, 0.0, 0.0], [0.0, 0.0, 0.0]], "action_params_change": 0, "value_params_change": 0.4302213975291398}
{"iterations": 1, "type_itr": 0, "sub_iteration": 12, "sub_it_time": 0.30286550521850586, "total_time": 4.076540946960449, "value_loss": 1.4960880279541016, "action_loss": 0.24628834426403046, "action_probs": [[0.41441198735942025, 0.30805448835418126, 0.1591952335847671, 0.11833829070163122], [0.5126586671809118, 0.05207328044662481, 0.3951324881355408, 0.04013556423692271], [0.31336094107171264, 0.5906960786659613, 0.033255405276263354, 0.06268757498606245], [0.4070114240696489, 0.22226261218157614, 0.23978377265313114, 0.13094219109564384], [0.11546534558318676, 0.7758264639058531, 0.014082962113459526, 0.09462522839750076], [0.26929469201577166, 0.43418991461347095, 0.11350642328666727, 0.1830089700840899], [0.5613419063757852, 0.4383177595010736, 0.00019110884635050048, 0.00014922527679077225], [0.5940840856752689, 0.40299160807617795, 0.0017423790538607967, 0.0011819271946924706], [0.0028385661465276427, 0.2676765499103774, 0.0076546225074125935, 0.7218302614356824], [0.30862592798559507, 0.49132239882211887, 0.07718140186682486, 0.12287027132546133], [0.9313766829076098, 0.0016432204465642545, 0.0668621323195285, 0.00011796432629743282], [0.09621358142631894, 0.116419942402857, 0.35627189543392607, 0.43109458073689805], [0.28621007719777586, 0.31737782753368504, 0.18797118944823493, 0.20844090582030403], [0.11911212286923906, 0.0013645517769664678, 0.8695616035514676, 0.009961721802327128], [0.2718580116069001, 0.008497113981306675, 0.6978335930552972, 0.02181128135649595], [0.6470110926368305, 0.348805443850655, 0.0027181184475865393, 0.001465345064928036]], "state_values": [-1.6603809160085636, -0.034691801736464974, 0.7258874831974399, 3.104839640685316, -1.9597432315794592, 0.6807659820566208, -1.4445689479346377, -2.3468862229044207, -0.23506777831666215, 0.08865412651273526, -2.3908642522152057, -1.1782172604209082, -1.1934330504491104, 0.7189785131179823, 0.8205748834721899, -0.40273747416930955], "value_grad": [0.1362239122390747, 0.01069188117980957, 0.3104642629623413, -0.32313573360443115, -0.3373919725418091, -0.7718042135238647, -0.21067214012145996, 0.13067996501922607, 0.23601603507995605, 0.6134039163589478, 0.5896439552307129, 0.3282841444015503, 0.678348183631897, 1.0113840103149414, 0.35719192028045654, -0.34055984020233154], "action_grad": [[0.0, 0.0, 0.0], [0.0, 0.0, 0.0], [0.0, 0.0, 0.0], [0.0, 0.0, 0.0], [0.0, 0.0, 0.0], [0.0, 0.0, 0.0], [0.0, 0.0, 0.0], [0.0, 0.0, 0.0], [0.0, 0.0, 0.0], [0.0, 0.0, 0.0], [0.0, 0.0, 0.0], [0.0, 0.0, 0.0], [0.0, 0.0, 0.0], [0.0, 0.0, 0.0], [0.0, 0.0, 0.0], [0.0, 0.0, 0.0]], "action_params_change": 0, "value_params_change": 0.42599228226005614}
{"iterations": 1, "type_itr": 0, "sub_iteration": 13, "sub_it_time": 0.30341386795043945, "total_time": 4.381906747817993, "value_loss": 1.3614481687545776, "action_loss": 0.21207712590694427, "action_probs": [[0.41441198735942025, 0.30805448835418126, 0.1591952335847671, 0.11833829070163122], [0.5126586671809118, 0.05207328044662481, 0.3951324881355408, 0.04013556423692271], [0.31336094107171264, 0.5906960786659613, 0.033255405276263354, 0.06268757498606245], [0.4070114240696489, 0.22226261218157614, 0.23978377265313114, 0.13094219109564384], [0.11546534558318676, 0.7758264639058531, 0.014082962113459526, 0.09462522839750076], [0.26929469201577166, 0.43418991461347095, 0.11350642328666727, 0.1830089700840899], [0.5613419063757852, 0.4383177595010736, 0.00019110884635050048, 0.00014922527679077225], [0.5940840856752689, 0.40299160807617795, 0.0017423790538607967, 0.0011819271946924706], [0.0028385661465276427, 0.2676765499103774, 0.0076546225074125935, 0.7218302614356824], [0.30862592798559507, 0.49132239882211887, 0.07718140186682486, 0.12287027132546133], [0.9313766829076098, 0.0016432204465642545, 0.0668621323195285, 0.00011796432629743282], [0.09621358142631894, 0.116419942402857, 0.35627189543392607, 0.43109458073689805], [0.28621007719777586, 0.31737782753368504, 0.18797118944823493, 0.20844090582030403], [0.11911212286923906, 0.0013645517769664678, 0.8695616035514676, 0.009961721802327128], [0.2718580116069001, 0.008497113981306675, 0.6978335930552972, 0.02181128135649595], [0.6470110926368305, 0.348805443850655, 0.0027181184475865393, 0.001465345064928036]], "state_values": [-1.7377479570771348, -0.40945325372764885, 1.1277939597435227, 3.8396235307267177, -1.9127393227306677, 0.5126776177348565, -1.4515103685235053, -1.7753214064291736, 0.10756892821586547, -0.15528494796893388, -2.485050696746014, -0.7338245795044058, -0.9983003412132246, 0.1500166245651588, 0.20045688628043384, -0.615157622897955], "value_grad": [-0.34847986698150635, -0.09900009632110596, -0.2593802213668823, -0.21067214012145996, -0.24235188961029053, -0.8632800579071045, 0.318384051322937, 0.6347880363464355, 0.07246804237365723, 0.17621994018554688, 1.32778799533844, 0.7207201719284058, 0.20433592796325684, 0.16829991340637207, 0.6585478782653809, 0.04870796203613281], "action_grad": [[0.0, 0.0, 0.0], [0.0, 0.0, 0.0], [0.0, 0.0, 0.0], [0.0, 0.0, 0.0], [0.0, 0.0, 0.0], [0.0, 0.0, 0.0], [0.0, 0.0, 0.0], [0.0, 0.0, 0.0], [0.0, 0.0, 0.0], [0.0, 0.0, 0.0], [0.0, 0.0, 0.0], [0.0, 0.0, 0.0], [0.0, 0.0, 0.0], [0.0, 0.0, 0.0], [0.0, 0.0, 0.0], [0.0, 0.0, 0.0]], "action_params_change": 0, "value_params_change": 0.4112359121538969}
