{"iterations": 0, "type_itr": 0, "sub_iteration": 0, "sub_it_time": 0, "total_time": 0, "value_loss": 0, "action_loss": 0, "action_probs": [[0.0006733812486990962, 0.023100943113522152, 0.027650504571969575, 0.9485751710658091], [0.34221938784279404, 0.5683423251894032, 0.03361388402100248, 0.05582440294680033], [0.20010866593278817, 0.3264648971777487, 0.17991167681043815, 0.29351476007902483], [0.1242226897105071, 0.007712347960018006, 0.817321663509161, 0.050743298820313955], [0.06209720251264411, 0.09591624380666361, 0.330889622084298, 0.5110969315963942], [0.11014260434083167, 0.34063127923709574, 0.13419853509385965, 0.41502758132821294], [0.4044009925475868, 0.5352412541566113, 0.025976626132316244, 0.034381127163485535], [0.5090333905724528, 0.2760635346124668, 0.13933673322156973, 0.0755663415935106], [0.01998014074962785, 0.5766345029686456, 0.013509048562095855, 0.38987630771963067], [0.3891750710893766, 0.6055771452431105, 0.002053080705259204, 0.0031947029622538415], [0.08241347144218816, 0.006439996355669574, 0.8451076876607901, 0.06603884454135214], [0.0037891145640983693, 0.2471499477481587, 0.011310625305748473, 0.7377503123819944], [0.08061921541726756, 0.00014006905093796908, 0.9176463827506667, 0.0015943327811277106], [0.1617816828408339, 0.7846143996450148, 0.009163321935486045, 0.04444059557866519], [0.6289702229464963, 0.34619309931714215, 0.016019399393352462, 0.008817278343009242], [0.16996551789699843, 0.16640520864234998, 0.3353267221431466, 0.32830255131750496]], "state_values": [4.58331837219915, 1.1142127606475167, 4.073906079008449, 2.583093297053596, 4.886767265944693, -4.343653300495685, 3.7936046676243502, 0.8091781170616914, 4.999999832794528, 4.769504589957224, 4.604585451094203, 0.3920997067633001, 1.7256387283145012, 4.640367961479311, 2.7451555113320474, -1.7741663029851602], "value_grad": [0.0, 0.0, 0.0, 0.0, 0.0, 0.0, 0.0, 0.0, 0.0, 0.0, 0.0, 0.0, 0.0, 0.0, 0.0, 0.0], "action_grad": [[0.0, 0.0, 0.0], [0.0, 0.0, 0.0], [0.0, 0.0, 0.0], [0.0, 0.0, 0.0], [0.0, 0.0, 0.0], [0.0, 0.0, 0.0], [0.0, 0.0, 0.0], [0.0, 0.0, 0.0], [0.0, 0.0, 0.0], [0.0, 0.0, 0.0], [0.0, 0.0, 0.0], [0.0, 0.0, 0.0], [0.0, 0.0, 0.0], [0.0, 0.0, 0.0], [0.0, 0.0, 0.0], [0.0, 0.0, 0.0]], "action_params_change": 0, "value_params_change": 0}
{"iterations": 1, "type_itr": 0, "sub_iteration": 0, "sub_it_time": 2.397631883621216, "total_time": 2.3992583751678467, "value_loss": 7.656343460083008, "action_loss": -2.195157527923584, "action_probs": [[0.0006733812486990962, 0.023100943113522152, 0.027650504571969575, 0.9485751710658091], [0.34221938784279404, 0.5683423251894032, 0.03361388402100248, 0.05582440294680033], [0.20010866593278817, 0.3264648971777487, 0.17991167681043815, 0.29351476007902483], [0.1242226897105071, 0.007712347960018006, 0.817321663509161, 0.050743298820313955], [0.06209720251264411, 0.09591624380666361, 0.330889622084298, 0.5110969315963942], [0.11014260434083167, 0.34063127923709574, 0.13419853509385965, 0.41502758132821294], [0.4044009925475868, 0.5352412541566113, 0.025976626132316244, 0.034381127163485535], [0.5090333905724528, 0.2760635346124668, 0.13933673322156973, 0.0755663415935106], [0.01998014074962785, 0.5766345029686456, 0.013509048562095855, 0.38987630771963067], [0.3891750710893766, 0.6055771452431105, 0.002053080705259204, 0.0031947029622538415], [0.08241347144218816, 0.006439996355669574, 0.8451076876607901, 0.06603884454135214], [0.0037891145640983693, 0.2471499477481587, 0.011310625305748473, 0.7377503123819944], [0.08061921541726756, 0.00014006905093796908, 0.9176463827506667, 0.0015943327811277106], [0.1617816828408339, 0.7846143996450148, 0.009163321935486045, 0.04444059557866519], [0.6289702229464963, 0.34619309931714215, 0.016019399393352462, 0.008817278343009242], [0.16996551789699843, 0.16640520864234998, 0.3353267221431466, 0.32830255131750496]], "state_values": [3.9464475111991377, 2.2854888051969815, 3.2300730623125977, 3.5619467897403427, 4.4730795721484, -3.5959425322003282, 2.8698564577046692, 2.0047356174763724, 4.844242059597024, 4.249975789499577, 3.979301074608189, -0.8532972593420192, 2.833004778313784, 4.035447922933101, 1.6259117796239198, -0.562485362191505], "value_grad": [0.07064676284790039, 0.35790491104125977, 0.32004690170288086, -0.1976027488708496, 0.26809167861938477, 1.7384796142578125, -0.7933073043823242, -0.06431055068969727, -0.11883974075317383, 0.1688542366027832, 0.14133262634277344, 0.004475116729736328, 0.3925948143005371, 0.2608456611633301, -0.46486425399780273, -0.7521224021911621], "action_grad": [[0.0, 0.0, 0.0], [0.0, 0.0, 0.0], [0.0, 0.0, 0.0], [0.0, 0.0, 0.0], [0.0, 0.0, 0.0], [0.0, 0.0, 0.0], [0.0, 0.0, 0.0], [0.0, 0.0, 0.0], [0.0, 0.0, 0.0], [0.0, 0.0, 0.0], [0.0, 0.0, 0.0], [0.0, 0.0, 0.0], [0.0, 0.0, 0.0], [0.0, 0.0, 0.0], [0.0, 0.0, 0.0], [0.0, 0.0, 0.0]], "action_params_change": 0, "value_params_change": 0.49999999712392373}
{"iterations": 1, "type_itr": 0, "sub_iteration": 1, "sub_it_time": 2.3893723487854004, "total_time": 4.790961027145386, "value_loss": 5.123290061950684, "action_loss": -2.1426000595092773, "action_probs": [[0.0006733812486990962, 0.023100943113522152, 0.027650504571969575, 0.9485751710658091], [0.34221938784279404, 0.5683423251894032, 0.03361388402100248, 0.05582440294680033], [0.20010866593278817, 0.3264648971777487, 0.17991167681043815, 0.29351476007902483], [0.1242226897105071, 0.007712347960018006, 0.817321663509161, 0.050743298820313955], [0.06209720251264411, 0.09591624380666361, 0.330889622084298, 0.5110969315963942], [0.11014260434083167, 0.34063127923709574, 0.13419853509385965, 0.41502758132821294], [0.4044009925475868, 0.5352412541566113, 0.025976626132316244, 0.034381127163485535], [0.5090333905724528, 0.2760635346124668, 0.13933673322156973, 0.0755663415935106], [0.01998014074962785, 0.5766345029686456, 0.013509048562095855, 0.38987630771963067], [0.3891750710893766, 0.6055771452431105, 0.002053080705259204, 0.0031947029622538415], [0.08241347144218816, 0.006439996355669574, 0.8451076876607901, 0.06603884454135214], [0.0037891145640983693, 0.2471499477481587, 0.011310625305748473, 0.7377503123819944], [0.08061921541726756, 0.00014006905093796908, 0.9176463827506667, 0.0015943327811277106], [0.1617816828408339, 0.7846143996450148, 0.009163321935486045, 0.04444059557866519], [0.6289702229464963, 0.34619309931714215, 0.016019399393352462, 0.008817278343009242], [0.16996551789699843, 0.16640520864234998, 0.3353267221431466, 0.32830255131750496]], "state_values": [3.092716152148773, 2.33420538384588, 2.2748547521616005, 4.319814144243347, 3.8033722677229607, -2.6233926227263447, 1.796332192828598, 1.5399012925085165, 4.392691012402854, 3.5226979329811847, 3.1704344772079947, 0.02911576535073381, 3.6817861832154892, 3.1848219841275087, 1.2126133762884366, 0.5121204312598954], "value_grad": [0.1335310935974121, -0.2947425842285156, 0.14746952056884766, -0.2046527862548828, 0.4975743293762207, 2.003364086151123, -0.5539650917053223, 0.1405014991760254, -0.17780399322509766, 0.08715963363647461, 0.36934900283813477, -0.08830785751342773, 0.15974664688110352, 0.36760711669921875, 0.18631792068481445, -0.23466920852661133], "action_grad": [[0.0, 0.0, 0.0], [0.0, 0.0, 0.0], [0.0, 0.0, 0.0], [0.0, 0.0, 0.0], [0.0, 0.0, 0.0], [0.0, 0.0, 0.0], [0.0, 0.0, 0.0], [0.0, 0.0, 0.0], [0.0, 0.0, 0.0], [0.0, 0.0, 0.0], [0.0, 0.0, 0.0], [0.0, 0.0, 0.0], [0.0, 0.0, 0.0], [0.0, 0.0, 0.0], [0.0, 0.0, 0.0], [0.0, 0.0, 0.0]], "action_params_change": 0, "value_params_change": 0.500592487774334}
{"iterations": 1, "type_itr": 0, "sub_iteration": 2, "sub_it_time": 2.3533108234405518, "total_time": 7.146117210388184, "value_loss": 3.1519229412078857, "action_loss": -2.009636163711548, "action_probs": [[0.0006733812486990962, 0.023100943113522152, 0.027650504571969575, 0.9485751710658091], [0.34221938784279404, 0.5683423251894032, 0.03361388402100248, 0.05582440294680033], [0.20010866593278817, 0.3264648971777487, 0.17991167681043815, 0.29351476007902483], [0.1242226897105071, 0.007712347960018006, 0.817321663509161, 0.050743298820313955], [0.06209720251264411, 0.09591624380666361, 0.330889622084298, 0.5110969315963942], [0.11014260434083167, 0.34063127923709574, 0.13419853509385965, 0.41502758132821294], [0.4044009925475868, 0.5352412541566113, 0.025976626132316244, 0.034381127163485535], [0.5090333905724528, 0.2760635346124668, 0.13933673322156973, 0.0755663415935106], [0.01998014074962785, 0.5766345029686456, 0.013509048562095855, 0.38987630771963067], [0.3891750710893766, 0.6055771452431105, 0.002053080705259204, 0.0031947029622538415], [0.08241347144218816, 0.006439996355669574, 0.8451076876607901, 0.06603884454135214], [0.0037891145640983693, 0.2471499477481587, 0.011310625305748473, 0.7377503123819944], [0.08061921541726756, 0.00014006905093796908, 0.9176463827506667, 0.0015943327811277106], [0.1617816828408339, 0.7846143996450148, 0.009163321935486045, 0.04444059557866519], [0.6289702229464963, 0.34619309931714215, 0.016019399393352462, 0.008817278343009242], [0.16996551789699843, 0.16640520864234998, 0.3353267221431466, 0.32830255131750496]], "state_values": [2.1238339461242166, 1.9329052192864058, 1.5249097105404297, 4.800349411145707, 2.8965896226942296, -1.492547263343634, 0.6999670298576611, 0.8451783915038047, 3.668164487567203, 2.576629810250276, 2.167672302222854, 0.4939462952776779, 4.046419170706967, 2.1574344950841264, 1.0225314193218245, 1.2448471507955063], "value_grad": [0.0496981143951416, -0.34618306159973145, -0.03239274024963379, -0.14065909385681152, 0.4398372173309326, 1.7161450386047363, -0.2962477207183838, 0.0827639102935791, -0.16354823112487793, 0.13859987258911133, 0.4708836078643799, 0.02265143394470215, -0.1399068832397461, 0.2364521026611328, 0.08490228652954102, 0.08201146125793457], "action_grad": [[0.0, 0.0, 0.0], [0.0, 0.0, 0.0], [0.0, 0.0, 0.0], [0.0, 0.0, 0.0], [0.0, 0.0, 0.0], [0.0, 0.0, 0.0], [0.0, 0.0, 0.0], [0.0, 0.0, 0.0], [0.0, 0.0, 0.0], [0.0, 0.0, 0.0], [0.0, 0.0, 0.0], [0.0, 0.0, 0.0], [0.0, 0.0, 0.0], [0.0, 0.0, 0.0], [0.0, 0.0, 0.0], [0.0, 0.0, 0.0]], "action_params_change": 0, "value_params_change": 0.4984138430676923}
{"iterations": 1, "type_itr": 0, "sub_iteration": 3, "sub_it_time": 2.3801519870758057, "total_time": 9.528083801269531, "value_loss": 1.553983211517334, "action_loss": -1.72335946559906, "action_probs": [[0.0006733812486990962, 0.023100943113522152, 0.027650504571969575, 0.9485751710658091], [0.34221938784279404, 0.5683423251894032, 0.03361388402100248, 0.05582440294680033], [0.20010866593278817, 0.3264648971777487, 0.17991167681043815, 0.29351476007902483], [0.1242226897105071, 0.007712347960018006, 0.817321663509161, 0.050743298820313955], [0.06209720251264411, 0.09591624380666361, 0.330889622084298, 0.5110969315963942], [0.11014260434083167, 0.34063127923709574, 0.13419853509385965, 0.41502758132821294], [0.4044009925475868, 0.5352412541566113, 0.025976626132316244, 0.034381127163485535], [0.5090333905724528, 0.2760635346124668, 0.13933673322156973, 0.0755663415935106], [0.01998014074962785, 0.5766345029686456, 0.013509048562095855, 0.38987630771963067], [0.3891750710893766, 0.6055771452431105, 0.002053080705259204, 0.0031947029622538415], [0.08241347144218816, 0.006439996355669574, 0.8451076876607901, 0.06603884454135214], [0.0037891145640983693, 0.2471499477481587, 0.011310625305748473, 0.7377503123819944], [0.08061921541726756, 0.00014006905093796908, 0.9176463827506667, 0.0015943327811277106], [0.1617816828408339, 0.7846143996450148, 0.009163321935486045, 0.04444059557866519], [0.6289702229464963, 0.34619309931714215, 0.016019399393352462, 0.008817278343009242], [0.16996551789699843, 0.16640520864234998, 0.3353267221431466, 0.32830255131750496]], "state_values": [1.229283192701462, 1.3343509842472092, 1.3132384628602887, 4.980493577809725, 1.811048806549941, -0.301559850836569, -0.21494958613484746, 0.001092348748197752, 2.757491346483549, 1.536403737328479, 1.019311630878682, 0.008474175391970163, 4.153134709010039, 1.2941577003704523, 1.1555834488938728, 1.824903754653058], "value_grad": [0.0037622451782226562, -0.26579511165618896, -0.20017790794372559, 0.010295987129211426, 0.40490972995758057, 1.2197195291519165, 0.017265677452087402, 0.08680319786071777, -0.3505789041519165, 0.3621022701263428, 0.41152334213256836, 0.18738722801208496, -0.1674288511276245, -0.05219268798828125, 0.2149488925933838, 0.00035643577575683594], "action_grad": [[0.0, 0.0, 0.0], [0.0, 0.0, 0.0], [0.0, 0.0, 0.0], [0.0, 0.0, 0.0], [0.0, 0.0, 0.0], [0.0, 0.0, 0.0], [0.0, 0.0, 0.0], [0.0, 0.0, 0.0], [0.0, 0.0, 0.0], [0.0, 0.0, 0.0], [0.0, 0.0, 0.0], [0.0, 0.0, 0.0], [0.0, 0.0, 0.0], [0.0, 0.0, 0.0], [0.0, 0.0, 0.0], [0.0, 0.0, 0.0]], "action_params_change": 0, "value_params_change": 0.4945081923500252}
{"iterations": 1, "type_itr": 0, "sub_iteration": 4, "sub_it_time": 2.3535726070404053, "total_time": 11.883583068847656, "value_loss": 0.9097704291343689, "action_loss": -1.346064805984497, "action_probs": [[0.0006733812486990962, 0.023100943113522152, 0.027650504571969575, 0.9485751710658091], [0.34221938784279404, 0.5683423251894032, 0.03361388402100248, 0.05582440294680033], [0.20010866593278817, 0.3264648971777487, 0.17991167681043815, 0.29351476007902483], [0.1242226897105071, 0.007712347960018006, 0.817321663509161, 0.050743298820313955], [0.06209720251264411, 0.09591624380666361, 0.330889622084298, 0.5110969315963942], [0.11014260434083167, 0.34063127923709574, 0.13419853509385965, 0.41502758132821294], [0.4044009925475868, 0.5352412541566113, 0.025976626132316244, 0.034381127163485535], [0.5090333905724528, 0.2760635346124668, 0.13933673322156973, 0.0755663415935106], [0.01998014074962785, 0.5766345029686456, 0.013509048562095855, 0.38987630771963067], [0.3891750710893766, 0.6055771452431105, 0.002053080705259204, 0.0031947029622538415], [0.08241347144218816, 0.006439996355669574, 0.8451076876607901, 0.06603884454135214], [0.0037891145640983693, 0.2471499477481587, 0.011310625305748473, 0.7377503123819944], [0.08061921541726756, 0.00014006905093796908, 0.9176463827506667, 0.0015943327811277106], [0.1617816828408339, 0.7846143996450148, 0.009163321935486045, 0.04444059557866519], [0.6289702229464963, 0.34619309931714215, 0.016019399393352462, 0.008817278343009242], [0.16996551789699843, 0.16640520864234998, 0.3353267221431466, 0.32830255131750496]], "state_values": [0.20431675875401015, 0.707305242928898, 1.587182340980491, 4.977030310560561, 0.6554657513717134, 0.8016936773968218, -0.6997185872925514, -0.7970490502691147, 1.6865033819557504, 0.5467313570190557, -0.07179585425255387, -0.7450355722777229, 4.093257239760941, 0.7386568034269568, 1.1754136214874413, 2.0409003437528943], "value_grad": [0.09195113182067871, -0.10648441314697266, -0.331016480922699, -0.050133585929870605, 0.24409419298171997, 0.44942033290863037, 0.37825918197631836, 0.026333928108215332, -0.43116486072540283, 0.03061091899871826, 0.084625244140625, 0.179229736328125, -0.18956530094146729, -0.14216399192810059, -0.07642793655395508, 0.30650395154953003], "action_grad": [[0.0, 0.0, 0.0], [0.0, 0.0, 0.0], [0.0, 0.0, 0.0], [0.0, 0.0, 0.0], [0.0, 0.0, 0.0], [0.0, 0.0, 0.0], [0.0, 0.0, 0.0], [0.0, 0.0, 0.0], [0.0, 0.0, 0.0], [0.0, 0.0, 0.0], [0.0, 0.0, 0.0], [0.0, 0.0, 0.0], [0.0, 0.0, 0.0], [0.0, 0.0, 0.0], [0.0, 0.0, 0.0], [0.0, 0.0, 0.0]], "action_params_change": 0, "value_params_change": 0.4802224419294565}
{"iterations": 1, "type_itr": 0, "sub_iteration": 5, "sub_it_time": 2.410161256790161, "total_time": 14.295492887496948, "value_loss": 0.9181655645370483, "action_loss": -0.9421494007110596, "action_probs": [[0.0006733812486990962, 0.023100943113522152, 0.027650504571969575, 0.9485751710658091], [0.34221938784279404, 0.5683423251894032, 0.03361388402100248, 0.05582440294680033], [0.20010866593278817, 0.3264648971777487, 0.17991167681043815, 0.29351476007902483], [0.1242226897105071, 0.007712347960018006, 0.817321663509161, 0.050743298820313955], [0.06209720251264411, 0.09591624380666361, 0.330889622084298, 0.5110969315963942], [0.11014260434083167, 0.34063127923709574, 0.13419853509385965, 0.41502758132821294], [0.4044009925475868, 0.5352412541566113, 0.025976626132316244, 0.034381127163485535], [0.5090333905724528, 0.2760635346124668, 0.13933673322156973, 0.0755663415935106], [0.01998014074962785, 0.5766345029686456, 0.013509048562095855, 0.38987630771963067], [0.3891750710893766, 0.6055771452431105, 0.002053080705259204, 0.0031947029622538415], [0.08241347144218816, 0.006439996355669574, 0.8451076876607901, 0.06603884454135214], [0.0037891145640983693, 0.2471499477481587, 0.011310625305748473, 0.7377503123819944], [0.08061921541726756, 0.00014006905093796908, 0.9176463827506667, 0.0015943327811277106], [0.1617816828408339, 0.7846143996450148, 0.009163321935486045, 0.04444059557866519], [0.6289702229464963, 0.34619309931714215, 0.016019399393352462, 0.008817278343009242], [0.16996551789699843, 0.16640520864234998, 0.3353267221431466, 0.32830255131750496]], "state_values": [-0.34937318894551816, 0.21357414593628565, 1.9333378168572506, 4.89105106622146, -0.3425672877485112, 1.6959352276048403, -0.7564231744442403, -1.5425655018814115, 0.5815603690899057, -0.2900832867607592, -0.7951036778221343, -1.328360736840588, 3.8152900394375755, 0.6462371332261662, 1.1232079681297509, 1.8963737940564689], "value_grad": [-0.0811007022857666, 0.05401444435119629, -0.10470235347747803, 0.0989999771118164, -0.038649559020996094, -0.14663875102996826, 0.585684061050415, 0.025066733360290527, -0.11579036712646484, -0.022888779640197754, -0.2162555456161499, -0.02237403392791748, -0.3682404160499573, -0.3095928430557251, -0.060904860496520996, 0.4991185665130615], "action_grad": [[0.0, 0.0, 0.0], [0.0, 0.0, 0.0], [0.0, 0.0, 0.0], [0.0, 0.0, 0.0], [0.0, 0.0, 0.0], [0.0, 0.0, 0.0], [0.0, 0.0, 0.0], [0.0, 0.0, 0.0], [0.0, 0.0, 0.0], [0.0, 0.0, 0.0], [0.0, 0.0, 0.0], [0.0, 0.0, 0.0], [0.0, 0.0, 0.0], [0.0, 0.0, 0.0], [0.0, 0.0, 0.0], [0.0, 0.0, 0.0]], "action_params_change": 0, "value_params_change": 0.45494424322285854}
{"iterations": 1, "type_itr": 0, "sub_iteration": 6, "sub_it_time": 2.3721561431884766, "total_time": 16.669495105743408, "value_loss": 1.551092505455017, "action_loss": -0.6084222793579102, "action_probs": [[0.0006733812486990962, 0.023100943113522152, 0.027650504571969575, 0.9485751710658091], [0.34221938784279404, 0.5683423251894032, 0.03361388402100248, 0.05582440294680033], [0.20010866593278817, 0.3264648971777487, 0.17991167681043815, 0.29351476007902483], [0.1242226897105071, 0.007712347960018006, 0.817321663509161, 0.050743298820313955], [0.06209720251264411, 0.09591624380666361, 0.330889622084298, 0.5110969315963942], [0.11014260434083167, 0.34063127923709574, 0.13419853509385965, 0.41502758132821294], [0.4044009925475868, 0.5352412541566113, 0.025976626132316244, 0.034381127163485535], [0.5090333905724528, 0.2760635346124668, 0.13933673322156973, 0.0755663415935106], [0.01998014074962785, 0.5766345029686456, 0.013509048562095855, 0.38987630771963067], [0.3891750710893766, 0.6055771452431105, 0.002053080705259204, 0.0031947029622538415], [0.08241347144218816, 0.006439996355669574, 0.8451076876607901, 0.06603884454135214], [0.0037891145640983693, 0.2471499477481587, 0.011310625305748473, 0.7377503123819944], [0.08061921541726756, 0.00014006905093796908, 0.9176463827506667, 0.0015943327811277106], [0.1617816828408339, 0.7846143996450148, 0.009163321935486045, 0.04444059557866519], [0.6289702229464963, 0.34619309931714215, 0.016019399393352462, 0.008817278343009242], [0.16996551789699843, 0.16640520864234998, 0.3353267221431466, 0.32830255131750496]], "state_values": [-0.889520208226618, 0.1950519059988808, 2.1822108482991402, 4.753085339425291, -0.9662957579265978, 2.2781467728338525, -0.5818017762914917, -1.865076185832386, -0.4592723834372045, -1.1792475360796202, -1.160155927125632, -1.6877256668565905, 3.3343359698479325, 0.791599057212559, 0.927898575208235, 1.5145186597722218], "value_grad": [0.020116806030273438, 0.4197995662689209, 0.04142165184020996, -0.020512938499450684, -0.28456544876098633, -0.8309662342071533, 0.4618152379989624, -0.09171390533447266, -0.052747249603271484, 0.15186595916748047, -0.2898719310760498, -0.05896437168121338, -0.4463711977005005, -0.23114514350891113, -0.14026331901550293, 0.4927031993865967], "action_grad": [[0.0, 0.0, 0.0], [0.0, 0.0, 0.0], [0.0, 0.0, 0.0], [0.0, 0.0, 0.0], [0.0, 0.0, 0.0], [0.0, 0.0, 0.0], [0.0, 0.0, 0.0], [0.0, 0.0, 0.0], [0.0, 0.0, 0.0], [0.0, 0.0, 0.0], [0.0, 0.0, 0.0], [0.0, 0.0, 0.0], [0.0, 0.0, 0.0], [0.0, 0.0, 0.0], [0.0, 0.0, 0.0], [0.0, 0.0, 0.0]], "action_params_change": 0, "value_params_change": 0.4171201480096287}
{"iterations": 1, "type_itr": 0, "sub_iteration": 7, "sub_it_time": 2.3845534324645996, "total_time": 19.055885314941406, "value_loss": 2.0294604301452637, "action_loss": -0.31102171540260315, "action_probs": [[0.0006733812486990962, 0.023100943113522152, 0.027650504571969575, 0.9485751710658091], [0.34221938784279404, 0.5683423251894032, 0.03361388402100248, 0.05582440294680033], [0.20010866593278817, 0.3264648971777487, 0.17991167681043815, 0.29351476007902483], [0.1242226897105071, 0.007712347960018006, 0.817321663509161, 0.050743298820313955], [0.06209720251264411, 0.09591624380666361, 0.330889622084298, 0.5110969315963942], [0.11014260434083167, 0.34063127923709574, 0.13419853509385965, 0.41502758132821294], [0.4044009925475868, 0.5352412541566113, 0.025976626132316244, 0.034381127163485535], [0.5090333905724528, 0.2760635346124668, 0.13933673322156973, 0.0755663415935106], [0.01998014074962785, 0.5766345029686456, 0.013509048562095855, 0.38987630771963067], [0.3891750710893766, 0.6055771452431105, 0.002053080705259204, 0.0031947029622538415], [0.08241347144218816, 0.006439996355669574, 0.8451076876607901, 0.06603884454135214], [0.0037891145640983693, 0.2471499477481587, 0.011310625305748473, 0.7377503123819944], [0.08061921541726756, 0.00014006905093796908, 0.9176463827506667, 0.0015943327811277106], [0.1617816828408339, 0.7846143996450148, 0.009163321935486045, 0.04444059557866519], [0.6289702229464963, 0.34619309931714215, 0.016019399393352462, 0.008817278343009242], [0.16996551789699843, 0.16640520864234998, 0.3353267221431466, 0.32830255131750496]], "state_values": [-1.4400337064871254, 0.4249230126290266, 2.28399916377268, 4.75912502574324, -1.2961908875245292, 2.5791944974361445, -0.23787484483532836, -1.813356700254436, -1.2725747558698817, -1.8518523850814694, -1.17755809502051, -1.8107358527820248, 2.6508273240519893, 0.7581304487850732, 0.477744090343752, 0.9977237747246661], "value_grad": [0.030096054077148438, 0.3321254253387451, 0.10767245292663574, 0.26797306537628174, -0.2901890277862549, -1.12230384349823, 0.441540002822876, -0.12949204444885254, 0.0860903263092041, -0.059914588928222656, -0.41092944145202637, -0.08846664428710938, -0.5570929050445557, 0.17400217056274414, -0.3200078010559082, 0.3622608184814453], "action_grad": [[0.0, 0.0, 0.0], [0.0, 0.0, 0.0], [0.0, 0.0, 0.0], [0.0, 0.0, 0.0], [0.0, 0.0, 0.0], [0.0, 0.0, 0.0], [0.0, 0.0, 0.0], [0.0, 0.0, 0.0], [0.0, 0.0, 0.0], [0.0, 0.0, 0.0], [0.0, 0.0, 0.0], [0.0, 0.0, 0.0], [0.0, 0.0, 0.0], [0.0, 0.0, 0.0], [0.0, 0.0, 0.0], [0.0, 0.0, 0.0]], "action_params_change": 0, "value_params_change": 0.3424020456649495}
{"iterations": 1, "type_itr": 0, "sub_iteration": 8, "sub_it_time": 2.339489698410034, "total_time": 21.39728307723999, "value_loss": 2.0376577377319336, "action_loss": -0.10059989243745804, "action_probs": [[0.0006733812486990962, 0.023100943113522152, 0.027650504571969575, 0.9485751710658091], [0.34221938784279404, 0.5683423251894032, 0.03361388402100248, 0.05582440294680033], [0.20010866593278817, 0.3264648971777487, 0.17991167681043815, 0.29351476007902483], [0.1242226897105071, 0.007712347960018006, 0.817321663509161, 0.050743298820313955], [0.06209720251264411, 0.09591624380666361, 0.330889622084298, 0.5110969315963942], [0.11014260434083167, 0.34063127923709574, 0.13419853509385965, 0.41502758132821294], [0.4044009925475868, 0.5352412541566113, 0.025976626132316244, 0.034381127163485535], [0.5090333905724528, 0.2760635346124668, 0.13933673322156973, 0.0755663415935106], [0.01998014074962785, 0.5766345029686456, 0.013509048562095855, 0.38987630771963067], [0.3891750710893766, 0.6055771452431105, 0.002053080705259204, 0.0031947029622538415], [0.08241347144218816, 0.006439996355669574, 0.8451076876607901, 0.06603884454135214], [0.0037891145640983693, 0.2471499477481587, 0.011310625305748473, 0.7377503123819944], [0.08061921541726756, 0.00014006905093796908, 0.9176463827506667, 0.0015943327811277106], [0.1617816828408339, 0.7846143996450148, 0.009163321935486045, 0.04444059557866519], [0.6289702229464963, 0.34619309931714215, 0.016019399393352462, 0.008817278343009242], [0.16996551789699843, 0.16640520864234998, 0.3353267221431466, 0.32830255131750496]], "state_values": [-1.9225414142777404, 0.5999686873245643, 2.341154306234973, 4.8018368587526, -1.2833814618358912, 2.6589358257604134, 0.18510252932580104, -1.4586111336413445, -1.8139595473846801, -2.04435041798605, -1.0252053944741613, -1.7864564842599806, 1.7828274444891814, 0.4887641368763246, -0.09850827761301595, 0.3557053560089994], "value_grad": [0.003286600112915039, -0.038847923278808594, 0.03251147270202637, 0.0927431583404541, -0.48969388008117676, -1.2478355169296265, 0.2838923931121826, -0.1659238338470459, 0.15372729301452637, -0.28805041313171387, -0.2696363925933838, -0.06918144226074219, -0.6322140693664551, 0.2951388359069824, -0.22065114974975586, 0.4017813205718994], "action_grad": [[0.0, 0.0, 0.0], [0.0, 0.0, 0.0], [0.0, 0.0, 0.0], [0.0, 0.0, 0.0], [0.0, 0.0, 0.0], [0.0, 0.0, 0.0], [0.0, 0.0, 0.0], [0.0, 0.0, 0.0], [0.0, 0.0, 0.0], [0.0, 0.0, 0.0], [0.0, 0.0, 0.0], [0.0, 0.0, 0.0], [0.0, 0.0, 0.0], [0.0, 0.0, 0.0], [0.0, 0.0, 0.0], [0.0, 0.0, 0.0]], "action_params_change": 0, "value_params_change": 0.3884130828933534}
{"iterations": 1, "type_itr": 0, "sub_iteration": 9, "sub_it_time": 2.3954052925109863, "total_time": 23.79447102546692, "value_loss": 1.9472112655639648, "action_loss": 0.02398771606385708, "action_probs": [[0.0006733812486990962, 0.023100943113522152, 0.027650504571969575, 0.9485751710658091], [0.34221938784279404, 0.5683423251894032, 0.03361388402100248, 0.05582440294680033], [0.20010866593278817, 0.3264648971777487, 0.17991167681043815, 0.29351476007902483], [0.1242226897105071, 0.007712347960018006, 0.817321663509161, 0.050743298820313955], [0.06209720251264411, 0.09591624380666361, 0.330889622084298, 0.5110969315963942], [0.11014260434083167, 0.34063127923709574, 0.13419853509385965, 0.41502758132821294], [0.4044009925475868, 0.5352412541566113, 0.025976626132316244, 0.034381127163485535], [0.5090333905724528, 0.2760635346124668, 0.13933673322156973, 0.0755663415935106], [0.01998014074962785, 0.5766345029686456, 0.013509048562095855, 0.38987630771963067], [0.3891750710893766, 0.6055771452431105, 0.002053080705259204, 0.0031947029622538415], [0.08241347144218816, 0.006439996355669574, 0.8451076876607901, 0.06603884454135214], [0.0037891145640983693, 0.2471499477481587, 0.011310625305748473, 0.7377503123819944], [0.08061921541726756, 0.00014006905093796908, 0.9176463827506667, 0.0015943327811277106], [0.1617816828408339, 0.7846143996450148, 0.009163321935486045, 0.04444059557866519], [0.6289702229464963, 0.34619309931714215, 0.016019399393352462, 0.008817278343009242], [0.16996551789699843, 0.16640520864234998, 0.3353267221431466, 0.32830255131750496]], "state_values": [-2.2951312040275287, 0.7809390745379153, 2.270653443218675, 4.7794261350542415, -1.109929806461799, 2.588410651595917, 0.6326398851356345, -0.9996052122467164, -1.9421784220293856, -1.9372357789650962, -0.9158346578979408, -1.6014453930610364, 0.7802095937288646, 0.05271652943711277, -0.6644761995960005, -0.29776132792867754], "value_grad": [-0.015206575393676758, 0.03579854965209961, 0.125413179397583, -0.1546776294708252, -0.3065037727355957, -1.088405728340149, 0.1746361255645752, -0.07690310478210449, 0.37592291831970215, -0.28622889518737793, 0.04407501220703125, -0.0910797119140625, -0.5191562175750732, 0.2723689079284668, -0.06343913078308105, 0.16378545761108398], "action_grad": [[0.0, 0.0, 0.0], [0.0, 0.0, 0.0], [0.0, 0.0, 0.0], [0.0, 0.0, 0.0], [0.0, 0.0, 0.0], [0.0, 0.0, 0.0], [0.0, 0.0, 0.0], [0.0, 0.0, 0.0], [0.0, 0.0, 0.0], [0.0, 0.0, 0.0], [0.0, 0.0, 0.0], [0.0, 0.0, 0.0], [0.0, 0.0, 0.0], [0.0, 0.0, 0.0], [0.0, 0.0, 0.0], [0.0, 0.0, 0.0]], "action_params_change": 0, "value_params_change": 0.4158139083855019}
{"iterations": 1, "type_itr": 0, "sub_iteration": 10, "sub_it_time": 2.3623828887939453, "total_time": 26.158656120300293, "value_loss": 1.5939395427703857, "action_loss": 0.09366527944803238, "action_probs": [[0.0006733812486990962, 0.023100943113522152, 0.027650504571969575, 0.9485751710658091], [0.34221938784279404, 0.5683423251894032, 0.03361388402100248, 0.05582440294680033], [0.20010866593278817, 0.3264648971777487, 0.17991167681043815, 0.29351476007902483], [0.1242226897105071, 0.007712347960018006, 0.817321663509161, 0.050743298820313955], [0.06209720251264411, 0.09591624380666361, 0.330889622084298, 0.5110969315963942], [0.11014260434083167, 0.34063127923709574, 0.13419853509385965, 0.41502758132821294], [0.4044009925475868, 0.5352412541566113, 0.025976626132316244, 0.034381127163485535], [0.5090333905724528, 0.2760635346124668, 0.13933673322156973, 0.0755663415935106], [0.01998014074962785, 0.5766345029686456, 0.013509048562095855, 0.38987630771963067], [0.3891750710893766, 0.6055771452431105, 0.002053080705259204, 0.0031947029622538415], [0.08241347144218816, 0.006439996355669574, 0.8451076876607901, 0.06603884454135214], [0.0037891145640983693, 0.2471499477481587, 0.011310625305748473, 0.7377503123819944], [0.08061921541726756, 0.00014006905093796908, 0.9176463827506667, 0.0015943327811277106], [0.1617816828408339, 0.7846143996450148, 0.009163321935486045, 0.04444059557866519], [0.6289702229464963, 0.34619309931714215, 0.016019399393352462, 0.008817278343009242], [0.16996551789699843, 0.16640520864234998, 0.3353267221431466, 0.32830255131750496]], "state_values": [-2.238413639084359, 1.025160157851794, 2.1843188894587495, 4.781847714096325, -0.8643504964124115, 2.37342334689173, 1.055500637882846, -0.5119575309165909, -1.9962876700992767, -1.6910643014224604, -0.6691133698124234, -1.1278924968760933, -0.29142464284179853, -0.5273144971394228, -1.0903025982712293, -0.8947594744120813], "value_grad": [-0.15146982669830322, 0.12137413024902344, 0.023522377014160156, 0.06062781810760498, -0.1719038486480713, -1.236945629119873, 0.06367671489715576, -0.037619948387145996, 0.08094251155853271, -0.17321038246154785, -0.2526874542236328, -0.22425484657287598, -0.42098772525787354, 0.30115807056427, 0.08450651168823242, 0.03239274024963379], "action_grad": [[0.0, 0.0, 0.0], [0.0, 0.0, 0.0], [0.0, 0.0, 0.0], [0.0, 0.0, 0.0], [0.0, 0.0, 0.0], [0.0, 0.0, 0.0], [0.0, 0.0, 0.0], [0.0, 0.0, 0.0], [0.0, 0.0, 0.0], [0.0, 0.0, 0.0], [0.0, 0.0, 0.0], [0.0, 0.0, 0.0], [0.0, 0.0, 0.0], [0.0, 0.0, 0.0], [0.0, 0.0, 0.0], [0.0, 0.0, 0.0]], "action_params_change": 0, "value_params_change": 0.4300003702741324}
{"iterations": 1, "type_itr": 0, "sub_iteration": 11, "sub_it_time": 2.3877973556518555, "total_time": 28.54835867881775, "value_loss": 1.1064636707305908, "action_loss": 0.08627971261739731, "action_probs": [[0.0006733812486990962, 0.023100943113522152, 0.027650504571969575, 0.9485751710658091], [0.34221938784279404, 0.5683423251894032, 0.03361388402100248, 0.05582440294680033], [0.20010866593278817, 0.3264648971777487, 0.17991167681043815, 0.29351476007902483], [0.1242226897105071, 0.007712347960018006, 0.817321663509161, 0.050743298820313955], [0.06209720251264411, 0.09591624380666361, 0.330889622084298, 0.5110969315963942], [0.11014260434083167, 0.34063127923709574, 0.13419853509385965, 0.41502758132821294], [0.4044009925475868, 0.5352412541566113, 0.025976626132316244, 0.034381127163485535], [0.5090333905724528, 0.2760635346124668, 0.13933673322156973, 0.0755663415935106], [0.01998014074962785, 0.5766345029686456, 0.013509048562095855, 0.38987630771963067], [0.3891750710893766, 0.6055771452431105, 0.002053080705259204, 0.0031947029622538415], [0.08241347144218816, 0.006439996355669574, 0.8451076876607901, 0.06603884454135214], [0.0037891145640983693, 0.2471499477481587, 0.011310625305748473, 0.7377503123819944], [0.08061921541726756, 0.00014006905093796908, 0.9176463827506667, 0.0015943327811277106], [0.1617816828408339, 0.7846143996450148, 0.009163321935486045, 0.04444059557866519], [0.6289702229464963, 0.34619309931714215, 0.016019399393352462, 0.008817278343009242], [0.16996551789699843, 0.16640520864234998, 0.3353267221431466, 0.32830255131750496]], "state_values": [-1.9309225584570688, 1.1310583356940402, 2.108158676629547, 4.818412408139796, -0.5940911520350967, 2.0667701169695842, 1.3802613923942584, -0.21416308564208908, -1.8021396900628395, -1.490146262644387, -0.4388688160325805, -0.5634360667388872, -1.3035703115049215, -1.161129197158772, -1.190772291454023, -1.3783880903292514], "value_grad": [-0.1384812593460083, -0.15907323360443115, -0.0022177696228027344, 0.09836649894714355, -0.09104025363922119, -0.8916336894035339, -0.11757230758666992, 0.07187390327453613, 0.35873639583587646, 0.026967525482177734, -0.01156318187713623, -0.09468340873718262, -0.14715349674224854, 0.19281232357025146, 0.32111644744873047, -0.08787238597869873], "action_grad": [[0.0, 0.0, 0.0], [0.0, 0.0, 0.0], [0.0, 0.0, 0.0], [0.0, 0.0, 0.0], [0.0, 0.0, 0.0], [0.0, 0.0, 0.0], [0.0, 0.0, 0.0], [0.0, 0.0, 0.0], [0.0, 0.0, 0.0], [0.0, 0.0, 0.0], [0.0, 0.0, 0.0], [0.0, 0.0, 0.0], [0.0, 0.0, 0.0], [0.0, 0.0, 0.0], [0.0, 0.0, 0.0], [0.0, 0.0, 0.0]], "action_params_change": 0, "value_params_change": 0.41088758352323884}
{"iterations": 1, "type_itr": 0, "sub_iteration": 12, "sub_it_time": 2.342249870300293, "total_time": 30.892459869384766, "value_loss": 0.9044244289398193, "action_loss": 0.035584039986133575, "action_probs": [[0.0006733812486990962, 0.023100943113522152, 0.027650504571969575, 0.9485751710658091], [0.34221938784279404, 0.5683423251894032, 0.03361388402100248, 0.05582440294680033], [0.20010866593278817, 0.3264648971777487, 0.17991167681043815, 0.29351476007902483], [0.1242226897105071, 0.007712347960018006, 0.817321663509161, 0.050743298820313955], [0.06209720251264411, 0.09591624380666361, 0.330889622084298, 0.5110969315963942], [0.11014260434083167, 0.34063127923709574, 0.13419853509385965, 0.41502758132821294], [0.4044009925475868, 0.5352412541566113, 0.025976626132316244, 0.034381127163485535], [0.5090333905724528, 0.2760635346124668, 0.13933673322156973, 0.0755663415935106], [0.01998014074962785, 0.5766345029686456, 0.013509048562095855, 0.38987630771963067], [0.3891750710893766, 0.6055771452431105, 0.002053080705259204, 0.0031947029622538415], [0.08241347144218816, 0.006439996355669574, 0.8451076876607901, 0.06603884454135214], [0.0037891145640983693, 0.2471499477481587, 0.011310625305748473, 0.7377503123819944], [0.08061921541726756, 0.00014006905093796908, 0.9176463827506667, 0.0015943327811277106], [0.1617816828408339, 0.7846143996450148, 0.009163321935486045, 0.04444059557866519], [0.6289702229464963, 0.34619309931714215, 0.016019399393352462, 0.008817278343009242], [0.16996551789699843, 0.16640520864234998, 0.3353267221431466, 0.32830255131750496]], "state_values": [-1.3830715813040855, 1.0598851269790825, 2.1341078779186664, 4.903541011296246, -0.35922668815179437, 1.6672768716149036, 1.5255238569543053, -0.12856652275267122, -1.5258668691388375, -1.1867994461763058, -0.19730952325025045, 0.01405332968116112, -2.1347820928571477, -1.6719357445492966, -1.0784252735915416, -1.7755815597021276], "value_grad": [-0.1842588186264038, -0.24849003553390503, -0.09769308567047119, 0.23110562562942505, 0.019245505332946777, -0.9474697709083557, -0.344599187374115, 0.09630715847015381, 0.1507968306541443, -0.13903570175170898, -0.05532121658325195, -0.04332256317138672, 0.08276402950286865, -0.06545877456665039, 0.27581387758255005, -0.05896437168121338], "action_grad": [[0.0, 0.0, 0.0], [0.0, 0.0, 0.0], [0.0, 0.0, 0.0], [0.0, 0.0, 0.0], [0.0, 0.0, 0.0], [0.0, 0.0, 0.0], [0.0, 0.0, 0.0], [0.0, 0.0, 0.0], [0.0, 0.0, 0.0], [0.0, 0.0, 0.0], [0.0, 0.0, 0.0], [0.0, 0.0, 0.0], [0.0, 0.0, 0.0], [0.0, 0.0, 0.0], [0.0, 0.0, 0.0], [0.0, 0.0, 0.0]], "action_params_change": 0, "value_params_change": 0.3547250811993612}
{"iterations": 1, "type_itr": 0, "sub_iteration": 13, "sub_it_time": 2.3866498470306396, "total_time": 33.280993938446045, "value_loss": 0.8957520723342896, "action_loss": -0.03965534269809723, "action_probs": [[0.0006733812486990962, 0.023100943113522152, 0.027650504571969575, 0.9485751710658091], [0.34221938784279404, 0.5683423251894032, 0.03361388402100248, 0.05582440294680033], [0.20010866593278817, 0.3264648971777487, 0.17991167681043815, 0.29351476007902483], [0.1242226897105071, 0.007712347960018006, 0.817321663509161, 0.050743298820313955], [0.06209720251264411, 0.09591624380666361, 0.330889622084298, 0.5110969315963942], [0.11014260434083167, 0.34063127923709574, 0.13419853509385965, 0.41502758132821294], [0.4044009925475868, 0.5352412541566113, 0.025976626132316244, 0.034381127163485535], [0.5090333905724528, 0.2760635346124668, 0.13933673322156973, 0.0755663415935106], [0.01998014074962785, 0.5766345029686456, 0.013509048562095855, 0.38987630771963067], [0.3891750710893766, 0.6055771452431105, 0.002053080705259204, 0.0031947029622538415], [0.08241347144218816, 0.006439996355669574, 0.8451076876607901, 0.06603884454135214], [0.0037891145640983693, 0.2471499477481587, 0.011310625305748473, 0.7377503123819944], [0.08061921541726756, 0.00014006905093796908, 0.9176463827506667, 0.0015943327811277106], [0.1617816828408339, 0.7846143996450148, 0.009163321935486045, 0.04444059557866519], [0.6289702229464963, 0.34619309931714215, 0.016019399393352462, 0.008817278343009242], [0.16996551789699843, 0.16640520864234998, 0.3353267221431466, 0.32830255131750496]], "state_values": [-0.7016704756713694, 0.9663682330570417, 2.2733612290737324, 4.970873075190895, -0.12993573466115144, 1.23198153375078, 1.5610923766708744, 0.10690094280293468, -1.1407768810543344, -0.9669041456838372, 0.04882403507482226, 0.6516664559307624, -2.7495690971666753, -2.0388078073948734, -0.8749741117841501, -1.9865398886237162], "value_grad": [-0.12200748920440674, -0.0440748929977417, -0.124977707862854, 0.10557365417480469, -0.03068995475769043, -0.5013360381126404, -0.24056994915008545, -0.09294110536575317, 0.20611810684204102, 0.06292444467544556, -0.045619189739227295, -0.08727836608886719, 0.1938815712928772, -0.11824548244476318, 0.14410442113876343, -0.2950991988182068], "action_grad": [[0.0, 0.0, 0.0], [0.0, 0.0, 0.0], [0.0, 0.0, 0.0], [0.0, 0.0, 0.0], [0.0, 0.0, 0.0], [0.0, 0.0, 0.0], [0.0, 0.0, 0.0], [0.0, 0.0, 0.0], [0.0, 0.0, 0.0], [0.0, 0.0, 0.0], [0.0, 0.0, 0.0], [0.0, 0.0, 0.0], [0.0, 0.0, 0.0], [0.0, 0.0, 0.0], [0.0, 0.0, 0.0], [0.0, 0.0, 0.0]], "action_params_change": 0, "value_params_change": 0.28227347941735115}
