{"iterations": 0, "type_itr": 0, "sub_iteration": 0, "sub_it_time": 0, "total_time": 0, "value_loss": 0, "action_loss": 0, "action_probs": [[0.38160662638231624, 0.09125109813903852, 0.42541545783676576, 0.10172681764187949], [0.10893829444571407, 0.26610859181321034, 0.1815275071301064, 0.4434256066109691], [0.0002718740913068613, 0.9739316287241165, 7.199111079654504e-06, 0.02578929807349685], [0.36327629224489644, 0.4680885130067638, 0.07368746897053056, 0.09494772577780917], [0.00226492932237514, 0.8747506070735159, 0.0003176125236711707, 0.12266685108043772], [0.007004198255010213, 0.019045200599715505, 0.2618771795484378, 0.7120734215968363], [0.23747969579353473, 0.3770750151469915, 0.1489459414456482, 0.23649934761382552], [0.09692407655521125, 0.7970874462706757, 0.011490719094002873, 0.0944977580801103], [0.13914513842502074, 0.7257929696474642, 0.02172780395822765, 0.11333408796928741], [0.07693175428337151, 0.004268889294282758, 0.870496134139701, 0.048303222282644706], [0.07185940462791728, 0.4920410260354008, 0.05557338442561972, 0.38052618491106216], [0.6494389280365087, 0.01669212728027133, 0.3255027487596085, 0.008366195923611354], [0.45409602081189954, 0.5420549598254957, 0.0017545777804368412, 0.002094441582167849], [0.8046643413163018, 0.09561624661892133, 0.08912849627201565, 0.010590915792761262], [0.87297924675223, 0.05553972660856594, 0.0672053609919299, 0.0042756656472741445], [0.2453707620816287, 0.46233172566622255, 0.10134380559282086, 0.1909537066593278]], "state_values": [2.932736729853906, 4.215202596363383, 3.059055575904923, 4.931469589768861, 4.460422759342482, 3.2334028387766507, 4.894455771215651, 4.159432427670848, -2.904897768603337, -4.770546072494054, -4.96046227974182, 4.452402469251182, 3.6264056840329824, 4.622472114931761, -2.197877737079389, 2.054968006896623], "value_grad": [0.0, 0.0, 0.0, 0.0, 0.0, 0.0, 0.0, 0.0, 0.0, 0.0, 0.0, 0.0, 0.0, 0.0, 0.0, 0.0], "action_grad": [[0.0, 0.0, 0.0], [0.0, 0.0, 0.0], [0.0, 0.0, 0.0], [0.0, 0.0, 0.0], [0.0, 0.0, 0.0], [0.0, 0.0, 0.0], [0.0, 0.0, 0.0], [0.0, 0.0, 0.0], [0.0, 0.0, 0.0], [0.0, 0.0, 0.0], [0.0, 0.0, 0.0], [0.0, 0.0, 0.0], [0.0, 0.0, 0.0], [0.0, 0.0, 0.0], [0.0, 0.0, 0.0], [0.0, 0.0, 0.0]], "action_params_change": 0, "value_params_change": 0}
{"iterations": 1, "type_itr": 0, "sub_iteration": 0, "sub_it_time": 0.35977888107299805, "total_time": 0.3614170551300049, "value_loss": 10.284162938181359, "action_loss": 9.055385138137419, "action_probs": [[0.38160662638231624, 0.09125109813903852, 0.42541545783676576, 0.10172681764187949], [0.10893829444571407, 0.26610859181321034, 0.1815275071301064, 0.4434256066109691], [0.0002718740913068613, 0.9739316287241165, 7.199111079654504e-06, 0.02578929807349685], [0.36327629224489644, 0.4680885130067638, 0.07368746897053056, 0.09494772577780917], [0.00226492932237514, 0.8747506070735159, 0.0003176125236711707, 0.12266685108043772], [0.007004198255010213, 0.019045200599715505, 0.2618771795484378, 0.7120734215968363], [0.23747969579353473, 0.3770750151469915, 0.1489459414456482, 0.23649934761382552], [0.09692407655521125, 0.7970874462706757, 0.011490719094002873, 0.0944977580801103], [0.13914513842502074, 0.7257929696474642, 0.02172780395822765, 0.11333408796928741], [0.07693175428337151, 0.004268889294282758, 0.870496134139701, 0.048303222282644706], [0.07185940462791728, 0.4920410260354008, 0.05557338442561972, 0.38052618491106216], [0.6494389280365087, 0.01669212728027133, 0.3255027487596085, 0.008366195923611354], [0.45409602081189954, 0.5420549598254957, 0.0017545777804368412, 0.002094441582167849], [0.8046643413163018, 0.09561624661892133, 0.08912849627201565, 0.010590915792761262], [0.87297924675223, 0.05553972660856594, 0.0672053609919299, 0.0042756656472741445], [0.2453707620816287, 0.46233172566622255, 0.10134380559282086, 0.1909537066593278]], "state_values": [1.8396843199904058, 3.4188310171038285, 3.9424443941986076, 4.9822678407108425, 3.762788749842789, 2.1893338164493747, 4.489474092819668, 3.343646837843552, -1.807758679524339, -4.2518048835659465, -4.650996173528924, 4.876858559651524, 2.662039774671558, 4.007224186031923, -1.018452906259103, 0.863369538824807], "value_grad": [-0.13269672271174926, 0.3222747718112071, 0.28434866207260967, 0.03791458851475582, -0.30331970379637774, 0.6445380338986091, 208.30312027979096, 0.13270006174912297, 0.8151487782086768, 0.09478717982451634, -0.2843783291784465, 208.24624797154766, 0.6255857562109899, -208.53060094235028, -208.62538045524076, 0.2653914151672243], "action_grad": [[0.0, 0.0, 0.0], [0.0, 0.0, 0.0], [0.0, 0.0, 0.0], [0.0, 0.0, 0.0], [0.0, 0.0, 0.0], [0.0, 0.0, 0.0], [0.0, 0.0, 0.0], [0.0, 0.0, 0.0], [0.0, 0.0, 0.0], [0.0, 0.0, 0.0], [0.0, 0.0, 0.0], [0.0, 0.0, 0.0], [0.0, 0.0, 0.0], [0.0, 0.0, 0.0], [0.0, 0.0, 0.0], [0.0, 0.0, 0.0]], "action_params_change": 0, "value_params_change": 0.4999999999760334}
{"iterations": 1, "type_itr": 0, "sub_iteration": 1, "sub_it_time": 0.3672916889190674, "total_time": 0.7304892539978027, "value_loss": 7.837935588082969, "action_loss": -1.3201125733314103, "action_probs": [[0.38160662638231624, 0.09125109813903852, 0.42541545783676576, 0.10172681764187949], [0.10893829444571407, 0.26610859181321034, 0.1815275071301064, 0.4434256066109691], [0.0002718740913068613, 0.9739316287241165, 7.199111079654504e-06, 0.02578929807349685], [0.36327629224489644, 0.4680885130067638, 0.07368746897053056, 0.09494772577780917], [0.00226492932237514, 0.8747506070735159, 0.0003176125236711707, 0.12266685108043772], [0.007004198255010213, 0.019045200599715505, 0.2618771795484378, 0.7120734215968363], [0.23747969579353473, 0.3770750151469915, 0.1489459414456482, 0.23649934761382552], [0.09692407655521125, 0.7970874462706757, 0.011490719094002873, 0.0944977580801103], [0.13914513842502074, 0.7257929696474642, 0.02172780395822765, 0.11333408796928741], [0.07693175428337151, 0.004268889294282758, 0.870496134139701, 0.048303222282644706], [0.07185940462791728, 0.4920410260354008, 0.05557338442561972, 0.38052618491106216], [0.6494389280365087, 0.01669212728027133, 0.3255027487596085, 0.008366195923611354], [0.45409602081189954, 0.5420549598254957, 0.0017545777804368412, 0.002094441582167849], [0.8046643413163018, 0.09561624661892133, 0.08912849627201565, 0.010590915792761262], [0.87297924675223, 0.05553972660856594, 0.0672053609919299, 0.0042756656472741445], [0.2453707620816287, 0.46233172566622255, 0.10134380559282086, 0.1909537066593278]], "state_values": [0.6596697386456387, 2.683898801126999, 4.369340406368138, 4.842379255455047, 2.8436723999732325, 2.980895262655092, 3.8055987237247164, 2.3199535602224954, -0.6383031234483443, -3.473263214522267, -4.117221507973664, 4.992453272964187, 1.5517259815490918, 3.448939737221663, 0.22386205669035486, 0.6647909787985955], "value_grad": [-0.09483683415266775, 206.10348231125747, -0.018967807118455582, 0.0, -0.4741986973722776, -205.799999178043, 206.0655479477574, 0.1327736253375127, 0.5310871505165915, 0.13277566455487566, -0.9105037479299716, -0.07587281973147153, 0.47418958282839174, -1.119133174593907, -206.02761328771012, -0.1707049649205441], "action_grad": [[0.0, 0.0, 0.0], [0.0, 0.0, 0.0], [0.0, 0.0, 0.0], [0.0, 0.0, 0.0], [0.0, 0.0, 0.0], [0.0, 0.0, 0.0], [0.0, 0.0, 0.0], [0.0, 0.0, 0.0], [0.0, 0.0, 0.0], [0.0, 0.0, 0.0], [0.0, 0.0, 0.0], [0.0, 0.0, 0.0], [0.0, 0.0, 0.0], [0.0, 0.0, 0.0], [0.0, 0.0, 0.0], [0.0, 0.0, 0.0]], "action_params_change": 0, "value_params_change": 0.5000071660102161}
{"iterations": 1, "type_itr": 0, "sub_iteration": 2, "sub_it_time": 0.3591804504394531, "total_time": 1.0913891792297363, "value_loss": 5.997714267508841, "action_loss": -1.2823093730257737, "action_probs": [[0.38160662638231624, 0.09125109813903852, 0.42541545783676576, 0.10172681764187949], [0.10893829444571407, 0.26610859181321034, 0.1815275071301064, 0.4434256066109691], [0.0002718740913068613, 0.9739316287241165, 7.199111079654504e-06, 0.02578929807349685], [0.36327629224489644, 0.4680885130067638, 0.07368746897053056, 0.09494772577780917], [0.00226492932237514, 0.8747506070735159, 0.0003176125236711707, 0.12266685108043772], [0.007004198255010213, 0.019045200599715505, 0.2618771795484378, 0.7120734215968363], [0.23747969579353473, 0.3770750151469915, 0.1489459414456482, 0.23649934761382552], [0.09692407655521125, 0.7970874462706757, 0.011490719094002873, 0.0944977580801103], [0.13914513842502074, 0.7257929696474642, 0.02172780395822765, 0.11333408796928741], [0.07693175428337151, 0.004268889294282758, 0.870496134139701, 0.048303222282644706], [0.07185940462791728, 0.4920410260354008, 0.05557338442561972, 0.38052618491106216], [0.6494389280365087, 0.01669212728027133, 0.3255027487596085, 0.008366195923611354], [0.45409602081189954, 0.5420549598254957, 0.0017545777804368412, 0.002094441582167849], [0.8046643413163018, 0.09561624661892133, 0.08912849627201565, 0.010590915792761262], [0.87297924675223, 0.05553972660856594, 0.0672053609919299, 0.0042756656472741445], [0.2453707620816287, 0.46233172566622255, 0.10134380559282086, 0.1909537066593278]], "state_values": [-0.1376546195875155, 2.050168141416964, 3.927693836366961, 4.868103614250463, 1.7522959640192943, 3.5218745578576285, 3.1107365796431723, 1.1614324789519057, -1.4145231578695736, -2.4774096695595746, -3.3523186382011856, 4.986140941831271, 0.5065768328602789, 2.9461652172666937, 1.1774501865723752, 1.1707158522767112], "value_grad": [-204.24437545936783, 0.15179083205696298, -204.0736110289741, -0.03794849168964198, -0.36050479236144195, 0.7589604654081548, 0.6640992610738428, 0.1138427855905988, -204.1495068972021, 0.1517921823770445, -1.3092488594005056, -0.018974438362610258, 0.1328159858111322, -1.0815322439441326, 0.4553669469968016, -0.3794724814096817], "action_grad": [[0.0, 0.0, 0.0], [0.0, 0.0, 0.0], [0.0, 0.0, 0.0], [0.0, 0.0, 0.0], [0.0, 0.0, 0.0], [0.0, 0.0, 0.0], [0.0, 0.0, 0.0], [0.0, 0.0, 0.0], [0.0, 0.0, 0.0], [0.0, 0.0, 0.0], [0.0, 0.0, 0.0], [0.0, 0.0, 0.0], [0.0, 0.0, 0.0], [0.0, 0.0, 0.0], [0.0, 0.0, 0.0], [0.0, 0.0, 0.0]], "action_params_change": 0, "value_params_change": 0.49909467312472433}
{"iterations": 1, "type_itr": 0, "sub_iteration": 3, "sub_it_time": 0.3560621738433838, "total_time": 1.4492194652557373, "value_loss": 4.821208568597016, "action_loss": 9.055385138137419, "action_probs": [[0.38160662638231624, 0.09125109813903852, 0.42541545783676576, 0.10172681764187949], [0.10893829444571407, 0.26610859181321034, 0.1815275071301064, 0.4434256066109691], [0.0002718740913068613, 0.9739316287241165, 7.199111079654504e-06, 0.02578929807349685], [0.36327629224489644, 0.4680885130067638, 0.07368746897053056, 0.09494772577780917], [0.00226492932237514, 0.8747506070735159, 0.0003176125236711707, 0.12266685108043772], [0.007004198255010213, 0.019045200599715505, 0.2618771795484378, 0.7120734215968363], [0.23747969579353473, 0.3770750151469915, 0.1489459414456482, 0.23649934761382552], [0.09692407655521125, 0.7970874462706757, 0.011490719094002873, 0.0944977580801103], [0.13914513842502074, 0.7257929696474642, 0.02172780395822765, 0.11333408796928741], [0.07693175428337151, 0.004268889294282758, 0.870496134139701, 0.048303222282644706], [0.07185940462791728, 0.4920410260354008, 0.05557338442561972, 0.38052618491106216], [0.6494389280365087, 0.01669212728027133, 0.3255027487596085, 0.008366195923611354], [0.45409602081189954, 0.5420549598254957, 0.0017545777804368412, 0.002094441582167849], [0.8046643413163018, 0.09561624661892133, 0.08912849627201565, 0.010590915792761262], [0.87297924675223, 0.05553972660856594, 0.0672053609919299, 0.0042756656472741445], [0.2453707620816287, 0.46233172566622255, 0.10134380559282086, 0.1909537066593278]], "state_values": [-0.7890065915275131, 1.4986320803202424, 3.4906747158732734, 4.956621164043539, 0.6414178661537784, 3.9100289643783657, 2.4523250703692128, -0.02557878262373072, -2.0235086351619596, -1.3259823523673886, -2.3829862714966343, 4.918781449136057, -0.22231793340756076, 2.493491531365278, 1.404289475456275, 1.8630664604824505], "value_grad": [0.01897686273139687, 0.03795386399132017, -0.13284059160919082, -0.0379546789395766, -0.15181545247664818, 0.9109114921466395, 0.6262467684223507, 0.07590754304554181, 0.36056122063572094, 0.13283900393491788, -1.556145099210335, 1.3233858453531866e-13, 203.01098016276498, -0.9109050479216041, 203.31460506042163, -203.20074715094776], "action_grad": [[0.0, 0.0, 0.0], [0.0, 0.0, 0.0], [0.0, 0.0, 0.0], [0.0, 0.0, 0.0], [0.0, 0.0, 0.0], [0.0, 0.0, 0.0], [0.0, 0.0, 0.0], [0.0, 0.0, 0.0], [0.0, 0.0, 0.0], [0.0, 0.0, 0.0], [0.0, 0.0, 0.0], [0.0, 0.0, 0.0], [0.0, 0.0, 0.0], [0.0, 0.0, 0.0], [0.0, 0.0, 0.0], [0.0, 0.0, 0.0]], "action_params_change": 0, "value_params_change": 0.49996377808379666}
{"iterations": 1, "type_itr": 0, "sub_iteration": 4, "sub_it_time": 0.3513600826263428, "total_time": 1.8030517101287842, "value_loss": 3.910246305139114, "action_loss": -1.126568097240057, "action_probs": [[0.38160662638231624, 0.09125109813903852, 0.42541545783676576, 0.10172681764187949], [0.10893829444571407, 0.26610859181321034, 0.1815275071301064, 0.4434256066109691], [0.0002718740913068613, 0.9739316287241165, 7.199111079654504e-06, 0.02578929807349685], [0.36327629224489644, 0.4680885130067638, 0.07368746897053056, 0.09494772577780917], [0.00226492932237514, 0.8747506070735159, 0.0003176125236711707, 0.12266685108043772], [0.007004198255010213, 0.019045200599715505, 0.2618771795484378, 0.7120734215968363], [0.23747969579353473, 0.3770750151469915, 0.1489459414456482, 0.23649934761382552], [0.09692407655521125, 0.7970874462706757, 0.011490719094002873, 0.0944977580801103], [0.13914513842502074, 0.7257929696474642, 0.02172780395822765, 0.11333408796928741], [0.07693175428337151, 0.004268889294282758, 0.870496134139701, 0.048303222282644706], [0.07185940462791728, 0.4920410260354008, 0.05557338442561972, 0.38052618491106216], [0.6494389280365087, 0.01669212728027133, 0.3255027487596085, 0.008366195923611354], [0.45409602081189954, 0.5420549598254957, 0.0017545777804368412, 0.002094441582167849], [0.8046643413163018, 0.09561624661892133, 0.08912849627201565, 0.010590915792761262], [0.87297924675223, 0.05553972660856594, 0.0672053609919299, 0.0042756656472741445], [0.2453707620816287, 0.46233172566622255, 0.10134380559282086, 0.1909537066593278]], "state_values": [-1.3293360438731152, 1.0161095765052668, 3.074224624886703, 4.999822180518912, -0.04195171192200211, 4.195364058908044, 1.8459159542459502, -1.030485484512943, -2.5105381161131666, -0.13647251997213963, -1.2551450315785706, 4.818678911443545, -0.8349585146942683, 2.619560311405251, 1.5927645214849981, 2.418575962848088], "value_grad": [0.03795773238687605, -0.07591561621828635, -0.09489554793351651, -0.03795854806092569, -202.04310058520556, 0.94896817259407, 0.47447577683131303, 0.0, 0.5314112676730431, 0.07591561621824283, -1.5752650101484287, 0.05693809122099669, -0.11387319576511779, 201.68249204648174, 0.47447296341590395, -0.15183122964528906], "action_grad": [[0.0, 0.0, 0.0], [0.0, 0.0, 0.0], [0.0, 0.0, 0.0], [0.0, 0.0, 0.0], [0.0, 0.0, 0.0], [0.0, 0.0, 0.0], [0.0, 0.0, 0.0], [0.0, 0.0, 0.0], [0.0, 0.0, 0.0], [0.0, 0.0, 0.0], [0.0, 0.0, 0.0], [0.0, 0.0, 0.0], [0.0, 0.0, 0.0], [0.0, 0.0, 0.0], [0.0, 0.0, 0.0], [0.0, 0.0, 0.0]], "action_params_change": 0, "value_params_change": 0.48607371882862527}
{"iterations": 1, "type_itr": 0, "sub_iteration": 5, "sub_it_time": 0.37563514709472656, "total_time": 2.1806864738464355, "value_loss": 3.549633125325729, "action_loss": -1.1179532868970887, "action_probs": [[0.38160662638231624, 0.09125109813903852, 0.42541545783676576, 0.10172681764187949], [0.10893829444571407, 0.26610859181321034, 0.1815275071301064, 0.4434256066109691], [0.0002718740913068613, 0.9739316287241165, 7.199111079654504e-06, 0.02578929807349685], [0.36327629224489644, 0.4680885130067638, 0.07368746897053056, 0.09494772577780917], [0.00226492932237514, 0.8747506070735159, 0.0003176125236711707, 0.12266685108043772], [0.007004198255010213, 0.019045200599715505, 0.2618771795484378, 0.7120734215968363], [0.23747969579353473, 0.3770750151469915, 0.1489459414456482, 0.23649934761382552], [0.09692407655521125, 0.7970874462706757, 0.011490719094002873, 0.0944977580801103], [0.13914513842502074, 0.7257929696474642, 0.02172780395822765, 0.11333408796928741], [0.07693175428337151, 0.004268889294282758, 0.870496134139701, 0.048303222282644706], [0.07185940462791728, 0.4920410260354008, 0.05557338442561972, 0.38052618491106216], [0.6494389280365087, 0.01669212728027133, 0.3255027487596085, 0.008366195923611354], [0.45409602081189954, 0.5420549598254957, 0.0017545777804368412, 0.002094441582167849], [0.8046643413163018, 0.09561624661892133, 0.08912849627201565, 0.010590915792761262], [0.87297924675223, 0.05553972660856594, 0.0672053609919299, 0.0042756656472741445], [0.2453707620816287, 0.46233172566622255, 0.10134380559282086, 0.1909537066593278]], "state_values": [-1.213151713260161, 0.5925488988226023, 2.684853992056328, 4.958252367062999, -0.6296141232673492, 4.407904330451388, 1.0353368638116547, -1.695308089616817, -2.9046420774934707, 0.940132229196182, -0.04158656607335263, 4.701235725013444, -1.352319391007696, 2.7264099597453524, 1.7526674581544923, 2.8683446193519466], "value_grad": [201.79636980392786, -0.1897959131653577, -0.037959457609344494, -6.616929226765933e-14, 0.3606118703610983, 0.9110450740133511, 201.87228761330985, -0.05693872404878464, 0.683271114282924, 0.018979574741064376, -1.3285737618480002, 0.07591997569688003, -0.26571426866192605, 0.0, 0.32265390662501314, -0.01897967785736787], "action_grad": [[0.0, 0.0, 0.0], [0.0, 0.0, 0.0], [0.0, 0.0, 0.0], [0.0, 0.0, 0.0], [0.0, 0.0, 0.0], [0.0, 0.0, 0.0], [0.0, 0.0, 0.0], [0.0, 0.0, 0.0], [0.0, 0.0, 0.0], [0.0, 0.0, 0.0], [0.0, 0.0, 0.0], [0.0, 0.0, 0.0], [0.0, 0.0, 0.0], [0.0, 0.0, 0.0], [0.0, 0.0, 0.0], [0.0, 0.0, 0.0]], "action_params_change": 0, "value_params_change": 0.4908514904657215}
{"iterations": 1, "type_itr": 0, "sub_iteration": 6, "sub_it_time": 0.3585798740386963, "total_time": 2.540992021560669, "value_loss": 3.511673137302781, "action_loss": -1.164460854210769, "action_probs": [[0.38160662638231624, 0.09125109813903852, 0.42541545783676576, 0.10172681764187949], [0.10893829444571407, 0.26610859181321034, 0.1815275071301064, 0.4434256066109691], [0.0002718740913068613, 0.9739316287241165, 7.199111079654504e-06, 0.02578929807349685], [0.36327629224489644, 0.4680885130067638, 0.07368746897053056, 0.09494772577780917], [0.00226492932237514, 0.8747506070735159, 0.0003176125236711707, 0.12266685108043772], [0.007004198255010213, 0.019045200599715505, 0.2618771795484378, 0.7120734215968363], [0.23747969579353473, 0.3770750151469915, 0.1489459414456482, 0.23649934761382552], [0.09692407655521125, 0.7970874462706757, 0.011490719094002873, 0.0944977580801103], [0.13914513842502074, 0.7257929696474642, 0.02172780395822765, 0.11333408796928741], [0.07693175428337151, 0.004268889294282758, 0.870496134139701, 0.048303222282644706], [0.07185940462791728, 0.4920410260354008, 0.05557338442561972, 0.38052618491106216], [0.6494389280365087, 0.01669212728027133, 0.3255027487596085, 0.008366195923611354], [0.45409602081189954, 0.5420549598254957, 0.0017545777804368412, 0.002094441582167849], [0.8046643413163018, 0.09561624661892133, 0.08912849627201565, 0.010590915792761262], [0.87297924675223, 0.05553972660856594, 0.0672053609919299, 0.0042756656472741445], [0.2453707620816287, 0.46233172566622255, 0.10134380559282086, 0.1909537066593278]], "state_values": [-1.1109488947540265, 0.7669132049331663, 2.324789000912628, 4.99998095252447, -1.1341557309526278, 4.567315043633815, 0.3024059115310257, -1.999427465785316, -3.2261303262443, 1.705278503284093, 1.156002646329257, 4.57555483128911, -1.2379365631526433, 2.4949575962157464, 1.8904165740064478, 3.234735479900779], "value_grad": [0.0759187791263658, -201.89126697710827, 0.018979779403247576, 201.51167313730286, 0.5883697972480206, 0.8351302963764411, -0.037959321517021305, -0.09489855852961337, 0.7971550890960173, -0.05693903339734341, -0.9110229139042092, 0.0949003722307129, -201.89126697710836, -201.87228761330985, 0.15183782694876857, 0.07591918426380717], "action_grad": [[0.0, 0.0, 0.0], [0.0, 0.0, 0.0], [0.0, 0.0, 0.0], [0.0, 0.0, 0.0], [0.0, 0.0, 0.0], [0.0, 0.0, 0.0], [0.0, 0.0, 0.0], [0.0, 0.0, 0.0], [0.0, 0.0, 0.0], [0.0, 0.0, 0.0], [0.0, 0.0, 0.0], [0.0, 0.0, 0.0], [0.0, 0.0, 0.0], [0.0, 0.0, 0.0], [0.0, 0.0, 0.0], [0.0, 0.0, 0.0]], "action_params_change": 0, "value_params_change": 0.48325774701653135}
{"iterations": 1, "type_itr": 0, "sub_iteration": 7, "sub_it_time": 0.384138822555542, "total_time": 2.9267971515655518, "value_loss": 3.6255527084463375, "action_loss": -1.227282347083264, "action_probs": [[0.38160662638231624, 0.09125109813903852, 0.42541545783676576, 0.10172681764187949], [0.10893829444571407, 0.26610859181321034, 0.1815275071301064, 0.4434256066109691], [0.0002718740913068613, 0.9739316287241165, 7.199111079654504e-06, 0.02578929807349685], [0.36327629224489644, 0.4680885130067638, 0.07368746897053056, 0.09494772577780917], [0.00226492932237514, 0.8747506070735159, 0.0003176125236711707, 0.12266685108043772], [0.007004198255010213, 0.019045200599715505, 0.2618771795484378, 0.7120734215968363], [0.23747969579353473, 0.3770750151469915, 0.1489459414456482, 0.23649934761382552], [0.09692407655521125, 0.7970874462706757, 0.011490719094002873, 0.0944977580801103], [0.13914513842502074, 0.7257929696474642, 0.02172780395822765, 0.11333408796928741], [0.07693175428337151, 0.004268889294282758, 0.870496134139701, 0.048303222282644706], [0.07185940462791728, 0.4920410260354008, 0.05557338442561972, 0.38052618491106216], [0.6494389280365087, 0.01669212728027133, 0.3255027487596085, 0.008366195923611354], [0.45409602081189954, 0.5420549598254957, 0.0017545777804368412, 0.002094441582167849], [0.8046643413163018, 0.09561624661892133, 0.08912849627201565, 0.010590915792761262], [0.87297924675223, 0.05553972660856594, 0.0672053609919299, 0.0042756656472741445], [0.2453707620816287, 0.46233172566622255, 0.10134380559282086, 0.1909537066593278]], "state_values": [-1.020281850962453, 0.9203665733784525, 1.994300028939746, 4.970439057936784, -1.5670624462073526, 4.687141993002105, -0.34900732025683256, -2.0504264398545073, -3.4900046120768313, 2.1307696867270485, 1.7640973060746397, 4.44726277235311, -1.1359223925866042, 2.2842347479352703, 2.010421962797109, 3.534514765692158], "value_grad": [0.07591780938198056, -0.2467326366615188, 0.1328565334307652, -0.018979812903042514, 0.7401989012353067, 0.7781825587423903, -0.4175470994650614, -0.0948975247513082, 0.8540878957408493, -0.09489734940206107, -202.04310058520556, 0.1138789759984653, -0.2846920263992092, -0.3606118703612302, 0.037958975179596344, 0.1518370082998599], "action_grad": [[0.0, 0.0, 0.0], [0.0, 0.0, 0.0], [0.0, 0.0, 0.0], [0.0, 0.0, 0.0], [0.0, 0.0, 0.0], [0.0, 0.0, 0.0], [0.0, 0.0, 0.0], [0.0, 0.0, 0.0], [0.0, 0.0, 0.0], [0.0, 0.0, 0.0], [0.0, 0.0, 0.0], [0.0, 0.0, 0.0], [0.0, 0.0, 0.0], [0.0, 0.0, 0.0], [0.0, 0.0, 0.0], [0.0, 0.0, 0.0]], "action_params_change": 0, "value_params_change": 0.2607527730955068}
{"iterations": 1, "type_itr": 0, "sub_iteration": 8, "sub_it_time": 0.3538665771484375, "total_time": 3.2823851108551025, "value_loss": 4.081058619085642, "action_loss": -1.2487828928585885, "action_probs": [[0.38160662638231624, 0.09125109813903852, 0.42541545783676576, 0.10172681764187949], [0.10893829444571407, 0.26610859181321034, 0.1815275071301064, 0.4434256066109691], [0.0002718740913068613, 0.9739316287241165, 7.199111079654504e-06, 0.02578929807349685], [0.36327629224489644, 0.4680885130067638, 0.07368746897053056, 0.09494772577780917], [0.00226492932237514, 0.8747506070735159, 0.0003176125236711707, 0.12266685108043772], [0.007004198255010213, 0.019045200599715505, 0.2618771795484378, 0.7120734215968363], [0.23747969579353473, 0.3770750151469915, 0.1489459414456482, 0.23649934761382552], [0.09692407655521125, 0.7970874462706757, 0.011490719094002873, 0.0944977580801103], [0.13914513842502074, 0.7257929696474642, 0.02172780395822765, 0.11333408796928741], [0.07693175428337151, 0.004268889294282758, 0.870496134139701, 0.048303222282644706], [0.07185940462791728, 0.4920410260354008, 0.05557338442561972, 0.38052618491106216], [0.6494389280365087, 0.01669212728027133, 0.3255027487596085, 0.008366195923611354], [0.45409602081189954, 0.5420549598254957, 0.0017545777804368412, 0.002094441582167849], [0.8046643413163018, 0.09561624661892133, 0.08912849627201565, 0.010590915792761262], [0.87297924675223, 0.05553972660856594, 0.0672053609919299, 0.0042756656472741445], [0.2453707620816287, 0.46233172566622255, 0.10134380559282086, 0.1909537066593278]], "state_values": [-0.9393389745356686, 1.0562826628241317, 1.6925758008754141, 4.825134972840892, -1.93841604870241, 4.7771208011459825, -0.9226718690043721, -2.0954864530321076, -3.70768304999507, 1.5641291966223627, 2.2805683197287663, 4.319911430434383, -1.0445427468854376, 2.092388045621595, 2.1158425620001933, 3.4083470206770543], "value_grad": [0.07591422495736122, -0.20876389312614219, 0.24672147267301714, 202.08105861908572, 0.8730164964752123, 0.683254824059798, 0.0, 0.0, 0.8730306219460151, -202.30880362249502, -0.09489287933854929, 0.13285272287090155, -0.18978555628774352, -0.22774360586826337, -0.018978615298959056, 202.25186789454295], "action_grad": [[0.0, 0.0, 0.0], [0.0, 0.0, 0.0], [0.0, 0.0, 0.0], [0.0, 0.0, 0.0], [0.0, 0.0, 0.0], [0.0, 0.0, 0.0], [0.0, 0.0, 0.0], [0.0, 0.0, 0.0], [0.0, 0.0, 0.0], [0.0, 0.0, 0.0], [0.0, 0.0, 0.0], [0.0, 0.0, 0.0], [0.0, 0.0, 0.0], [0.0, 0.0, 0.0], [0.0, 0.0, 0.0], [0.0, 0.0, 0.0]], "action_params_change": 0, "value_params_change": 0.3129127989218866}
{"iterations": 1, "type_itr": 0, "sub_iteration": 9, "sub_it_time": 0.35671305656433105, "total_time": 3.6409709453582764, "value_loss": 4.574498897088366, "action_loss": -1.1343205414072348, "action_probs": [[0.38160662638231624, 0.09125109813903852, 0.42541545783676576, 0.10172681764187949], [0.10893829444571407, 0.26610859181321034, 0.1815275071301064, 0.4434256066109691], [0.0002718740913068613, 0.9739316287241165, 7.199111079654504e-06, 0.02578929807349685], [0.36327629224489644, 0.4680885130067638, 0.07368746897053056, 0.09494772577780917], [0.00226492932237514, 0.8747506070735159, 0.0003176125236711707, 0.12266685108043772], [0.007004198255010213, 0.019045200599715505, 0.2618771795484378, 0.7120734215968363], [0.23747969579353473, 0.3770750151469915, 0.1489459414456482, 0.23649934761382552], [0.09692407655521125, 0.7970874462706757, 0.011490719094002873, 0.0944977580801103], [0.13914513842502074, 0.7257929696474642, 0.02172780395822765, 0.11333408796928741], [0.07693175428337151, 0.004268889294282758, 0.870496134139701, 0.048303222282644706], [0.07185940462791728, 0.4920410260354008, 0.05557338442561972, 0.38052618491106216], [0.6494389280365087, 0.01669212728027133, 0.3255027487596085, 0.008366195923611354], [0.45409602081189954, 0.5420549598254957, 0.0017545777804368412, 0.002094441582167849], [0.8046643413163018, 0.09561624661892133, 0.08912849627201565, 0.010590915792761262], [0.87297924675223, 0.05553972660856594, 0.0672053609919299, 0.0042756656472741445], [0.2453707620816287, 0.46233172566622255, 0.10134380559282086, 0.1909537066593278]], "state_values": [-0.8668033977610184, 1.1771347588792218, 1.4182055589245626, 4.595788626228514, -2.2570145209346344, 4.844346769382059, -1.4228398702442537, -1.9196291527800122, -4.097260055422257, 0.7742858947295289, 2.716589053281538, 4.19577760071985, -0.9624413528133205, 1.9175489863050132, 2.20905940708475, 3.2919290933889274], "value_grad": [0.03795494430947688, -0.11386483153270088, 0.3415944569195375, -0.056933772456606135, 0.9678579107857486, 0.6452652203222291, -0.9868298133161915, -0.11386535703914724, -202.19493181485078, -202.82120856859717, 0.2087533874337506, 0.13284517147416608, -0.11386483153270088, -0.24670854424985755, -0.056932613616138994, 0.17079978323871092], "action_grad": [[0.0, 0.0, 0.0], [0.0, 0.0, 0.0], [0.0, 0.0, 0.0], [0.0, 0.0, 0.0], [0.0, 0.0, 0.0], [0.0, 0.0, 0.0], [0.0, 0.0, 0.0], [0.0, 0.0, 0.0], [0.0, 0.0, 0.0], [0.0, 0.0, 0.0], [0.0, 0.0, 0.0], [0.0, 0.0, 0.0], [0.0, 0.0, 0.0], [0.0, 0.0, 0.0], [0.0, 0.0, 0.0], [0.0, 0.0, 0.0]], "action_params_change": 0, "value_params_change": 0.32536771000538955}
{"iterations": 1, "type_itr": 0, "sub_iteration": 10, "sub_it_time": 0.35893702507019043, "total_time": 4.001660108566284, "value_loss": 5.219723589721055, "action_loss": -0.9998302881934261, "action_probs": [[0.38160662638231624, 0.09125109813903852, 0.42541545783676576, 0.10172681764187949], [0.10893829444571407, 0.26610859181321034, 0.1815275071301064, 0.4434256066109691], [0.0002718740913068613, 0.9739316287241165, 7.199111079654504e-06, 0.02578929807349685], [0.36327629224489644, 0.4680885130067638, 0.07368746897053056, 0.09494772577780917], [0.00226492932237514, 0.8747506070735159, 0.0003176125236711707, 0.12266685108043772], [0.007004198255010213, 0.019045200599715505, 0.2618771795484378, 0.7120734215968363], [0.23747969579353473, 0.3770750151469915, 0.1489459414456482, 0.23649934761382552], [0.09692407655521125, 0.7970874462706757, 0.011490719094002873, 0.0944977580801103], [0.13914513842502074, 0.7257929696474642, 0.02172780395822765, 0.11333408796928741], [0.07693175428337151, 0.004268889294282758, 0.870496134139701, 0.048303222282644706], [0.07185940462791728, 0.4920410260354008, 0.05557338442561972, 0.38052618491106216], [0.6494389280365087, 0.01669212728027133, 0.3255027487596085, 0.008366195923611354], [0.45409602081189954, 0.5420549598254957, 0.0017545777804368412, 0.002094441582167849], [0.8046643413163018, 0.09561624661892133, 0.08912849627201565, 0.010590915792761262], [0.87297924675223, 0.05553972660856594, 0.0672053609919299, 0.0042756656472741445], [0.2453707620816287, 0.46233172566622255, 0.10134380559282086, 0.1909537066593278]], "state_values": [-0.8015583061219138, 0.9256076578818655, 1.1694774521306377, 4.314177256037791, -2.0699446100562926, 4.894137306322879, -1.856543252126456, -1.5940539618862022, -4.391456572582355, 0.04835720408952791, 3.3101953746785058, 4.076290766446131, -0.8885538167613266, 1.7580532034017673, 2.2918550938784343, 3.1845945185011], "value_grad": [0.03795165296546088, 203.40948530985432, 0.417468105872822, -0.07590507990542239, 203.86489281916587, 0.6072630577575531, -1.1954831049420385, -0.09487950620663188, 0.6831523182806647, -0.03795165296546088, -203.10586424350643, 0.1328340577595153, -0.03795165296528502, -0.26566294834479454, -0.03795185255441069, 0.15180898669607323], "action_grad": [[0.0, 0.0, 0.0], [0.0, 0.0, 0.0], [0.0, 0.0, 0.0], [0.0, 0.0, 0.0], [0.0, 0.0, 0.0], [0.0, 0.0, 0.0], [0.0, 0.0, 0.0], [0.0, 0.0, 0.0], [0.0, 0.0, 0.0], [0.0, 0.0, 0.0], [0.0, 0.0, 0.0], [0.0, 0.0, 0.0], [0.0, 0.0, 0.0], [0.0, 0.0, 0.0], [0.0, 0.0, 0.0], [0.0, 0.0, 0.0]], "action_params_change": 0, "value_params_change": 0.2983042325329188}
{"iterations": 1, "type_itr": 0, "sub_iteration": 11, "sub_it_time": 0.3654210567474365, "total_time": 4.3687543869018555, "value_loss": 5.826943346129211, "action_loss": -0.8996780641927161, "action_probs": [[0.38160662638231624, 0.09125109813903852, 0.42541545783676576, 0.10172681764187949], [0.10893829444571407, 0.26610859181321034, 0.1815275071301064, 0.4434256066109691], [0.0002718740913068613, 0.9739316287241165, 7.199111079654504e-06, 0.02578929807349685], [0.36327629224489644, 0.4680885130067638, 0.07368746897053056, 0.09494772577780917], [0.00226492932237514, 0.8747506070735159, 0.0003176125236711707, 0.12266685108043772], [0.007004198255010213, 0.019045200599715505, 0.2618771795484378, 0.7120734215968363], [0.23747969579353473, 0.3770750151469915, 0.1489459414456482, 0.23649934761382552], [0.09692407655521125, 0.7970874462706757, 0.011490719094002873, 0.0944977580801103], [0.13914513842502074, 0.7257929696474642, 0.02172780395822765, 0.11333408796928741], [0.07693175428337151, 0.004268889294282758, 0.870496134139701, 0.048303222282644706], [0.07185940462791728, 0.4920410260354008, 0.05557338442561972, 0.38052618491106216], [0.6494389280365087, 0.01669212728027133, 0.3255027487596085, 0.008366195923611354], [0.45409602081189954, 0.5420549598254957, 0.0017545777804368412, 0.002094441582167849], [0.8046643413163018, 0.09561624661892133, 0.08912849627201565, 0.010590915792761262], [0.87297924675223, 0.05553972660856594, 0.0672053609919299, 0.0042756656472741445], [0.2453707620816287, 0.46233172566622255, 0.10134380559282086, 0.1909537066593278]], "state_values": [-0.7426555145150767, 0.6975959565679907, 0.9443845071040299, 4.003410369083034, -1.896736544856028, 4.930568038852874, -2.231099499322671, -1.1374413395355834, -4.608772277235637, -0.6056714137253824, 3.7805496072203835, 3.962312802530403, -0.8220652955237937, 1.612382314182369, 2.615938314848148, 3.085705171293121], "value_grad": [0.056922487968348534, -0.15179307561440059, 0.4174308907929323, -0.11384744578558603, 1.005641248333415, 0.4933621374221522, -1.4040994091002377, -0.09487109009175665, 0.5692483064766956, 0.0, 0.7020598935503521, 0.13282258775371414, 0.056922487968348534, -0.30358790421695137, -204.05463692191273, 0.1328210660976703], "action_grad": [[0.0, 0.0, 0.0], [0.0, 0.0, 0.0], [0.0, 0.0, 0.0], [0.0, 0.0, 0.0], [0.0, 0.0, 0.0], [0.0, 0.0, 0.0], [0.0, 0.0, 0.0], [0.0, 0.0, 0.0], [0.0, 0.0, 0.0], [0.0, 0.0, 0.0], [0.0, 0.0, 0.0], [0.0, 0.0, 0.0], [0.0, 0.0, 0.0], [0.0, 0.0, 0.0], [0.0, 0.0, 0.0], [0.0, 0.0, 0.0]], "action_params_change": 0, "value_params_change": 0.26762448427620145}
{"iterations": 1, "type_itr": 0, "sub_iteration": 12, "sub_it_time": 0.358950138092041, "total_time": 4.729450225830078, "value_loss": 6.472054112568658, "action_loss": -0.8288129393888047, "action_probs": [[0.38160662638231624, 0.09125109813903852, 0.42541545783676576, 0.10172681764187949], [0.10893829444571407, 0.26610859181321034, 0.1815275071301064, 0.4434256066109691], [0.0002718740913068613, 0.9739316287241165, 7.199111079654504e-06, 0.02578929807349685], [0.36327629224489644, 0.4680885130067638, 0.07368746897053056, 0.09494772577780917], [0.00226492932237514, 0.8747506070735159, 0.0003176125236711707, 0.12266685108043772], [0.007004198255010213, 0.019045200599715505, 0.2618771795484378, 0.7120734215968363], [0.23747969579353473, 0.3770750151469915, 0.1489459414456482, 0.23649934761382552], [0.09692407655521125, 0.7970874462706757, 0.011490719094002873, 0.0944977580801103], [0.13914513842502074, 0.7257929696474642, 0.02172780395822765, 0.11333408796928741], [0.07693175428337151, 0.004268889294282758, 0.870496134139701, 0.048303222282644706], [0.07185940462791728, 0.4920410260354008, 0.05557338442561972, 0.38052618491106216], [0.6494389280365087, 0.01669212728027133, 0.3255027487596085, 0.008366195923611354], [0.45409602081189954, 0.5420549598254957, 0.0017545777804368412, 0.002094441582167849], [0.8046643413163018, 0.09561624661892133, 0.08912849627201565, 0.010590915792761262], [0.87297924675223, 0.05553972660856594, 0.0672053609919299, 0.0042756656472741445], [0.2453707620816287, 0.46233172566622255, 0.10134380559282086, 0.1909537066593278]], "state_values": [-1.044656084204049, 0.4911400326024488, 0.7410685924037096, 3.6800270003983195, -1.7363210379324765, 4.956717413155348, -2.5536646907352063, -0.5920911928819113, -4.764735096191429, -1.1866438500645078, 4.1458919478647775, 3.854319102823992, -0.42467834111005653, 1.4792359332128957, 3.0832629907062348, 2.9946892432987116], "value_grad": [-204.66177979248852, -0.22766569041385498, 0.4553313054922121, -0.15178054602852153, 0.9865630944419079, 0.43639530172608776, -1.555746628510276, -0.07588881317241913, 0.455355826328959, 0.018972172676309462, 0.8158340392874557, 0.13280903105277364, -204.6238351407933, -0.30355620592144295, -204.6428074971705, 0.0948623889910607], "action_grad": [[0.0, 0.0, 0.0], [0.0, 0.0, 0.0], [0.0, 0.0, 0.0], [0.0, 0.0, 0.0], [0.0, 0.0, 0.0], [0.0, 0.0, 0.0], [0.0, 0.0, 0.0], [0.0, 0.0, 0.0], [0.0, 0.0, 0.0], [0.0, 0.0, 0.0], [0.0, 0.0, 0.0], [0.0, 0.0, 0.0], [0.0, 0.0, 0.0], [0.0, 0.0, 0.0], [0.0, 0.0, 0.0], [0.0, 0.0, 0.0]], "action_params_change": 0, "value_params_change": 0.24057562704681024}
{"iterations": 1, "type_itr": 0, "sub_iteration": 13, "sub_it_time": 0.35869455337524414, "total_time": 5.090097904205322, "value_loss": -198.00000000000009, "action_loss": -0.760491942414635, "action_probs": [[0.38160662638231624, 0.09125109813903852, 0.42541545783676576, 0.10172681764187949], [0.10893829444571407, 0.26610859181321034, 0.1815275071301064, 0.4434256066109691], [0.0002718740913068613, 0.9739316287241165, 7.199111079654504e-06, 0.02578929807349685], [0.36327629224489644, 0.4680885130067638, 0.07368746897053056, 0.09494772577780917], [0.00226492932237514, 0.8747506070735159, 0.0003176125236711707, 0.12266685108043772], [0.007004198255010213, 0.019045200599715505, 0.2618771795484378, 0.7120734215968363], [0.23747969579353473, 0.3770750151469915, 0.1489459414456482, 0.23649934761382552], [0.09692407655521125, 0.7970874462706757, 0.011490719094002873, 0.0944977580801103], [0.13914513842502074, 0.7257929696474642, 0.02172780395822765, 0.11333408796928741], [0.07693175428337151, 0.004268889294282758, 0.870496134139701, 0.048303222282644706], [0.07185940462791728, 0.4920410260354008, 0.05557338442561972, 0.38052618491106216], [0.6494389280365087, 0.01669212728027133, 0.3255027487596085, 0.008366195923611354], [0.45409602081189954, 0.5420549598254957, 0.0017545777804368412, 0.002094441582167849], [0.8046643413163018, 0.09561624661892133, 0.08912849627201565, 0.010590915792761262], [0.87297924675223, 0.05553972660856594, 0.0672053609919299, 0.0042756656472741445], [0.2453707620816287, 0.46233172566622255, 0.10134380559282086, 0.1909537066593278]], "state_values": [-1.314040693768884, 0.30430688938661515, 0.18297839746283642, 3.3556164360409, -1.587762170423003, 4.974964380883715, -2.830886819999486, -0.027823364682477664, -4.87216022609666, -1.6973405434875863, 4.423721094656923, 3.7524829141781333, -0.06374812376641185, 1.357509699348399, 3.471185824740294, 2.633813930058162], "value_grad": [0.05690953737244886, -0.24660798016841845, -205.15503746766808, -0.1707322388939696, 0.9295315163480637, 0.36046058127530145, -1.6883589169130042, -0.03793962383781313, 0.36044843332146215, 0.07587951841822704, 0.8536872653555667, 0.15176332128921644, 0.2845476633223525, -0.2655792425335859, 0.0758805958087656, 205.32577030631717], "action_grad": [[0.0, 0.0, 0.0], [0.0, 0.0, 0.0], [0.0, 0.0, 0.0], [0.0, 0.0, 0.0], [0.0, 0.0, 0.0], [0.0, 0.0, 0.0], [0.0, 0.0, 0.0], [0.0, 0.0, 0.0], [0.0, 0.0, 0.0], [0.0, 0.0, 0.0], [0.0, 0.0, 0.0], [0.0, 0.0, 0.0], [0.0, 0.0, 0.0], [0.0, 0.0, 0.0], [0.0, 0.0, 0.0], [0.0, 0.0, 0.0]], "action_params_change": 0, "value_params_change": 0.2262641177145479}
