{"iterations": 0, "type_itr": 0, "sub_iteration": 0, "sub_it_time": 0, "total_time": 0, "value_loss": 0, "action_loss": 0, "action_probs": [[0.41960649428779195, 0.1341556904789857, 0.3381312238709757, 0.10810659136224672], [0.0346211338405389, 0.0006936569507216621, 0.9457367577063277, 0.018948451502411895], [0.12882724211109658, 0.007512340523261954, 0.8160725413699129, 0.04758787599572855], [0.3771044181945104, 0.5012699324523391, 0.052216426519140935, 0.06940922283400956], [0.7059021635272974, 0.040607965527319406, 0.23970076408636354, 0.0137891068590198], [0.10484290879514332, 0.7396261781867992, 0.019309544398664603, 0.13622136861939296], [0.571547832045708, 0.3903826803144304, 0.02261965167761251, 0.015449835962248897], [0.016702867457102314, 0.3587656914376449, 0.027782528354120657, 0.5967489127511322], [0.48339011349285244, 0.5082312155830396, 0.004084388435551542, 0.004294282488556448], [0.025379432449088156, 6.17325132364943e-05, 0.9721940861642335, 0.0023647488734418612], [0.8707956883017518, 0.05869037245140906, 0.0660614901653978, 0.004452449081441431], [0.02878321160120149, 0.15410114701932648, 0.1286015522917272, 0.6885140890877449], [0.7446298874995867, 0.07065091827408737, 0.16871172710270735, 0.01600746712361868], [0.18492707603767988, 0.4810812300244937, 0.09273774338638369, 0.24125395055144278], [0.042703826738404796, 0.21335084676303742, 0.1240723783370486, 0.6198729481615091], [0.9446659154849717, 0.03305790979713265, 0.021522992934443735, 0.0007531817834518698]], "state_values": [3.6281153718196353, 4.906381506723873, 2.8600417566993026, 4.892427132695332, -4.669428248777354, 4.894173005860503, 3.9329238304699476, 4.29205186443733, 3.9662530115947523, 2.217036860413363, 3.9192826750398937, 4.864011651134008, 0.56879746717899, 4.899862494641506, 1.0577288888635645, 0.7233437937764142], "value_grad": [0.0, 0.0, 0.0, 0.0, 0.0, 0.0, 0.0, 0.0, 0.0, 0.0, 0.0, 0.0, 0.0, 0.0, 0.0, 0.0], "action_grad": [[0.0, 0.0, 0.0], [0.0, 0.0, 0.0], [0.0, 0.0, 0.0], [0.0, 0.0, 0.0], [0.0, 0.0, 0.0], [0.0, 0.0, 0.0], [0.0, 0.0, 0.0], [0.0, 0.0, 0.0], [0.0, 0.0, 0.0], [0.0, 0.0, 0.0], [0.0, 0.0, 0.0], [0.0, 0.0, 0.0], [0.0, 0.0, 0.0], [0.0, 0.0, 0.0], [0.0, 0.0, 0.0], [0.0, 0.0, 0.0]], "action_params_change": 0, "value_params_change": 0}
{"iterations": 1, "type_itr": 0, "sub_iteration": 0, "sub_it_time": 0.0978851318359375, "total_time": 0.09926056861877441, "value_loss": 8.723950774793533, "action_loss": -2.540703983154901, "action_probs": [[0.41960649428779195, 0.1341556904789857, 0.3381312238709757, 0.10810659136224672], [0.0346211338405389, 0.0006936569507216621, 0.9457367577063277, 0.018948451502411895], [0.12882724211109658, 0.007512340523261954, 0.8160725413699129, 0.04758787599572855], [0.3771044181945104, 0.5012699324523391, 0.052216426519140935, 0.06940922283400956], [0.7059021635272974, 0.040607965527319406, 0.23970076408636354, 0.0137891068590198], [0.10484290879514332, 0.7396261781867992, 0.019309544398664603, 0.13622136861939296], [0.571547832045708, 0.3903826803144304, 0.02261965167761251, 0.015449835962248897], [0.016702867457102314, 0.3587656914376449, 0.027782528354120657, 0.5967489127511322], [0.48339011349285244, 0.5082312155830396, 0.004084388435551542, 0.004294282488556448], [0.025379432449088156, 6.17325132364943e-05, 0.9721940861642335, 0.0023647488734418612], [0.8707956883017518, 0.05869037245140906, 0.0660614901653978, 0.004452449081441431], [0.02878321160120149, 0.15410114701932648, 0.1286015522917272, 0.6885140890877449], [0.7446298874995867, 0.07065091827408737, 0.16871172710270735, 0.01600746712361868], [0.18492707603767988, 0.4810812300244937, 0.09273774338638369, 0.24125395055144278], [0.042703826738404796, 0.21335084676303742, 0.1240723783370486, 0.6198729481615091], [0.9446659154849717, 0.03305790979713265, 0.021522992934443735, 0.0007531817834518698]], "state_values": [2.6641421994843846, 4.515597418151937, 3.785792708775226, 4.995550345662235, -4.081943641672741, 4.488865305113346, 3.046820968183621, 3.5240763340594152, 3.0897362842687786, 1.0393488250744505, 3.02932418911613, 4.4262620368197, 1.7801043745397085, 4.501206347926791, 2.23387031262077, 1.924863285970335], "value_grad": [-0.14793709377382847, -0.08934509439933613, 0.22209459848678037, -0.038877629715166506, 1.1817456829725463, 0.32537448524698753, 0.16767873668064048, 0.13046701378031322, 1.076055217787248, 0.11775661947248928, 0.3040276819062466, -0.06676540261032748, -0.8464755134855544, 0.2877434872381084, 0.49639659831384897, 0.4821604434734592], "action_grad": [[0.0, 0.0, 0.0], [0.0, 0.0, 0.0], [0.0, 0.0, 0.0], [0.0, 0.0, 0.0], [0.0, 0.0, 0.0], [0.0, 0.0, 0.0], [0.0, 0.0, 0.0], [0.0, 0.0, 0.0], [0.0, 0.0, 0.0], [0.0, 0.0, 0.0], [0.0, 0.0, 0.0], [0.0, 0.0, 0.0], [0.0, 0.0, 0.0], [0.0, 0.0, 0.0], [0.0, 0.0, 0.0], [0.0, 0.0, 0.0]], "action_params_change": 0, "value_params_change": 0.49999999576897114}
{"iterations": 1, "type_itr": 0, "sub_iteration": 1, "sub_it_time": 0.10046100616455078, "total_time": 0.2069408893585205, "value_loss": 5.931429234296774, "action_loss": -2.348145083418023, "action_probs": [[0.41960649428779195, 0.1341556904789857, 0.3381312238709757, 0.10810659136224672], [0.0346211338405389, 0.0006936569507216621, 0.9457367577063277, 0.018948451502411895], [0.12882724211109658, 0.007512340523261954, 0.8160725413699129, 0.04758787599572855], [0.3771044181945104, 0.5012699324523391, 0.052216426519140935, 0.06940922283400956], [0.7059021635272974, 0.040607965527319406, 0.23970076408636354, 0.0137891068590198], [0.10484290879514332, 0.7396261781867992, 0.019309544398664603, 0.13622136861939296], [0.571547832045708, 0.3903826803144304, 0.02261965167761251, 0.015449835962248897], [0.016702867457102314, 0.3587656914376449, 0.027782528354120657, 0.5967489127511322], [0.48339011349285244, 0.5082312155830396, 0.004084388435551542, 0.004294282488556448], [0.025379432449088156, 6.17325132364943e-05, 0.9721940861642335, 0.0023647488734418612], [0.8707956883017518, 0.05869037245140906, 0.0660614901653978, 0.004452449081441431], [0.02878321160120149, 0.15410114701932648, 0.1286015522917272, 0.6885140890877449], [0.7446298874995867, 0.07065091827408737, 0.16871172710270735, 0.01600746712361868], [0.18492707603767988, 0.4810812300244937, 0.09273774338638369, 0.24125395055144278], [0.042703826738404796, 0.21335084676303742, 0.1240723783370486, 0.6198729481615091], [0.9446659154849717, 0.03305790979713265, 0.021522992934443735, 0.0007531817834518698]], "state_values": [1.5392208878690774, 3.888870414383426, 3.9792690525066994, 4.927583679418475, -3.2443333026549004, 3.8359768674961146, 2.5461638508121958, 2.5355965482466107, 2.0200062631835194, -0.12240443699693324, 2.083310184773502, 3.7346541761926777, 2.7695480105894204, 3.83936719750872, 3.1170615090660387, 2.902950824649717], "value_grad": [-0.1335954312305878, -0.21643070040135726, -0.1169827162184971, 0.007690350626300635, 1.6167055165249975, 0.6768531611654227, -0.03902059991369189, 0.1481426630583611, 1.129504386038752, 0.060244709020689236, 0.1107262355476255, -0.1219952427849158, -0.32467866017331826, 0.4994437273653949, 0.13289268126096676, 0.1910072755926695], "action_grad": [[0.0, 0.0, 0.0], [0.0, 0.0, 0.0], [0.0, 0.0, 0.0], [0.0, 0.0, 0.0], [0.0, 0.0, 0.0], [0.0, 0.0, 0.0], [0.0, 0.0, 0.0], [0.0, 0.0, 0.0], [0.0, 0.0, 0.0], [0.0, 0.0, 0.0], [0.0, 0.0, 0.0], [0.0, 0.0, 0.0], [0.0, 0.0, 0.0], [0.0, 0.0, 0.0], [0.0, 0.0, 0.0], [0.0, 0.0, 0.0]], "action_params_change": 0, "value_params_change": 0.5006471192575173}
{"iterations": 1, "type_itr": 0, "sub_iteration": 2, "sub_it_time": 0.10623693466186523, "total_time": 0.32851195335388184, "value_loss": 3.792900418774767, "action_loss": -2.031446414952429, "action_probs": [[0.41960649428779195, 0.1341556904789857, 0.3381312238709757, 0.10810659136224672], [0.0346211338405389, 0.0006936569507216621, 0.9457367577063277, 0.018948451502411895], [0.12882724211109658, 0.007512340523261954, 0.8160725413699129, 0.04758787599572855], [0.3771044181945104, 0.5012699324523391, 0.052216426519140935, 0.06940922283400956], [0.7059021635272974, 0.040607965527319406, 0.23970076408636354, 0.0137891068590198], [0.10484290879514332, 0.7396261781867992, 0.019309544398664603, 0.13622136861939296], [0.571547832045708, 0.3903826803144304, 0.02261965167761251, 0.015449835962248897], [0.016702867457102314, 0.3587656914376449, 0.027782528354120657, 0.5967489127511322], [0.48339011349285244, 0.5082312155830396, 0.004084388435551542, 0.004294282488556448], [0.025379432449088156, 6.17325132364943e-05, 0.9721940861642335, 0.0023647488734418612], [0.8707956883017518, 0.05869037245140906, 0.0660614901653978, 0.004452449081441431], [0.02878321160120149, 0.15410114701932648, 0.1286015522917272, 0.6885140890877449], [0.7446298874995867, 0.07065091827408737, 0.16871172710270735, 0.01600746712361868], [0.18492707603767988, 0.4810812300244937, 0.09273774338638369, 0.24125395055144278], [0.042703826738404796, 0.21335084676303742, 0.1240723783370486, 0.6198729481615091], [0.9446659154849717, 0.03305790979713265, 0.021522992934443735, 0.0007531817834518698]], "state_values": [0.3630286719910906, 3.0474774399528393, 3.7508240644693465, 4.94516833910541, -2.201748090456733, 2.95299469278324, 2.3643370311859084, 1.3934805505392631, 0.8360322347743008, -0.9749728493343424, 1.8005489451778423, 2.8150844281633387, 3.3599670008529454, 2.937650669038306, 3.55183766102683, 3.501546887796252], "value_grad": [-0.08678209287692829, -0.33055868565381674, -0.22748754600482135, 0.031601579452976925, 1.6168961321125468, 0.8484564491677613, -0.05360466865225577, 0.12950129232888008, 0.9271045211139444, -0.007251305687070442, -0.1998401763688622, -0.14714892561313864, 0.1205212371085076, 0.5161869938659098, -0.1333580241526917, -0.05251525537709334], "action_grad": [[0.0, 0.0, 0.0], [0.0, 0.0, 0.0], [0.0, 0.0, 0.0], [0.0, 0.0, 0.0], [0.0, 0.0, 0.0], [0.0, 0.0, 0.0], [0.0, 0.0, 0.0], [0.0, 0.0, 0.0], [0.0, 0.0, 0.0], [0.0, 0.0, 0.0], [0.0, 0.0, 0.0], [0.0, 0.0, 0.0], [0.0, 0.0, 0.0], [0.0, 0.0, 0.0], [0.0, 0.0, 0.0], [0.0, 0.0, 0.0]], "action_params_change": 0, "value_params_change": 0.500211959369361}
{"iterations": 1, "type_itr": 0, "sub_iteration": 3, "sub_it_time": 0.10445141792297363, "total_time": 0.4351048469543457, "value_loss": 2.3185178135244398, "action_loss": -1.6462756775850846, "action_probs": [[0.41960649428779195, 0.1341556904789857, 0.3381312238709757, 0.10810659136224672], [0.0346211338405389, 0.0006936569507216621, 0.9457367577063277, 0.018948451502411895], [0.12882724211109658, 0.007512340523261954, 0.8160725413699129, 0.04758787599572855], [0.3771044181945104, 0.5012699324523391, 0.052216426519140935, 0.06940922283400956], [0.7059021635272974, 0.040607965527319406, 0.23970076408636354, 0.0137891068590198], [0.10484290879514332, 0.7396261781867992, 0.019309544398664603, 0.13622136861939296], [0.571547832045708, 0.3903826803144304, 0.02261965167761251, 0.015449835962248897], [0.016702867457102314, 0.3587656914376449, 0.027782528354120657, 0.5967489127511322], [0.48339011349285244, 0.5082312155830396, 0.004084388435551542, 0.004294282488556448], [0.025379432449088156, 6.17325132364943e-05, 0.9721940861642335, 0.0023647488734418612], [0.8707956883017518, 0.05869037245140906, 0.0660614901653978, 0.004452449081441431], [0.02878321160120149, 0.15410114701932648, 0.1286015522917272, 0.6885140890877449], [0.7446298874995867, 0.07065091827408737, 0.16871172710270735, 0.01600746712361868], [0.18492707603767988, 0.4810812300244937, 0.09273774338638369, 0.24125395055144278], [0.042703826738404796, 0.21335084676303742, 0.1240723783370486, 0.6198729481615091], [0.9446659154849717, 0.03305790979713265, 0.021522992934443735, 0.0007531817834518698]], "state_values": [-0.6851636522947471, 2.0225234077105907, 3.2614883813336917, 4.990026160918068, -1.03766680670943, 1.8811640450467715, 1.9404828734025275, 0.21239273314119633, -0.33165824546316014, -1.3258598510098052, 1.954616473962508, 1.7149751769906991, 3.546501536536536, 1.8692904168845523, 3.6242704396243677, 3.7237786191960716], "value_grad": [-0.021455686687112063, -0.4109343938598049, -0.2768081344920823, 0.027368770704369272, 1.1894622151016363, 0.7724970540525278, 0.08695837431696507, 0.0793036090069883, 0.49998363292108783, -0.05666620442688153, -0.23351319105851553, -0.13786525184768195, 0.41522351133728375, 0.35425237231619633, -0.2646508474445173, -0.21032618968165684], "action_grad": [[0.0, 0.0, 0.0], [0.0, 0.0, 0.0], [0.0, 0.0, 0.0], [0.0, 0.0, 0.0], [0.0, 0.0, 0.0], [0.0, 0.0, 0.0], [0.0, 0.0, 0.0], [0.0, 0.0, 0.0], [0.0, 0.0, 0.0], [0.0, 0.0, 0.0], [0.0, 0.0, 0.0], [0.0, 0.0, 0.0], [0.0, 0.0, 0.0], [0.0, 0.0, 0.0], [0.0, 0.0, 0.0], [0.0, 0.0, 0.0]], "action_params_change": 0, "value_params_change": 0.4958564215648613}
{"iterations": 1, "type_itr": 0, "sub_iteration": 4, "sub_it_time": 0.10286712646484375, "total_time": 0.547370195388794, "value_loss": 1.6740780371255304, "action_loss": -1.2180428827673968, "action_probs": [[0.41960649428779195, 0.1341556904789857, 0.3381312238709757, 0.10810659136224672], [0.0346211338405389, 0.0006936569507216621, 0.9457367577063277, 0.018948451502411895], [0.12882724211109658, 0.007512340523261954, 0.8160725413699129, 0.04758787599572855], [0.3771044181945104, 0.5012699324523391, 0.052216426519140935, 0.06940922283400956], [0.7059021635272974, 0.040607965527319406, 0.23970076408636354, 0.0137891068590198], [0.10484290879514332, 0.7396261781867992, 0.019309544398664603, 0.13622136861939296], [0.571547832045708, 0.3903826803144304, 0.02261965167761251, 0.015449835962248897], [0.016702867457102314, 0.3587656914376449, 0.027782528354120657, 0.5967489127511322], [0.48339011349285244, 0.5082312155830396, 0.004084388435551542, 0.004294282488556448], [0.025379432449088156, 6.17325132364943e-05, 0.9721940861642335, 0.0023647488734418612], [0.8707956883017518, 0.05869037245140906, 0.0660614901653978, 0.004452449081441431], [0.02878321160120149, 0.15410114701932648, 0.1286015522917272, 0.6885140890877449], [0.7446298874995867, 0.07065091827408737, 0.16871172710270735, 0.01600746712361868], [0.18492707603767988, 0.4810812300244937, 0.09273774338638369, 0.24125395055144278], [0.042703826738404796, 0.21335084676303742, 0.1240723783370486, 0.6198729481615091], [0.9446659154849717, 0.03305790979713265, 0.021522992934443735, 0.0007531817834518698]], "state_values": [-1.4173074377972217, 0.860214704149867, 2.552900572620644, 4.997089626295205, 0.0950025480838544, 0.7174199021059402, 1.2490378793137198, -0.8308496011173462, -1.2903382799704686, -1.2794935531982032, 2.083473285008221, 0.5255973913743429, 3.42362049548827, 0.8465121964571485, 3.4358227603805305, 3.6561553632412203], "value_grad": [0.04021862255474473, -0.4231854652119622, -0.3246463842959506, 0.011531164939810878, 0.4649712488842872, 0.4894724601785976, 0.15361361672829865, 0.012574673130457015, -0.046853310260630776, -0.07575555580502003, -0.00022485275242334346, -0.09546157577620651, 0.6166485101151871, 0.03944573779411731, -0.343705479800402, -0.3185997527620812], "action_grad": [[0.0, 0.0, 0.0], [0.0, 0.0, 0.0], [0.0, 0.0, 0.0], [0.0, 0.0, 0.0], [0.0, 0.0, 0.0], [0.0, 0.0, 0.0], [0.0, 0.0, 0.0], [0.0, 0.0, 0.0], [0.0, 0.0, 0.0], [0.0, 0.0, 0.0], [0.0, 0.0, 0.0], [0.0, 0.0, 0.0], [0.0, 0.0, 0.0], [0.0, 0.0, 0.0], [0.0, 0.0, 0.0], [0.0, 0.0, 0.0]], "action_params_change": 0, "value_params_change": 0.48957892161875716}
{"iterations": 1, "type_itr": 0, "sub_iteration": 5, "sub_it_time": 0.10161566734313965, "total_time": 0.6559875011444092, "value_loss": 1.8998130249187934, "action_loss": -0.7902441713908845, "action_probs": [[0.41960649428779195, 0.1341556904789857, 0.3381312238709757, 0.10810659136224672], [0.0346211338405389, 0.0006936569507216621, 0.9457367577063277, 0.018948451502411895], [0.12882724211109658, 0.007512340523261954, 0.8160725413699129, 0.04758787599572855], [0.3771044181945104, 0.5012699324523391, 0.052216426519140935, 0.06940922283400956], [0.7059021635272974, 0.040607965527319406, 0.23970076408636354, 0.0137891068590198], [0.10484290879514332, 0.7396261781867992, 0.019309544398664603, 0.13622136861939296], [0.571547832045708, 0.3903826803144304, 0.02261965167761251, 0.015449835962248897], [0.016702867457102314, 0.3587656914376449, 0.027782528354120657, 0.5967489127511322], [0.48339011349285244, 0.5082312155830396, 0.004084388435551542, 0.004294282488556448], [0.025379432449088156, 6.17325132364943e-05, 0.9721940861642335, 0.0023647488734418612], [0.8707956883017518, 0.05869037245140906, 0.0660614901653978, 0.004452449081441431], [0.02878321160120149, 0.15410114701932648, 0.1286015522917272, 0.6885140890877449], [0.7446298874995867, 0.07065091827408737, 0.16871172710270735, 0.01600746712361868], [0.18492707603767988, 0.4810812300244937, 0.09273774338638369, 0.24125395055144278], [0.042703826738404796, 0.21335084676303742, 0.1240723783370486, 0.6198729481615091], [0.9446659154849717, 0.03305790979713265, 0.021522992934443735, 0.0007531817834518698]], "state_values": [-1.7813941727561753, -0.3620589314562523, 1.659187430928761, 4.973114774824673, 0.9965379177277472, -0.36254231454912195, 0.4037161209513851, -1.5686625940457184, -1.886928767702399, -0.9813832837244617, 1.8587211359234452, -0.5960974412360931, 3.055985744650154, 0.20878062481217466, 3.031435123632905, 3.350356676687663], "value_grad": [0.08054238528652036, -0.33288715248406553, -0.35922389934988663, -0.006216894457183875, -0.30500120175480605, 0.09666109658366473, 0.1295010126394618, -0.04855023580864204, -0.5308936389284005, -0.07329606662514543, 0.2800508169296225, -0.030973449615020243, 0.7782495261610489, -0.30717980953423485, -0.4073840956870727, -0.4210443494925953], "action_grad": [[0.0, 0.0, 0.0], [0.0, 0.0, 0.0], [0.0, 0.0, 0.0], [0.0, 0.0, 0.0], [0.0, 0.0, 0.0], [0.0, 0.0, 0.0], [0.0, 0.0, 0.0], [0.0, 0.0, 0.0], [0.0, 0.0, 0.0], [0.0, 0.0, 0.0], [0.0, 0.0, 0.0], [0.0, 0.0, 0.0], [0.0, 0.0, 0.0], [0.0, 0.0, 0.0], [0.0, 0.0, 0.0], [0.0, 0.0, 0.0]], "action_params_change": 0, "value_params_change": 0.49075675198268254}
{"iterations": 1, "type_itr": 0, "sub_iteration": 6, "sub_it_time": 0.10161161422729492, "total_time": 0.7718143463134766, "value_loss": 2.432685919228986, "action_loss": -0.40950925716094383, "action_probs": [[0.41960649428779195, 0.1341556904789857, 0.3381312238709757, 0.10810659136224672], [0.0346211338405389, 0.0006936569507216621, 0.9457367577063277, 0.018948451502411895], [0.12882724211109658, 0.007512340523261954, 0.8160725413699129, 0.04758787599572855], [0.3771044181945104, 0.5012699324523391, 0.052216426519140935, 0.06940922283400956], [0.7059021635272974, 0.040607965527319406, 0.23970076408636354, 0.0137891068590198], [0.10484290879514332, 0.7396261781867992, 0.019309544398664603, 0.13622136861939296], [0.571547832045708, 0.3903826803144304, 0.02261965167761251, 0.015449835962248897], [0.016702867457102314, 0.3587656914376449, 0.027782528354120657, 0.5967489127511322], [0.48339011349285244, 0.5082312155830396, 0.004084388435551542, 0.004294282488556448], [0.025379432449088156, 6.17325132364943e-05, 0.9721940861642335, 0.0023647488734418612], [0.8707956883017518, 0.05869037245140906, 0.0660614901653978, 0.004452449081441431], [0.02878321160120149, 0.15410114701932648, 0.1286015522917272, 0.6885140890877449], [0.7446298874995867, 0.07065091827408737, 0.16871172710270735, 0.01600746712361868], [0.18492707603767988, 0.4810812300244937, 0.09273774338638369, 0.24125395055144278], [0.042703826738404796, 0.21335084676303742, 0.1240723783370486, 0.6198729481615091], [0.9446659154849717, 0.03305790979713265, 0.021522992934443735, 0.0007531817834518698]], "state_values": [-1.8423087569981607, -1.5038468238679548, 0.629299998213535, 4.962385174315095, 1.5522617555099658, -1.1759045800912007, -0.4273718645460562, -1.960873756392621, -2.1215944607825765, -0.5392104853130548, 1.312100544258921, -1.4655246065603669, 2.480728125034185, 0.02113254894022357, 2.4381395353272315, 2.8281702376150735], "value_grad": [0.09863536257630612, -0.13903364377974192, -0.35356697547949567, -0.019019855293016086, -0.8752943644813, -0.2513666315962668, 0.04075547439425087, -0.0882630553692878, -0.8363838677691682, -0.05702391002695961, 0.45801212737120256, 0.03507179300143548, 0.8733498246070592, -0.49470271764718143, -0.4338484083187546, -0.5224452018086558], "action_grad": [[0.0, 0.0, 0.0], [0.0, 0.0, 0.0], [0.0, 0.0, 0.0], [0.0, 0.0, 0.0], [0.0, 0.0, 0.0], [0.0, 0.0, 0.0], [0.0, 0.0, 0.0], [0.0, 0.0, 0.0], [0.0, 0.0, 0.0], [0.0, 0.0, 0.0], [0.0, 0.0, 0.0], [0.0, 0.0, 0.0], [0.0, 0.0, 0.0], [0.0, 0.0, 0.0], [0.0, 0.0, 0.0], [0.0, 0.0, 0.0]], "action_params_change": 0, "value_params_change": 0.46604810458817925}
{"iterations": 1, "type_itr": 0, "sub_iteration": 7, "sub_it_time": 0.09739565849304199, "total_time": 0.8712599277496338, "value_loss": 2.642429765517008, "action_loss": -0.10702821357629658, "action_probs": [[0.41960649428779195, 0.1341556904789857, 0.3381312238709757, 0.10810659136224672], [0.0346211338405389, 0.0006936569507216621, 0.9457367577063277, 0.018948451502411895], [0.12882724211109658, 0.007512340523261954, 0.8160725413699129, 0.04758787599572855], [0.3771044181945104, 0.5012699324523391, 0.052216426519140935, 0.06940922283400956], [0.7059021635272974, 0.040607965527319406, 0.23970076408636354, 0.0137891068590198], [0.10484290879514332, 0.7396261781867992, 0.019309544398664603, 0.13622136861939296], [0.571547832045708, 0.3903826803144304, 0.02261965167761251, 0.015449835962248897], [0.016702867457102314, 0.3587656914376449, 0.027782528354120657, 0.5967489127511322], [0.48339011349285244, 0.5082312155830396, 0.004084388435551542, 0.004294282488556448], [0.025379432449088156, 6.17325132364943e-05, 0.9721940861642335, 0.0023647488734418612], [0.8707956883017518, 0.05869037245140906, 0.0660614901653978, 0.004452449081441431], [0.02878321160120149, 0.15410114701932648, 0.1286015522917272, 0.6885140890877449], [0.7446298874995867, 0.07065091827408737, 0.16871172710270735, 0.01600746712361868], [0.18492707603767988, 0.4810812300244937, 0.09273774338638369, 0.24125395055144278], [0.042703826738404796, 0.21335084676303742, 0.1240723783370486, 0.6198729481615091], [0.9446659154849717, 0.03305790979713265, 0.021522992934443735, 0.0007531817834518698]], "state_values": [-1.6782438857873183, -2.3712462770324576, -0.4602589660880735, 4.976965735056989, 1.7856689446658265, -1.670253644899473, -1.0090330115870922, -2.0652696389458374, -2.0719371255536734, -0.04750907193555252, 0.5509063868684135, -1.994777168213545, 1.7326798792466054, 0.13291552786321112, 1.6918069410830212, 2.1100760241850662], "value_grad": [0.10149106473012992, 0.09918889986778412, -0.2749267670660944, -0.022563012572483387, -1.1722945825434907, -0.446958376012883, -0.06097588001266718, -0.10688951592114604, -0.9798405756029669, -0.03176635284778451, 0.5064733403481871, 0.08303031919393966, 0.8556493090798711, -0.47996158787889787, -0.3934416428774452, -0.5918078000968205], "action_grad": [[0.0, 0.0, 0.0], [0.0, 0.0, 0.0], [0.0, 0.0, 0.0], [0.0, 0.0, 0.0], [0.0, 0.0, 0.0], [0.0, 0.0, 0.0], [0.0, 0.0, 0.0], [0.0, 0.0, 0.0], [0.0, 0.0, 0.0], [0.0, 0.0, 0.0], [0.0, 0.0, 0.0], [0.0, 0.0, 0.0], [0.0, 0.0, 0.0], [0.0, 0.0, 0.0], [0.0, 0.0, 0.0], [0.0, 0.0, 0.0]], "action_params_change": 0, "value_params_change": 0.43675393771695736}
{"iterations": 1, "type_itr": 0, "sub_iteration": 8, "sub_it_time": 0.10271835327148438, "total_time": 0.9836459159851074, "value_loss": 2.3850609866818884, "action_loss": 0.1051870658554047, "action_probs": [[0.41960649428779195, 0.1341556904789857, 0.3381312238709757, 0.10810659136224672], [0.0346211338405389, 0.0006936569507216621, 0.9457367577063277, 0.018948451502411895], [0.12882724211109658, 0.007512340523261954, 0.8160725413699129, 0.04758787599572855], [0.3771044181945104, 0.5012699324523391, 0.052216426519140935, 0.06940922283400956], [0.7059021635272974, 0.040607965527319406, 0.23970076408636354, 0.0137891068590198], [0.10484290879514332, 0.7396261781867992, 0.019309544398664603, 0.13622136861939296], [0.571547832045708, 0.3903826803144304, 0.02261965167761251, 0.015449835962248897], [0.016702867457102314, 0.3587656914376449, 0.027782528354120657, 0.5967489127511322], [0.48339011349285244, 0.5082312155830396, 0.004084388435551542, 0.004294282488556448], [0.025379432449088156, 6.17325132364943e-05, 0.9721940861642335, 0.0023647488734418612], [0.8707956883017518, 0.05869037245140906, 0.0660614901653978, 0.004452449081441431], [0.02878321160120149, 0.15410114701932648, 0.1286015522917272, 0.6885140890877449], [0.7446298874995867, 0.07065091827408737, 0.16871172710270735, 0.01600746712361868], [0.18492707603767988, 0.4810812300244937, 0.09273774338638369, 0.24125395055144278], [0.042703826738404796, 0.21335084676303742, 0.1240723783370486, 0.6198729481615091], [0.9446659154849717, 0.03305790979713265, 0.021522992934443735, 0.0007531817834518698]], "state_values": [-1.3500124608269517, -2.866090412327492, -1.4753106278375843, 4.995676972897716, 1.7695916991556502, -1.8929671209980474, -1.3404723219325536, -1.9502130672392846, -1.8076741788112916, 0.3985241098310762, -0.3306691079230895, -2.2176647374589944, 0.8629962632487369, 0.39434421704447875, 0.8532729078037402, 1.2293990903922987], "value_grad": [0.09368052367751911, 0.2891561324143659, -0.09725566843857214, -0.01758658083451481, -1.2599006990234318, -0.521209115645695, -0.08050414158485042, -0.11145625865281517, -1.0089342901003997, -0.0028151800245321823, 0.40441786478193853, 0.10839241623489526, 0.7034030835660032, -0.32129021936284463, -0.28155429514303254, -0.5903862462033054], "action_grad": [[0.0, 0.0, 0.0], [0.0, 0.0, 0.0], [0.0, 0.0, 0.0], [0.0, 0.0, 0.0], [0.0, 0.0, 0.0], [0.0, 0.0, 0.0], [0.0, 0.0, 0.0], [0.0, 0.0, 0.0], [0.0, 0.0, 0.0], [0.0, 0.0, 0.0], [0.0, 0.0, 0.0], [0.0, 0.0, 0.0], [0.0, 0.0, 0.0], [0.0, 0.0, 0.0], [0.0, 0.0, 0.0], [0.0, 0.0, 0.0]], "action_params_change": 0, "value_params_change": 0.4146764926731197}
{"iterations": 1, "type_itr": 0, "sub_iteration": 9, "sub_it_time": 0.10219049453735352, "total_time": 1.0929841995239258, "value_loss": 1.8989251911263592, "action_loss": 0.23953792037965313, "action_probs": [[0.41960649428779195, 0.1341556904789857, 0.3381312238709757, 0.10810659136224672], [0.0346211338405389, 0.0006936569507216621, 0.9457367577063277, 0.018948451502411895], [0.12882724211109658, 0.007512340523261954, 0.8160725413699129, 0.04758787599572855], [0.3771044181945104, 0.5012699324523391, 0.052216426519140935, 0.06940922283400956], [0.7059021635272974, 0.040607965527319406, 0.23970076408636354, 0.0137891068590198], [0.10484290879514332, 0.7396261781867992, 0.019309544398664603, 0.13622136861939296], [0.571547832045708, 0.3903826803144304, 0.02261965167761251, 0.015449835962248897], [0.016702867457102314, 0.3587656914376449, 0.027782528354120657, 0.5967489127511322], [0.48339011349285244, 0.5082312155830396, 0.004084388435551542, 0.004294282488556448], [0.025379432449088156, 6.17325132364943e-05, 0.9721940861642335, 0.0023647488734418612], [0.8707956883017518, 0.05869037245140906, 0.0660614901653978, 0.004452449081441431], [0.02878321160120149, 0.15410114701932648, 0.1286015522917272, 0.6885140890877449], [0.7446298874995867, 0.07065091827408737, 0.16871172710270735, 0.01600746712361868], [0.18492707603767988, 0.4810812300244937, 0.09273774338638369, 0.24125395055144278], [0.042703826738404796, 0.21335084676303742, 0.1240723783370486, 0.6198729481615091], [0.9446659154849717, 0.03305790979713265, 0.021522992934443735, 0.0007531817834518698]], "state_values": [-0.9093298632356811, -3.037565038658024, -2.2353115833028094, 4.998990836784805, 1.5682192153208454, -1.9079525541543656, -1.5661749896619481, -1.667749886247343, -1.381228985457904, 0.7172232743231062, -1.205282710064693, -2.2017173430211603, -0.047260327818938526, 0.6661957743863423, 0.01725893744542372, 0.24148857143395722], "value_grad": [0.07702824158397314, 0.4016796801942053, 0.12525440669999366, -0.007579871786852488, -1.206803774983682, -0.526083600419208, -0.033535397866548244, -0.10641310071505794, -0.9410190268744532, 0.023540729959448115, 0.17887716201361759, 0.11778180361112156, 0.42951177924763706, -0.07862967483425498, -0.12019806644902964, -0.4990803379632074], "action_grad": [[0.0, 0.0, 0.0], [0.0, 0.0, 0.0], [0.0, 0.0, 0.0], [0.0, 0.0, 0.0], [0.0, 0.0, 0.0], [0.0, 0.0, 0.0], [0.0, 0.0, 0.0], [0.0, 0.0, 0.0], [0.0, 0.0, 0.0], [0.0, 0.0, 0.0], [0.0, 0.0, 0.0], [0.0, 0.0, 0.0], [0.0, 0.0, 0.0], [0.0, 0.0, 0.0], [0.0, 0.0, 0.0], [0.0, 0.0, 0.0]], "action_params_change": 0, "value_params_change": 0.4002215214741929}
{"iterations": 1, "type_itr": 0, "sub_iteration": 10, "sub_it_time": 0.10578370094299316, "total_time": 1.2086577415466309, "value_loss": 1.4846642265136007, "action_loss": 0.3158960864178028, "action_probs": [[0.41960649428779195, 0.1341556904789857, 0.3381312238709757, 0.10810659136224672], [0.0346211338405389, 0.0006936569507216621, 0.9457367577063277, 0.018948451502411895], [0.12882724211109658, 0.007512340523261954, 0.8160725413699129, 0.04758787599572855], [0.3771044181945104, 0.5012699324523391, 0.052216426519140935, 0.06940922283400956], [0.7059021635272974, 0.040607965527319406, 0.23970076408636354, 0.0137891068590198], [0.10484290879514332, 0.7396261781867992, 0.019309544398664603, 0.13622136861939296], [0.571547832045708, 0.3903826803144304, 0.02261965167761251, 0.015449835962248897], [0.016702867457102314, 0.3587656914376449, 0.027782528354120657, 0.5967489127511322], [0.48339011349285244, 0.5082312155830396, 0.004084388435551542, 0.004294282488556448], [0.025379432449088156, 6.17325132364943e-05, 0.9721940861642335, 0.0023647488734418612], [0.8707956883017518, 0.05869037245140906, 0.0660614901653978, 0.004452449081441431], [0.02878321160120149, 0.15410114701932648, 0.1286015522917272, 0.6885140890877449], [0.7446298874995867, 0.07065091827408737, 0.16871172710270735, 0.01600746712361868], [0.18492707603767988, 0.4810812300244937, 0.09273774338638369, 0.24125395055144278], [0.042703826738404796, 0.21335084676303742, 0.1240723783370486, 0.6198729481615091], [0.9446659154849717, 0.03305790979713265, 0.021522992934443735, 0.0007531817834518698]], "state_values": [-0.40973608733516675, -2.959201895155541, -2.6576359951526913, 4.988150142097568, 1.2327405981713504, -1.7705105150121, -1.7558135170043572, -1.2602047288341025, -0.8418167124762403, 0.866322649554937, -1.9076748951463056, -2.000829858767206, -0.8877081625242204, 0.8148783649807761, -0.7070176697923518, -0.7690370524428836], "value_grad": [0.05298671893431384, 0.46993741296493674, 0.2925752389793044, 0.0036589168382235027, -1.0470615983098082, -0.4764724207355122, -0.005216221686123346, -0.09316839044582048, -0.7753443771918966, 0.04206190079193184, -0.08284714160339912, 0.1171398373872139, 0.08897921004965914, 0.1821814739671208, 0.04399492841502717, -0.3269343471088981], "action_grad": [[0.0, 0.0, 0.0], [0.0, 0.0, 0.0], [0.0, 0.0, 0.0], [0.0, 0.0, 0.0], [0.0, 0.0, 0.0], [0.0, 0.0, 0.0], [0.0, 0.0, 0.0], [0.0, 0.0, 0.0], [0.0, 0.0, 0.0], [0.0, 0.0, 0.0], [0.0, 0.0, 0.0], [0.0, 0.0, 0.0], [0.0, 0.0, 0.0], [0.0, 0.0, 0.0], [0.0, 0.0, 0.0], [0.0, 0.0, 0.0]], "action_params_change": 0, "value_params_change": 0.40547379913003434}
{"iterations": 1, "type_itr": 0, "sub_iteration": 11, "sub_it_time": 0.09848570823669434, "total_time": 1.322634220123291, "value_loss": 1.2667735261797801, "action_loss": 0.3446302595058442, "action_probs": [[0.41960649428779195, 0.1341556904789857, 0.3381312238709757, 0.10810659136224672], [0.0346211338405389, 0.0006936569507216621, 0.9457367577063277, 0.018948451502411895], [0.12882724211109658, 0.007512340523261954, 0.8160725413699129, 0.04758787599572855], [0.3771044181945104, 0.5012699324523391, 0.052216426519140935, 0.06940922283400956], [0.7059021635272974, 0.040607965527319406, 0.23970076408636354, 0.0137891068590198], [0.10484290879514332, 0.7396261781867992, 0.019309544398664603, 0.13622136861939296], [0.571547832045708, 0.3903826803144304, 0.02261965167761251, 0.015449835962248897], [0.016702867457102314, 0.3587656914376449, 0.027782528354120657, 0.5967489127511322], [0.48339011349285244, 0.5082312155830396, 0.004084388435551542, 0.004294282488556448], [0.025379432449088156, 6.17325132364943e-05, 0.9721940861642335, 0.0023647488734418612], [0.8707956883017518, 0.05869037245140906, 0.0660614901653978, 0.004452449081441431], [0.02878321160120149, 0.15410114701932648, 0.1286015522917272, 0.6885140890877449], [0.7446298874995867, 0.07065091827408737, 0.16871172710270735, 0.01600746712361868], [0.18492707603767988, 0.4810812300244937, 0.09273774338638369, 0.24125395055144278], [0.042703826738404796, 0.21335084676303742, 0.1240723783370486, 0.6198729481615091], [0.9446659154849717, 0.03305790979713265, 0.021522992934443735, 0.0007531817834518698]], "state_values": [0.08941567097252204, -2.6747673371329954, -2.7877669714569895, 4.9796362996980195, 0.8108771888866667, -1.5288807955425223, -1.8547075533675357, -0.7706553343483038, -0.24706860053820578, 0.8472558138021702, -2.3303219318634607, -1.654644385745834, -1.5522931884472924, 0.7568688645607464, -1.2489652006499767, -1.6940522566251413], "value_grad": [0.02419860386259609, 0.5182321347944074, 0.3785095769454474, 0.01257540677971214, -0.7993710659283249, -0.37996725838754863, -0.03741907762611851, -0.07226674837326397, -0.5199744596465514, 0.050560359868344396, -0.2875859284475655, 0.10865874891049465, -0.2351113153070281, 0.391160429319549, 0.16095855654848967, -0.10968014010124527], "action_grad": [[0.0, 0.0, 0.0], [0.0, 0.0, 0.0], [0.0, 0.0, 0.0], [0.0, 0.0, 0.0], [0.0, 0.0, 0.0], [0.0, 0.0, 0.0], [0.0, 0.0, 0.0], [0.0, 0.0, 0.0], [0.0, 0.0, 0.0], [0.0, 0.0, 0.0], [0.0, 0.0, 0.0], [0.0, 0.0, 0.0], [0.0, 0.0, 0.0], [0.0, 0.0, 0.0], [0.0, 0.0, 0.0], [0.0, 0.0, 0.0]], "action_params_change": 0, "value_params_change": 0.38246378602966224}
{"iterations": 1, "type_itr": 0, "sub_iteration": 12, "sub_it_time": 0.10190725326538086, "total_time": 1.427438735961914, "value_loss": 1.2148984876055566, "action_loss": 0.3277100974897825, "action_probs": [[0.41960649428779195, 0.1341556904789857, 0.3381312238709757, 0.10810659136224672], [0.0346211338405389, 0.0006936569507216621, 0.9457367577063277, 0.018948451502411895], [0.12882724211109658, 0.007512340523261954, 0.8160725413699129, 0.04758787599572855], [0.3771044181945104, 0.5012699324523391, 0.052216426519140935, 0.06940922283400956], [0.7059021635272974, 0.040607965527319406, 0.23970076408636354, 0.0137891068590198], [0.10484290879514332, 0.7396261781867992, 0.019309544398664603, 0.13622136861939296], [0.571547832045708, 0.3903826803144304, 0.02261965167761251, 0.015449835962248897], [0.016702867457102314, 0.3587656914376449, 0.027782528354120657, 0.5967489127511322], [0.48339011349285244, 0.5082312155830396, 0.004084388435551542, 0.004294282488556448], [0.025379432449088156, 6.17325132364943e-05, 0.9721940861642335, 0.0023647488734418612], [0.8707956883017518, 0.05869037245140906, 0.0660614901653978, 0.004452449081441431], [0.02878321160120149, 0.15410114701932648, 0.1286015522917272, 0.6885140890877449], [0.7446298874995867, 0.07065091827408737, 0.16871172710270735, 0.01600746712361868], [0.18492707603767988, 0.4810812300244937, 0.09273774338638369, 0.24125395055144278], [0.042703826738404796, 0.21335084676303742, 0.1240723783370486, 0.6198729481615091], [0.9446659154849717, 0.03305790979713265, 0.021522992934443735, 0.0007531817834518698]], "state_values": [0.528316178989583, -2.2082701975107386, -2.6875074845740405, 4.98349591472557, 0.3535260183906358, -1.2280939027758218, -1.7637502401129577, -0.2488063777026416, 0.3341005945436009, 0.6886549217478916, -2.4749469846041072, -1.1992905924108574, -1.987983511244783, 0.4861765036624355, -1.6035581796571476, -2.4353519601878015], "value_grad": [-0.005297773846174136, 0.5442592189260018, 0.42125511517828484, 0.01652364467769596, -0.488650287292548, -0.2567538662009321, -0.10094572923366818, -0.04512201891930756, -0.2059078854077152, 0.04948088073772605, -0.40804844717431177, 0.0925267842299049, -0.4759405702351567, 0.5024702223473398, 0.20991341523618323, 0.10213111932891783], "action_grad": [[0.0, 0.0, 0.0], [0.0, 0.0, 0.0], [0.0, 0.0, 0.0], [0.0, 0.0, 0.0], [0.0, 0.0, 0.0], [0.0, 0.0, 0.0], [0.0, 0.0, 0.0], [0.0, 0.0, 0.0], [0.0, 0.0, 0.0], [0.0, 0.0, 0.0], [0.0, 0.0, 0.0], [0.0, 0.0, 0.0], [0.0, 0.0, 0.0], [0.0, 0.0, 0.0], [0.0, 0.0, 0.0], [0.0, 0.0, 0.0]], "action_params_change": 0, "value_params_change": 0.3261598432069035}
{"iterations": 1, "type_itr": 0, "sub_iteration": 13, "sub_it_time": 0.10003185272216797, "total_time": 1.5346620082855225, "value_loss": 1.2526637659620805, "action_loss": 0.26741073729706244, "action_probs": [[0.41960649428779195, 0.1341556904789857, 0.3381312238709757, 0.10810659136224672], [0.0346211338405389, 0.0006936569507216621, 0.9457367577063277, 0.018948451502411895], [0.12882724211109658, 0.007512340523261954, 0.8160725413699129, 0.04758787599572855], [0.3771044181945104, 0.5012699324523391, 0.052216426519140935, 0.06940922283400956], [0.7059021635272974, 0.040607965527319406, 0.23970076408636354, 0.0137891068590198], [0.10484290879514332, 0.7396261781867992, 0.019309544398664603, 0.13622136861939296], [0.571547832045708, 0.3903826803144304, 0.02261965167761251, 0.015449835962248897], [0.016702867457102314, 0.3587656914376449, 0.027782528354120657, 0.5967489127511322], [0.48339011349285244, 0.5082312155830396, 0.004084388435551542, 0.004294282488556448], [0.025379432449088156, 6.17325132364943e-05, 0.9721940861642335, 0.0023647488734418612], [0.8707956883017518, 0.05869037245140906, 0.0660614901653978, 0.004452449081441431], [0.02878321160120149, 0.15410114701932648, 0.1286015522917272, 0.6885140890877449], [0.7446298874995867, 0.07065091827408737, 0.16871172710270735, 0.01600746712361868], [0.18492707603767988, 0.4810812300244937, 0.09273774338638369, 0.24125395055144278], [0.042703826738404796, 0.21335084676303742, 0.1240723783370486, 0.6198729481615091], [0.9446659154849717, 0.03305790979713265, 0.021522992934443735, 0.0007531817834518698]], "state_values": [0.8590229434885426, -1.5833088458993347, -2.3914549707204924, 4.994064685343529, -0.08578617677533285, -0.9084236286818259, -1.4574312604447326, 0.250125762101742, 0.8306296980585846, 0.43242241560462497, -2.3836219445222095, -0.6760678980051771, -2.200574084342342, 0.04433694243020703, -1.8055568611037474, -2.947451187740818], "value_grad": [-0.031131863569274776, 0.5288758133073135, 0.454323505868214, 0.014859865210912204, -0.154343261918096, -0.1376770408260355, -0.14162008494895062, -0.014725578879849488, 0.11769039776539514, 0.040419605476262666, -0.47417995048567585, 0.06899331049422552, -0.6162617787956617, 0.5058945865732185, 0.20365865534830419, 0.2687692324902924], "action_grad": [[0.0, 0.0, 0.0], [0.0, 0.0, 0.0], [0.0, 0.0, 0.0], [0.0, 0.0, 0.0], [0.0, 0.0, 0.0], [0.0, 0.0, 0.0], [0.0, 0.0, 0.0], [0.0, 0.0, 0.0], [0.0, 0.0, 0.0], [0.0, 0.0, 0.0], [0.0, 0.0, 0.0], [0.0, 0.0, 0.0], [0.0, 0.0, 0.0], [0.0, 0.0, 0.0], [0.0, 0.0, 0.0], [0.0, 0.0, 0.0]], "action_params_change": 0, "value_params_change": 0.27046671387593824}
