{"iterations": 0, "type_itr": 0, "sub_iteration": 0, "sub_it_time": 0, "total_time": 0, "value_loss": 0, "action_loss": 0, "action_probs": [[0.01405822104764664, 8.875487360947268e-05, 0.9796680089181429, 0.006185015160600928], [0.03149540887899024, 0.0240633603902459, 0.5353891584584255, 0.40905207227233836], [0.9014468565327393, 0.009710401334403153, 0.0878959256812405, 0.0009468164516171009], [0.7873194519759221, 0.07200582779676243, 0.1288871004301585, 0.011787619797156791], [0.14586421296623128, 0.505667083856222, 0.07801484499708905, 0.2704538581804577], [0.07984282865033757, 0.11994571905442805, 0.31979383505034686, 0.4804176172448875], [0.07659575551402961, 0.024777353330604254, 0.6789868283388694, 0.2196400628164969], [0.05709456514961555, 0.893547366750508, 0.0029643942058760653, 0.046393673894000356], [0.5907592718032405, 0.12875787816156914, 0.23029033324388512, 0.05019251679130508], [0.2505211901600306, 0.6999071264363163, 0.013066484770774876, 0.03650519863287806], [0.28377517699052973, 0.4143754510640113, 0.12269180246531426, 0.17915756948014464], [0.967478032911135, 0.003600571894705096, 0.028814160247188275, 0.00010723494697174625], [0.6809572445155826, 0.006575577649149036, 0.3094787355028761, 0.0029884423323923537], [0.21860583924162308, 0.03136450376533354, 0.6559212611013937, 0.09410839589164967], [0.8657506278732781, 0.0764763511908077, 0.053083843129906695, 0.004689177806007564], [0.010973234531950652, 0.9821081535454093, 7.644846854864746e-05, 0.0068421634540913965]], "state_values": [4.341721191831854, 1.083947434503948, 4.410555119688501, 0.9461387163035395, -1.876231653679879, -0.6327246531369929, 3.9392160368697033, 0.04350136247351557, 4.976920406455855, 2.629046087725968, -1.1989373215963757, 4.9999996006203125, 2.3177077144222826, 3.8429795473216024, -1.1177009340453496, 4.072515800837448], "value_grad": [0.0, 0.0, 0.0, 0.0, 0.0, 0.0, 0.0, 0.0, 0.0, 0.0, 0.0, 0.0, 0.0, 0.0, 0.0, 0.0], "action_grad": [[0.0, 0.0, 0.0], [0.0, 0.0, 0.0], [0.0, 0.0, 0.0], [0.0, 0.0, 0.0], [0.0, 0.0, 0.0], [0.0, 0.0, 0.0], [0.0, 0.0, 0.0], [0.0, 0.0, 0.0], [0.0, 0.0, 0.0], [0.0, 0.0, 0.0], [0.0, 0.0, 0.0], [0.0, 0.0, 0.0], [0.0, 0.0, 0.0], [0.0, 0.0, 0.0], [0.0, 0.0, 0.0], [0.0, 0.0, 0.0]], "action_params_change": 0, "value_params_change": 0}
{"iterations": 1, "type_itr": 0, "sub_iteration": 0, "sub_it_time": 0.2957587242126465, "total_time": 0.2971937656402588, "value_loss": 6.385104656219482, "action_loss": -1.8343312740325928, "action_probs": [[0.01405822104764664, 8.875487360947268e-05, 0.9796680089181429, 0.006185015160600928], [0.03149540887899024, 0.0240633603902459, 0.5353891584584255, 0.40905207227233836], [0.9014468565327393, 0.009710401334403153, 0.0878959256812405, 0.0009468164516171009], [0.7873194519759221, 0.07200582779676243, 0.1288871004301585, 0.011787619797156791], [0.14586421296623128, 0.505667083856222, 0.07801484499708905, 0.2704538581804577], [0.07984282865033757, 0.11994571905442805, 0.31979383505034686, 0.4804176172448875], [0.07659575551402961, 0.024777353330604254, 0.6789868283388694, 0.2196400628164969], [0.05709456514961555, 0.893547366750508, 0.0029643942058760653, 0.046393673894000356], [0.5907592718032405, 0.12875787816156914, 0.23029033324388512, 0.05019251679130508], [0.2505211901600306, 0.6999071264363163, 0.013066484770774876, 0.03650519863287806], [0.28377517699052973, 0.4143754510640113, 0.12269180246531426, 0.17915756948014464], [0.967478032911135, 0.003600571894705096, 0.028814160247188275, 0.00010723494697174625], [0.6809572445155826, 0.006575577649149036, 0.3094787355028761, 0.0029884423323923537], [0.21860583924162308, 0.03136450376533354, 0.6559212611013937, 0.09410839589164967], [0.8657506278732781, 0.0764763511908077, 0.053083843129906695, 0.004689177806007564], [0.010973234531950652, 0.9821081535454093, 7.644846854864746e-05, 0.0068421634540913965]], "state_values": [4.820262309552137, 2.257851488043344, 3.6907540400244225, 2.1313963856680567, -0.6712794347663826, 0.6140204486483888, 3.0549047246824608, -1.1948231810657588, 4.7034813589290465, 1.4951032964806075, 0.03926497646205387, 4.844067302008997, 3.341748311345387, 2.9321463674353607, 0.12276232610769602, 3.2282428489127395], "value_grad": [0.047519683837890625, -0.1085042953491211, 0.07048702239990234, -1.2648248672485352, 1.085832118988037, 0.7393321990966797, 0.8747634887695312, -0.015444278717041016, 0.32947206497192383, 0.2162156105041504, 1.6315202713012695, -0.6866641044616699, -0.2993764877319336, -0.12236404418945312, -1.1072158813476562, -0.6082553863525391], "action_grad": [[0.0, 0.0, 0.0], [0.0, 0.0, 0.0], [0.0, 0.0, 0.0], [0.0, 0.0, 0.0], [0.0, 0.0, 0.0], [0.0, 0.0, 0.0], [0.0, 0.0, 0.0], [0.0, 0.0, 0.0], [0.0, 0.0, 0.0], [0.0, 0.0, 0.0], [0.0, 0.0, 0.0], [0.0, 0.0, 0.0], [0.0, 0.0, 0.0], [0.0, 0.0, 0.0], [0.0, 0.0, 0.0], [0.0, 0.0, 0.0]], "action_params_change": 0, "value_params_change": 0.49999999693537367}
{"iterations": 1, "type_itr": 0, "sub_iteration": 1, "sub_it_time": 0.2837190628051758, "total_time": 0.5826640129089355, "value_loss": 3.0606842041015625, "action_loss": -1.916517734527588, "action_probs": [[0.01405822104764664, 8.875487360947268e-05, 0.9796680089181429, 0.006185015160600928], [0.03149540887899024, 0.0240633603902459, 0.5353891584584255, 0.40905207227233836], [0.9014468565327393, 0.009710401334403153, 0.0878959256812405, 0.0009468164516171009], [0.7873194519759221, 0.07200582779676243, 0.1288871004301585, 0.011787619797156791], [0.14586421296623128, 0.505667083856222, 0.07801484499708905, 0.2704538581804577], [0.07984282865033757, 0.11994571905442805, 0.31979383505034686, 0.4804176172448875], [0.07659575551402961, 0.024777353330604254, 0.6789868283388694, 0.2196400628164969], [0.05709456514961555, 0.893547366750508, 0.0029643942058760653, 0.046393673894000356], [0.5907592718032405, 0.12875787816156914, 0.23029033324388512, 0.05019251679130508], [0.2505211901600306, 0.6999071264363163, 0.013066484770774876, 0.03650519863287806], [0.28377517699052973, 0.4143754510640113, 0.12269180246531426, 0.17915756948014464], [0.967478032911135, 0.003600571894705096, 0.028814160247188275, 0.00010723494697174625], [0.6809572445155826, 0.006575577649149036, 0.3094787355028761, 0.0029884423323923537], [0.21860583924162308, 0.03136450376533354, 0.6559212611013937, 0.09410839589164967], [0.8657506278732781, 0.0764763511908077, 0.053083843129906695, 0.004689177806007564], [0.010973234531950652, 0.9821081535454093, 7.644846854864746e-05, 0.0068421634540913965]], "state_values": [4.992875006101512, 2.070556672071866, 2.7962371987978036, 2.8394900515111936, 0.5770902042785325, 1.1148871233316313, 1.9801200118947249, -0.8437282531604489, 4.1609160199018795, 1.1553110542441858, 1.2611573929097972, 4.393050627754842, 3.220991655123301, 1.8615193882596062, 1.2497705760075757, 2.224426873372281], "value_grad": [0.23482823371887207, 0.13662028312683105, 0.1651320457458496, 0.026531696319580078, 1.2125518321990967, -0.2403721809387207, 0.892188310623169, 0.025343656539916992, 0.21265196800231934, -0.10375213623046875, 1.3119480609893799, -0.5615279674530029, 0.3484797477722168, -0.08989214897155762, -0.48470401763916016, -0.3821403980255127], "action_grad": [[0.0, 0.0, 0.0], [0.0, 0.0, 0.0], [0.0, 0.0, 0.0], [0.0, 0.0, 0.0], [0.0, 0.0, 0.0], [0.0, 0.0, 0.0], [0.0, 0.0, 0.0], [0.0, 0.0, 0.0], [0.0, 0.0, 0.0], [0.0, 0.0, 0.0], [0.0, 0.0, 0.0], [0.0, 0.0, 0.0], [0.0, 0.0, 0.0], [0.0, 0.0, 0.0], [0.0, 0.0, 0.0], [0.0, 0.0, 0.0]], "action_params_change": 0, "value_params_change": 0.5006767114557764}
{"iterations": 1, "type_itr": 0, "sub_iteration": 2, "sub_it_time": 0.2893996238708496, "total_time": 0.8737759590148926, "value_loss": 1.5368759632110596, "action_loss": -1.9104689359664917, "action_probs": [[0.01405822104764664, 8.875487360947268e-05, 0.9796680089181429, 0.006185015160600928], [0.03149540887899024, 0.0240633603902459, 0.5353891584584255, 0.40905207227233836], [0.9014468565327393, 0.009710401334403153, 0.0878959256812405, 0.0009468164516171009], [0.7873194519759221, 0.07200582779676243, 0.1288871004301585, 0.011787619797156791], [0.14586421296623128, 0.505667083856222, 0.07801484499708905, 0.2704538581804577], [0.07984282865033757, 0.11994571905442805, 0.31979383505034686, 0.4804176172448875], [0.07659575551402961, 0.024777353330604254, 0.6789868283388694, 0.2196400628164969], [0.05709456514961555, 0.893547366750508, 0.0029643942058760653, 0.046393673894000356], [0.5907592718032405, 0.12875787816156914, 0.23029033324388512, 0.05019251679130508], [0.2505211901600306, 0.6999071264363163, 0.013066484770774876, 0.03650519863287806], [0.28377517699052973, 0.4143754510640113, 0.12269180246531426, 0.17915756948014464], [0.967478032911135, 0.003600571894705096, 0.028814160247188275, 0.00010723494697174625], [0.6809572445155826, 0.006575577649149036, 0.3094787355028761, 0.0029884423323923537], [0.21860583924162308, 0.03136450376533354, 0.6559212611013937, 0.09410839589164967], [0.8657506278732781, 0.0764763511908077, 0.053083843129906695, 0.004689177806007564], [0.010973234531950652, 0.9821081535454093, 7.644846854864746e-05, 0.0068421634540913965]], "state_values": [4.951127689736509, 2.249826999546444, 2.4623207829157647, 3.4378121631718854, 1.6137840831651369, 1.7864500269551762, 1.0588564841200285, -1.5971317373801681, 3.4923237376503287, 1.5731980420939338, 2.2077006696929065, 3.7705373864596066, 2.8392242172720428, 0.8647951811559738, 2.132807962212353, 1.0990757967236373], "value_grad": [0.045143842697143555, -0.0831601619720459, -0.1037520170211792, -0.2415599822998047, 0.21740424633026123, 0.3769921064376831, 0.003564000129699707, -0.43560004234313965, 1.2002758979797363, -0.2839318513870239, 0.15523195266723633, -0.17542791366577148, 0.2407679557800293, -0.5025240182876587, -0.09306013584136963, -0.382932186126709], "action_grad": [[0.0, 0.0, 0.0], [0.0, 0.0, 0.0], [0.0, 0.0, 0.0], [0.0, 0.0, 0.0], [0.0, 0.0, 0.0], [0.0, 0.0, 0.0], [0.0, 0.0, 0.0], [0.0, 0.0, 0.0], [0.0, 0.0, 0.0], [0.0, 0.0, 0.0], [0.0, 0.0, 0.0], [0.0, 0.0, 0.0], [0.0, 0.0, 0.0], [0.0, 0.0, 0.0], [0.0, 0.0, 0.0], [0.0, 0.0, 0.0]], "action_params_change": 0, "value_params_change": 0.4788425525261175}
{"iterations": 1, "type_itr": 0, "sub_iteration": 3, "sub_it_time": 0.28233933448791504, "total_time": 1.1578104496002197, "value_loss": 0.7931879162788391, "action_loss": -1.8972842693328857, "action_probs": [[0.01405822104764664, 8.875487360947268e-05, 0.9796680089181429, 0.006185015160600928], [0.03149540887899024, 0.0240633603902459, 0.5353891584584255, 0.40905207227233836], [0.9014468565327393, 0.009710401334403153, 0.0878959256812405, 0.0009468164516171009], [0.7873194519759221, 0.07200582779676243, 0.1288871004301585, 0.011787619797156791], [0.14586421296623128, 0.505667083856222, 0.07801484499708905, 0.2704538581804577], [0.07984282865033757, 0.11994571905442805, 0.31979383505034686, 0.4804176172448875], [0.07659575551402961, 0.024777353330604254, 0.6789868283388694, 0.2196400628164969], [0.05709456514961555, 0.893547366750508, 0.0029643942058760653, 0.046393673894000356], [0.5907592718032405, 0.12875787816156914, 0.23029033324388512, 0.05019251679130508], [0.2505211901600306, 0.6999071264363163, 0.013066484770774876, 0.03650519863287806], [0.28377517699052973, 0.4143754510640113, 0.12269180246531426, 0.17915756948014464], [0.967478032911135, 0.003600571894705096, 0.028814160247188275, 0.00010723494697174625], [0.6809572445155826, 0.006575577649149036, 0.3094787355028761, 0.0029884423323923537], [0.21860583924162308, 0.03136450376533354, 0.6559212611013937, 0.09410839589164967], [0.8657506278732781, 0.0764763511908077, 0.053083843129906695, 0.004689177806007564], [0.010973234531950652, 0.9821081535454093, 7.644846854864746e-05, 0.0068421634540913965]], "state_values": [4.699314855199695, 2.8560139126586344, 2.0779836607259212, 3.962370779448221, 2.525184110626511, 2.4143026983009266, 0.23234586936560728, -2.419505742022093, 2.606897769060394, 2.0905145772732423, 2.7775609036117763, 3.0334266246278845, 2.287408146361198, -0.24911903752102346, 2.620764329039358, 0.37857800369233235], "value_grad": [0.36669600009918213, -0.32036399841308594, 0.032868027687072754, -0.30887991189956665, 0.3476877212524414, 0.15206396579742432, 0.07246792316436768, -0.22611606121063232, 0.97020024061203, -0.1160280704498291, -0.44866812229156494, -0.16592413187026978, 0.21700787544250488, -0.46054792404174805, 0.3255120515823364, 0.24512404203414917], "action_grad": [[0.0, 0.0, 0.0], [0.0, 0.0, 0.0], [0.0, 0.0, 0.0], [0.0, 0.0, 0.0], [0.0, 0.0, 0.0], [0.0, 0.0, 0.0], [0.0, 0.0, 0.0], [0.0, 0.0, 0.0], [0.0, 0.0, 0.0], [0.0, 0.0, 0.0], [0.0, 0.0, 0.0], [0.0, 0.0, 0.0], [0.0, 0.0, 0.0], [0.0, 0.0, 0.0], [0.0, 0.0, 0.0], [0.0, 0.0, 0.0]], "action_params_change": 0, "value_params_change": 0.44956627484309064}
{"iterations": 1, "type_itr": 0, "sub_iteration": 4, "sub_it_time": 0.2818126678466797, "total_time": 1.4412810802459717, "value_loss": 1.385208010673523, "action_loss": -1.8290249109268188, "action_probs": [[0.01405822104764664, 8.875487360947268e-05, 0.9796680089181429, 0.006185015160600928], [0.03149540887899024, 0.0240633603902459, 0.5353891584584255, 0.40905207227233836], [0.9014468565327393, 0.009710401334403153, 0.0878959256812405, 0.0009468164516171009], [0.7873194519759221, 0.07200582779676243, 0.1288871004301585, 0.011787619797156791], [0.14586421296623128, 0.505667083856222, 0.07801484499708905, 0.2704538581804577], [0.07984282865033757, 0.11994571905442805, 0.31979383505034686, 0.4804176172448875], [0.07659575551402961, 0.024777353330604254, 0.6789868283388694, 0.2196400628164969], [0.05709456514961555, 0.893547366750508, 0.0029643942058760653, 0.046393673894000356], [0.5907592718032405, 0.12875787816156914, 0.23029033324388512, 0.05019251679130508], [0.2505211901600306, 0.6999071264363163, 0.013066484770774876, 0.03650519863287806], [0.28377517699052973, 0.4143754510640113, 0.12269180246531426, 0.17915756948014464], [0.967478032911135, 0.003600571894705096, 0.028814160247188275, 0.00010723494697174625], [0.6809572445155826, 0.006575577649149036, 0.3094787355028761, 0.0029884423323923537], [0.21860583924162308, 0.03136450376533354, 0.6559212611013937, 0.09410839589164967], [0.8657506278732781, 0.0764763511908077, 0.053083843129906695, 0.004689177806007564], [0.010973234531950652, 0.9821081535454093, 7.644846854864746e-05, 0.0068421634540913965]], "state_values": [4.402799872834091, 3.50016109029485, 2.1986845859726136, 4.193908517572211, 3.3002145036115245, 2.601580880489282, -0.26740120503351683, -2.8784867652993293, 1.6093730052715371, 2.4634898549496342, 3.040973417428453, 2.383115510492677, 1.4979706791055158, -0.4362657178614439, 2.895553525113883, 0.5424769121383441], "value_grad": [-0.09068405628204346, -0.18493175506591797, -0.16433990001678467, 0.4609440565109253, 0.3061079978942871, -0.4407479763031006, -0.34253990650177, 0.14176785945892334, 0.4680720567703247, 0.028512120246887207, -0.6803280115127563, 0.10137605667114258, 0.4680722951889038, 0.696168065071106, 0.24512386322021484, 1.1032562255859375], "action_grad": [[0.0, 0.0, 0.0], [0.0, 0.0, 0.0], [0.0, 0.0, 0.0], [0.0, 0.0, 0.0], [0.0, 0.0, 0.0], [0.0, 0.0, 0.0], [0.0, 0.0, 0.0], [0.0, 0.0, 0.0], [0.0, 0.0, 0.0], [0.0, 0.0, 0.0], [0.0, 0.0, 0.0], [0.0, 0.0, 0.0], [0.0, 0.0, 0.0], [0.0, 0.0, 0.0], [0.0, 0.0, 0.0], [0.0, 0.0, 0.0]], "action_params_change": 0, "value_params_change": 0.44151608236198125}
{"iterations": 1, "type_itr": 0, "sub_iteration": 5, "sub_it_time": 0.2812478542327881, "total_time": 1.7242228984832764, "value_loss": 1.7542802095413208, "action_loss": -1.7794737815856934, "action_probs": [[0.01405822104764664, 8.875487360947268e-05, 0.9796680089181429, 0.006185015160600928], [0.03149540887899024, 0.0240633603902459, 0.5353891584584255, 0.40905207227233836], [0.9014468565327393, 0.009710401334403153, 0.0878959256812405, 0.0009468164516171009], [0.7873194519759221, 0.07200582779676243, 0.1288871004301585, 0.011787619797156791], [0.14586421296623128, 0.505667083856222, 0.07801484499708905, 0.2704538581804577], [0.07984282865033757, 0.11994571905442805, 0.31979383505034686, 0.4804176172448875], [0.07659575551402961, 0.024777353330604254, 0.6789868283388694, 0.2196400628164969], [0.05709456514961555, 0.893547366750508, 0.0029643942058760653, 0.046393673894000356], [0.5907592718032405, 0.12875787816156914, 0.23029033324388512, 0.05019251679130508], [0.2505211901600306, 0.6999071264363163, 0.013066484770774876, 0.03650519863287806], [0.28377517699052973, 0.4143754510640113, 0.12269180246531426, 0.17915756948014464], [0.967478032911135, 0.003600571894705096, 0.028814160247188275, 0.00010723494697174625], [0.6809572445155826, 0.006575577649149036, 0.3094787355028761, 0.0029884423323923537], [0.21860583924162308, 0.03136450376533354, 0.6559212611013937, 0.09410839589164967], [0.8657506278732781, 0.0764763511908077, 0.053083843129906695, 0.004689177806007564], [0.010973234531950652, 0.9821081535454093, 7.644846854864746e-05, 0.0068421634540913965]], "state_values": [3.996067804120233, 3.711877352477369, 2.6629742847572997, 4.447799449909241, 3.712418950052891, 2.6121373631715987, -0.22710267687315444, -3.1047745232854846, 0.7467934219503668, 2.9848801749901885, 3.232447638376093, 1.7776989100373704, 0.6324777748807232, -0.1524062024976224, 3.0981739446966436, 1.034282645733603], "value_grad": [0.10256421566009521, 0.23641204833984375, -0.25146007537841797, -0.38610005378723145, -0.5607359409332275, -0.26096391677856445, -0.9543600082397461, 0.13662004470825195, -0.14929234981536865, -0.2039402723312378, -0.11365199089050293, 0.002376079559326172, 0.20829594135284424, 0.7959600687026978, 0.05979585647583008, 1.0101959705352783], "action_grad": [[0.0, 0.0, 0.0], [0.0, 0.0, 0.0], [0.0, 0.0, 0.0], [0.0, 0.0, 0.0], [0.0, 0.0, 0.0], [0.0, 0.0, 0.0], [0.0, 0.0, 0.0], [0.0, 0.0, 0.0], [0.0, 0.0, 0.0], [0.0, 0.0, 0.0], [0.0, 0.0, 0.0], [0.0, 0.0, 0.0], [0.0, 0.0, 0.0], [0.0, 0.0, 0.0], [0.0, 0.0, 0.0], [0.0, 0.0, 0.0]], "action_params_change": 0, "value_params_change": 0.3555782860147132}
{"iterations": 1, "type_itr": 0, "sub_iteration": 6, "sub_it_time": 0.28158044815063477, "total_time": 2.007612943649292, "value_loss": 1.9332720041275024, "action_loss": -1.7677562236785889, "action_probs": [[0.01405822104764664, 8.875487360947268e-05, 0.9796680089181429, 0.006185015160600928], [0.03149540887899024, 0.0240633603902459, 0.5353891584584255, 0.40905207227233836], [0.9014468565327393, 0.009710401334403153, 0.0878959256812405, 0.0009468164516171009], [0.7873194519759221, 0.07200582779676243, 0.1288871004301585, 0.011787619797156791], [0.14586421296623128, 0.505667083856222, 0.07801484499708905, 0.2704538581804577], [0.07984282865033757, 0.11994571905442805, 0.31979383505034686, 0.4804176172448875], [0.07659575551402961, 0.024777353330604254, 0.6789868283388694, 0.2196400628164969], [0.05709456514961555, 0.893547366750508, 0.0029643942058760653, 0.046393673894000356], [0.5907592718032405, 0.12875787816156914, 0.23029033324388512, 0.05019251679130508], [0.2505211901600306, 0.6999071264363163, 0.013066484770774876, 0.03650519863287806], [0.28377517699052973, 0.4143754510640113, 0.12269180246531426, 0.17915756948014464], [0.967478032911135, 0.003600571894705096, 0.028814160247188275, 0.00010723494697174625], [0.6809572445155826, 0.006575577649149036, 0.3094787355028761, 0.0029884423323923537], [0.21860583924162308, 0.03136450376533354, 0.6559212611013937, 0.09410839589164967], [0.8657506278732781, 0.0764763511908077, 0.053083843129906695, 0.004689177806007564], [0.010973234531950652, 0.9821081535454093, 7.644846854864746e-05, 0.0068421634540913965]], "state_values": [3.394348180691728, 3.880150832049699, 3.0552936403833075, 4.614446522878184, 3.946554778405714, 2.469106258489222, 0.047394800511075044, -3.089835812927839, 0.2312671040421846, 3.0357948185424672, 3.2173780569392725, 1.13372899086522, 0.5231225317099212, 0.3897601739262082, 3.022845731966669, 1.4349401419478323], "value_grad": [0.6415199041366577, 0.0063359737396240234, -0.008315801620483398, 0.10494029521942139, -0.3777841329574585, -0.29422783851623535, -0.6652801036834717, 0.22334372997283936, -0.5940001010894775, 0.3227400779724121, -0.8379358053207397, -0.14572811126708984, -0.7444800138473511, 0.7761601209640503, 0.6625082492828369, -0.057816267013549805], "action_grad": [[0.0, 0.0, 0.0], [0.0, 0.0, 0.0], [0.0, 0.0, 0.0], [0.0, 0.0, 0.0], [0.0, 0.0, 0.0], [0.0, 0.0, 0.0], [0.0, 0.0, 0.0], [0.0, 0.0, 0.0], [0.0, 0.0, 0.0], [0.0, 0.0, 0.0], [0.0, 0.0, 0.0], [0.0, 0.0, 0.0], [0.0, 0.0, 0.0], [0.0, 0.0, 0.0], [0.0, 0.0, 0.0], [0.0, 0.0, 0.0]], "action_params_change": 0, "value_params_change": 0.35952710906110763}
{"iterations": 1, "type_itr": 0, "sub_iteration": 7, "sub_it_time": 0.28173112869262695, "total_time": 2.2909774780273438, "value_loss": 2.125728130340576, "action_loss": -1.7124818563461304, "action_probs": [[0.01405822104764664, 8.875487360947268e-05, 0.9796680089181429, 0.006185015160600928], [0.03149540887899024, 0.0240633603902459, 0.5353891584584255, 0.40905207227233836], [0.9014468565327393, 0.009710401334403153, 0.0878959256812405, 0.0009468164516171009], [0.7873194519759221, 0.07200582779676243, 0.1288871004301585, 0.011787619797156791], [0.14586421296623128, 0.505667083856222, 0.07801484499708905, 0.2704538581804577], [0.07984282865033757, 0.11994571905442805, 0.31979383505034686, 0.4804176172448875], [0.07659575551402961, 0.024777353330604254, 0.6789868283388694, 0.2196400628164969], [0.05709456514961555, 0.893547366750508, 0.0029643942058760653, 0.046393673894000356], [0.5907592718032405, 0.12875787816156914, 0.23029033324388512, 0.05019251679130508], [0.2505211901600306, 0.6999071264363163, 0.013066484770774876, 0.03650519863287806], [0.28377517699052973, 0.4143754510640113, 0.12269180246531426, 0.17915756948014464], [0.967478032911135, 0.003600571894705096, 0.028814160247188275, 0.00010723494697174625], [0.6809572445155826, 0.006575577649149036, 0.3094787355028761, 0.0029884423323923537], [0.21860583924162308, 0.03136450376533354, 0.6559212611013937, 0.09410839589164967], [0.8657506278732781, 0.0764763511908077, 0.053083843129906695, 0.004689177806007564], [0.010973234531950652, 0.9821081535454093, 7.644846854864746e-05, 0.0068421634540913965]], "state_values": [2.592356308510344, 3.8136121594827577, 3.2032222215196393, 4.69935725726942, 4.118221908791092, 2.319053250674604, 0.5820449912187602, -2.8806139217535294, 0.02685130284169406, 2.9335195990651624, 3.121529509325703, 0.5522587012788214, 0.14702071480149392, 0.9274790199210556, 2.8217676242455654, 1.8277093077961404], "value_grad": [0.6363723278045654, 0.26848816871643066, 0.13028395175933838, 0.26135969161987305, -0.08989191055297852, -0.041975975036621094, -1.1008801460266113, 0.24749970436096191, -0.677556037902832, 0.1667158603668213, -0.41975998878479004, 0.005543947219848633, 0.5662803649902344, 0.16196417808532715, 0.4023362398147583, 0.14572811126708984], "action_grad": [[0.0, 0.0, 0.0], [0.0, 0.0, 0.0], [0.0, 0.0, 0.0], [0.0, 0.0, 0.0], [0.0, 0.0, 0.0], [0.0, 0.0, 0.0], [0.0, 0.0, 0.0], [0.0, 0.0, 0.0], [0.0, 0.0, 0.0], [0.0, 0.0, 0.0], [0.0, 0.0, 0.0], [0.0, 0.0, 0.0], [0.0, 0.0, 0.0], [0.0, 0.0, 0.0], [0.0, 0.0, 0.0], [0.0, 0.0, 0.0]], "action_params_change": 0, "value_params_change": 0.40231978807092705}
{"iterations": 1, "type_itr": 0, "sub_iteration": 8, "sub_it_time": 0.28443312644958496, "total_time": 2.577070951461792, "value_loss": 1.5099478960037231, "action_loss": -1.6417232751846313, "action_probs": [[0.01405822104764664, 8.875487360947268e-05, 0.9796680089181429, 0.006185015160600928], [0.03149540887899024, 0.0240633603902459, 0.5353891584584255, 0.40905207227233836], [0.9014468565327393, 0.009710401334403153, 0.0878959256812405, 0.0009468164516171009], [0.7873194519759221, 0.07200582779676243, 0.1288871004301585, 0.011787619797156791], [0.14586421296623128, 0.505667083856222, 0.07801484499708905, 0.2704538581804577], [0.07984282865033757, 0.11994571905442805, 0.31979383505034686, 0.4804176172448875], [0.07659575551402961, 0.024777353330604254, 0.6789868283388694, 0.2196400628164969], [0.05709456514961555, 0.893547366750508, 0.0029643942058760653, 0.046393673894000356], [0.5907592718032405, 0.12875787816156914, 0.23029033324388512, 0.05019251679130508], [0.2505211901600306, 0.6999071264363163, 0.013066484770774876, 0.03650519863287806], [0.28377517699052973, 0.4143754510640113, 0.12269180246531426, 0.17915756948014464], [0.967478032911135, 0.003600571894705096, 0.028814160247188275, 0.00010723494697174625], [0.6809572445155826, 0.006575577649149036, 0.3094787355028761, 0.0029884423323923537], [0.21860583924162308, 0.03136450376533354, 0.6559212611013937, 0.09410839589164967], [0.8657506278732781, 0.0764763511908077, 0.053083843129906695, 0.004689177806007564], [0.010973234531950652, 0.9821081535454093, 7.644846854864746e-05, 0.0068421634540913965]], "state_values": [2.0324078306841655, 3.454643434662001, 3.4484891047344375, 4.757897236155118, 4.176968179896469, 2.3514117005886104, 1.1649663692998686, -2.562465212417691, 0.1864384484895269, 2.9073724633081808, 2.9669935284156423, 0.28455525653574265, -0.20732013818757486, 1.4476428477334637, 2.6042098298539367, 2.1499346042846628], "value_grad": [-0.36590397357940674, 0.6387478113174438, -0.11008787155151367, 0.06494390964508057, -0.4486680030822754, 0.3282841444015503, -0.43718421459198, 0.16433978080749512, -1.1381040811538696, -0.07523989677429199, -0.34570789337158203, 0.360359787940979, 0.03920388221740723, 0.13741207122802734, 0.09662401676177979, -0.04949986934661865], "action_grad": [[0.0, 0.0, 0.0], [0.0, 0.0, 0.0], [0.0, 0.0, 0.0], [0.0, 0.0, 0.0], [0.0, 0.0, 0.0], [0.0, 0.0, 0.0], [0.0, 0.0, 0.0], [0.0, 0.0, 0.0], [0.0, 0.0, 0.0], [0.0, 0.0, 0.0], [0.0, 0.0, 0.0], [0.0, 0.0, 0.0], [0.0, 0.0, 0.0], [0.0, 0.0, 0.0], [0.0, 0.0, 0.0], [0.0, 0.0, 0.0]], "action_params_change": 0, "value_params_change": 0.25292471818595885}
{"iterations": 1, "type_itr": 0, "sub_iteration": 9, "sub_it_time": 0.2821347713470459, "total_time": 2.8608646392822266, "value_loss": 1.6410239934921265, "action_loss": -1.6039984226226807, "action_probs": [[0.01405822104764664, 8.875487360947268e-05, 0.9796680089181429, 0.006185015160600928], [0.03149540887899024, 0.0240633603902459, 0.5353891584584255, 0.40905207227233836], [0.9014468565327393, 0.009710401334403153, 0.0878959256812405, 0.0009468164516171009], [0.7873194519759221, 0.07200582779676243, 0.1288871004301585, 0.011787619797156791], [0.14586421296623128, 0.505667083856222, 0.07801484499708905, 0.2704538581804577], [0.07984282865033757, 0.11994571905442805, 0.31979383505034686, 0.4804176172448875], [0.07659575551402961, 0.024777353330604254, 0.6789868283388694, 0.2196400628164969], [0.05709456514961555, 0.893547366750508, 0.0029643942058760653, 0.046393673894000356], [0.5907592718032405, 0.12875787816156914, 0.23029033324388512, 0.05019251679130508], [0.2505211901600306, 0.6999071264363163, 0.013066484770774876, 0.03650519863287806], [0.28377517699052973, 0.4143754510640113, 0.12269180246531426, 0.17915756948014464], [0.967478032911135, 0.003600571894705096, 0.028814160247188275, 0.00010723494697174625], [0.6809572445155826, 0.006575577649149036, 0.3094787355028761, 0.0029884423323923537], [0.21860583924162308, 0.03136450376533354, 0.6559212611013937, 0.09410839589164967], [0.8657506278732781, 0.0764763511908077, 0.053083843129906695, 0.004689177806007564], [0.010973234531950652, 0.9821081535454093, 7.644846854864746e-05, 0.0068421634540913965]], "state_values": [1.5545661435187283, 2.927415652022249, 3.20084589307905, 4.8468805606477146, 4.159424334859468, 2.574108966669051, 1.680199202558681, -2.1102341431127725, 0.5371684962918023, 3.0059105649636595, 2.7828073892935397, 0.1887467878997599, -0.40767496528282937, 1.6680163946502267, 2.491094276967208, 2.255729297847549], "value_grad": [-0.08949589729309082, 0.413424015045166, 0.584496259689331, -0.42372000217437744, -0.39322805404663086, 0.44352006912231445, -0.03167998790740967, 0.21384000778198242, -0.8549638986587524, -0.14691603183746338, -0.2114638090133667, 0.23324406147003174, -0.22294795513153076, -0.5690521001815796, -0.24195623397827148, -0.5409356355667114], "action_grad": [[0.0, 0.0, 0.0], [0.0, 0.0, 0.0], [0.0, 0.0, 0.0], [0.0, 0.0, 0.0], [0.0, 0.0, 0.0], [0.0, 0.0, 0.0], [0.0, 0.0, 0.0], [0.0, 0.0, 0.0], [0.0, 0.0, 0.0], [0.0, 0.0, 0.0], [0.0, 0.0, 0.0], [0.0, 0.0, 0.0], [0.0, 0.0, 0.0], [0.0, 0.0, 0.0], [0.0, 0.0, 0.0], [0.0, 0.0, 0.0]], "action_params_change": 0, "value_params_change": 0.2745940202261068}
{"iterations": 1, "type_itr": 0, "sub_iteration": 10, "sub_it_time": 0.2831878662109375, "total_time": 3.14577317237854, "value_loss": 1.5776640176773071, "action_loss": -1.618613839149475, "action_probs": [[0.01405822104764664, 8.875487360947268e-05, 0.9796680089181429, 0.006185015160600928], [0.03149540887899024, 0.0240633603902459, 0.5353891584584255, 0.40905207227233836], [0.9014468565327393, 0.009710401334403153, 0.0878959256812405, 0.0009468164516171009], [0.7873194519759221, 0.07200582779676243, 0.1288871004301585, 0.011787619797156791], [0.14586421296623128, 0.505667083856222, 0.07801484499708905, 0.2704538581804577], [0.07984282865033757, 0.11994571905442805, 0.31979383505034686, 0.4804176172448875], [0.07659575551402961, 0.024777353330604254, 0.6789868283388694, 0.2196400628164969], [0.05709456514961555, 0.893547366750508, 0.0029643942058760653, 0.046393673894000356], [0.5907592718032405, 0.12875787816156914, 0.23029033324388512, 0.05019251679130508], [0.2505211901600306, 0.6999071264363163, 0.013066484770774876, 0.03650519863287806], [0.28377517699052973, 0.4143754510640113, 0.12269180246531426, 0.17915756948014464], [0.967478032911135, 0.003600571894705096, 0.028814160247188275, 0.00010723494697174625], [0.6809572445155826, 0.006575577649149036, 0.3094787355028761, 0.0029884423323923537], [0.21860583924162308, 0.03136450376533354, 0.6559212611013937, 0.09410839589164967], [0.8657506278732781, 0.0764763511908077, 0.053083843129906695, 0.004689177806007564], [0.010973234531950652, 0.9821081535454093, 7.644846854864746e-05, 0.0068421634540913965]], "state_values": [1.1328236301513201, 2.200220174154874, 2.9566704826187706, 4.930650930813065, 4.067179951504678, 2.885733861926741, 2.253603725406338, -1.7037351206287028, 0.9476389327476977, 2.939387278672435, 2.5086883000055926, -0.13176786610282792, -0.5114428975114913, 1.9039178920833393, 2.5009704925439453, 2.173520567751161], "value_grad": [-0.03722381591796875, 0.651419997215271, 0.015048027038574219, -0.32511603832244873, -0.4407479763031006, 0.30571186542510986, -0.5769721269607544, -0.020987868309020996, -0.41738390922546387, 0.19324815273284912, -0.5262839794158936, -0.4494600296020508, -0.15206396579742432, 0.12078022956848145, -0.32511603832244873, -0.6062759160995483], "action_grad": [[0.0, 0.0, 0.0], [0.0, 0.0, 0.0], [0.0, 0.0, 0.0], [0.0, 0.0, 0.0], [0.0, 0.0, 0.0], [0.0, 0.0, 0.0], [0.0, 0.0, 0.0], [0.0, 0.0, 0.0], [0.0, 0.0, 0.0], [0.0, 0.0, 0.0], [0.0, 0.0, 0.0], [0.0, 0.0, 0.0], [0.0, 0.0, 0.0], [0.0, 0.0, 0.0], [0.0, 0.0, 0.0], [0.0, 0.0, 0.0]], "action_params_change": 0, "value_params_change": 0.33965634508177134}
{"iterations": 1, "type_itr": 0, "sub_iteration": 11, "sub_it_time": 0.27911877632141113, "total_time": 3.426748275756836, "value_loss": 0.9931679964065552, "action_loss": -1.5890752077102661, "action_probs": [[0.01405822104764664, 8.875487360947268e-05, 0.9796680089181429, 0.006185015160600928], [0.03149540887899024, 0.0240633603902459, 0.5353891584584255, 0.40905207227233836], [0.9014468565327393, 0.009710401334403153, 0.0878959256812405, 0.0009468164516171009], [0.7873194519759221, 0.07200582779676243, 0.1288871004301585, 0.011787619797156791], [0.14586421296623128, 0.505667083856222, 0.07801484499708905, 0.2704538581804577], [0.07984282865033757, 0.11994571905442805, 0.31979383505034686, 0.4804176172448875], [0.07659575551402961, 0.024777353330604254, 0.6789868283388694, 0.2196400628164969], [0.05709456514961555, 0.893547366750508, 0.0029643942058760653, 0.046393673894000356], [0.5907592718032405, 0.12875787816156914, 0.23029033324388512, 0.05019251679130508], [0.2505211901600306, 0.6999071264363163, 0.013066484770774876, 0.03650519863287806], [0.28377517699052973, 0.4143754510640113, 0.12269180246531426, 0.17915756948014464], [0.967478032911135, 0.003600571894705096, 0.028814160247188275, 0.00010723494697174625], [0.6809572445155826, 0.006575577649149036, 0.3094787355028761, 0.0029884423323923537], [0.21860583924162308, 0.03136450376533354, 0.6559212611013937, 0.09410839589164967], [0.8657506278732781, 0.0764763511908077, 0.053083843129906695, 0.004689177806007564], [0.010973234531950652, 0.9821081535454093, 7.644846854864746e-05, 0.0068421634540913965]], "state_values": [0.7025759114869555, 1.6116028654069645, 3.1625249593416553, 4.9846071000327985, 3.8208763160875927, 2.941918813191505, 2.75174717411378, -1.0680010463866922, 1.3429701368545044, 2.7370729497693147, 2.1933351202584355, -0.44676610807027034, -0.43622960093923013, 2.0643672651408567, 2.3951363518870115, 2.052396351653472], "value_grad": [0.08118009567260742, -0.21740388870239258, -0.7872480154037476, -0.20671194791793823, -0.9955440759658813, -0.5290558338165283, -0.0538557767868042, 0.45064806938171387, -0.1338481903076172, 0.18889200687408447, -0.28987205028533936, -0.05147993564605713, -0.352836012840271, -0.13780784606933594, 0.3461039066314697, -0.16354811191558838], "action_grad": [[0.0, 0.0, 0.0], [0.0, 0.0, 0.0], [0.0, 0.0, 0.0], [0.0, 0.0, 0.0], [0.0, 0.0, 0.0], [0.0, 0.0, 0.0], [0.0, 0.0, 0.0], [0.0, 0.0, 0.0], [0.0, 0.0, 0.0], [0.0, 0.0, 0.0], [0.0, 0.0, 0.0], [0.0, 0.0, 0.0], [0.0, 0.0, 0.0], [0.0, 0.0, 0.0], [0.0, 0.0, 0.0], [0.0, 0.0, 0.0]], "action_params_change": 0, "value_params_change": 0.26490522667280336}
{"iterations": 1, "type_itr": 0, "sub_iteration": 12, "sub_it_time": 0.28253602981567383, "total_time": 3.710977554321289, "value_loss": 1.0723679065704346, "action_loss": -1.5443778038024902, "action_probs": [[0.01405822104764664, 8.875487360947268e-05, 0.9796680089181429, 0.006185015160600928], [0.03149540887899024, 0.0240633603902459, 0.5353891584584255, 0.40905207227233836], [0.9014468565327393, 0.009710401334403153, 0.0878959256812405, 0.0009468164516171009], [0.7873194519759221, 0.07200582779676243, 0.1288871004301585, 0.011787619797156791], [0.14586421296623128, 0.505667083856222, 0.07801484499708905, 0.2704538581804577], [0.07984282865033757, 0.11994571905442805, 0.31979383505034686, 0.4804176172448875], [0.07659575551402961, 0.024777353330604254, 0.6789868283388694, 0.2196400628164969], [0.05709456514961555, 0.893547366750508, 0.0029643942058760653, 0.046393673894000356], [0.5907592718032405, 0.12875787816156914, 0.23029033324388512, 0.05019251679130508], [0.2505211901600306, 0.6999071264363163, 0.013066484770774876, 0.03650519863287806], [0.28377517699052973, 0.4143754510640113, 0.12269180246531426, 0.17915756948014464], [0.967478032911135, 0.003600571894705096, 0.028814160247188275, 0.00010723494697174625], [0.6809572445155826, 0.006575577649149036, 0.3094787355028761, 0.0029884423323923537], [0.21860583924162308, 0.03136450376533354, 0.6559212611013937, 0.09410839589164967], [0.8657506278732781, 0.0764763511908077, 0.053083843129906695, 0.004689177806007564], [0.010973234531950652, 0.9821081535454093, 7.644846854864746e-05, 0.0068421634540913965]], "state_values": [0.10883488443888475, 1.004399495665586, 3.539595088868192, 4.99962911187631, 3.5213888290154896, 2.7322694838554837, 3.204701870528403, -0.3993904628123162, 1.8143595866093774, 2.250630224467998, 1.8830618362615967, -0.6582094627799912, -0.1380257118645529, 2.1945827667413664, 2.402045234926152, 1.739480923103681], "value_grad": [0.45104408264160156, 0.11167192459106445, -0.6268680095672607, 0.16909193992614746, -0.3088799715042114, -0.7955641746520996, -0.17027997970581055, 0.11681997776031494, -0.5781600475311279, 0.5631119012832642, -0.0748441219329834, 0.13067996501922607, -0.5456879138946533, -0.03643190860748291, -0.3088799715042114, -0.7753679752349854], "action_grad": [[0.0, 0.0, 0.0], [0.0, 0.0, 0.0], [0.0, 0.0, 0.0], [0.0, 0.0, 0.0], [0.0, 0.0, 0.0], [0.0, 0.0, 0.0], [0.0, 0.0, 0.0], [0.0, 0.0, 0.0], [0.0, 0.0, 0.0], [0.0, 0.0, 0.0], [0.0, 0.0, 0.0], [0.0, 0.0, 0.0], [0.0, 0.0, 0.0], [0.0, 0.0, 0.0], [0.0, 0.0, 0.0], [0.0, 0.0, 0.0]], "action_params_change": 0, "value_params_change": 0.2705909283257433}
{"iterations": 1, "type_itr": 0, "sub_iteration": 13, "sub_it_time": 0.28285980224609375, "total_time": 3.9955403804779053, "value_loss": 1.1131560802459717, "action_loss": -1.504407286643982, "action_probs": [[0.01405822104764664, 8.875487360947268e-05, 0.9796680089181429, 0.006185015160600928], [0.03149540887899024, 0.0240633603902459, 0.5353891584584255, 0.40905207227233836], [0.9014468565327393, 0.009710401334403153, 0.0878959256812405, 0.0009468164516171009], [0.7873194519759221, 0.07200582779676243, 0.1288871004301585, 0.011787619797156791], [0.14586421296623128, 0.505667083856222, 0.07801484499708905, 0.2704538581804577], [0.07984282865033757, 0.11994571905442805, 0.31979383505034686, 0.4804176172448875], [0.07659575551402961, 0.024777353330604254, 0.6789868283388694, 0.2196400628164969], [0.05709456514961555, 0.893547366750508, 0.0029643942058760653, 0.046393673894000356], [0.5907592718032405, 0.12875787816156914, 0.23029033324388512, 0.05019251679130508], [0.2505211901600306, 0.6999071264363163, 0.013066484770774876, 0.03650519863287806], [0.28377517699052973, 0.4143754510640113, 0.12269180246531426, 0.17915756948014464], [0.967478032911135, 0.003600571894705096, 0.028814160247188275, 0.00010723494697174625], [0.6809572445155826, 0.006575577649149036, 0.3094787355028761, 0.0029884423323923537], [0.21860583924162308, 0.03136450376533354, 0.6559212611013937, 0.09410839589164967], [0.8657506278732781, 0.0764763511908077, 0.053083843129906695, 0.004689177806007564], [0.010973234531950652, 0.9821081535454093, 7.644846854864746e-05, 0.0068421634540913965]], "state_values": [-0.424428459444475, 0.31695185346133026, 3.889884244401719, 4.987500262239397, 3.0289077827238096, 2.51463249832017, 3.512420738848842, 0.315682587299977, 2.2942543511885347, 1.591968503336329, 1.6120806009156858, -0.9893771372354292, 0.3816714290554538, 2.2726747070080267, 2.348207810403866, 1.2732747095579235], "value_grad": [-0.00910794734954834, 0.27957606315612793, -0.13859987258911133, -0.32511603832244873, -1.3380839824676514, -0.06652820110321045, 0.3243241310119629, 0.16077613830566406, -0.3373919725418091, 0.39758408069610596, 0.07405221462249756, -0.2878919839859009, -0.7314120531082153, -0.11325585842132568, 0.18334829807281494, -0.7262639999389648], "action_grad": [[0.0, 0.0, 0.0], [0.0, 0.0, 0.0], [0.0, 0.0, 0.0], [0.0, 0.0, 0.0], [0.0, 0.0, 0.0], [0.0, 0.0, 0.0], [0.0, 0.0, 0.0], [0.0, 0.0, 0.0], [0.0, 0.0, 0.0], [0.0, 0.0, 0.0], [0.0, 0.0, 0.0], [0.0, 0.0, 0.0], [0.0, 0.0, 0.0], [0.0, 0.0, 0.0], [0.0, 0.0, 0.0], [0.0, 0.0, 0.0]], "action_params_change": 0, "value_params_change": 0.28628364019556773}
