{"iterations": 0, "type_itr": 0, "sub_iteration": 0, "sub_it_time": 0, "total_time": 0, "value_loss": 0, "action_loss": 0, "action_probs": [[0.30831398766036, 0.006517740193093643, 0.670983714520001, 0.014184557626545068], [0.08166529531520951, 0.3501079557745148, 0.10747401590682613, 0.46075273300344954], [0.8806862521776956, 0.025399072453713048, 0.09128209146141458, 0.0026325839071768904], [0.0013062280822952797, 0.9094356944987144, 0.0001280180525411147, 0.08913005936644934], [0.33032161051535036, 0.020610341543619914, 0.6109480817349678, 0.03811996620606192], [7.527005289864285e-05, 0.9825621730918412, 1.3299722924954997e-06, 0.01736122688296766], [0.6574057161693908, 0.03946656129074044, 0.2859604320226668, 0.017167290517202033], [0.33738599824835286, 0.33027210684857544, 0.16794149747548376, 0.16440039742758802], [0.3518488271074006, 0.0003377566578055072, 0.6471921452823066, 0.0006212709524872262], [0.32120769970144936, 0.592041299054028, 0.03051203953634068, 0.05623896170818189], [0.0014387294785026012, 0.3183790594173704, 0.0030598616832636575, 0.6771223494208635], [0.7929328465810984, 0.10351282790876999, 0.09159687914079201, 0.01195744636933952], [0.13388952122598743, 0.385239873661417, 0.12402213344929276, 0.3568484716633027], [0.12842898700431415, 0.0028201788117326308, 0.8500837997688584, 0.01866703441509483], [0.004094071377534261, 0.010967200335904178, 0.26773366371878704, 0.7172050645677746], [0.5706199305450073, 0.4292908845750952, 5.0895209056007565e-05, 3.828967084171023e-05]], "state_values": [4.900676804441007, 3.4581796930142352, -1.7176920208441144, -4.047466972217694, -4.969368814041804, 4.618243605046468, 4.068848420439143, 4.887577577418981, 3.517047434182601, -1.1932146648227466, -2.049030734230486, 0.6257110882917354, 2.399007237940196, -0.16328115809841226, 4.8835884864722985, 4.824262191100828], "value_grad": [0.0, 0.0, 0.0, 0.0, 0.0, 0.0, 0.0, 0.0, 0.0, 0.0, 0.0, 0.0, 0.0, 0.0, 0.0, 0.0], "action_grad": [[0.0, 0.0, 0.0], [0.0, 0.0, 0.0], [0.0, 0.0, 0.0], [0.0, 0.0, 0.0], [0.0, 0.0, 0.0], [0.0, 0.0, 0.0], [0.0, 0.0, 0.0], [0.0, 0.0, 0.0], [0.0, 0.0, 0.0], [0.0, 0.0, 0.0], [0.0, 0.0, 0.0], [0.0, 0.0, 0.0], [0.0, 0.0, 0.0], [0.0, 0.0, 0.0], [0.0, 0.0, 0.0], [0.0, 0.0, 0.0]], "action_params_change": 0, "value_params_change": 0}
{"iterations": 1, "type_itr": 0, "sub_iteration": 0, "sub_it_time": 0.3567030429840088, "total_time": 0.35820770263671875, "value_loss": 11.440381197075194, "action_loss": -1.103305755216135, "action_probs": [[0.30831398766036, 0.006517740193093643, 0.670983714520001, 0.014184557626545068], [0.08166529531520951, 0.3501079557745148, 0.10747401590682613, 0.46075273300344954], [0.8806862521776956, 0.025399072453713048, 0.09128209146141458, 0.0026325839071768904], [0.0013062280822952797, 0.9094356944987144, 0.0001280180525411147, 0.08913005936644934], [0.33032161051535036, 0.020610341543619914, 0.6109480817349678, 0.03811996620606192], [7.527005289864285e-05, 0.9825621730918412, 1.3299722924954997e-06, 0.01736122688296766], [0.6574057161693908, 0.03946656129074044, 0.2859604320226668, 0.017167290517202033], [0.33738599824835286, 0.33027210684857544, 0.16794149747548376, 0.16440039742758802], [0.3518488271074006, 0.0003377566578055072, 0.6471921452823066, 0.0006212709524872262], [0.32120769970144936, 0.592041299054028, 0.03051203953634068, 0.05623896170818189], [0.0014387294785026012, 0.3183790594173704, 0.0030598616832636575, 0.6771223494208635], [0.7929328465810984, 0.10351282790876999, 0.09159687914079201, 0.01195744636933952], [0.13388952122598743, 0.385239873661417, 0.12402213344929276, 0.3568484716633027], [0.12842898700431415, 0.0028201788117326308, 0.8500837997688584, 0.01866703441509483], [0.004094071377534261, 0.010967200335904178, 0.26773366371878704, 0.7172050645677746], [0.5706199305450073, 0.4292908845750952, 5.0895209056007565e-05, 3.828967084171023e-05]], "state_values": [4.502988851719958, 2.457240309855501, -0.5025600767283922, -3.1953508712031886, -4.678166228111676, 4.948749292236234, 3.22341735353296, 4.996476954627276, 2.528456024407591, 0.045158327480453904, -0.8569557292620662, -0.6210357799093195, 1.2390951170419626, 1.0781548348258303, 4.466393386742605, 4.349208362917918], "value_grad": [209.42142984610376, 0.3790195852429452, -0.7390651027866433, 0.4358785655797295, -0.3411550543644708, -208.96656632845352, -0.9286358695428376, -209.36457516398588, 210.00887204499236, 0.05685055380024373, 1.2886428930734706, 0.03790026224262988, -0.28425754812215587, 0.26530181618993964, 0.26532840367623756, 0.20846945887576318], "action_grad": [[0.0, 0.0, 0.0], [0.0, 0.0, 0.0], [0.0, 0.0, 0.0], [0.0, 0.0, 0.0], [0.0, 0.0, 0.0], [0.0, 0.0, 0.0], [0.0, 0.0, 0.0], [0.0, 0.0, 0.0], [0.0, 0.0, 0.0], [0.0, 0.0, 0.0], [0.0, 0.0, 0.0], [0.0, 0.0, 0.0], [0.0, 0.0, 0.0], [0.0, 0.0, 0.0], [0.0, 0.0, 0.0], [0.0, 0.0, 0.0]], "action_params_change": 0, "value_params_change": 0.4999999999761915}
{"iterations": 1, "type_itr": 0, "sub_iteration": 1, "sub_it_time": 0.35091161727905273, "total_time": 0.7108573913574219, "value_loss": 8.42591223082702, "action_loss": -1.1067524983752828, "action_probs": [[0.30831398766036, 0.006517740193093643, 0.670983714520001, 0.014184557626545068], [0.08166529531520951, 0.3501079557745148, 0.10747401590682613, 0.46075273300344954], [0.8806862521776956, 0.025399072453713048, 0.09128209146141458, 0.0026325839071768904], [0.0013062280822952797, 0.9094356944987144, 0.0001280180525411147, 0.08913005936644934], [0.33032161051535036, 0.020610341543619914, 0.6109480817349678, 0.03811996620606192], [7.527005289864285e-05, 0.9825621730918412, 1.3299722924954997e-06, 0.01736122688296766], [0.6574057161693908, 0.03946656129074044, 0.2859604320226668, 0.017167290517202033], [0.33738599824835286, 0.33027210684857544, 0.16794149747548376, 0.16440039742758802], [0.3518488271074006, 0.0003377566578055072, 0.6471921452823066, 0.0006212709524872262], [0.32120769970144936, 0.592041299054028, 0.03051203953634068, 0.05623896170818189], [0.0014387294785026012, 0.3183790594173704, 0.0030598616832636575, 0.6771223494208635], [0.7929328465810984, 0.10351282790876999, 0.09159687914079201, 0.01195744636933952], [0.13388952122598743, 0.385239873661417, 0.12402213344929276, 0.3568484716633027], [0.12842898700431415, 0.0028201788117326308, 0.8500837997688584, 0.01866703441509483], [0.004094071377534261, 0.010967200335904178, 0.26773366371878704, 0.7172050645677746], [0.5706199305450073, 0.4292908845750952, 5.0895209056007565e-05, 3.828967084171023e-05]], "state_values": [3.8256412342041712, 1.6539707219082442, 0.6552892247205794, -2.1434767281757794, -4.149434745792666, 4.971617452409399, 2.1963813159877486, 4.89524758771648, 1.7690695335969027, 0.8781531073320957, -1.748382889159041, -0.555220878631286, 0.5439436094751836, 1.5368567833371203, 3.7790741685390516, 3.6379859786472117], "value_grad": [206.5017748731184, 0.018965151313210526, -0.3603333113001401, 0.5120674295717098, -0.9673043283919274, -206.0655479477574, -0.7017247525334529, 0.0, 1.1568869783681217, -6.572520305780927e-14, -206.2172836085278, -0.03792974793077697, 0.03792990683849595, -0.0948245678078461, 0.39828612202831515, 0.4362163456365469], "action_grad": [[0.0, 0.0, 0.0], [0.0, 0.0, 0.0], [0.0, 0.0, 0.0], [0.0, 0.0, 0.0], [0.0, 0.0, 0.0], [0.0, 0.0, 0.0], [0.0, 0.0, 0.0], [0.0, 0.0, 0.0], [0.0, 0.0, 0.0], [0.0, 0.0, 0.0], [0.0, 0.0, 0.0], [0.0, 0.0, 0.0], [0.0, 0.0, 0.0], [0.0, 0.0, 0.0], [0.0, 0.0, 0.0], [0.0, 0.0, 0.0]], "action_params_change": 0, "value_params_change": 0.5004811102016538}
{"iterations": 1, "type_itr": 0, "sub_iteration": 2, "sub_it_time": 0.35065531730651855, "total_time": 1.063291311264038, "value_loss": 6.851499349043686, "action_loss": -1.0946881885327162, "action_probs": [[0.30831398766036, 0.006517740193093643, 0.670983714520001, 0.014184557626545068], [0.08166529531520951, 0.3501079557745148, 0.10747401590682613, 0.46075273300344954], [0.8806862521776956, 0.025399072453713048, 0.09128209146141458, 0.0026325839071768904], [0.0013062280822952797, 0.9094356944987144, 0.0001280180525411147, 0.08913005936644934], [0.33032161051535036, 0.020610341543619914, 0.6109480817349678, 0.03811996620606192], [7.527005289864285e-05, 0.9825621730918412, 1.3299722924954997e-06, 0.01736122688296766], [0.6574057161693908, 0.03946656129074044, 0.2859604320226668, 0.017167290517202033], [0.33738599824835286, 0.33027210684857544, 0.16794149747548376, 0.16440039742758802], [0.3518488271074006, 0.0003377566578055072, 0.6471921452823066, 0.0006212709524872262], [0.32120769970144936, 0.592041299054028, 0.03051203953634068, 0.05623896170818189], [0.0014387294785026012, 0.3183790594173704, 0.0030598616832636575, 0.6771223494208635], [0.7929328465810984, 0.10351282790876999, 0.09159687914079201, 0.01195744636933952], [0.13388952122598743, 0.385239873661417, 0.12402213344929276, 0.3568484716633027], [0.12842898700431415, 0.0028201788117326308, 0.8500837997688584, 0.01866703441509483], [0.004094071377534261, 0.010967200335904178, 0.26773366371878704, 0.7172050645677746], [0.5706199305450073, 0.4292908845750952, 5.0895209056007565e-05, 3.828967084171023e-05]], "state_values": [3.1361160954636205, 2.3821769030306004, 1.529405863645996, -0.9551232126096925, -3.3836287531963345, 4.776829403465287, 1.1071261206518668, 4.722726738298165, 1.8538601278849498, 0.771740660453359, -2.703271009369847, -0.05308642616388454, 0.4835143044102934, 1.3642968925691326, 4.250442084490685, 2.7036408388581052], "value_grad": [0.1517711192339144, -205.21194901207, 0.0, 0.5501617827089831, -1.328043124833667, -0.22766862962891388, -0.3983930760975083, -0.056915213637190654, -204.52897244912177, -0.056912723510117225, -204.43410825712746, -0.037941750719468814, 0.17073816582173773, -0.20868069110459952, -204.6428074971705, 0.5122299704976578], "action_grad": [[0.0, 0.0, 0.0], [0.0, 0.0, 0.0], [0.0, 0.0, 0.0], [0.0, 0.0, 0.0], [0.0, 0.0, 0.0], [0.0, 0.0, 0.0], [0.0, 0.0, 0.0], [0.0, 0.0, 0.0], [0.0, 0.0, 0.0], [0.0, 0.0, 0.0], [0.0, 0.0, 0.0], [0.0, 0.0, 0.0], [0.0, 0.0, 0.0], [0.0, 0.0, 0.0], [0.0, 0.0, 0.0], [0.0, 0.0, 0.0]], "action_params_change": 0, "value_params_change": 0.5016845876668219}
{"iterations": 1, "type_itr": 0, "sub_iteration": 3, "sub_it_time": 0.34863734245300293, "total_time": 1.4137463569641113, "value_loss": 6.149506897202065, "action_loss": 9.055385138137419, "action_probs": [[0.30831398766036, 0.006517740193093643, 0.670983714520001, 0.014184557626545068], [0.08166529531520951, 0.3501079557745148, 0.10747401590682613, 0.46075273300344954], [0.8806862521776956, 0.025399072453713048, 0.09128209146141458, 0.0026325839071768904], [0.0013062280822952797, 0.9094356944987144, 0.0001280180525411147, 0.08913005936644934], [0.33032161051535036, 0.020610341543619914, 0.6109480817349678, 0.03811996620606192], [7.527005289864285e-05, 0.9825621730918412, 1.3299722924954997e-06, 0.01736122688296766], [0.6574057161693908, 0.03946656129074044, 0.2859604320226668, 0.017167290517202033], [0.33738599824835286, 0.33027210684857544, 0.16794149747548376, 0.16440039742758802], [0.3518488271074006, 0.0003377566578055072, 0.6471921452823066, 0.0006212709524872262], [0.32120769970144936, 0.592041299054028, 0.03051203953634068, 0.05623896170818189], [0.0014387294785026012, 0.3183790594173704, 0.0030598616832636575, 0.6771223494208635], [0.7929328465810984, 0.10351282790876999, 0.09159687914079201, 0.01195744636933952], [0.13388952122598743, 0.385239873661417, 0.12402213344929276, 0.3568484716633027], [0.12842898700431415, 0.0028201788117326308, 0.8500837997688584, 0.01866703441509483], [0.004094071377534261, 0.010967200335904178, 0.26773366371878704, 0.7172050645677746], [0.5706199305450073, 0.4292908845750952, 5.0895209056007565e-05, 3.828967084171023e-05]], "state_values": [2.4827176885440343, 2.934542615823433, 1.9922589039685297, -0.2301860395626457, -2.8085432359078975, 4.483497785497731, 0.17944471151085756, 4.522137923051386, 1.9207301836629032, 0.3843759989271615, -3.392713666722802, 0.543636661501625, 0.7681117417293009, 0.9009718605395866, 4.556082741871028, 1.6085537291262317], "value_grad": [0.13281438113796717, -0.037946560947082375, 0.2466522515377294, 204.6238351407933, -204.88944251020493, -0.6071809139188415, 0.01897319289568422, -0.09486941265585092, 0.9296941628715354, -0.03794632717360802, 1.4419924603473806, -0.018973134277946002, 0.17075820326989266, -0.18973221419798936, 0.5312693459565248, 0.3604950371283282], "action_grad": [[0.0, 0.0, 0.0], [0.0, 0.0, 0.0], [0.0, 0.0, 0.0], [0.0, 0.0, 0.0], [0.0, 0.0, 0.0], [0.0, 0.0, 0.0], [0.0, 0.0, 0.0], [0.0, 0.0, 0.0], [0.0, 0.0, 0.0], [0.0, 0.0, 0.0], [0.0, 0.0, 0.0], [0.0, 0.0, 0.0], [0.0, 0.0, 0.0], [0.0, 0.0, 0.0], [0.0, 0.0, 0.0], [0.0, 0.0, 0.0]], "action_params_change": 0, "value_params_change": 0.4875335367772631}
{"iterations": 1, "type_itr": 0, "sub_iteration": 4, "sub_it_time": 0.3640596866607666, "total_time": 1.7795531749725342, "value_loss": -198.00000000000009, "action_loss": -1.1093374489555377, "action_probs": [[0.30831398766036, 0.006517740193093643, 0.670983714520001, 0.014184557626545068], [0.08166529531520951, 0.3501079557745148, 0.10747401590682613, 0.46075273300344954], [0.8806862521776956, 0.025399072453713048, 0.09128209146141458, 0.0026325839071768904], [0.0013062280822952797, 0.9094356944987144, 0.0001280180525411147, 0.08913005936644934], [0.33032161051535036, 0.020610341543619914, 0.6109480817349678, 0.03811996620606192], [7.527005289864285e-05, 0.9825621730918412, 1.3299722924954997e-06, 0.01736122688296766], [0.6574057161693908, 0.03946656129074044, 0.2859604320226668, 0.017167290517202033], [0.33738599824835286, 0.33027210684857544, 0.16794149747548376, 0.16440039742758802], [0.3518488271074006, 0.0003377566578055072, 0.6471921452823066, 0.0006212709524872262], [0.32120769970144936, 0.592041299054028, 0.03051203953634068, 0.05623896170818189], [0.0014387294785026012, 0.3183790594173704, 0.0030598616832636575, 0.6771223494208635], [0.7929328465810984, 0.10351282790876999, 0.09159687914079201, 0.01195744636933952], [0.13388952122598743, 0.385239873661417, 0.12402213344929276, 0.3568484716633027], [0.12842898700431415, 0.0028201788117326308, 0.8500837997688584, 0.01866703441509483], [0.004094071377534261, 0.010967200335904178, 0.26773366371878704, 0.7172050645677746], [0.5706199305450073, 0.4292908845750952, 5.0895209056007565e-05, 3.828967084171023e-05]], "state_values": [1.8810391170878833, 3.3623524361788215, 2.07606770779024, 0.38864360759163524, -2.2704589793167704, 4.146272126336016, -0.387939323375161, 4.312585216906113, 2.3187611096310663, -0.08010900428098512, -3.893575544705112, -0.13696203816832295, 1.1343399837611094, 1.5604841784984103, 4.754011974755959, 0.5459375066070313], "value_grad": [0.11384141643486245, 0.17076289480246398, 0.3984442925929219, 0.4933081862666553, -1.4609856513460802, -0.8538490644427927, 0.3604939366454376, -0.11384413800351645, -203.80796852918388, -0.018973367702558974, 1.4989508755507277, 204.3202692770016, 0.07589358630189302, 204.26334900030773, 0.531280271017752, 0.07589381763375869], "action_grad": [[0.0, 0.0, 0.0], [0.0, 0.0, 0.0], [0.0, 0.0, 0.0], [0.0, 0.0, 0.0], [0.0, 0.0, 0.0], [0.0, 0.0, 0.0], [0.0, 0.0, 0.0], [0.0, 0.0, 0.0], [0.0, 0.0, 0.0], [0.0, 0.0, 0.0], [0.0, 0.0, 0.0], [0.0, 0.0, 0.0], [0.0, 0.0, 0.0], [0.0, 0.0, 0.0], [0.0, 0.0, 0.0], [0.0, 0.0, 0.0]], "action_params_change": 0, "value_params_change": 0.43626021074861887}
{"iterations": 1, "type_itr": 0, "sub_iteration": 5, "sub_it_time": 0.35217881202697754, "total_time": 2.1334283351898193, "value_loss": 6.092585080208052, "action_loss": -1.0231242943641465, "action_probs": [[0.30831398766036, 0.006517740193093643, 0.670983714520001, 0.014184557626545068], [0.08166529531520951, 0.3501079557745148, 0.10747401590682613, 0.46075273300344954], [0.8806862521776956, 0.025399072453713048, 0.09128209146141458, 0.0026325839071768904], [0.0013062280822952797, 0.9094356944987144, 0.0001280180525411147, 0.08913005936644934], [0.33032161051535036, 0.020610341543619914, 0.6109480817349678, 0.03811996620606192], [7.527005289864285e-05, 0.9825621730918412, 1.3299722924954997e-06, 0.01736122688296766], [0.6574057161693908, 0.03946656129074044, 0.2859604320226668, 0.017167290517202033], [0.33738599824835286, 0.33027210684857544, 0.16794149747548376, 0.16440039742758802], [0.3518488271074006, 0.0003377566578055072, 0.6471921452823066, 0.0006212709524872262], [0.32120769970144936, 0.592041299054028, 0.03051203953634068, 0.05623896170818189], [0.0014387294785026012, 0.3183790594173704, 0.0030598616832636575, 0.6771223494208635], [0.7929328465810984, 0.10351282790876999, 0.09159687914079201, 0.01195744636933952], [0.13388952122598743, 0.385239873661417, 0.12402213344929276, 0.3568484716633027], [0.12842898700431415, 0.0028201788117326308, 0.8500837997688584, 0.01866703441509483], [0.004094071377534261, 0.010967200335904178, 0.26773366371878704, 0.7172050645677746], [0.5706199305450073, 0.4292908845750952, 5.0895209056007565e-05, 3.828967084171023e-05]], "state_values": [1.3348275294049992, 3.6977240660702853, 1.9003875048740575, 1.2156706689957553, -1.773842469190201, 3.7938869236602066, -0.5886499349405103, 4.103744566780739, 2.646186476954833, 0.5711075810693107, -4.3888403980039765, -0.7219773694546122, 1.560466850530715, 2.105426140525091, 4.87861628295658, -0.2906119449959327], "value_grad": [0.09486712724171742, 0.34152729694289974, 0.41741719065600336, 204.54794510817945, -1.366102543803449, -0.9676841642337024, 0.5312533236456956, -0.15179128355881488, 0.8727861336357678, 204.3202692770016, -203.3715333580287, 0.0, 0.07589335427254706, -0.24665451722543708, 0.4174357575536929, -0.11384003053665737], "action_grad": [[0.0, 0.0, 0.0], [0.0, 0.0, 0.0], [0.0, 0.0, 0.0], [0.0, 0.0, 0.0], [0.0, 0.0, 0.0], [0.0, 0.0, 0.0], [0.0, 0.0, 0.0], [0.0, 0.0, 0.0], [0.0, 0.0, 0.0], [0.0, 0.0, 0.0], [0.0, 0.0, 0.0], [0.0, 0.0, 0.0], [0.0, 0.0, 0.0], [0.0, 0.0, 0.0], [0.0, 0.0, 0.0], [0.0, 0.0, 0.0]], "action_params_change": 0, "value_params_change": 0.3571365011294656}
{"iterations": 1, "type_itr": 0, "sub_iteration": 6, "sub_it_time": 0.35863423347473145, "total_time": 2.493753671646118, "value_loss": 6.225401861030929, "action_loss": -1.0610701372700444, "action_probs": [[0.30831398766036, 0.006517740193093643, 0.670983714520001, 0.014184557626545068], [0.08166529531520951, 0.3501079557745148, 0.10747401590682613, 0.46075273300344954], [0.8806862521776956, 0.025399072453713048, 0.09128209146141458, 0.0026325839071768904], [0.0013062280822952797, 0.9094356944987144, 0.0001280180525411147, 0.08913005936644934], [0.33032161051535036, 0.020610341543619914, 0.6109480817349678, 0.03811996620606192], [7.527005289864285e-05, 0.9825621730918412, 1.3299722924954997e-06, 0.01736122688296766], [0.6574057161693908, 0.03946656129074044, 0.2859604320226668, 0.017167290517202033], [0.33738599824835286, 0.33027210684857544, 0.16794149747548376, 0.16440039742758802], [0.3518488271074006, 0.0003377566578055072, 0.6471921452823066, 0.0006212709524872262], [0.32120769970144936, 0.592041299054028, 0.03051203953634068, 0.05623896170818189], [0.0014387294785026012, 0.3183790594173704, 0.0030598616832636575, 0.6771223494208635], [0.7929328465810984, 0.10351282790876999, 0.09159687914079201, 0.01195744636933952], [0.13388952122598743, 0.385239873661417, 0.12402213344929276, 0.3568484716633027], [0.12842898700431415, 0.0028201788117326308, 0.8500837997688584, 0.01866703441509483], [0.004094071377534261, 0.010967200335904178, 0.26773366371878704, 0.7172050645677746], [0.5706199305450073, 0.4292908845750952, 5.0895209056007565e-05, 3.828967084171023e-05]], "state_values": [0.8428608082909204, 3.962615458115443, 1.582668423260768, 1.9115367282996865, -1.8765960894182254, 3.4424652035311394, -0.542444102523147, 3.9009114827113285, 2.9186888289974697, 1.1321388903378957, -4.70695982533589, -1.22483350037459, 0.9489523095078937, 2.5571199735637484, 4.951959349372225, -0.9213169713058457], "value_grad": [0.07589194744646743, 0.4743369708526748, 0.3035696488116342, 0.37945849686278343, 203.7510437587313, -0.9866305520885721, 0.49329599377747435, -0.13281438113796717, 0.8158517357117017, -0.037945855441273046, 1.1004951743915603, -0.056918871960559336, -204.39616216512235, -0.30356964881159065, 0.3035843424301765, 204.3392425866096], "action_grad": [[0.0, 0.0, 0.0], [0.0, 0.0, 0.0], [0.0, 0.0, 0.0], [0.0, 0.0, 0.0], [0.0, 0.0, 0.0], [0.0, 0.0, 0.0], [0.0, 0.0, 0.0], [0.0, 0.0, 0.0], [0.0, 0.0, 0.0], [0.0, 0.0, 0.0], [0.0, 0.0, 0.0], [0.0, 0.0, 0.0], [0.0, 0.0, 0.0], [0.0, 0.0, 0.0], [0.0, 0.0, 0.0], [0.0, 0.0, 0.0]], "action_params_change": 0, "value_params_change": 0.3111000185408441}
{"iterations": 1, "type_itr": 0, "sub_iteration": 7, "sub_it_time": 0.34872889518737793, "total_time": 2.8442230224609375, "value_loss": 6.794584135406363, "action_loss": -1.0127722398455496, "action_probs": [[0.30831398766036, 0.006517740193093643, 0.670983714520001, 0.014184557626545068], [0.08166529531520951, 0.3501079557745148, 0.10747401590682613, 0.46075273300344954], [0.8806862521776956, 0.025399072453713048, 0.09128209146141458, 0.0026325839071768904], [0.0013062280822952797, 0.9094356944987144, 0.0001280180525411147, 0.08913005936644934], [0.33032161051535036, 0.020610341543619914, 0.6109480817349678, 0.03811996620606192], [7.527005289864285e-05, 0.9825621730918412, 1.3299722924954997e-06, 0.01736122688296766], [0.6574057161693908, 0.03946656129074044, 0.2859604320226668, 0.017167290517202033], [0.33738599824835286, 0.33027210684857544, 0.16794149747548376, 0.16440039742758802], [0.3518488271074006, 0.0003377566578055072, 0.6471921452823066, 0.0006212709524872262], [0.32120769970144936, 0.592041299054028, 0.03051203953634068, 0.05623896170818189], [0.0014387294785026012, 0.3183790594173704, 0.0030598616832636575, 0.6771223494208635], [0.7929328465810984, 0.10351282790876999, 0.09159687914079201, 0.01195744636933952], [0.13388952122598743, 0.385239873661417, 0.12402213344929276, 0.3568484716633027], [0.12842898700431415, 0.0028201788117326308, 0.8500837997688584, 0.01866703441509483], [0.004094071377534261, 0.010967200335904178, 0.26773366371878704, 0.7172050645677746], [0.5706199305450073, 0.4292908845750952, 5.0895209056007565e-05, 3.828967084171023e-05]], "state_values": [0.4017712998498307, 4.172892022285935, 1.2251811570659283, 2.4920342848273442, -1.9640622988973886, 3.1012706654264295, -0.3485806708178638, 3.464453626042902, 3.147326616658063, 1.614561938861931, -4.93344359521862, -1.6574036658065536, 0.397833484343836, 3.17585972557669, 4.9889465009375416, -1.4643187018264325], "value_grad": [0.056913306001777464, 0.5501820394117329, 0.13279816257777988, 0.3414803745592563, -1.195193769321051, -0.9485875557795529, 0.3794213381604923, -204.92738541806102, 0.8916620491896365, -0.07588453663121619, -204.1495068972021, -0.07588453663121619, 0.28456650646791815, 204.73766835968016, 0.18972325150062996, -0.3414803745593007], "action_grad": [[0.0, 0.0, 0.0], [0.0, 0.0, 0.0], [0.0, 0.0, 0.0], [0.0, 0.0, 0.0], [0.0, 0.0, 0.0], [0.0, 0.0, 0.0], [0.0, 0.0, 0.0], [0.0, 0.0, 0.0], [0.0, 0.0, 0.0], [0.0, 0.0, 0.0], [0.0, 0.0, 0.0], [0.0, 0.0, 0.0], [0.0, 0.0, 0.0], [0.0, 0.0, 0.0], [0.0, 0.0, 0.0], [0.0, 0.0, 0.0]], "action_params_change": 0, "value_params_change": 0.36143427929057825}
{"iterations": 1, "type_itr": 0, "sub_iteration": 8, "sub_it_time": 0.34737181663513184, "total_time": 3.1932132244110107, "value_loss": 7.420619534689786, "action_loss": -0.9618554006312829, "action_probs": [[0.30831398766036, 0.006517740193093643, 0.670983714520001, 0.014184557626545068], [0.08166529531520951, 0.3501079557745148, 0.10747401590682613, 0.46075273300344954], [0.8806862521776956, 0.025399072453713048, 0.09128209146141458, 0.0026325839071768904], [0.0013062280822952797, 0.9094356944987144, 0.0001280180525411147, 0.08913005936644934], [0.33032161051535036, 0.020610341543619914, 0.6109480817349678, 0.03811996620606192], [7.527005289864285e-05, 0.9825621730918412, 1.3299722924954997e-06, 0.01736122688296766], [0.6574057161693908, 0.03946656129074044, 0.2859604320226668, 0.017167290517202033], [0.33738599824835286, 0.33027210684857544, 0.16794149747548376, 0.16440039742758802], [0.3518488271074006, 0.0003377566578055072, 0.6471921452823066, 0.0006212709524872262], [0.32120769970144936, 0.592041299054028, 0.03051203953634068, 0.05623896170818189], [0.0014387294785026012, 0.3183790594173704, 0.0030598616832636575, 0.6771223494208635], [0.7929328465810984, 0.10351282790876999, 0.09159687914079201, 0.01195744636933952], [0.13388952122598743, 0.385239873661417, 0.12402213344929276, 0.3568484716633027], [0.12842898700431415, 0.0028201788117326308, 0.8500837997688584, 0.01866703441509483], [0.004094071377534261, 0.010967200335904178, 0.26773366371878704, 0.7172050645677746], [0.5706199305450073, 0.4292908845750952, 5.0895209056007565e-05, 3.828967084171023e-05]], "state_values": [0.007349912710263795, 4.49893798703235, 0.9448270823329845, 2.9731524060193455, -2.03880797305713, 2.7755456500520337, -0.11608690101800886, 3.3777909962179793, 3.538036632086127, 2.02909093989627, -4.985966193263371, -2.0299222617769863, -0.09427835179053859, 3.6639346490445313, 4.9999850770398995, -1.9301214865731287], "value_grad": [0.037937689582155265, -205.0791544885335, -0.07587565967161058, 0.26556577109599644, -1.195055226213947, -0.8915627415030443, 0.15175075484205713, 205.43958917643567, -204.98429930184645, -0.09484474947005683, 205.36371020089751, -0.09484474947018828, 0.49318983763713664, -0.5121727707108592, 0.09485124586440019, -0.39834788430828816], "action_grad": [[0.0, 0.0, 0.0], [0.0, 0.0, 0.0], [0.0, 0.0, 0.0], [0.0, 0.0, 0.0], [0.0, 0.0, 0.0], [0.0, 0.0, 0.0], [0.0, 0.0, 0.0], [0.0, 0.0, 0.0], [0.0, 0.0, 0.0], [0.0, 0.0, 0.0], [0.0, 0.0, 0.0], [0.0, 0.0, 0.0], [0.0, 0.0, 0.0], [0.0, 0.0, 0.0], [0.0, 0.0, 0.0], [0.0, 0.0, 0.0]], "action_params_change": 0, "value_params_change": 0.2683550328162807}
{"iterations": 1, "type_itr": 0, "sub_iteration": 9, "sub_it_time": 0.36318254470825195, "total_time": 3.5581698417663574, "value_loss": 8.236250228062922, "action_loss": 9.055385138137419, "action_probs": [[0.30831398766036, 0.006517740193093643, 0.670983714520001, 0.014184557626545068], [0.08166529531520951, 0.3501079557745148, 0.10747401590682613, 0.46075273300344954], [0.8806862521776956, 0.025399072453713048, 0.09128209146141458, 0.0026325839071768904], [0.0013062280822952797, 0.9094356944987144, 0.0001280180525411147, 0.08913005936644934], [0.33032161051535036, 0.020610341543619914, 0.6109480817349678, 0.03811996620606192], [7.527005289864285e-05, 0.9825621730918412, 1.3299722924954997e-06, 0.01736122688296766], [0.6574057161693908, 0.03946656129074044, 0.2859604320226668, 0.017167290517202033], [0.33738599824835286, 0.33027210684857544, 0.16794149747548376, 0.16440039742758802], [0.3518488271074006, 0.0003377566578055072, 0.6471921452823066, 0.0006212709524872262], [0.32120769970144936, 0.592041299054028, 0.03051203953634068, 0.05623896170818189], [0.0014387294785026012, 0.3183790594173704, 0.0030598616832636575, 0.6771223494208635], [0.7929328465810984, 0.10351282790876999, 0.09159687914079201, 0.01195744636933952], [0.13388952122598743, 0.385239873661417, 0.12402213344929276, 0.3568484716633027], [0.12842898700431415, 0.0028201788117326308, 0.8500837997688584, 0.01866703441509483], [0.004094071377534261, 0.010967200335904178, 0.26773366371878704, 0.7172050645677746], [0.5706199305450073, 0.4292908845750952, 5.0895209056007565e-05, 3.828967084171023e-05]], "state_values": [0.06820389343966282, 4.723659301787396, 0.8202254791088102, 3.3698781301049077, -2.102782139397382, 2.4682026241056185, 0.08408324026744693, 3.29864023780287, 3.8528321904605067, 2.385263229532636, -4.994536507888145, -2.3511431601021817, -0.829991656798941, 4.043468691295868, 4.992513088890151, -2.3288340731186645], "value_grad": [-206.4448780080094, 0.5690085457037988, -0.22758884824474634, 0.22759163327707554, -1.194861597944171, -0.7586475752234536, -0.01896569955903793, -0.1517296043032612, 1.0241942685826633, -0.11379535821942532, -205.8569036851233, -0.11379535821942532, -206.084515166663, -0.5500273935720763, 0.0, -0.4362163456365469], "action_grad": [[0.0, 0.0, 0.0], [0.0, 0.0, 0.0], [0.0, 0.0, 0.0], [0.0, 0.0, 0.0], [0.0, 0.0, 0.0], [0.0, 0.0, 0.0], [0.0, 0.0, 0.0], [0.0, 0.0, 0.0], [0.0, 0.0, 0.0], [0.0, 0.0, 0.0], [0.0, 0.0, 0.0], [0.0, 0.0, 0.0], [0.0, 0.0, 0.0], [0.0, 0.0, 0.0], [0.0, 0.0, 0.0], [0.0, 0.0, 0.0]], "action_params_change": 0, "value_params_change": 0.2958270288586524}
{"iterations": 1, "type_itr": 0, "sub_iteration": 10, "sub_it_time": 0.37539172172546387, "total_time": 3.935272455215454, "value_loss": 9.127592934835484, "action_loss": -0.9497688601355395, "action_probs": [[0.30831398766036, 0.006517740193093643, 0.670983714520001, 0.014184557626545068], [0.08166529531520951, 0.3501079557745148, 0.10747401590682613, 0.46075273300344954], [0.8806862521776956, 0.025399072453713048, 0.09128209146141458, 0.0026325839071768904], [0.0013062280822952797, 0.9094356944987144, 0.0001280180525411147, 0.08913005936644934], [0.33032161051535036, 0.020610341543619914, 0.6109480817349678, 0.03811996620606192], [7.527005289864285e-05, 0.9825621730918412, 1.3299722924954997e-06, 0.01736122688296766], [0.6574057161693908, 0.03946656129074044, 0.2859604320226668, 0.017167290517202033], [0.33738599824835286, 0.33027210684857544, 0.16794149747548376, 0.16440039742758802], [0.3518488271074006, 0.0003377566578055072, 0.6471921452823066, 0.0006212709524872262], [0.32120769970144936, 0.592041299054028, 0.03051203953634068, 0.05623896170818189], [0.0014387294785026012, 0.3183790594173704, 0.0030598616832636575, 0.6771223494208635], [0.7929328465810984, 0.10351282790876999, 0.09159687914079201, 0.01195744636933952], [0.13388952122598743, 0.385239873661417, 0.12402213344929276, 0.3568484716633027], [0.12842898700431415, 0.0028201788117326308, 0.8500837997688584, 0.01866703441509483], [0.004094071377534261, 0.010967200335904178, 0.26773366371878704, 0.7172050645677746], [0.5706199305450073, 0.4292908845750952, 5.0895209056007565e-05, 3.828967084171023e-05]], "state_values": [0.12270028057682798, 4.869548840522622, 0.8975082685431647, 3.6956125141711076, -2.157436798084787, 2.1805510545231135, 0.2104170922418926, 2.9997590464430175, 4.105474767353129, 2.6914157441037667, -4.939403898924538, -2.628523684576558, -1.4724690549408983, 4.334132747418671, 4.9222627171846085, -2.6696811877922695], "value_grad": [0.01896185462408262, 0.4930486367552067, -0.3602751881839925, 0.20858415568600464, -1.232546333564688, -0.6636795575461427, -0.13273297992844313, -207.2982549946991, 1.0429660024777814, -0.13273477840751013, -0.13274820193490733, -0.13273477840751013, 0.967057999477797, -0.5688872480795499, -206.9948510723196, -0.47405480778063414], "action_grad": [[0.0, 0.0, 0.0], [0.0, 0.0, 0.0], [0.0, 0.0, 0.0], [0.0, 0.0, 0.0], [0.0, 0.0, 0.0], [0.0, 0.0, 0.0], [0.0, 0.0, 0.0], [0.0, 0.0, 0.0], [0.0, 0.0, 0.0], [0.0, 0.0, 0.0], [0.0, 0.0, 0.0], [0.0, 0.0, 0.0], [0.0, 0.0, 0.0], [0.0, 0.0, 0.0], [0.0, 0.0, 0.0], [0.0, 0.0, 0.0]], "action_params_change": 0, "value_params_change": 0.2643109893466873}
{"iterations": 1, "type_itr": 0, "sub_iteration": 11, "sub_it_time": 0.35066819190979004, "total_time": 4.287676095962524, "value_loss": -198.00000000000009, "action_loss": 9.055385138137419, "action_probs": [[0.30831398766036, 0.006517740193093643, 0.670983714520001, 0.014184557626545068], [0.08166529531520951, 0.3501079557745148, 0.10747401590682613, 0.46075273300344954], [0.8806862521776956, 0.025399072453713048, 0.09128209146141458, 0.0026325839071768904], [0.0013062280822952797, 0.9094356944987144, 0.0001280180525411147, 0.08913005936644934], [0.33032161051535036, 0.020610341543619914, 0.6109480817349678, 0.03811996620606192], [7.527005289864285e-05, 0.9825621730918412, 1.3299722924954997e-06, 0.01736122688296766], [0.6574057161693908, 0.03946656129074044, 0.2859604320226668, 0.017167290517202033], [0.33738599824835286, 0.33027210684857544, 0.16794149747548376, 0.16440039742758802], [0.3518488271074006, 0.0003377566578055072, 0.6471921452823066, 0.0006212709524872262], [0.32120769970144936, 0.592041299054028, 0.03051203953634068, 0.05623896170818189], [0.0014387294785026012, 0.3183790594173704, 0.0030598616832636575, 0.6771223494208635], [0.7929328465810984, 0.10351282790876999, 0.09159687914079201, 0.01195744636933952], [0.13388952122598743, 0.385239873661417, 0.12402213344929276, 0.3568484716633027], [0.12842898700431415, 0.0028201788117326308, 0.8500837997688584, 0.01866703441509483], [0.004094071377534261, 0.010967200335904178, 0.26773366371878704, 0.7172050645677746], [0.5706199305450073, 0.4292908845750952, 5.0895209056007565e-05, 3.828967084171023e-05]], "state_values": [0.17165579200024889, 4.954787877430167, 0.30083552330168334, 3.962009740221737, -2.203963333596577, 1.9130043034279618, 0.23416332064963685, 2.715601613543291, 4.307436062033338, 2.95475813727472, -4.839533108774969, -2.8684494265215705, -2.026331736784561, 4.5528618461822825, 4.796595984189091, -2.9609064947116774], "value_grad": [0.018958371853299738, 0.34128259249896686, 207.88603719635296, 0.18958970003916065, -1.2512839314525142, -0.530845883513086, -0.2275010057191853, -0.1516710288864207, 1.0238322518750227, -0.15167029425593093, -0.41713680159761246, -0.13271118637823953, 1.1564759516745742, -0.549832362869692, -0.24648246717134903, -0.4929307283424045], "action_grad": [[0.0, 0.0, 0.0], [0.0, 0.0, 0.0], [0.0, 0.0, 0.0], [0.0, 0.0, 0.0], [0.0, 0.0, 0.0], [0.0, 0.0, 0.0], [0.0, 0.0, 0.0], [0.0, 0.0, 0.0], [0.0, 0.0, 0.0], [0.0, 0.0, 0.0], [0.0, 0.0, 0.0], [0.0, 0.0, 0.0], [0.0, 0.0, 0.0], [0.0, 0.0, 0.0], [0.0, 0.0, 0.0], [0.0, 0.0, 0.0]], "action_params_change": 0, "value_params_change": 0.2405527760453703}
{"iterations": 1, "type_itr": 0, "sub_iteration": 12, "sub_it_time": 0.35646939277648926, "total_time": 4.645874261856079, "value_loss": 10.62538045524066, "action_loss": -0.8841269159166003, "action_probs": [[0.30831398766036, 0.006517740193093643, 0.670983714520001, 0.014184557626545068], [0.08166529531520951, 0.3501079557745148, 0.10747401590682613, 0.46075273300344954], [0.8806862521776956, 0.025399072453713048, 0.09128209146141458, 0.0026325839071768904], [0.0013062280822952797, 0.9094356944987144, 0.0001280180525411147, 0.08913005936644934], [0.33032161051535036, 0.020610341543619914, 0.6109480817349678, 0.03811996620606192], [7.527005289864285e-05, 0.9825621730918412, 1.3299722924954997e-06, 0.01736122688296766], [0.6574057161693908, 0.03946656129074044, 0.2859604320226668, 0.017167290517202033], [0.33738599824835286, 0.33027210684857544, 0.16794149747548376, 0.16440039742758802], [0.3518488271074006, 0.0003377566578055072, 0.6471921452823066, 0.0006212709524872262], [0.32120769970144936, 0.592041299054028, 0.03051203953634068, 0.05623896170818189], [0.0014387294785026012, 0.3183790594173704, 0.0030598616832636575, 0.6771223494208635], [0.7929328465810984, 0.10351282790876999, 0.09159687914079201, 0.01195744636933952], [0.13388952122598743, 0.385239873661417, 0.12402213344929276, 0.3568484716633027], [0.12842898700431415, 0.0028201788117326308, 0.8500837997688584, 0.01866703441509483], [0.004094071377534261, 0.010967200335904178, 0.26773366371878704, 0.7172050645677746], [0.5706199305450073, 0.4292908845750952, 5.0895209056007565e-05, 3.828967084171023e-05]], "state_values": [0.215743417863372, 4.993847647172578, 0.34606966132597544, 4.179025566764228, -2.2432944926685114, 1.6652947592840186, 0.1321135383944143, 2.4480533478713262, 4.468200834623249, 3.1815704123322543, -4.709243549402202, -3.0762955244292334, -2.0985650765201784, 4.713917271856648, 4.633546759476483, -3.209754635610801], "value_grad": [0.018954524448620447, 0.2085223604923101, -209.15609998851335, 0.15164134531909568, -1.2889424776845928, -0.43596083334773894, -0.32222688008473277, -0.13268444970102244, 0.9857235631527743, -0.1326851419020212, -0.6445347932260184, -0.15163976593338013, 209.38352682938486, -0.4928596499803728, -0.41703937042511363, -0.4928342567717152], "action_grad": [[0.0, 0.0, 0.0], [0.0, 0.0, 0.0], [0.0, 0.0, 0.0], [0.0, 0.0, 0.0], [0.0, 0.0, 0.0], [0.0, 0.0, 0.0], [0.0, 0.0, 0.0], [0.0, 0.0, 0.0], [0.0, 0.0, 0.0], [0.0, 0.0, 0.0], [0.0, 0.0, 0.0], [0.0, 0.0, 0.0], [0.0, 0.0, 0.0], [0.0, 0.0, 0.0], [0.0, 0.0, 0.0], [0.0, 0.0, 0.0]], "action_params_change": 0, "value_params_change": 0.19804325068474937}
{"iterations": 1, "type_itr": 0, "sub_iteration": 13, "sub_it_time": 0.35564470291137695, "total_time": 5.003319978713989, "value_loss": 10.777022588161929, "action_loss": -0.8772144465301872, "action_probs": [[0.30831398766036, 0.006517740193093643, 0.670983714520001, 0.014184557626545068], [0.08166529531520951, 0.3501079557745148, 0.10747401590682613, 0.46075273300344954], [0.8806862521776956, 0.025399072453713048, 0.09128209146141458, 0.0026325839071768904], [0.0013062280822952797, 0.9094356944987144, 0.0001280180525411147, 0.08913005936644934], [0.33032161051535036, 0.020610341543619914, 0.6109480817349678, 0.03811996620606192], [7.527005289864285e-05, 0.9825621730918412, 1.3299722924954997e-06, 0.01736122688296766], [0.6574057161693908, 0.03946656129074044, 0.2859604320226668, 0.017167290517202033], [0.33738599824835286, 0.33027210684857544, 0.16794149747548376, 0.16440039742758802], [0.3518488271074006, 0.0003377566578055072, 0.6471921452823066, 0.0006212709524872262], [0.32120769970144936, 0.592041299054028, 0.03051203953634068, 0.05623896170818189], [0.0014387294785026012, 0.3183790594173704, 0.0030598616832636575, 0.6771223494208635], [0.7929328465810984, 0.10351282790876999, 0.09159687914079201, 0.01195744636933952], [0.13388952122598743, 0.385239873661417, 0.12402213344929276, 0.3568484716633027], [0.12842898700431415, 0.0028201788117326308, 0.8500837997688584, 0.01866703441509483], [0.004094071377534261, 0.010967200335904178, 0.26773366371878704, 0.7172050645677746], [0.5706199305450073, 0.4292908845750952, 5.0895209056007565e-05, 3.828967084171023e-05]], "state_values": [0.25552663512221535, 4.982628807301606, 0.38818974178575516, 4.355122559685008, -2.2762321472564806, 1.4367444843850898, -0.4723192667627687, 2.197920158662401, 4.595585546741925, 3.630142351272481, -4.473050881725967, -3.2566693321149502, -2.1614016514827274, 4.829110806395453, 4.446691475829201, -3.4225231180921583], "value_grad": [0.018953721514543886, -208.54955703921533, -0.625472549347025, 0.13268166870139098, -1.3078460242146974, -0.3601244929208036, -209.137147081083, -0.13267816501117302, 0.9098708357688476, 208.8149321342763, -208.96656632845352, -0.151634194177241, 1.2888883995385925, -0.41702011876580514, -0.4928419223005829, -0.4738605040449215], "action_grad": [[0.0, 0.0, 0.0], [0.0, 0.0, 0.0], [0.0, 0.0, 0.0], [0.0, 0.0, 0.0], [0.0, 0.0, 0.0], [0.0, 0.0, 0.0], [0.0, 0.0, 0.0], [0.0, 0.0, 0.0], [0.0, 0.0, 0.0], [0.0, 0.0, 0.0], [0.0, 0.0, 0.0], [0.0, 0.0, 0.0], [0.0, 0.0, 0.0], [0.0, 0.0, 0.0], [0.0, 0.0, 0.0], [0.0, 0.0, 0.0]], "action_params_change": 0, "value_params_change": 0.2659892800342821}
